; ENVI Output of ROIs (5.4) [Tue Aug 06 17:52:49 2019]
; Number of ROIs: 5
; File Dimension: 1152 x 432
;
; ROI name: Region #1
; ROI rgb value: {255, 0, 0}
; ROI npts: 79
;
; ROI name: Region #2
; ROI rgb value: {0, 255, 0}
; ROI npts: 135
;
; ROI name: Region #3
; ROI rgb value: {0, 0, 255}
; ROI npts: 135
;
; ROI name: Region #4
; ROI rgb value: {255, 255, 0}
; ROI npts: 133
;
; ROI name: Region #5
; ROI rgb value: {0, 255, 255}
; ROI npts: 50
;  ID    X   Y       B1       B2       B3
    1  255  87  -1.5239  15.0718  -1.8360
    2  256  87  -1.5248  15.0453  -1.8371
    3  257  87  -1.5287  15.0511  -1.8377
    4  258  87  -1.5324  15.0543  -1.8384
    5  254  87  -1.5182  15.0471  -1.8356
    6  258  88  -1.5297  15.0181  -1.8353
    7  259  88  -1.5327  15.0148  -1.8359
    8  260  88  -1.5372  15.0258  -1.8365
    9  261  88  -1.5439  15.0607  -1.8369
   10  262  88  -1.5438  15.0247  -1.8380
   11  263  88  -1.5489  15.0424  -1.8386
   12  264  88  -1.5497  15.0154  -1.8395
   13  265  88  -1.5544  15.0291  -1.8401
   14  266  88  -1.5572  15.0230  -1.8408
   15  266  89  -1.5567  15.0100  -1.8376
   16  267  89  -1.5605  15.0146  -1.8382
   17  268  89  -1.5643  15.0184  -1.8388
   18  269  89  -1.5715  15.0575  -1.8392
   19  270  89  -1.5737  15.0458  -1.8399
   20  271  90  -1.5745  15.0116  -1.8376
   21  272  90  -1.5767  15.0000  -1.8384
   22  273  90  -1.5765  14.9633  -1.8394
   23  274  90  -1.5857  15.0223  -1.8395
   24  291  90  -1.6372  14.9628  -1.8518
   25  275  91  -1.5918  15.0429  -1.8367
   26  277  91  -1.5966  15.0232  -1.8383
   27  274  91  -1.5876  15.0341  -1.8361
   28  279  91  -1.5997  14.9859  -1.8400
   29  280  91  -1.5992  14.9476  -1.8411
   30  281  91  -1.6084  15.0057  -1.8413
   31  282  91  -1.6111  14.9987  -1.8420
   32  283  91  -1.6109  14.9629  -1.8430
   33  278  91  -1.5947  14.9704  -1.8395
   34  291  91  -1.6388  14.9711  -1.8484
   35  292  91  -1.6434  14.9833  -1.8490
   36  293  91  -1.6445  14.9607  -1.8499
   37  294  91  -1.6483  14.9654  -1.8505
   38  296  91  -1.6536  14.9511  -1.8521
   39  297  91  -1.6556  14.9381  -1.8529
   40  298  91  -1.6583  14.9310  -1.8537
   41  298  92  -1.6653  14.9918  -1.8498
   42  299  92  -1.6715  15.0190  -1.8503
   43  300  92  -1.6719  14.9902  -1.8512
   44  301  92  -1.6714  14.9529  -1.8522
   45  302  92  -1.6803  15.0055  -1.8525
   46  303  92  -1.6820  14.9892  -1.8533
   47  304  92  -1.6876  15.0108  -1.8538
   48  305  92  -1.6865  14.9681  -1.8548
   49  306  92  -1.6885  14.9547  -1.8556
   50  307  92  -1.7016  15.0462  -1.8556
   51  308  92  -1.6939  14.9418  -1.8571
   52  309  92  -1.7051  15.0148  -1.8572
   53  310  92  -1.7161  15.0862  -1.8573
   54  311  92  -1.7063  14.9634  -1.8591
   55  312  92  -1.7217  15.0747  -1.8589
   56  312  93  -1.7231  15.0811  -1.8554
   57  313  93  -1.7218  15.0378  -1.8564
   58  314  93  -1.7282  15.0651  -1.8569
   59  315  93  -1.7301  15.0512  -1.8577
   60  316  93  -1.7299  15.0182  -1.8587
   61  317  93  -1.7340  15.0243  -1.8593
   62  318  93  -1.7388  15.0374  -1.8599
   63  319  93  -1.7443  15.0568  -1.8604
   64  320  93  -1.7453  15.0349  -1.8612
   65  321  93  -1.7543  15.0862  -1.8615
   66  322  93  -1.7593  15.1004  -1.8621
   67  323  93  -1.7660  15.1304  -1.8626
   68  324  93  -1.7743  15.1742  -1.8629
   69  324  94  -1.7630  15.0651  -1.8604
   70  325  94  -1.7763  15.1553  -1.8604
   71  326  94  -1.7720  15.0849  -1.8617
   72  327  94  -1.7869  15.1886  -1.8616
   73  328  94  -1.7769  15.0677  -1.8632
   74  329  94  -1.7844  15.1048  -1.8637
   75  330  94  -1.7784  15.0200  -1.8650
   76  331  95  -1.7851  15.0435  -1.8621
   77  332  95  -1.7880  15.0391  -1.8629
   78  333  95  -1.7874  15.0030  -1.8638
   79  330  95  -1.7789  15.0188  -1.8616

     1  211  165  -1.2207  12.7340  -1.6050
     2  210  165  -1.2167  12.7216  -1.6048
     3  212  166  -1.2229  12.7192  -1.6031
     4  213  166  -1.2272  12.7347  -1.6032
     5  214  166  -1.2294  12.7277  -1.6041
     6  215  166  -1.2301  12.7034  -1.6053
     7  216  167  -1.2312  12.6766  -1.6038
     8  217  167  -1.2335  12.6703  -1.6045
     9  215  167  -1.2318  12.7150  -1.6021
    10  217  168  -1.2359  12.6896  -1.6011
    11  219  169  -1.2395  12.6591  -1.6003
    12  220  169  -1.2428  12.6640  -1.6007
    13  221  169  -1.2479  12.6883  -1.6005
    14  218  169  -1.2367  12.6600  -1.5996
    15  222  170  -1.2512  12.6859  -1.5983
    16  223  170  -1.2525  12.6687  -1.5994
    17  224  170  -1.2535  12.6481  -1.6006
    18  221  170  -1.2488  12.6908  -1.5975
    19  225  171  -1.2596  12.6768  -1.5974
    20  226  171  -1.2573  12.6213  -1.5996
    21  227  171  -1.2593  12.6117  -1.6005
    22  228  172  -1.2616  12.5985  -1.5986
    23  229  172  -1.2715  12.6736  -1.5968
    24  230  172  -1.2670  12.5948  -1.5998
    25  231  172  -1.2687  12.5831  -1.6008
    26  227  172  -1.2625  12.6390  -1.5967
    27  233  173  -1.2737  12.5687  -1.5995
    28  232  173  -1.2727  12.5884  -1.5983
    29  234  174  -1.2766  12.5629  -1.5974
    30  235  174  -1.2798  12.5660  -1.5979
    31  236  175  -1.2828  12.5617  -1.5956
    32  237  175  -1.2848  12.5524  -1.5966
    33  235  175  -1.2790  12.5520  -1.5954
    34  238  176  -1.2875  12.5444  -1.5945
    35  239  176  -1.2848  12.4866  -1.5968
    36  237  176  -1.2850  12.5485  -1.5937
    37  239  177  -1.2877  12.5102  -1.5931
    38  240  177  -1.2913  12.5177  -1.5935
    39  241  177  -1.2934  12.5100  -1.5943
    40  242  177  -1.2929  12.4755  -1.5959
    41  243  177  -1.2996  12.5156  -1.5953
    42  244  177  -1.2958  12.4465  -1.5979
    43  245  177  -1.2982  12.4421  -1.5985
    44  246  177  -1.3030  12.4615  -1.5985
    45  247  177  -1.3052  12.4548  -1.5993
    46  248  177  -1.3131  12.5068  -1.5982
    47  249  177  -1.3120  12.4667  -1.6001
    48  250  177  -1.3143  12.4613  -1.6008
    49  251  178  -1.3151  12.4347  -1.5996
    50  252  178  -1.3200  12.4553  -1.5995
    51  253  178  -1.3230  12.4574  -1.6000
    52  250  178  -1.3166  12.4782  -1.5975
    53  255  179  -1.3328  12.4921  -1.5973
    55  257  179  -1.3323  12.4297  -1.6001
    56  254  179  -1.3234  12.4263  -1.5986
    58  259  180  -1.3379  12.4231  -1.5986
    59  261  180  -1.3421  12.4083  -1.6002
    61  261  181  -1.3421  12.4030  -1.5976
    62  263  181  -1.3487  12.4118  -1.5985
    63  262  181  -1.3456  12.4094  -1.5979
    66  267  183  -1.3613  12.4132  -1.5950
    67  274  183  -1.3703  12.3074  -1.6020
    68  265  183  -1.3528  12.3847  -1.5947
    69  264  183  -1.3614  12.4980  -1.5906
    70  268  183  -1.3570  12.3428  -1.5976
    71  269  183  -1.3630  12.3742  -1.5974
    72  270  183  -1.3586  12.3031  -1.5999
    73  272  183  -1.3680  12.3395  -1.5999
    74  266  183  -1.3592  12.4203  -1.5943
    75  273  183  -1.3714  12.3452  -1.6003
    76  275  183  -1.3792  12.3664  -1.6009
    77  271  183  -1.3603  12.2928  -1.6008
    78  275  184  -1.3779  12.3477  -1.5986
    79  276  185  -1.3795  12.3302  -1.5968
    80  277  185  -1.3822  12.3294  -1.5975
    81  275  185  -1.3738  12.3032  -1.5971
    82  278  186  -1.3819  12.2936  -1.5963
    83  279  186  -1.3884  12.3296  -1.5958
    84  280  186  -1.3906  12.3232  -1.5966
    85  281  186  -1.3917  12.3065  -1.5977
    86  282  186  -1.3964  12.3250  -1.5977
    90  285  187  -1.4034  12.3057  -1.5971
    91  286  187  -1.4073  12.3157  -1.5973
    92  287  187  -1.4129  12.3419  -1.5971
    93  288  187  -1.4117  12.3042  -1.5988
    94  289  187  -1.4154  12.3124  -1.5992
    95  290  187  -1.4187  12.3170  -1.5997
    96  291  188  -1.4211  12.3074  -1.5976
    97  292  188  -1.4251  12.3184  -1.5979
    98  290  188  -1.4198  12.3216  -1.5966
    99  306  192  -1.4586  12.2428  -1.5968
   100  307  192  -1.4588  12.2187  -1.5981
   101  308  192  -1.4632  12.2334  -1.5983
   102  309  193  -1.4618  12.1908  -1.5973
   103  308  193  -1.4629  12.2252  -1.5956
   104  310  194  -1.4729  12.2591  -1.5929
   105  310  195  -1.4649  12.1830  -1.5926
   106  311  195  -1.4693  12.1971  -1.5926
   107  312  195  -1.4741  12.2150  -1.5927
   108  313  195  -1.4692  12.1461  -1.5954
   109  314  195  -1.4717  12.1436  -1.5961
   110  315  195  -1.4739  12.1386  -1.5967
   111  316  195  -1.4894  12.2511  -1.5937
   113  318  196  -1.4838  12.1469  -1.5953
   114  320  196  -1.4863  12.1196  -1.5973
   115  317  196  -1.4807  12.1438  -1.5948
   116  321  197  -1.4932  12.1504  -1.5940
   117  320  197  -1.4913  12.1590  -1.5932
   118  322  198  -1.4940  12.1283  -1.5925
   119  323  198  -1.5001  12.1575  -1.5922
   120  324  198  -1.5012  12.1421  -1.5932
   121  325  198  -1.5007  12.1142  -1.5946
   122  326  198  -1.5074  12.1477  -1.5941
   123  326  199  -1.5069  12.1384  -1.5916
   124  327  199  -1.5101  12.1423  -1.5920
   125  328  200  -1.5120  12.1289  -1.5902
   126  329  200  -1.5132  12.1152  -1.5912
   127  327  200  -1.5103  12.1386  -1.5893
   128  330  201  -1.5130  12.0852  -1.5899
   129  329  201  -1.5137  12.1152  -1.5884
   130  330  202  -1.5152  12.0990  -1.5867
   131  331  202  -1.5168  12.0886  -1.5876
   132  332  202  -1.5219  12.1087  -1.5875
   133  334  203  -1.5248  12.0814  -1.5868
   134  335  203  -1.5264  12.0707  -1.5877
   135  333  203  -1.5201  12.0643  -1.5867

     1  251  164  -1.3348  12.7197  -1.6317
     2  250  164  -1.3320  12.7206  -1.6311
     3  253  165  -1.3350  12.6565  -1.6316
     4  254  165  -1.3353  12.6305  -1.6329
     5  255  165  -1.3332  12.5802  -1.6348
     6  252  165  -1.3327  12.6627  -1.6309
     7  256  166  -1.3402  12.6153  -1.6315
     8  257  166  -1.3414  12.5983  -1.6326
     9  259  167  -1.3514  12.6359  -1.6299
    10  260  167  -1.3522  12.6148  -1.6310
    11  258  167  -1.3493  12.6430  -1.6291
    12  265  169  -1.3663  12.6002  -1.6286
    13  264  169  -1.3633  12.5985  -1.6281
    14  267  170  -1.3706  12.5795  -1.6274
    15  268  170  -1.3724  12.5685  -1.6282
    16  269  170  -1.3716  12.5328  -1.6298
    18  271  170  -1.3802  12.5610  -1.6302
    19  272  170  -1.3815  12.5453  -1.6312
    20  273  171  -1.3799  12.4961  -1.6302
    21  272  171  -1.3823  12.5472  -1.6283
    22  275  172  -1.3885  12.5182  -1.6279
    23  274  172  -1.3860  12.5220  -1.6272
    24  276  173  -1.3949  12.5473  -1.6249
    25  277  173  -1.3975  12.5450  -1.6256
    26  278  173  -1.4018  12.5582  -1.6256
    27  279  174  -1.4171  12.6722  -1.6204
    28  280  174  -1.4081  12.5576  -1.6241
    29  281  174  -1.4141  12.5880  -1.6239
    30  282  174  -1.4139  12.5584  -1.6252
    31  283  174  -1.4195  12.5842  -1.6251
    32  278  174  -1.4052  12.5853  -1.6222
    33  285  175  -1.4146  12.4779  -1.6263
    34  286  175  -1.4244  12.5436  -1.6250
    35  287  175  -1.4176  12.4523  -1.6281
    36  288  175  -1.4211  12.4585  -1.6285
    37  290  175  -1.4206  12.3998  -1.6313
    39  292  176  -1.4326  12.4541  -1.6281
    40  293  176  -1.4340  12.4400  -1.6290
    41  290  176  -1.4236  12.4224  -1.6278
    42  294  177  -1.4365  12.4315  -1.6269
    44  296  178  -1.4382  12.3893  -1.6265
    45  297  178  -1.4414  12.3926  -1.6269
    47  300  180  -1.4493  12.3759  -1.6234
    48  301  180  -1.4527  12.3809  -1.6239
    49  299  180  -1.4465  12.3757  -1.6228
    50  301  181  -1.4558  12.4038  -1.6203
    51  302  181  -1.4562  12.3813  -1.6216
    52  303  181  -1.4585  12.3764  -1.6223
    53  304  181  -1.4636  12.3975  -1.6222
    54  311  183  -1.4752  12.3119  -1.6229
    55  310  183  -1.4688  12.2804  -1.6232
    56  314  184  -1.4830  12.3010  -1.6222
    57  312  184  -1.4742  12.2730  -1.6218
    58  314  185  -1.4788  12.2584  -1.6205
    59  315  185  -1.4805  12.2482  -1.6214
    60  316  185  -1.4838  12.2527  -1.6218
    61  317  186  -1.4884  12.2633  -1.6192
    62  318  186  -1.4900  12.2529  -1.6201
    63  316  186  -1.4850  12.2579  -1.6188
    64  319  187  -1.4938  12.2567  -1.6177
    65  318  187  -1.4935  12.2784  -1.6165
    66  319  188  -1.4988  12.2950  -1.6137
    67  320  188  -1.4980  12.2636  -1.6153
    68  321  188  -1.5026  12.2789  -1.6154
    69  322  188  -1.5011  12.2413  -1.6171
    70  324  189  -1.5061  12.2309  -1.6157
    71  323  189  -1.5058  12.2526  -1.6145
    72  326  190  -1.5163  12.2649  -1.6129
    73  327  190  -1.5225  12.2944  -1.6126
    74  325  190  -1.5121  12.2530  -1.6127
    75  328  191  -1.5207  12.2496  -1.6117
    76  329  191  -1.5257  12.2687  -1.6117
    77  330  191  -1.5226  12.2173  -1.6138
    78  331  191  -1.5256  12.2187  -1.6143
    79  332  191  -1.5287  12.2211  -1.6147
    80  333  192  -1.5319  12.2202  -1.6126
    81  334  192  -1.5311  12.1887  -1.6141
    82  332  192  -1.5297  12.2253  -1.6118
    83  335  193  -1.5337  12.1823  -1.6121
    84  336  193  -1.5356  12.1751  -1.6128
    85  334  193  -1.5331  12.2013  -1.6109
    86  336  194  -1.5454  12.2529  -1.6077
    87  337  194  -1.5558  12.3176  -1.6061
    88  345  197  -1.5543  12.1006  -1.6089
    89  346  197  -1.5566  12.0970  -1.6096
    90  347  197  -1.5596  12.0985  -1.6101
    91  348  197  -1.5625  12.0998  -1.6107
    92  349  197  -1.5654  12.1007  -1.6112
    93  350  197  -1.5681  12.0996  -1.6118
    94  344  197  -1.5529  12.1127  -1.6080
    95  351  199  -1.5699  12.0821  -1.6072
    96  352  199  -1.5718  12.0742  -1.6080
    97  353  200  -1.5736  12.0615  -1.6062
    98  354  200  -1.5781  12.0762  -1.6063
    99  355  200  -1.5808  12.0751  -1.6070
   100  356  200  -1.5841  12.0795  -1.6073
   101  352  200  -1.5810  12.1459  -1.6030
   102  356  201  -1.5868  12.0967  -1.6040
   103  357  201  -1.5817  12.0319  -1.6066
   104  358  201  -1.5880  12.0610  -1.6062
   105  359  202  -1.5896  12.0467  -1.6044
   106  358  202  -1.5855  12.0363  -1.6041
   107  360  203  -1.6001  12.1053  -1.6004
   108  363  203  -1.6018  12.0509  -1.6037
   109  364  203  -1.5978  11.9960  -1.6059
   110  365  203  -1.6030  12.0155  -1.6059
   111  366  203  -1.6101  12.0508  -1.6054
   112  367  203  -1.6110  12.0351  -1.6064
   113  368  203  -1.6145  12.0410  -1.6068
   114  369  204  -1.6170  12.0348  -1.6047
   115  370  204  -1.6202  12.0375  -1.6052
   116  368  204  -1.6157  12.0464  -1.6039
   117  371  205  -1.6159  11.9767  -1.6049
   118  372  205  -1.6232  12.0132  -1.6044
   119  370  205  -1.6133  11.9785  -1.6043
   120  372  206  -1.6201  11.9840  -1.6025
   121  373  206  -1.6253  12.0030  -1.6024
   122  374  206  -1.6262  11.9886  -1.6034
   123  375  207  -1.6232  11.9376  -1.6028
   124  376  207  -1.6274  11.9493  -1.6030
   125  377  207  -1.6277  11.9298  -1.6041
   126  374  207  -1.6187  11.9243  -1.6027
   127  377  208  -1.6305  11.9475  -1.6009
   128  378  208  -1.6330  11.9456  -1.6015
   129  379  208  -1.6332  11.9256  -1.6026
   130  381  209  -1.6391  11.9243  -1.6011
   131  384  209  -1.6481  11.9300  -1.6025
   132  380  209  -1.6354  11.9163  -1.6007
   133  384  210  -1.6473  11.9188  -1.6001
   134  383  210  -1.6436  11.9117  -1.5998
   135  382  210  -1.6409  11.9123  -1.5992

     1  220  145  -1.2589  13.0009  -1.6622
     2  221  145  -1.2634  13.0171  -1.6623
     3  222  145  -1.2625  12.9752  -1.6640
     4  223  145  -1.2648  12.9684  -1.6648
     5  224  145  -1.2732  13.0278  -1.6640
     6  225  145  -1.2696  12.9559  -1.6661
     7  219  145  -1.2578  13.0207  -1.6610
     8  225  146  -1.2703  12.9565  -1.6632
     9  226  146  -1.2740  12.9654  -1.6635
    10  227  146  -1.2845  13.0480  -1.6624
    11  228  146  -1.2832  13.0004  -1.6639
    12  229  147  -1.2804  12.9324  -1.6632
    13  230  147  -1.2899  13.0028  -1.6622
    14  231  147  -1.2858  12.9266  -1.6646
    15  232  147  -1.2896  12.9362  -1.6650
    16  228  147  -1.2766  12.9228  -1.6628
    17  232  148  -1.2884  12.9163  -1.6624
    18  233  148  -1.2927  12.9315  -1.6627
    19  234  148  -1.2963  12.9375  -1.6630
    20  235  148  -1.2990  12.9350  -1.6637
    21  236  148  -1.3045  12.9629  -1.6637
    22  237  148  -1.3042  12.9278  -1.6650
    23  238  148  -1.3053  12.9088  -1.6663
    24  238  149  -1.3059  12.9086  -1.6633
    25  247  151  -1.3353  12.9262  -1.6622
    26  248  151  -1.3385  12.9287  -1.6627
    27  246  151  -1.3324  12.9262  -1.6614
    30  250  153  -1.3414  12.8857  -1.6590
    31  251  153  -1.3423  12.8645  -1.6602
    32  252  153  -1.3453  12.8653  -1.6607
    33  249  153  -1.3369  12.8697  -1.6589
    34  252  154  -1.3456  12.8621  -1.6578
    35  253  154  -1.3460  12.8367  -1.6591
    36  254  154  -1.3469  12.8158  -1.6602
    37  254  155  -1.3435  12.7752  -1.6583
    38  255  155  -1.3445  12.7552  -1.6593
    39  256  155  -1.3493  12.7745  -1.6594
    40  257  155  -1.3488  12.7398  -1.6608
    41  258  155  -1.3517  12.7407  -1.6615
    42  259  155  -1.3553  12.7475  -1.6619
    43  260  155  -1.3578  12.7431  -1.6626
    44  261  155  -1.3644  12.7800  -1.6622
    45  262  156  -1.3633  12.7334  -1.6610
    46  264  156  -1.3694  12.7367  -1.6621
    47  261  156  -1.3611  12.7408  -1.6602
    48  265  157  -1.3711  12.7189  -1.6603
    49  266  157  -1.3765  12.7434  -1.6602
    50  267  157  -1.3787  12.7370  -1.6611
    51  264  157  -1.3682  12.7190  -1.6597
    52  267  158  -1.3773  12.7170  -1.6586
    53  268  158  -1.3811  12.7255  -1.6589
    54  269  158  -1.3839  12.7245  -1.6597
    55  270  159  -1.3841  12.6917  -1.6581
    56  271  159  -1.3885  12.7071  -1.6583
    57  269  159  -1.3827  12.7072  -1.6571
    58  272  160  -1.3891  12.6784  -1.6567
    59  273  160  -1.3905  12.6637  -1.6577
    60  274  160  -1.3956  12.6854  -1.6577
    61  275  160  -1.3991  12.6917  -1.6582
    62  271  160  -1.3863  12.6792  -1.6561
    63  275  161  -1.3987  12.6811  -1.6555
    64  277  161  -1.4037  12.6740  -1.6568
    65  278  161  -1.4057  12.6649  -1.6577
    66  276  161  -1.4003  12.6687  -1.6565
    67  281  162  -1.4159  12.6741  -1.6562
    68  282  162  -1.4158  12.6454  -1.6575
    69  279  162  -1.4101  12.6732  -1.6550
    70  280  162  -1.4121  12.6652  -1.6559
    71  283  163  -1.4174  12.6275  -1.6557
    72  284  163  -1.4189  12.6138  -1.6566
    73  282  163  -1.4203  12.6825  -1.6536
    74  284  164  -1.4208  12.6266  -1.6534
    75  285  164  -1.4221  12.6112  -1.6544
    76  286  164  -1.4280  12.6397  -1.6542
    77  287  164  -1.4317  12.6476  -1.6547
    78  288  164  -1.4315  12.6188  -1.6560
    79  289  164  -1.4353  12.6268  -1.6562
    80  290  165  -1.4419  12.6568  -1.6534
    81  289  165  -1.4337  12.6060  -1.6540
    82  290  166  -1.4389  12.6228  -1.6513
    83  291  166  -1.4421  12.6259  -1.6518
    84  292  166  -1.4401  12.5792  -1.6534
    85  293  166  -1.4475  12.6224  -1.6530
    86  294  166  -1.4484  12.6034  -1.6541
    87  295  166  -1.4507  12.5980  -1.6548
    88  296  166  -1.4518  12.5811  -1.6558
    90  298  167  -1.4715  12.7047  -1.6507
    95  298  168  -1.4622  12.6126  -1.6502
    99  304  169  -1.4865  12.6710  -1.6493
   100  305  169  -1.4806  12.5912  -1.6520
   101  306  169  -1.4851  12.6058  -1.6522
   102  307  169  -1.4849  12.5776  -1.6535
   103  308  170  -1.5174  12.8405  -1.6444
   105  310  170  -1.5135  12.7528  -1.6479
   106  311  170  -1.4844  12.4637  -1.6558
   108  312  171  -1.4920  12.5009  -1.6526
   109  311  171  -1.4877  12.4884  -1.6524
   111  314  172  -1.4958  12.4785  -1.6515
   112  315  172  -1.4958  12.4529  -1.6527
   113  316  172  -1.5083  12.5387  -1.6509
   114  317  173  -1.5024  12.4558  -1.6509
   117  316  173  -1.4986  12.4471  -1.6506
   118  319  174  -1.5090  12.4584  -1.6491
   119  320  174  -1.5136  12.4741  -1.6493
   120  321  174  -1.5137  12.4491  -1.6505
   121  322  174  -1.5113  12.4032  -1.6523
   123  324  175  -1.5268  12.4841  -1.6486
   124  325  175  -1.5151  12.3564  -1.6523
   125  326  175  -1.5225  12.3966  -1.6518
   126  327  175  -1.5257  12.3992  -1.6524
   127  322  175  -1.5131  12.4134  -1.6492
   128  328  176  -1.5313  12.4185  -1.6497
   129  329  177  -1.5298  12.3752  -1.6485
   130  328  177  -1.5274  12.3789  -1.6479
   131  331  178  -1.5334  12.3523  -1.6476
   132  332  178  -1.5357  12.3478  -1.6483
   133  330  178  -1.5310  12.3562  -1.6469

    1  332  171  -1.5463  12.4752  -1.6647
    2  333  171  -1.5549  12.5250  -1.6640
    3  334  171  -1.5488  12.4472  -1.6666
    4  335  171  -1.5547  12.4737  -1.6666
    5  336  171  -1.5578  12.4756  -1.6671
    6  338  173  -1.5599  12.4343  -1.6635
    7  339  173  -1.5629  12.4358  -1.6641
    8  340  173  -1.5647  12.4264  -1.6648
    9  337  173  -1.5573  12.4366  -1.6629
   10  340  174  -1.5649  12.4235  -1.6620
   11  341  174  -1.5678  12.4236  -1.6626
   12  342  174  -1.5706  12.4235  -1.6632
   13  343  174  -1.5723  12.4130  -1.6641
   14  344  174  -1.5750  12.4120  -1.6647
   15  345  175  -1.5769  12.3987  -1.6627
   16  346  175  -1.5794  12.3961  -1.6633
   17  347  175  -1.5818  12.3920  -1.6640
   18  344  175  -1.5737  12.3962  -1.6622
   19  347  176  -1.5779  12.3550  -1.6622
   20  348  176  -1.5823  12.3678  -1.6624
   21  349  176  -1.5851  12.3676  -1.6629
   22  350  176  -1.5876  12.3646  -1.6636
   23  350  177  -1.5901  12.3805  -1.6603
   24  351  178  -1.5932  12.3779  -1.6581
   25  353  178  -1.5966  12.3584  -1.6597
   26  352  178  -1.5929  12.3515  -1.6594
   27  365  183  -1.6213  12.2584  -1.6550
   28  364  183  -1.6185  12.2585  -1.6544
   29  367  184  -1.6276  12.2584  -1.6532
   30  368  184  -1.6280  12.2390  -1.6544
   31  366  184  -1.6244  12.2553  -1.6527
   32  369  185  -1.6296  12.2244  -1.6525
   33  368  185  -1.6285  12.2385  -1.6515
   34  370  186  -1.6318  12.2147  -1.6505
   35  371  186  -1.6343  12.2124  -1.6512
   36  372  186  -1.6374  12.2146  -1.6516
   37  373  186  -1.6429  12.2358  -1.6515
   38  374  186  -1.6447  12.2276  -1.6524
   39  375  186  -1.6458  12.2145  -1.6533
   40  376  186  -1.6511  12.2342  -1.6534
   41  377  186  -1.6524  12.2222  -1.6542
   42  377  187  -1.6523  12.2163  -1.6515
   43  378  187  -1.6534  12.2030  -1.6524
   44  379  187  -1.6567  12.2066  -1.6529
   45  380  187  -1.6565  12.1828  -1.6541
   46  381  187  -1.6647  12.2256  -1.6536
   47  382  188  -1.6608  12.1678  -1.6529
   48  383  188  -1.6677  12.2001  -1.6526
   49  384  188  -1.6645  12.1534  -1.6545
   50  381  188  -1.6839  12.3725  -1.6468
