; ENVI Output of ROIs (5.4) [Tue Aug 13 09:32:30 2019]
; Number of ROIs: 4
; File Dimension: 1328 x 1184
;
; ROI name: Region #1
; ROI rgb value: {255, 0, 0}
; ROI npts: 193
;
; ROI name: Region #2
; ROI rgb value: {0, 255, 0}
; ROI npts: 99
;
; ROI name: Region #3
; ROI rgb value: {0, 0, 255}
; ROI npts: 50
;
; ROI name: Region #4
; ROI rgb value: {255, 255, 0}
; ROI npts: 104
;   ID    X     Y        B1        B2        B3
     1  642  1018  -73.7626   -8.6091   -8.7411
     2  641  1019  -73.7645   -8.6052   -8.7399
     3  640  1019  -73.7624   -8.6076   -8.7403
     4  639  1019  -73.7613   -8.6084   -8.7404
     5  638  1019  -73.7580   -8.6126   -8.7412
     6  637  1019  -73.7610   -8.6070   -8.7401
     7  642  1019  -73.7626   -8.6092   -8.7406
     8  637  1020  -73.7611   -8.6069   -8.7396
     9  636  1020  -73.7600   -8.6076   -8.7397
    10  635  1020  -73.7558   -8.6133   -8.7407
    11  634  1020  -73.7546   -8.6143   -8.7409
    12  633  1020  -73.7549   -8.6129   -8.7406
    13  632  1020  -73.7602   -8.6037   -8.7389
    14  631  1021  -73.7660   -8.5937   -8.7365
    15  632  1021  -73.7620   -8.6010   -8.7378
    16  631  1022  -73.7642   -8.5967   -8.7365
    17  630  1022  -73.7665   -8.5921   -8.7356
    18  629  1022  -73.7635   -8.5959   -8.7363
    19  628  1022  -73.7636   -8.5947   -8.7361
    20  627  1022  -73.7622   -8.5960   -8.7363
    21  626  1022  -73.7635   -8.5930   -8.7357
    22  625  1022  -73.7645   -8.5905   -8.7352
    23  624  1022  -73.7639   -8.5905   -8.7352
    24  623  1023  -73.7641   -8.5894   -8.7344
    25  622  1023  -73.7625   -8.5911   -8.7347
    26  621  1023  -73.7606   -8.5931   -8.7351
    27  620  1023  -73.7589   -8.5949   -8.7354
    28  624  1023  -73.7639   -8.5907   -8.7347
    29  619  1024  -73.7548   -8.6005   -8.7359
    30  620  1024  -73.7593   -8.5942   -8.7348
    31  618  1025  -73.7535   -8.6017   -8.7357
    32  617  1025  -73.7522   -8.6028   -8.7358
    33  616  1025  -73.7544   -8.5984   -8.7350
    34  615  1025  -73.7547   -8.5969   -8.7347
    35  613  1026  -73.7560   -8.5931   -8.7335
    36  612  1026  -73.7560   -8.5922   -8.7333
    37  611  1026  -73.7527   -8.5964   -8.7341
    38  610  1026  -73.7521   -8.5964   -8.7341
    39  614  1026  -73.7572   -8.5922   -8.7333
    40  610  1027  -73.7505   -8.5991   -8.7341
    41  609  1027  -73.7504   -8.5983   -8.7339
    42  608  1027  -73.7477   -8.6017   -8.7346
    43  607  1027  -73.7457   -8.6039   -8.7349
    44  606  1027  -73.7476   -8.5999   -8.7342
    45  606  1028  -73.7438   -8.6060   -8.7348
    46  605  1028  -73.7462   -8.6013   -8.7339
    47  604  1028  -73.7434   -8.6048   -8.7345
    48  581  1028  -73.7432   -8.5835   -8.7304
    49  580  1028  -73.7404   -8.5869   -8.7310
    50  579  1028  -73.7407   -8.5855   -8.7307
    51  583  1028  -73.7424   -8.5867   -8.7310
    52  584  1028  -73.7406   -8.5904   -8.7317
    53  582  1028  -73.7440   -8.5832   -8.7303
    54  596  1029  -73.7414   -8.6006   -8.7331
    55  595  1029  -73.7413   -8.5999   -8.7330
    56  594  1029  -73.7389   -8.6027   -8.7335
    57  593  1029  -73.7398   -8.6003   -8.7330
    58  592  1029  -73.7393   -8.6001   -8.7330
    59  591  1029  -73.7386   -8.6004   -8.7330
    60  590  1029  -73.7388   -8.5991   -8.7328
    61  589  1029  -73.7397   -8.5966   -8.7323
    62  588  1029  -73.7420   -8.5921   -8.7315
    63  597  1029  -73.7449   -8.5959   -8.7323
    64  586  1029  -73.7401   -8.5932   -8.7317
    65  585  1029  -73.7394   -8.5934   -8.7317
    66  584  1029  -73.7415   -8.5891   -8.7309
    67  598  1029  -73.7453   -8.5962   -8.7324
    68  599  1029  -73.7463   -8.5957   -8.7323
    69  602  1029  -73.7461   -8.5988   -8.7329
    70  601  1029  -73.7459   -8.5982   -8.7327
    71  600  1029  -73.7455   -8.5978   -8.7327
    72  575  1029  -73.7389   -8.5848   -8.7300
    73  587  1029  -73.7398   -8.5946   -8.7319
    74  561  1030  -73.7304   -8.5851   -8.7293
    75  574  1030  -73.7363   -8.5880   -8.7300
    76  573  1030  -73.7351   -8.5890   -8.7302
    77  563  1030  -73.7301   -8.5876   -8.7298
    78  560  1030  -73.7294   -8.5858   -8.7294
    79  562  1030  -73.7293   -8.5878   -8.7298
    80  559  1030  -73.7292   -8.5852   -8.7293
    81  557  1031  -73.7287   -8.5842   -8.7285
    82  559  1031  -73.7283   -8.5866   -8.7290
    83  558  1031  -73.7284   -8.5857   -8.7288
    84  556  1032  -73.7268   -8.5863   -8.7284
    85  555  1032  -73.7262   -8.5864   -8.7284
    86  554  1032  -73.7254   -8.5867   -8.7284
    87  553  1032  -73.7267   -8.5837   -8.7278
    88  557  1032  -73.7270   -8.5870   -8.7285
    89  553  1033  -73.7272   -8.5831   -8.7272
    90  533  1033  -73.7187   -8.5777   -8.7260
    91  552  1033  -73.7251   -8.5855   -8.7276
    92  551  1033  -73.7249   -8.5848   -8.7275
    93  532  1033  -73.7189   -8.5764   -8.7257
    94  531  1033  -73.7184   -8.5763   -8.7257
    95  550  1033  -73.7227   -8.5873   -8.7280
    96  549  1033  -73.7222   -8.5872   -8.7279
    97  548  1033  -73.7224   -8.5860   -8.7277
    98  547  1033  -73.7221   -8.5856   -8.7276
    99  547  1034  -73.7223   -8.5853   -8.7270
   100  540  1034  -73.7180   -8.5855   -8.7270
   101  528  1034  -73.7141   -8.5803   -8.7259
   102  529  1034  -73.7155   -8.5791   -8.7256
   103  542  1034  -73.7206   -8.5832   -8.7266
   104  541  1034  -73.7197   -8.5838   -8.7267
   105  539  1034  -73.7157   -8.5883   -8.7275
   106  538  1034  -73.7176   -8.5843   -8.7268
   107  537  1034  -73.7178   -8.5830   -8.7265
   108  536  1034  -73.7177   -8.5823   -8.7263
   109  535  1034  -73.7191   -8.5791   -8.7257
   110  527  1034  -73.7126   -8.5818   -8.7261
   111  534  1034  -73.7180   -8.5799   -8.7259
   112  546  1035  -73.7214   -8.5859   -8.7266
   113  545  1035  -73.7209   -8.5858   -8.7266
   114  544  1035  -73.7210   -8.5846   -8.7263
   115  543  1035  -73.7205   -8.5845   -8.7263
   116  542  1035  -73.7197   -8.5849   -8.7264
   117  523  1035  -73.7098   -8.5826   -8.7257
   118  527  1035  -73.7126   -8.5820   -8.7256
   119  526  1035  -73.7124   -8.5813   -8.7255
   120  525  1035  -73.7114   -8.5820   -8.7256
   121  522  1035  -73.7119   -8.5784   -8.7249
   122  521  1035  -73.7103   -8.5800   -8.7252
   123  520  1035  -73.7101   -8.5793   -8.7250
   124  519  1035  -73.7090   -8.5801   -8.7251
   125  524  1035  -73.7123   -8.5796   -8.7251
   126  519  1036  -73.7097   -8.5791   -8.7245
   127  518  1036  -73.7088   -8.5797   -8.7245
   128  517  1036  -73.7102   -8.5764   -8.7239
   129  516  1036  -73.7112   -8.5739   -8.7234
   130  515  1036  -73.7119   -8.5718   -8.7230
   131  514  1036  -73.7129   -8.5693   -8.7225
   132  513  1036  -73.7137   -8.5670   -8.7221
   133  511  1037  -73.7142   -8.5645   -8.7211
   134  510  1037  -73.7127   -8.5658   -8.7213
   135  512  1037  -73.7139   -8.5659   -8.7213
   136  510  1038  -73.7107   -8.5692   -8.7214
   137  509  1038  -73.7114   -8.5672   -8.7210
   138  508  1038  -73.7115   -8.5660   -8.7208
   139  507  1038  -73.7101   -8.5673   -8.7210
   140  506  1038  -73.7108   -8.5652   -8.7206
   141  505  1038  -73.7104   -8.5650   -8.7205
   142  504  1038  -73.7100   -8.5647   -8.7204
   143  503  1039  -73.7095   -8.5646   -8.7199
   144  502  1039  -73.7101   -8.5627   -8.7195
   145  501  1039  -73.7097   -8.5623   -8.7194
   146  500  1039  -73.7079   -8.5643   -8.7198
   147  499  1039  -73.7088   -8.5619   -8.7193
   148  498  1039  -73.7053   -8.5666   -8.7202
   149  504  1039  -73.7094   -8.5658   -8.7201
   150  497  1040  -73.7040   -8.5679   -8.7199
   151  496  1040  -73.7010   -8.5717   -8.7206
   152  495  1040  -73.7016   -8.5698   -8.7203
   153  494  1040  -73.6949   -8.5796   -8.7221
   154  493  1040  -73.6923   -8.5828   -8.7227
   155  492  1040  -73.6976   -8.5734   -8.7209
   156  491  1040  -73.6921   -8.5814   -8.7224
   157  491  1041  -73.6888   -8.5868   -8.7229
   158  490  1041  -73.6924   -8.5800   -8.7216
   159  489  1041  -73.6934   -8.5775   -8.7211
   160  488  1041  -73.6919   -8.5789   -8.7214
   161  487  1041  -73.6943   -8.5740   -8.7204
   162  486  1041  -73.6932   -8.5750   -8.7206
   163  485  1041  -73.6920   -8.5758   -8.7208
   164  484  1041  -73.6910   -8.5766   -8.7209
   165  483  1042  -73.6894   -8.5784   -8.7207
   166  482  1042  -73.6879   -8.5797   -8.7210
   167  481  1042  -73.6859   -8.5820   -8.7214
   168  480  1042  -73.6846   -8.5832   -8.7216
   169  484  1042  -73.6898   -8.5786   -8.7208
   170  479  1043  -73.6843   -8.5828   -8.7210
   171  478  1043  -73.6837   -8.5829   -8.7210
   172  477  1043  -73.6828   -8.5833   -8.7211
   173  476  1044  -73.6817   -8.5842   -8.7207
   174  475  1044  -73.6823   -8.5824   -8.7203
   175  477  1044  -73.6832   -8.5829   -8.7204
   176  474  1045  -73.6810   -8.5837   -8.7200
   177  473  1045  -73.6815   -8.5819   -8.7196
   178  475  1045  -73.6818   -8.5834   -8.7200
   179  473  1046  -73.6851   -8.5761   -8.7180
   180  472  1046  -73.6872   -8.5719   -8.7172
   181  472  1047  -73.6878   -8.5710   -8.7165
   182  468  1048  -73.6799   -8.5801   -8.7177
   183  467  1048  -73.6794   -8.5800   -8.7177
   184  466  1048  -73.6781   -8.5811   -8.7179
   185  465  1048  -73.6763   -8.5831   -8.7183
   186  464  1048  -73.6746   -8.5849   -8.7186
   187  463  1048  -73.6744   -8.5841   -8.7185
   188  462  1048  -73.6729   -8.5856   -8.7187
   189  461  1048  -73.6726   -8.5853   -8.7186
   190  460  1048  -73.6707   -8.5872   -8.7190
   191  459  1048  -73.6704   -8.5868   -8.7189
   192  458  1048  -73.6704   -8.5859   -8.7187
   193  457  1048  -73.6725   -8.5815   -8.7179

    1  726  982  -73.8156   -8.6005   -8.7595
    2  725  982  -73.8151   -8.6003   -8.7595
    3  727  982  -73.8166   -8.5998   -8.7594
    4  724  983  -73.8142   -8.6008   -8.7590
    5  723  983  -73.8138   -8.6005   -8.7590
    6  725  983  -73.8154   -8.5999   -8.7589
    7  723  984  -73.8136   -8.6010   -8.7585
    8  722  984  -73.8131   -8.6009   -8.7585
    9  721  984  -73.8121   -8.6014   -8.7586
   10  720  984  -73.8114   -8.6016   -8.7586
   11  719  984  -73.8109   -8.6014   -8.7585
   12  718  984  -73.8102   -8.6016   -8.7585
   13  717  984  -73.8095   -8.6018   -8.7585
   14  716  984  -73.8085   -8.6023   -8.7586
   15  715  984  -73.8105   -8.5983   -8.7579
   16  714  984  -73.8116   -8.5957   -8.7574
   17  713  985  -73.8110   -8.5959   -8.7569
   18  712  985  -73.8093   -8.5974   -8.7572
   19  711  985  -73.8090   -8.5970   -8.7571
   20  710  985  -73.8086   -8.5967   -8.7570
   21  709  985  -73.8085   -8.5959   -8.7569
   22  708  985  -73.8083   -8.5954   -8.7568
   23  707  985  -73.8080   -8.5949   -8.7567
   24  706  985  -73.8081   -8.5938   -8.7565
   25  705  985  -73.8078   -8.5933   -8.7564
   26  704  985  -73.8071   -8.5935   -8.7564
   27  703  985  -73.8068   -8.5929   -8.7563
   28  702  985  -73.8073   -8.5913   -8.7560
   29  701  986  -73.8064   -8.5918   -8.7556
   30  700  986  -73.8071   -8.5898   -8.7552
   31  699  986  -73.8084   -8.5869   -8.7547
   32  698  986  -73.8074   -8.5875   -8.7548
   33  702  986  -73.8071   -8.5917   -8.7556
   34  698  987  -73.8066   -8.5888   -8.7545
   35  697  987  -73.8063   -8.5884   -8.7544
   36  696  987  -73.8064   -8.5872   -8.7542
   37  695  987  -73.8050   -8.5885   -8.7543
   38  694  988  -73.8042   -8.5889   -8.7539
   39  693  988  -73.8025   -8.5907   -8.7542
   40  692  988  -73.8020   -8.5905   -8.7541
   41  691  988  -73.8011   -8.5910   -8.7542
   42  690  988  -73.7996   -8.5923   -8.7544
   43  695  988  -73.8044   -8.5896   -8.7541
   44  658  991  -73.7825   -8.5895   -8.7517
   45  659  991  -73.7831   -8.5896   -8.7518
   46  658  992  -73.7832   -8.5885   -8.7510
   47  651  992  -73.7771   -8.5916   -8.7515
   48  652  992  -73.7792   -8.5892   -8.7511
   49  653  992  -73.7787   -8.5909   -8.7514
   50  654  992  -73.7795   -8.5906   -8.7513
   51  655  992  -73.7811   -8.5890   -8.7511
   52  656  992  -73.7813   -8.5897   -8.7512
   53  657  992  -73.7825   -8.5887   -8.7510
   54  650  993  -73.7765   -8.5916   -8.7510
   55  649  993  -73.7770   -8.5899   -8.7507
   56  648  993  -73.7761   -8.5904   -8.7507
   57  647  993  -73.7767   -8.5885   -8.7504
   58  646  993  -73.7743   -8.5914   -8.7509
   59  645  993  -73.7765   -8.5870   -8.7501
   60  651  993  -73.7772   -8.5914   -8.7510
   61  644  994  -73.7747   -8.5891   -8.7499
   62  643  994  -73.7737   -8.5896   -8.7500
   63  642  994  -73.7751   -8.5864   -8.7494
   64  641  994  -73.7740   -8.5872   -8.7495
   65  640  994  -73.7716   -8.5901   -8.7500
   66  639  994  -73.7704   -8.5910   -8.7502
   67  638  994  -73.7692   -8.5920   -8.7503
   68  637  994  -73.7705   -8.5889   -8.7498
   69  636  994  -73.7676   -8.5926   -8.7504
   70  635  994  -73.7667   -8.5931   -8.7505
   71  634  994  -73.7675   -8.5909   -8.7501
   72  633  994  -73.7676   -8.5898   -8.7499
   73  633  995  -73.7668   -8.5911   -8.7496
   74  632  995  -73.7708   -8.5840   -8.7483
   75  631  995  -73.7722   -8.5809   -8.7477
   76  630  995  -73.7718   -8.5806   -8.7476
   77  629  995  -73.7741   -8.5760   -8.7468
   78  629  996  -73.7712   -8.5806   -8.7471
   79  628  996  -73.7715   -8.5791   -8.7468
   80  627  996  -73.7690   -8.5822   -8.7473
   81  626  996  -73.7740   -8.5734   -8.7457
   82  625  996  -73.7742   -8.5721   -8.7454
   83  624  996  -73.7777   -8.5657   -8.7443
   84  623  996  -73.7801   -8.5609   -8.7434
   85  622  996  -73.7806   -8.5592   -8.7430
   86  621  996  -73.7814   -8.5569   -8.7426
   87  620  996  -73.7745   -8.5669   -8.7444
   88  619  996  -73.7752   -8.5649   -8.7440
   89  618  996  -73.7768   -8.5615   -8.7434
   90  617  996  -73.7754   -8.5627   -8.7436
   91  616  996  -73.7780   -8.5577   -8.7427
   92  615  996  -73.7747   -8.5620   -8.7434
   93  614  996  -73.7750   -8.5604   -8.7431
   94  613  996  -73.7710   -8.5659   -8.7442
   95  612  997  -73.7694   -8.5675   -8.7439
   96  611  997  -73.7728   -8.5612   -8.7428
   97  610  997  -73.7738   -8.5587   -8.7423
   98  609  997  -73.7717   -8.5611   -8.7427
   99  613  997  -73.7730   -8.5628   -8.7431

    1  527  981  -73.7421   -8.5282   -8.7437
    2  526  982  -73.7390   -8.5323   -8.7439
    3  525  982  -73.7404   -8.5290   -8.7433
    4  524  982  -73.7374   -8.5329   -8.7440
    5  523  982  -73.7366   -8.5332   -8.7441
    6  521  983  -73.7353   -8.5336   -8.7436
    7  520  983  -73.7379   -8.5284   -8.7426
    8  519  983  -73.7374   -8.5283   -8.7426
    9  522  983  -73.7357   -8.5339   -8.7436
   10  518  984  -73.7347   -8.5318   -8.7427
   11  517  984  -73.7413   -8.5203   -8.7406
   12  516  984  -73.7408   -8.5201   -8.7405
   13  515  985  -73.7381   -8.5236   -8.7406
   14  511  986  -73.7367   -8.5221   -8.7398
   15  510  986  -73.7365   -8.5214   -8.7396
   16  512  986  -73.7368   -8.5229   -8.7399
   17  510  987  -73.7394   -8.5169   -8.7383
   18  509  987  -73.7438   -8.5088   -8.7368
   19  508  987  -73.7467   -8.5033   -8.7357
   20  507  987  -73.7429   -8.5083   -8.7366
   21  506  987  -73.7458   -8.5028   -8.7356
   22  506  988  -73.7469   -8.5011   -8.7348
   23  500  988  -73.7452   -8.4981   -8.7341
   24  501  988  -73.7448   -8.4997   -8.7344
   25  502  988  -73.7488   -8.4942   -8.7334
   26  503  988  -73.7473   -8.4975   -8.7340
   27  504  988  -73.7420   -8.5070   -8.7358
   28  505  988  -73.7482   -8.4980   -8.7342
   29  499  989  -73.7436   -8.4998   -8.7339
   30  498  989  -73.7397   -8.5052   -8.7348
   31  497  989  -73.7410   -8.5020   -8.7342
   32  496  989  -73.7383   -8.5055   -8.7349
   33  500  989  -73.7468   -8.4955   -8.7331
   34  494  990  -73.7300   -8.5170   -8.7364
   35  495  990  -73.7340   -8.5115   -8.7354
   36  494  991  -73.7271   -8.5218   -8.7368
   37  493  991  -73.7269   -8.5212   -8.7367
   42  488  991  -73.7151   -8.5354   -8.7391
   43  487  991  -73.7142   -8.5359   -8.7392
   44  486  991  -73.7164   -8.5314   -8.7383
   45  485  992  -73.7135   -8.5353   -8.7385
   46  484  992  -73.7064   -8.5458   -8.7404
   47  483  992  -73.7052   -8.5468   -8.7406
   48  481  992  -73.7135   -8.5314   -8.7378
   49  486  992  -73.7128   -8.5374   -8.7389
   50  481  993  -73.7045   -8.5461   -8.7399

     1  239  844  -73.6903   -8.3124   -8.7732
     2  238  844  -73.6927   -8.3074   -8.7723
     3  237  844  -73.6906   -8.3098   -8.7727
     4  236  844  -73.6912   -8.3079   -8.7723
     5  235  844  -73.6907   -8.3077   -8.7723
     6  234  844  -73.6894   -8.3089   -8.7725
     7  233  844  -73.6900   -8.3067   -8.7721
     8  232  844  -73.6906   -8.3047   -8.7717
     9  231  844  -73.6882   -8.3078   -8.7722
    10  230  844  -73.6870   -8.3089   -8.7724
    11  229  844  -73.6846   -8.3119   -8.7729
    12  228  844  -73.6848   -8.3105   -8.7726
    13  227  844  -73.6859   -8.3076   -8.7721
    14  226  844  -73.6847   -8.3086   -8.7723
    15  225  844  -73.6849   -8.3072   -8.7720
    16  224  844  -73.6844   -8.3071   -8.7720
    17  223  844  -73.6841   -8.3066   -8.7719
    18  222  844  -73.6842   -8.3055   -8.7717
    19  221  844  -73.6836   -8.3054   -8.7717
    20  220  844  -73.6842   -8.3034   -8.7713
    21  219  844  -73.6841   -8.3025   -8.7711
    22  218  844  -73.6845   -8.3008   -8.7708
    23  217  844  -73.6827   -8.3028   -8.7712
    24  217  845  -73.6812   -8.3056   -8.7711
    25  216  845  -73.6805   -8.3057   -8.7711
    26  215  845  -73.6785   -8.3082   -8.7715
    27  214  845  -73.6777   -8.3084   -8.7715
    28  213  845  -73.6811   -8.3017   -8.7704
    29  212  845  -73.6802   -8.3022   -8.7704
    30  211  845  -73.6783   -8.3044   -8.7708
    31  210  845  -73.6819   -8.2972   -8.7695
    32  209  845  -73.6814   -8.2971   -8.7695
    33  209  846  -73.6823   -8.2957   -8.7687
    34  208  846  -73.6824   -8.2946   -8.7685
    35  206  847  -73.6816   -8.2940   -8.7679
    36  205  847  -73.6804   -8.2949   -8.7680
    37  204  847  -73.6806   -8.2936   -8.7677
    38  203  847  -73.6815   -8.2910   -8.7673
    39  207  847  -73.6819   -8.2945   -8.7679
    40  203  848  -73.6778   -8.2975   -8.7678
    41  201  848  -73.6760   -8.2985   -8.7680
    42  200  848  -73.6742   -8.3006   -8.7683
    43  199  848  -73.6746   -8.2989   -8.7680
    44  187  848  -73.6627   -8.3069   -8.7691
    45  186  848  -73.6624   -8.3063   -8.7690
    46  185  848  -73.6636   -8.3032   -8.7685
    47  202  848  -73.6766   -8.2985   -8.7680
    48  183  849  -73.6647   -8.2994   -8.7673
    49  182  849  -73.6643   -8.2992   -8.7672
    50  181  849  -73.6655   -8.2962   -8.7667
    51  190  849  -73.6655   -8.3053   -8.7684
    52  191  849  -73.6682   -8.3016   -8.7678
    53  192  849  -73.6701   -8.2995   -8.7674
    54  193  849  -73.6709   -8.2991   -8.7674
    55  194  849  -73.6698   -8.3020   -8.7679
    56  195  849  -73.6705   -8.3018   -8.7679
    57  196  849  -73.6734   -8.2980   -8.7672
    58  197  849  -73.6719   -8.3015   -8.7679
    59  198  849  -73.6738   -8.2994   -8.7675
    60  199  849  -73.6723   -8.3028   -8.7681
    61  180  849  -73.6658   -8.2946   -8.7664
    62  179  849  -73.6640   -8.2966   -8.7667
    63  177  849  -73.6649   -8.2929   -8.7661
    64  184  849  -73.6655   -8.2992   -8.7673
    65  177  850  -73.6662   -8.2909   -8.7652
    66  176  850  -73.6650   -8.2920   -8.7654
    67  175  850  -73.6642   -8.2922   -8.7654
    68  174  850  -73.6625   -8.2942   -8.7657
    69  172  850  -73.6663   -8.2856   -8.7642
    70  171  851  -73.6674   -8.2829   -8.7632
    71  170  851  -73.6723   -8.2735   -8.7616
    72  169  851  -73.6713   -8.2742   -8.7617
    73  172  851  -73.6660   -8.2862   -8.7638
    74  169  852  -73.6686   -8.2789   -8.7619
    75  168  852  -73.6665   -8.2815   -8.7623
    76  167  852  -73.6653   -8.2825   -8.7625
    77  155  852  -73.6548   -8.2882   -8.7632
    78  156  852  -73.6554   -8.2883   -8.7632
    79  165  852  -73.6619   -8.2863   -8.7631
    80  164  852  -73.6599   -8.2886   -8.7635
    81  163  852  -73.6609   -8.2859   -8.7630
    82  162  852  -73.6608   -8.2851   -8.7628
    83  161  852  -73.6610   -8.2837   -8.7626
    84  160  852  -73.6599   -8.2846   -8.7627
    85  159  852  -73.6588   -8.2854   -8.7628
    86  158  852  -73.6574   -8.2869   -8.7630
    87  157  852  -73.6568   -8.2869   -8.7630
    88  142  852  -73.6468   -8.2886   -8.7630
    89  166  853  -73.6614   -8.2883   -8.7629
    90  155  853  -73.6548   -8.2883   -8.7627
    91  154  853  -73.6539   -8.2888   -8.7628
    92  153  853  -73.6538   -8.2880   -8.7626
    93  152  853  -73.6519   -8.2902   -8.7629
    94  151  853  -73.6518   -8.2894   -8.7628
    95  150  853  -73.6509   -8.2898   -8.7628
    96  149  853  -73.6502   -8.2900   -8.7628
    97  148  853  -73.6490   -8.2911   -8.7630
    98  147  853  -73.6487   -8.2906   -8.7629
    99  146  853  -73.6495   -8.2881   -8.7624
   100  145  853  -73.6494   -8.2873   -8.7623
   101  144  853  -73.6486   -8.2877   -8.7623
   102  143  853  -73.6478   -8.2880   -8.7624
   103  142  853  -73.6466   -8.2891   -8.7625
   104  165  853  -73.6610   -8.2879   -8.7628
