; ENVI Output of ROIs (5.4) [Tue Aug 13 09:32:49 2019]
; Number of ROIs: 4
; File Dimension: 1328 x 1184
;
; ROI name: Region #1
; ROI rgb value: {255, 0, 0}
; ROI npts: 193
;
; ROI name: Region #2
; ROI rgb value: {0, 255, 0}
; ROI npts: 99
;
; ROI name: Region #3
; ROI rgb value: {0, 0, 255}
; ROI npts: 50
;
; ROI name: Region #4
; ROI rgb value: {255, 255, 0}
; ROI npts: 104
;   ID    X     Y      B1      B2      B3
     1  642  1018  0.0119  0.0188  0.0037
     2  641  1019  0.0120  0.0188  0.0037
     3  640  1019  0.0119  0.0188  0.0037
     4  639  1019  0.0119  0.0188  0.0037
     5  638  1019  0.0119  0.0187  0.0037
     6  637  1019  0.0119  0.0188  0.0037
     7  642  1019  0.0119  0.0188  0.0037
     8  637  1020  0.0119  0.0188  0.0037
     9  636  1020  0.0119  0.0188  0.0037
    10  635  1020  0.0119  0.0187  0.0037
    11  634  1020  0.0119  0.0187  0.0037
    12  633  1020  0.0119  0.0187  0.0037
    13  632  1020  0.0119  0.0188  0.0037
    14  631  1021  0.0120  0.0189  0.0038
    15  632  1021  0.0120  0.0188  0.0037
    16  631  1022  0.0120  0.0189  0.0038
    17  630  1022  0.0120  0.0189  0.0038
    18  629  1022  0.0120  0.0189  0.0038
    19  628  1022  0.0120  0.0189  0.0038
    20  627  1022  0.0120  0.0189  0.0038
    21  626  1022  0.0120  0.0189  0.0038
    22  625  1022  0.0120  0.0189  0.0038
    23  624  1022  0.0120  0.0189  0.0038
    24  623  1023  0.0120  0.0189  0.0038
    25  622  1023  0.0120  0.0189  0.0038
    26  621  1023  0.0120  0.0189  0.0038
    27  620  1023  0.0120  0.0189  0.0038
    28  624  1023  0.0120  0.0189  0.0038
    29  619  1024  0.0119  0.0188  0.0037
    30  620  1024  0.0120  0.0189  0.0038
    31  618  1025  0.0119  0.0188  0.0038
    32  617  1025  0.0119  0.0188  0.0037
    33  616  1025  0.0119  0.0188  0.0038
    34  615  1025  0.0119  0.0188  0.0038
    35  613  1026  0.0119  0.0189  0.0038
    36  612  1026  0.0119  0.0189  0.0038
    37  611  1026  0.0119  0.0188  0.0038
    38  610  1026  0.0119  0.0188  0.0038
    39  614  1026  0.0120  0.0189  0.0038
    40  610  1027  0.0119  0.0188  0.0038
    41  609  1027  0.0119  0.0188  0.0038
    42  608  1027  0.0119  0.0188  0.0038
    43  607  1027  0.0119  0.0188  0.0038
    44  606  1027  0.0119  0.0188  0.0038
    45  606  1028  0.0119  0.0187  0.0037
    46  605  1028  0.0119  0.0188  0.0038
    47  604  1028  0.0119  0.0187  0.0038
    48  581  1028  0.0119  0.0188  0.0038
    49  580  1028  0.0119  0.0188  0.0038
    50  579  1028  0.0119  0.0188  0.0038
    51  583  1028  0.0119  0.0188  0.0038
    52  584  1028  0.0119  0.0188  0.0038
    53  582  1028  0.0119  0.0188  0.0038
    54  596  1029  0.0119  0.0188  0.0038
    55  595  1029  0.0119  0.0188  0.0038
    56  594  1029  0.0118  0.0187  0.0038
    57  593  1029  0.0118  0.0188  0.0038
    58  592  1029  0.0118  0.0188  0.0038
    59  591  1029  0.0118  0.0188  0.0038
    60  590  1029  0.0118  0.0188  0.0038
    61  589  1029  0.0118  0.0188  0.0038
    62  588  1029  0.0119  0.0188  0.0038
    63  597  1029  0.0119  0.0188  0.0038
    64  586  1029  0.0119  0.0188  0.0038
    65  585  1029  0.0118  0.0188  0.0038
    66  584  1029  0.0119  0.0188  0.0038
    67  598  1029  0.0119  0.0188  0.0038
    68  599  1029  0.0119  0.0188  0.0038
    69  602  1029  0.0119  0.0188  0.0038
    70  601  1029  0.0119  0.0188  0.0038
    71  600  1029  0.0119  0.0188  0.0038
    72  575  1029  0.0119  0.0188  0.0038
    73  587  1029  0.0119  0.0188  0.0038
    74  561  1030  0.0118  0.0188  0.0038
    75  574  1030  0.0118  0.0188  0.0038
    76  573  1030  0.0118  0.0188  0.0038
    77  563  1030  0.0118  0.0188  0.0038
    78  560  1030  0.0118  0.0188  0.0038
    79  562  1030  0.0118  0.0188  0.0038
    80  559  1030  0.0118  0.0188  0.0038
    81  557  1031  0.0118  0.0188  0.0038
    82  559  1031  0.0118  0.0188  0.0038
    83  558  1031  0.0118  0.0188  0.0038
    84  556  1032  0.0118  0.0188  0.0038
    85  555  1032  0.0118  0.0188  0.0038
    86  554  1032  0.0118  0.0188  0.0038
    87  553  1032  0.0118  0.0188  0.0038
    88  557  1032  0.0118  0.0188  0.0038
    89  553  1033  0.0118  0.0188  0.0038
    90  533  1033  0.0118  0.0188  0.0038
    91  552  1033  0.0118  0.0188  0.0038
    92  551  1033  0.0118  0.0188  0.0038
    93  532  1033  0.0118  0.0188  0.0038
    94  531  1033  0.0118  0.0188  0.0038
    95  550  1033  0.0118  0.0188  0.0038
    96  549  1033  0.0118  0.0188  0.0038
    97  548  1033  0.0118  0.0188  0.0038
    98  547  1033  0.0118  0.0188  0.0038
    99  547  1034  0.0118  0.0188  0.0038
   100  540  1034  0.0117  0.0188  0.0038
   101  528  1034  0.0117  0.0188  0.0038
   102  529  1034  0.0117  0.0188  0.0038
   103  542  1034  0.0118  0.0188  0.0038
   104  541  1034  0.0118  0.0188  0.0038
   105  539  1034  0.0117  0.0187  0.0038
   106  538  1034  0.0117  0.0188  0.0038
   107  537  1034  0.0117  0.0188  0.0038
   108  536  1034  0.0117  0.0188  0.0038
   109  535  1034  0.0118  0.0188  0.0038
   110  527  1034  0.0117  0.0188  0.0038
   111  534  1034  0.0118  0.0188  0.0038
   112  546  1035  0.0118  0.0188  0.0038
   113  545  1035  0.0118  0.0188  0.0038
   114  544  1035  0.0118  0.0188  0.0038
   115  543  1035  0.0118  0.0188  0.0038
   116  542  1035  0.0118  0.0188  0.0038
   117  523  1035  0.0117  0.0188  0.0038
   118  527  1035  0.0117  0.0188  0.0038
   119  526  1035  0.0117  0.0188  0.0038
   120  525  1035  0.0117  0.0188  0.0038
   121  522  1035  0.0117  0.0188  0.0038
   122  521  1035  0.0117  0.0188  0.0038
   123  520  1035  0.0117  0.0188  0.0038
   124  519  1035  0.0117  0.0188  0.0038
   125  524  1035  0.0117  0.0188  0.0038
   126  519  1036  0.0117  0.0188  0.0038
   127  518  1036  0.0117  0.0188  0.0038
   128  517  1036  0.0117  0.0188  0.0038
   129  516  1036  0.0117  0.0188  0.0038
   130  515  1036  0.0118  0.0188  0.0038
   131  514  1036  0.0118  0.0189  0.0038
   132  513  1036  0.0118  0.0189  0.0038
   133  511  1037  0.0118  0.0189  0.0038
   134  510  1037  0.0118  0.0189  0.0038
   135  512  1037  0.0118  0.0189  0.0038
   136  510  1038  0.0118  0.0189  0.0038
   137  509  1038  0.0118  0.0189  0.0038
   138  508  1038  0.0118  0.0189  0.0038
   139  507  1038  0.0118  0.0189  0.0038
   140  506  1038  0.0118  0.0189  0.0038
   141  505  1038  0.0118  0.0189  0.0038
   142  504  1038  0.0118  0.0189  0.0038
   143  503  1039  0.0118  0.0189  0.0038
   144  502  1039  0.0118  0.0189  0.0038
   145  501  1039  0.0118  0.0189  0.0038
   146  500  1039  0.0118  0.0189  0.0038
   147  499  1039  0.0118  0.0189  0.0038
   148  498  1039  0.0117  0.0189  0.0038
   149  504  1039  0.0118  0.0189  0.0038
   150  497  1040  0.0117  0.0189  0.0038
   151  496  1040  0.0117  0.0188  0.0038
   152  495  1040  0.0117  0.0188  0.0038
   153  494  1040  0.0117  0.0188  0.0038
   154  493  1040  0.0116  0.0187  0.0038
   155  492  1040  0.0117  0.0188  0.0038
   156  491  1040  0.0116  0.0187  0.0038
   157  491  1041  0.0116  0.0187  0.0038
   158  490  1041  0.0116  0.0187  0.0038
   159  489  1041  0.0117  0.0188  0.0038
   160  488  1041  0.0116  0.0187  0.0038
   161  487  1041  0.0117  0.0188  0.0038
   162  486  1041  0.0117  0.0188  0.0038
   163  485  1041  0.0116  0.0188  0.0038
   164  484  1041  0.0116  0.0188  0.0038
   165  483  1042  0.0116  0.0187  0.0038
   166  482  1042  0.0116  0.0187  0.0038
   167  481  1042  0.0116  0.0187  0.0038
   168  480  1042  0.0116  0.0187  0.0038
   169  484  1042  0.0116  0.0187  0.0038
   170  479  1043  0.0116  0.0187  0.0038
   171  478  1043  0.0116  0.0187  0.0038
   172  477  1043  0.0116  0.0187  0.0038
   173  476  1044  0.0116  0.0187  0.0038
   174  475  1044  0.0116  0.0187  0.0038
   175  477  1044  0.0116  0.0187  0.0038
   176  474  1045  0.0116  0.0187  0.0038
   177  473  1045  0.0116  0.0187  0.0038
   178  475  1045  0.0116  0.0187  0.0038
   179  473  1046  0.0116  0.0188  0.0038
   180  472  1046  0.0116  0.0188  0.0038
   181  472  1047  0.0116  0.0188  0.0038
   182  468  1048  0.0116  0.0187  0.0038
   183  467  1048  0.0116  0.0187  0.0038
   184  466  1048  0.0116  0.0187  0.0038
   185  465  1048  0.0115  0.0187  0.0038
   186  464  1048  0.0115  0.0187  0.0038
   187  463  1048  0.0115  0.0187  0.0038
   188  462  1048  0.0115  0.0186  0.0038
   189  461  1048  0.0115  0.0186  0.0038
   190  460  1048  0.0115  0.0186  0.0038
   191  459  1048  0.0115  0.0186  0.0038
   192  458  1048  0.0115  0.0186  0.0038
   193  457  1048  0.0115  0.0187  0.0038

    1  726  982  0.0122  0.0189  0.0037
    2  725  982  0.0122  0.0189  0.0037
    3  727  982  0.0122  0.0189  0.0037
    4  724  983  0.0122  0.0189  0.0037
    5  723  983  0.0122  0.0189  0.0037
    6  725  983  0.0122  0.0189  0.0037
    7  723  984  0.0122  0.0189  0.0037
    8  722  984  0.0122  0.0189  0.0037
    9  721  984  0.0122  0.0189  0.0037
   10  720  984  0.0122  0.0189  0.0037
   11  719  984  0.0122  0.0189  0.0037
   12  718  984  0.0122  0.0189  0.0037
   13  717  984  0.0122  0.0189  0.0037
   14  716  984  0.0122  0.0189  0.0037
   15  715  984  0.0122  0.0189  0.0037
   16  714  984  0.0122  0.0190  0.0037
   17  713  985  0.0122  0.0190  0.0037
   18  712  985  0.0122  0.0189  0.0037
   19  711  985  0.0122  0.0189  0.0037
   20  710  985  0.0122  0.0189  0.0037
   21  709  985  0.0122  0.0189  0.0037
   22  708  985  0.0122  0.0189  0.0037
   23  707  985  0.0122  0.0189  0.0037
   24  706  985  0.0122  0.0189  0.0037
   25  705  985  0.0122  0.0189  0.0037
   26  704  985  0.0122  0.0189  0.0037
   27  703  985  0.0122  0.0189  0.0037
   28  702  985  0.0122  0.0189  0.0037
   29  701  986  0.0122  0.0189  0.0037
   30  700  986  0.0122  0.0189  0.0037
   31  699  986  0.0122  0.0189  0.0037
   32  698  986  0.0122  0.0189  0.0037
   33  702  986  0.0121  0.0189  0.0037
   34  698  987  0.0121  0.0189  0.0037
   35  697  987  0.0122  0.0189  0.0037
   36  696  987  0.0122  0.0189  0.0037
   37  695  987  0.0122  0.0189  0.0037
   38  694  988  0.0122  0.0189  0.0037
   39  693  988  0.0121  0.0189  0.0037
   40  692  988  0.0121  0.0189  0.0037
   41  691  988  0.0121  0.0189  0.0037
   42  690  988  0.0121  0.0189  0.0037
   43  695  988  0.0121  0.0189  0.0037
   44  658  991  0.0121  0.0189  0.0037
   45  659  991  0.0121  0.0189  0.0037
   46  658  992  0.0121  0.0189  0.0037
   47  651  992  0.0120  0.0189  0.0037
   48  652  992  0.0120  0.0189  0.0037
   49  653  992  0.0120  0.0189  0.0037
   50  654  992  0.0120  0.0189  0.0037
   51  655  992  0.0121  0.0189  0.0037
   52  656  992  0.0121  0.0189  0.0037
   53  657  992  0.0121  0.0189  0.0037
   54  650  993  0.0120  0.0189  0.0037
   55  649  993  0.0120  0.0189  0.0037
   56  648  993  0.0120  0.0189  0.0037
   57  647  993  0.0120  0.0189  0.0037
   58  646  993  0.0120  0.0189  0.0037
   59  645  993  0.0120  0.0189  0.0037
   60  651  993  0.0120  0.0189  0.0037
   61  644  994  0.0120  0.0189  0.0037
   62  643  994  0.0120  0.0189  0.0037
   63  642  994  0.0120  0.0189  0.0037
   64  641  994  0.0120  0.0189  0.0037
   65  640  994  0.0120  0.0189  0.0037
   66  639  994  0.0120  0.0189  0.0037
   67  638  994  0.0120  0.0189  0.0037
   68  637  994  0.0120  0.0189  0.0037
   69  636  994  0.0120  0.0188  0.0037
   70  635  994  0.0120  0.0188  0.0037
   71  634  994  0.0120  0.0189  0.0037
   72  633  994  0.0120  0.0189  0.0037
   73  633  995  0.0120  0.0189  0.0037
   74  632  995  0.0120  0.0189  0.0037
   75  631  995  0.0120  0.0189  0.0037
   76  630  995  0.0120  0.0189  0.0037
   77  629  995  0.0120  0.0190  0.0037
   78  629  996  0.0120  0.0189  0.0037
   79  628  996  0.0120  0.0189  0.0037
   80  627  996  0.0120  0.0189  0.0037
   81  626  996  0.0120  0.0190  0.0037
   82  625  996  0.0121  0.0190  0.0037
   83  624  996  0.0121  0.0190  0.0037
   84  623  996  0.0121  0.0191  0.0038
   85  622  996  0.0121  0.0191  0.0038
   86  621  996  0.0121  0.0191  0.0038
   87  620  996  0.0121  0.0190  0.0037
   88  619  996  0.0121  0.0190  0.0037
   89  618  996  0.0121  0.0191  0.0038
   90  617  996  0.0121  0.0190  0.0037
   91  616  996  0.0121  0.0191  0.0038
   92  615  996  0.0121  0.0190  0.0037
   93  614  996  0.0121  0.0191  0.0038
   94  613  996  0.0120  0.0190  0.0037
   95  612  997  0.0120  0.0190  0.0037
   96  611  997  0.0121  0.0190  0.0038
   97  610  997  0.0121  0.0191  0.0038
   98  609  997  0.0120  0.0190  0.0038
   99  613  997  0.0121  0.0190  0.0038

    1  527  981  0.0119  0.0191  0.0037
    2  526  982  0.0119  0.0191  0.0037
    3  525  982  0.0119  0.0191  0.0037
    4  524  982  0.0119  0.0191  0.0037
    5  523  982  0.0119  0.0191  0.0037
    6  521  983  0.0119  0.0191  0.0037
    7  520  983  0.0119  0.0191  0.0037
    8  519  983  0.0119  0.0191  0.0037
    9  522  983  0.0119  0.0191  0.0037
   10  518  984  0.0119  0.0191  0.0037
   11  517  984  0.0120  0.0192  0.0038
   12  516  984  0.0119  0.0192  0.0038
   13  515  985  0.0119  0.0191  0.0038
   14  511  986  0.0119  0.0192  0.0038
   15  510  986  0.0119  0.0192  0.0038
   16  512  986  0.0119  0.0192  0.0038
   17  510  987  0.0120  0.0192  0.0038
   18  509  987  0.0120  0.0193  0.0038
   19  508  987  0.0120  0.0193  0.0038
   20  507  987  0.0120  0.0193  0.0038
   21  506  987  0.0120  0.0193  0.0038
   22  506  988  0.0120  0.0193  0.0038
   23  500  988  0.0120  0.0194  0.0038
   24  501  988  0.0120  0.0193  0.0038
   25  502  988  0.0121  0.0194  0.0038
   26  503  988  0.0120  0.0194  0.0038
   27  504  988  0.0120  0.0193  0.0038
   28  505  988  0.0120  0.0193  0.0038
   29  499  989  0.0120  0.0193  0.0038
   30  498  989  0.0120  0.0193  0.0038
   31  497  989  0.0120  0.0193  0.0038
   32  496  989  0.0120  0.0193  0.0038
   33  500  989  0.0120  0.0194  0.0038
   34  494  990  0.0119  0.0192  0.0038
   35  495  990  0.0119  0.0192  0.0038
   36  494  991  0.0119  0.0192  0.0038
   37  493  991  0.0119  0.0192  0.0038
   42  488  991  0.0118  0.0191  0.0037
   43  487  991  0.0118  0.0191  0.0037
   44  486  991  0.0118  0.0191  0.0037
   45  485  992  0.0118  0.0191  0.0037
   46  484  992  0.0118  0.0190  0.0037
   47  483  992  0.0118  0.0190  0.0037
   48  481  992  0.0118  0.0191  0.0037
   49  486  992  0.0118  0.0190  0.0037
   50  481  993  0.0118  0.0190  0.0037

     1  239  844  0.0119  0.0201  0.0037
     2  238  844  0.0119  0.0202  0.0037
     3  237  844  0.0119  0.0201  0.0037
     4  236  844  0.0119  0.0201  0.0037
     5  235  844  0.0119  0.0201  0.0037
     6  234  844  0.0119  0.0201  0.0037
     7  233  844  0.0119  0.0201  0.0037
     8  232  844  0.0119  0.0202  0.0037
     9  231  844  0.0119  0.0201  0.0037
    10  230  844  0.0119  0.0201  0.0037
    11  229  844  0.0119  0.0201  0.0037
    12  228  844  0.0119  0.0201  0.0037
    13  227  844  0.0119  0.0201  0.0037
    14  226  844  0.0119  0.0201  0.0037
    15  225  844  0.0119  0.0201  0.0037
    16  224  844  0.0119  0.0201  0.0037
    17  223  844  0.0119  0.0201  0.0037
    18  222  844  0.0119  0.0201  0.0037
    19  221  844  0.0119  0.0201  0.0037
    20  220  844  0.0119  0.0201  0.0037
    21  219  844  0.0119  0.0201  0.0037
    22  218  844  0.0119  0.0202  0.0037
    23  217  844  0.0119  0.0201  0.0037
    24  217  845  0.0119  0.0201  0.0037
    25  216  845  0.0119  0.0201  0.0037
    26  215  845  0.0119  0.0201  0.0037
    27  214  845  0.0119  0.0201  0.0037
    28  213  845  0.0119  0.0201  0.0037
    29  212  845  0.0119  0.0201  0.0037
    30  211  845  0.0119  0.0201  0.0037
    31  210  845  0.0119  0.0202  0.0037
    32  209  845  0.0119  0.0202  0.0037
    33  209  846  0.0119  0.0202  0.0037
    34  208  846  0.0119  0.0202  0.0037
    35  206  847  0.0119  0.0202  0.0037
    36  205  847  0.0119  0.0202  0.0037
    37  204  847  0.0119  0.0202  0.0037
    38  203  847  0.0119  0.0202  0.0037
    39  207  847  0.0119  0.0202  0.0037
    40  203  848  0.0119  0.0202  0.0037
    41  201  848  0.0119  0.0202  0.0037
    42  200  848  0.0119  0.0201  0.0037
    43  199  848  0.0119  0.0201  0.0037
    44  187  848  0.0118  0.0201  0.0037
    45  186  848  0.0118  0.0201  0.0037
    46  185  848  0.0118  0.0201  0.0037
    47  202  848  0.0119  0.0202  0.0037
    48  183  849  0.0118  0.0201  0.0037
    49  182  849  0.0118  0.0201  0.0037
    50  181  849  0.0118  0.0201  0.0037
    51  190  849  0.0118  0.0201  0.0037
    52  191  849  0.0118  0.0201  0.0037
    53  192  849  0.0118  0.0201  0.0037
    54  193  849  0.0118  0.0201  0.0037
    55  194  849  0.0118  0.0201  0.0037
    56  195  849  0.0118  0.0201  0.0037
    57  196  849  0.0119  0.0201  0.0037
    58  197  849  0.0119  0.0201  0.0037
    59  198  849  0.0119  0.0201  0.0037
    60  199  849  0.0119  0.0201  0.0037
    61  180  849  0.0118  0.0201  0.0037
    62  179  849  0.0118  0.0201  0.0037
    63  177  849  0.0118  0.0201  0.0037
    64  184  849  0.0118  0.0201  0.0037
    65  177  850  0.0118  0.0202  0.0037
    66  176  850  0.0118  0.0201  0.0037
    67  175  850  0.0118  0.0201  0.0037
    68  174  850  0.0118  0.0201  0.0037
    69  172  850  0.0118  0.0202  0.0037
    70  171  851  0.0119  0.0202  0.0037
    71  170  851  0.0119  0.0203  0.0037
    72  169  851  0.0119  0.0203  0.0037
    73  172  851  0.0118  0.0202  0.0037
    74  169  852  0.0119  0.0202  0.0037
    75  168  852  0.0118  0.0202  0.0037
    76  167  852  0.0118  0.0202  0.0037
    77  155  852  0.0118  0.0202  0.0037
    78  156  852  0.0118  0.0202  0.0037
    79  165  852  0.0118  0.0202  0.0037
    80  164  852  0.0118  0.0202  0.0037
    81  163  852  0.0118  0.0202  0.0037
    82  162  852  0.0118  0.0202  0.0037
    83  161  852  0.0118  0.0202  0.0037
    84  160  852  0.0118  0.0202  0.0037
    85  159  852  0.0118  0.0202  0.0037
    86  158  852  0.0118  0.0202  0.0037
    87  157  852  0.0118  0.0202  0.0037
    88  142  852  0.0118  0.0201  0.0037
    89  166  853  0.0118  0.0202  0.0037
    90  155  853  0.0118  0.0202  0.0037
    91  154  853  0.0118  0.0202  0.0037
    92  153  853  0.0118  0.0202  0.0037
    93  152  853  0.0118  0.0202  0.0037
    94  151  853  0.0118  0.0202  0.0037
    95  150  853  0.0118  0.0202  0.0037
    96  149  853  0.0118  0.0202  0.0037
    97  148  853  0.0118  0.0202  0.0037
    98  147  853  0.0118  0.0202  0.0037
    99  146  853  0.0118  0.0202  0.0037
   100  145  853  0.0118  0.0202  0.0037
   101  144  853  0.0118  0.0202  0.0037
   102  143  853  0.0118  0.0202  0.0037
   103  142  853  0.0118  0.0201  0.0037
   104  165  853  0.0118  0.0202  0.0037
