; ENVI Output of ROIs (5.4) [Sat Aug 17 17:38:28 2019]
; Number of ROIs: 3
; File Dimension: 1328 x 1184
;
; ROI name: Region #1
; ROI rgb value: {255, 0, 0}
; ROI npts: 252
;
; ROI name: Region #2
; ROI rgb value: {0, 255, 0}
; ROI npts: 122
;
; ROI name: Region #3
; ROI rgb value: {0, 0, 255}
; ROI npts: 95
;   ID    X     Y      B1      B2      B3
     1  708  1013  0.0121  0.0188  0.0037
     2  707  1013  0.0121  0.0188  0.0037
     3  706  1013  0.0121  0.0188  0.0037
     4  705  1013  0.0121  0.0188  0.0037
     5  704  1013  0.0121  0.0188  0.0037
     6  709  1013  0.0121  0.0188  0.0037
     7  703  1014  0.0121  0.0188  0.0037
     8  702  1014  0.0121  0.0188  0.0037
     9  701  1014  0.0121  0.0188  0.0037
    10  700  1014  0.0120  0.0187  0.0037
    11  699  1014  0.0120  0.0187  0.0037
    12  698  1014  0.0120  0.0187  0.0037
    13  697  1014  0.0120  0.0187  0.0037
    14  696  1014  0.0120  0.0187  0.0037
    15  695  1014  0.0120  0.0187  0.0037
    16  694  1014  0.0120  0.0187  0.0037
    17  693  1014  0.0120  0.0187  0.0037
    18  692  1014  0.0120  0.0187  0.0037
    19  691  1014  0.0120  0.0187  0.0037
    20  690  1014  0.0120  0.0187  0.0037
    21  689  1014  0.0120  0.0186  0.0037
    22  688  1015  0.0120  0.0187  0.0037
    23  687  1015  0.0120  0.0187  0.0037
    24  686  1015  0.0120  0.0187  0.0037
    25  685  1015  0.0120  0.0187  0.0037
    26  684  1015  0.0120  0.0187  0.0037
    27  682  1016  0.0120  0.0187  0.0037
    28  681  1016  0.0120  0.0187  0.0037
    29  680  1016  0.0120  0.0187  0.0037
    30  683  1016  0.0120  0.0187  0.0037
    31  679  1017  0.0119  0.0186  0.0037
    32  678  1017  0.0119  0.0186  0.0037
    33  677  1017  0.0119  0.0186  0.0037
    34  676  1017  0.0119  0.0186  0.0037
    35  675  1017  0.0119  0.0186  0.0037
    36  674  1017  0.0119  0.0186  0.0037
    37  673  1017  0.0119  0.0186  0.0037
    38  672  1017  0.0119  0.0186  0.0037
    39  671  1017  0.0119  0.0186  0.0037
    40  670  1017  0.0119  0.0186  0.0037
    41  669  1017  0.0119  0.0186  0.0037
    42  668  1017  0.0119  0.0186  0.0037
    43  667  1017  0.0119  0.0187  0.0037
    44  666  1017  0.0119  0.0186  0.0037
    45  665  1017  0.0119  0.0186  0.0037
    46  664  1017  0.0119  0.0187  0.0037
    47  663  1017  0.0119  0.0187  0.0037
    48  662  1017  0.0119  0.0187  0.0037
    49  661  1017  0.0119  0.0186  0.0037
    50  660  1018  0.0119  0.0186  0.0037
    51  659  1018  0.0119  0.0186  0.0037
    52  658  1018  0.0119  0.0187  0.0037
    53  657  1018  0.0119  0.0187  0.0037
    54  656  1018  0.0119  0.0187  0.0037
    55  655  1018  0.0119  0.0187  0.0037
    56  654  1018  0.0119  0.0187  0.0037
    57  653  1019  0.0120  0.0187  0.0037
    58  652  1019  0.0119  0.0187  0.0037
    59  651  1019  0.0120  0.0187  0.0037
    60  650  1019  0.0119  0.0187  0.0037
    61  649  1019  0.0119  0.0187  0.0037
    62  648  1019  0.0119  0.0187  0.0037
    63  647  1019  0.0119  0.0187  0.0037
    64  646  1019  0.0119  0.0188  0.0037
    65  645  1019  0.0120  0.0188  0.0037
    66  644  1019  0.0119  0.0187  0.0037
    67  643  1019  0.0119  0.0188  0.0037
    68  642  1019  0.0119  0.0188  0.0037
    69  641  1019  0.0120  0.0188  0.0037
    70  640  1020  0.0120  0.0188  0.0037
    71  639  1020  0.0120  0.0188  0.0037
    72  638  1020  0.0119  0.0188  0.0037
    73  637  1020  0.0119  0.0188  0.0037
    74  636  1020  0.0119  0.0188  0.0037
    75  635  1020  0.0119  0.0187  0.0037
    76  633  1021  0.0119  0.0188  0.0037
    77  632  1021  0.0120  0.0188  0.0037
    78  631  1021  0.0120  0.0189  0.0038
    79  634  1021  0.0119  0.0187  0.0037
    80  630  1022  0.0120  0.0189  0.0038
    81  629  1022  0.0120  0.0189  0.0038
    82  628  1022  0.0120  0.0189  0.0038
    83  627  1022  0.0120  0.0189  0.0038
    84  626  1023  0.0120  0.0189  0.0038
    85  625  1023  0.0120  0.0189  0.0038
    86  624  1023  0.0120  0.0189  0.0038
    87  623  1023  0.0120  0.0189  0.0038
    88  622  1023  0.0120  0.0189  0.0038
    89  620  1024  0.0120  0.0189  0.0038
    90  619  1024  0.0119  0.0188  0.0037
    91  618  1024  0.0119  0.0188  0.0038
    92  621  1024  0.0120  0.0189  0.0038
    93  617  1025  0.0119  0.0188  0.0037
    94  616  1025  0.0119  0.0188  0.0038
    95  615  1025  0.0119  0.0188  0.0038
    96  613  1026  0.0119  0.0189  0.0038
    97  612  1026  0.0119  0.0189  0.0038
    98  611  1026  0.0119  0.0188  0.0038
    99  614  1026  0.0120  0.0189  0.0038
   100  610  1027  0.0119  0.0188  0.0038
   101  609  1027  0.0119  0.0188  0.0038
   102  608  1027  0.0119  0.0188  0.0038
   103  606  1028  0.0119  0.0187  0.0037
   104  605  1028  0.0119  0.0188  0.0038
   105  604  1028  0.0119  0.0187  0.0038
   106  607  1028  0.0119  0.0188  0.0038
   107  603  1029  0.0119  0.0188  0.0038
   108  602  1029  0.0119  0.0188  0.0038
   109  601  1029  0.0119  0.0188  0.0038
   110  600  1029  0.0119  0.0188  0.0038
   111  599  1029  0.0119  0.0188  0.0038
   112  598  1029  0.0119  0.0188  0.0038
   113  597  1029  0.0119  0.0188  0.0038
   114  571  1029  0.0118  0.0188  0.0038
   115  572  1029  0.0118  0.0188  0.0038
   116  573  1029  0.0118  0.0188  0.0038
   117  574  1029  0.0118  0.0188  0.0038
   118  575  1029  0.0119  0.0188  0.0038
   119  576  1029  0.0118  0.0188  0.0038
   120  577  1029  0.0119  0.0188  0.0038
   121  578  1029  0.0119  0.0188  0.0038
   122  579  1029  0.0119  0.0188  0.0038
   123  580  1029  0.0119  0.0189  0.0038
   124  581  1029  0.0119  0.0189  0.0038
   125  582  1029  0.0119  0.0188  0.0038
   126  583  1029  0.0119  0.0188  0.0038
   127  584  1029  0.0119  0.0188  0.0038
   128  585  1029  0.0118  0.0188  0.0038
   129  586  1029  0.0119  0.0188  0.0038
   130  587  1029  0.0119  0.0188  0.0038
   131  588  1029  0.0119  0.0188  0.0038
   132  589  1029  0.0118  0.0188  0.0038
   133  590  1029  0.0118  0.0188  0.0038
   134  591  1029  0.0118  0.0188  0.0038
   135  592  1029  0.0118  0.0188  0.0038
   136  593  1029  0.0118  0.0188  0.0038
   137  594  1029  0.0118  0.0187  0.0038
   138  595  1029  0.0119  0.0188  0.0038
   139  596  1029  0.0119  0.0188  0.0038
   140  570  1030  0.0118  0.0188  0.0038
   141  569  1030  0.0118  0.0188  0.0038
   142  568  1030  0.0118  0.0188  0.0038
   143  567  1030  0.0118  0.0188  0.0038
   144  566  1030  0.0118  0.0188  0.0038
   145  565  1030  0.0118  0.0188  0.0038
   146  564  1030  0.0118  0.0188  0.0038
   147  563  1030  0.0118  0.0188  0.0038
   148  562  1030  0.0118  0.0188  0.0038
   149  561  1031  0.0118  0.0188  0.0038
   150  560  1031  0.0118  0.0188  0.0038
   151  559  1031  0.0118  0.0188  0.0038
   152  558  1031  0.0118  0.0188  0.0038
   153  556  1032  0.0118  0.0188  0.0038
   154  555  1032  0.0118  0.0188  0.0038
   155  557  1032  0.0118  0.0188  0.0038
   156  553  1033  0.0118  0.0188  0.0038
   157  552  1033  0.0118  0.0188  0.0038
   158  554  1033  0.0118  0.0188  0.0038
   159  551  1034  0.0118  0.0188  0.0038
   160  550  1034  0.0118  0.0188  0.0038
   161  549  1034  0.0118  0.0188  0.0038
   162  548  1034  0.0118  0.0188  0.0038
   163  537  1034  0.0117  0.0188  0.0038
   164  538  1034  0.0117  0.0188  0.0038
   165  539  1034  0.0117  0.0187  0.0038
   166  540  1034  0.0117  0.0188  0.0038
   167  541  1034  0.0118  0.0188  0.0038
   168  542  1034  0.0118  0.0188  0.0038
   169  543  1035  0.0118  0.0188  0.0038
   170  544  1035  0.0118  0.0188  0.0038
   171  545  1035  0.0118  0.0188  0.0038
   172  546  1035  0.0118  0.0188  0.0038
   173  547  1035  0.0118  0.0188  0.0038
   174  536  1035  0.0117  0.0188  0.0038
   175  535  1035  0.0118  0.0188  0.0038
   176  534  1035  0.0118  0.0188  0.0038
   177  533  1035  0.0118  0.0188  0.0038
   178  532  1035  0.0118  0.0188  0.0038
   179  531  1035  0.0118  0.0188  0.0038
   180  530  1035  0.0118  0.0188  0.0038
   181  529  1035  0.0117  0.0188  0.0038
   182  528  1035  0.0117  0.0188  0.0038
   183  527  1036  0.0117  0.0188  0.0038
   184  526  1036  0.0117  0.0188  0.0038
   185  525  1036  0.0117  0.0188  0.0038
   186  524  1036  0.0117  0.0188  0.0038
   187  523  1036  0.0117  0.0188  0.0038
   188  522  1036  0.0117  0.0188  0.0038
   189  521  1036  0.0117  0.0188  0.0038
   190  519  1037  0.0117  0.0188  0.0038
   191  518  1037  0.0117  0.0188  0.0038
   192  517  1037  0.0117  0.0188  0.0038
   193  516  1037  0.0117  0.0188  0.0038
   194  515  1037  0.0118  0.0189  0.0038
   195  520  1037  0.0117  0.0188  0.0038
   196  514  1038  0.0118  0.0188  0.0038
   197  513  1038  0.0118  0.0189  0.0038
   198  512  1038  0.0118  0.0189  0.0038
   199  511  1038  0.0118  0.0189  0.0038
   200  510  1038  0.0118  0.0189  0.0038
   201  509  1038  0.0118  0.0189  0.0038
   202  508  1038  0.0118  0.0189  0.0038
   203  506  1039  0.0118  0.0189  0.0038
   204  505  1039  0.0118  0.0189  0.0038
   205  504  1039  0.0118  0.0189  0.0038
   206  503  1039  0.0118  0.0189  0.0038
   207  502  1039  0.0118  0.0189  0.0038
   208  501  1039  0.0118  0.0189  0.0038
   209  507  1039  0.0118  0.0189  0.0038
   210  500  1040  0.0118  0.0189  0.0038
   211  499  1040  0.0117  0.0189  0.0038
   212  498  1040  0.0117  0.0189  0.0038
   213  497  1040  0.0117  0.0189  0.0038
   214  496  1040  0.0117  0.0188  0.0038
   215  495  1040  0.0117  0.0188  0.0038
   216  493  1041  0.0116  0.0187  0.0038
   217  492  1041  0.0116  0.0187  0.0038
   218  491  1041  0.0116  0.0187  0.0038
   219  490  1041  0.0116  0.0187  0.0038
   220  489  1041  0.0117  0.0188  0.0038
   221  488  1041  0.0116  0.0187  0.0038
   222  494  1041  0.0117  0.0188  0.0038
   223  487  1042  0.0117  0.0188  0.0038
   224  486  1042  0.0117  0.0188  0.0038
   225  485  1042  0.0116  0.0187  0.0038
   226  484  1042  0.0116  0.0187  0.0038
   227  483  1042  0.0116  0.0187  0.0038
   228  482  1042  0.0116  0.0187  0.0038
   229  480  1043  0.0116  0.0187  0.0038
   230  479  1043  0.0116  0.0187  0.0038
   231  478  1043  0.0116  0.0187  0.0038
   232  481  1043  0.0116  0.0187  0.0038
   233  477  1044  0.0116  0.0187  0.0038
   234  476  1044  0.0116  0.0187  0.0038
   235  474  1045  0.0116  0.0187  0.0038
   236  475  1045  0.0116  0.0187  0.0038
   237  472  1046  0.0116  0.0188  0.0038
   238  473  1046  0.0116  0.0188  0.0038
   239  471  1047  0.0116  0.0188  0.0038
   240  470  1047  0.0116  0.0187  0.0038
   241  469  1047  0.0116  0.0187  0.0038
   242  468  1047  0.0116  0.0187  0.0038
   243  467  1047  0.0116  0.0187  0.0038
   244  466  1047  0.0116  0.0187  0.0038
   245  465  1047  0.0115  0.0187  0.0038
   246  464  1047  0.0115  0.0187  0.0038
   247  463  1047  0.0115  0.0186  0.0038
   248  462  1047  0.0115  0.0186  0.0038
   249  461  1047  0.0115  0.0186  0.0038
   250  460  1047  0.0115  0.0186  0.0038
   251  459  1047  0.0115  0.0186  0.0038
   252  458  1047  0.0115  0.0186  0.0038

     1  794   981  0.0123  0.0188  0.0037
     2  792   981  0.0123  0.0188  0.0037
     3  791   981  0.0123  0.0188  0.0037
     4  790   981  0.0123  0.0188  0.0037
     5  789   981  0.0123  0.0188  0.0037
     6  788   981  0.0123  0.0188  0.0037
     7  787   981  0.0123  0.0188  0.0037
     8  786   981  0.0123  0.0189  0.0037
     9  785   981  0.0123  0.0189  0.0037
    10  784   981  0.0123  0.0189  0.0037
    11  783   981  0.0123  0.0189  0.0037
    12  782   981  0.0123  0.0189  0.0037
    13  781   981  0.0123  0.0189  0.0037
    14  793   981  0.0123  0.0188  0.0037
    15  759   982  0.0123  0.0189  0.0037
    16  760   982  0.0123  0.0189  0.0037
    17  761   982  0.0123  0.0190  0.0037
    18  762   982  0.0123  0.0190  0.0037
    19  763   982  0.0123  0.0189  0.0037
    20  764   982  0.0123  0.0189  0.0037
    21  765   982  0.0123  0.0189  0.0037
    22  766   982  0.0123  0.0189  0.0037
    23  767   982  0.0123  0.0189  0.0037
    24  768   982  0.0123  0.0190  0.0037
    25  758   982  0.0123  0.0190  0.0037
    26  770   982  0.0123  0.0190  0.0037
    27  771   982  0.0123  0.0190  0.0037
    28  772   982  0.0123  0.0189  0.0037
    29  773   982  0.0123  0.0189  0.0037
    30  774   982  0.0123  0.0189  0.0037
    31  775   982  0.0123  0.0189  0.0037
    32  776   982  0.0123  0.0189  0.0037
    33  777   982  0.0123  0.0189  0.0037
    34  778   982  0.0123  0.0189  0.0037
    35  779   982  0.0123  0.0189  0.0037
    36  780   982  0.0123  0.0189  0.0037
    37  757   982  0.0123  0.0189  0.0037
    38  798   982  0.0123  0.0188  0.0037
    39  799   982  0.0123  0.0188  0.0037
    40  800   982  0.0123  0.0188  0.0037
    41  810   982  0.0123  0.0188  0.0037
    42  809   982  0.0123  0.0188  0.0037
    43  808   982  0.0123  0.0188  0.0037
    44  807   982  0.0123  0.0188  0.0037
    45  806   982  0.0123  0.0188  0.0037
    46  804   982  0.0123  0.0188  0.0037
    47  803   982  0.0123  0.0188  0.0037
    48  802   982  0.0123  0.0188  0.0037
    49  769   982  0.0123  0.0190  0.0037
    50  805   982  0.0123  0.0188  0.0037
    51  795   982  0.0123  0.0188  0.0037
    52  796   982  0.0123  0.0188  0.0037
    53  797   982  0.0123  0.0188  0.0037
    54  801   982  0.0123  0.0188  0.0037
    55  755   983  0.0123  0.0189  0.0037
    56  754   983  0.0123  0.0189  0.0037
    57  753   983  0.0123  0.0189  0.0037
    58  752   983  0.0122  0.0189  0.0037
    59  751   983  0.0122  0.0189  0.0037
    60  750   983  0.0122  0.0189  0.0037
    61  749   983  0.0122  0.0189  0.0037
    62  745   983  0.0122  0.0189  0.0037
    63  748   983  0.0122  0.0189  0.0037
    64  747   983  0.0122  0.0189  0.0037
    65  746   983  0.0122  0.0189  0.0037
    66  756   983  0.0123  0.0189  0.0037
    67  506  1011  0.0119  0.0191  0.0038
    68  505  1011  0.0119  0.0191  0.0038
    69  504  1011  0.0119  0.0191  0.0038
    70  503  1011  0.0119  0.0191  0.0038
    71  502  1011  0.0118  0.0190  0.0038
    72  501  1011  0.0118  0.0190  0.0038
    73  500  1011  0.0118  0.0190  0.0038
    74  499  1011  0.0118  0.0189  0.0038
    75  498  1011  0.0118  0.0190  0.0038
    76  497  1011  0.0117  0.0189  0.0038
    77  496  1011  0.0118  0.0190  0.0038
    78  495  1011  0.0118  0.0189  0.0038
    79  494  1011  0.0118  0.0190  0.0038
    80  493  1011  0.0118  0.0189  0.0038
    81  492  1011  0.0118  0.0190  0.0038
    82  491  1011  0.0117  0.0189  0.0038
    83  490  1011  0.0117  0.0189  0.0038
    84  489  1011  0.0117  0.0189  0.0038
    85  488  1011  0.0117  0.0189  0.0038
    86  487  1011  0.0117  0.0189  0.0038
    87  486  1011  0.0117  0.0189  0.0038
    88  485  1012  0.0117  0.0189  0.0038
    89  484  1012  0.0117  0.0189  0.0037
    90  483  1012  0.0117  0.0188  0.0037
    91  482  1012  0.0117  0.0188  0.0037
    92  481  1012  0.0117  0.0188  0.0037
    93  480  1012  0.0117  0.0188  0.0037
    94  479  1012  0.0116  0.0188  0.0037
    95  478  1012  0.0117  0.0188  0.0037
    96  477  1012  0.0117  0.0188  0.0037
    97  476  1012  0.0117  0.0188  0.0037
    98  475  1012  0.0117  0.0188  0.0038
    99  474  1012  0.0117  0.0188  0.0038
   100  472  1013  0.0116  0.0187  0.0037
   101  471  1013  0.0117  0.0189  0.0038
   102  470  1013  0.0117  0.0189  0.0038
   103  473  1013  0.0116  0.0188  0.0037
   104  469  1014  0.0117  0.0189  0.0038
   105  468  1014  0.0117  0.0189  0.0038
   106  467  1014  0.0117  0.0189  0.0038
   107  466  1014  0.0117  0.0189  0.0038
   108  465  1014  0.0117  0.0189  0.0038
   109  464  1014  0.0117  0.0189  0.0038
   110  463  1015  0.0117  0.0190  0.0038
   111  462  1015  0.0117  0.0189  0.0038
   112  461  1015  0.0117  0.0189  0.0038
   113  460  1015  0.0117  0.0190  0.0038
   114  459  1015  0.0117  0.0190  0.0038
   115  458  1015  0.0118  0.0190  0.0038
   116  457  1015  0.0117  0.0190  0.0038
   117  456  1015  0.0117  0.0190  0.0038
   118  454  1016  0.0117  0.0190  0.0038
   119  453  1016  0.0118  0.0192  0.0038
   120  452  1016  0.0118  0.0192  0.0038
   121  451  1016  0.0118  0.0191  0.0038
   122  455  1016  0.0117  0.0190  0.0038

    1  235  844  0.0119  0.0201  0.0037
    2  234  844  0.0119  0.0201  0.0037
    3  233  844  0.0119  0.0201  0.0037
    4  232  844  0.0119  0.0202  0.0037
    5  231  844  0.0119  0.0201  0.0037
    6  230  844  0.0119  0.0201  0.0037
    7  236  844  0.0119  0.0201  0.0037
    8  229  845  0.0119  0.0201  0.0037
    9  228  845  0.0119  0.0201  0.0037
   10  227  845  0.0119  0.0201  0.0037
   11  226  845  0.0119  0.0201  0.0037
   12  225  845  0.0119  0.0201  0.0037
   13  224  845  0.0119  0.0201  0.0037
   14  223  845  0.0119  0.0201  0.0037
   15  222  845  0.0119  0.0201  0.0037
   16  221  845  0.0119  0.0201  0.0037
   17  220  845  0.0119  0.0201  0.0037
   18  219  845  0.0119  0.0201  0.0037
   19  218  845  0.0119  0.0201  0.0037
   20  217  845  0.0119  0.0201  0.0037
   21  216  845  0.0119  0.0201  0.0037
   22  215  845  0.0119  0.0201  0.0037
   23  214  845  0.0119  0.0201  0.0037
   24  213  845  0.0119  0.0201  0.0037
   25  212  845  0.0119  0.0201  0.0037
   26  210  846  0.0119  0.0202  0.0037
   27  209  846  0.0119  0.0202  0.0037
   28  211  846  0.0119  0.0202  0.0037
   29  208  847  0.0119  0.0202  0.0037
   30  207  847  0.0119  0.0202  0.0037
   31  206  847  0.0119  0.0202  0.0037
   32  205  847  0.0119  0.0202  0.0037
   33  204  847  0.0119  0.0202  0.0037
   34  203  847  0.0119  0.0202  0.0037
   35  202  847  0.0119  0.0202  0.0037
   36  201  847  0.0119  0.0202  0.0037
   37  200  848  0.0119  0.0201  0.0037
   38  199  848  0.0119  0.0201  0.0037
   39  198  848  0.0119  0.0202  0.0037
   40  197  848  0.0119  0.0202  0.0037
   41  196  848  0.0119  0.0201  0.0037
   42  195  848  0.0119  0.0201  0.0037
   43  194  848  0.0119  0.0201  0.0037
   44  193  848  0.0118  0.0201  0.0037
   45  192  848  0.0118  0.0201  0.0037
   46  191  848  0.0118  0.0201  0.0037
   47  188  848  0.0118  0.0201  0.0037
   48  189  848  0.0118  0.0201  0.0037
   49  190  848  0.0118  0.0201  0.0037
   50  187  849  0.0118  0.0201  0.0037
   51  186  849  0.0118  0.0201  0.0037
   52  185  849  0.0118  0.0201  0.0037
   53  184  849  0.0118  0.0201  0.0037
   54  183  849  0.0118  0.0201  0.0037
   55  182  849  0.0118  0.0201  0.0037
   56  181  849  0.0118  0.0201  0.0037
   57  180  849  0.0118  0.0201  0.0037
   58  179  849  0.0118  0.0201  0.0037
   59  178  850  0.0118  0.0202  0.0037
   60  177  850  0.0118  0.0202  0.0037
   61  176  850  0.0118  0.0201  0.0037
   62  175  850  0.0118  0.0201  0.0037
   63  174  850  0.0118  0.0201  0.0037
   64  173  850  0.0118  0.0201  0.0037
   65  171  851  0.0119  0.0202  0.0037
   66  170  851  0.0119  0.0203  0.0037
   67  169  851  0.0119  0.0203  0.0037
   68  172  851  0.0118  0.0202  0.0037
   69  168  852  0.0118  0.0202  0.0037
   70  167  852  0.0118  0.0202  0.0037
   71  143  852  0.0118  0.0202  0.0037
   72  144  852  0.0118  0.0202  0.0037
   73  142  852  0.0118  0.0201  0.0037
   74  145  852  0.0118  0.0202  0.0037
   75  146  852  0.0118  0.0202  0.0037
   76  147  852  0.0118  0.0202  0.0037
   77  160  852  0.0118  0.0202  0.0037
   78  159  852  0.0118  0.0202  0.0037
   79  158  852  0.0118  0.0202  0.0037
   80  157  852  0.0118  0.0202  0.0037
   81  156  852  0.0118  0.0202  0.0037
   82  155  852  0.0118  0.0202  0.0037
   83  154  852  0.0118  0.0202  0.0037
   84  153  852  0.0118  0.0201  0.0037
   85  152  852  0.0118  0.0202  0.0037
   86  151  852  0.0118  0.0202  0.0037
   87  150  852  0.0118  0.0202  0.0037
   88  149  852  0.0118  0.0202  0.0037
   89  148  852  0.0118  0.0201  0.0037
   90  162  853  0.0118  0.0202  0.0037
   91  163  853  0.0118  0.0202  0.0037
   92  165  853  0.0118  0.0202  0.0037
   93  166  853  0.0118  0.0202  0.0037
   94  164  853  0.0118  0.0202  0.0037
   95  161  853  0.0118  0.0202  0.0037
