; ENVI Output of ROIs (5.4) [Sat Aug 17 17:37:41 2019]
; Number of ROIs: 3
; File Dimension: 1328 x 1184
;
; ROI name: Region #1
; ROI rgb value: {255, 0, 0}
; ROI npts: 252
;
; ROI name: Region #2
; ROI rgb value: {0, 255, 0}
; ROI npts: 122
;
; ROI name: Region #3
; ROI rgb value: {0, 0, 255}
; ROI npts: 95
;   ID    X     Y        B1        B2        B3
     1  708  1013  -73.7911   -8.6255   -8.7477
     2  707  1013  -73.7955   -8.6176   -8.7462
     3  706  1013  -73.7959   -8.6161   -8.7459
     4  705  1013  -73.7972   -8.6132   -8.7453
     5  704  1013  -73.7944   -8.6166   -8.7460
     6  709  1013  -73.7924   -8.6244   -8.7475
     7  703  1014  -73.7898   -8.6229   -8.7466
     8  702  1014  -73.7909   -8.6203   -8.7461
     9  701  1014  -73.7876   -8.6244   -8.7468
    10  700  1014  -73.7862   -8.6257   -8.7470
    11  699  1014  -73.7816   -8.6319   -8.7482
    12  698  1014  -73.7818   -8.6307   -8.7479
    13  697  1014  -73.7821   -8.6293   -8.7477
    14  696  1014  -73.7810   -8.6301   -8.7478
    15  695  1014  -73.7785   -8.6330   -8.7483
    16  694  1014  -73.7778   -8.6332   -8.7483
    17  693  1014  -73.7774   -8.6329   -8.7483
    18  692  1014  -73.7752   -8.6354   -8.7487
    19  691  1014  -73.7755   -8.6341   -8.7485
    20  690  1014  -73.7760   -8.6323   -8.7481
    21  689  1014  -73.7725   -8.6369   -8.7490
    22  688  1015  -73.7763   -8.6301   -8.7472
    23  687  1015  -73.7768   -8.6284   -8.7469
    24  686  1015  -73.7748   -8.6307   -8.7472
    25  685  1015  -73.7754   -8.6287   -8.7469
    26  684  1015  -73.7726   -8.6322   -8.7475
    27  682  1016  -73.7721   -8.6312   -8.7468
    28  681  1016  -73.7712   -8.6316   -8.7468
    29  680  1016  -73.7708   -8.6315   -8.7468
    30  683  1016  -73.7741   -8.6290   -8.7464
    31  679  1017  -73.7681   -8.6348   -8.7469
    32  678  1017  -73.7668   -8.6359   -8.7470
    33  677  1017  -73.7675   -8.6338   -8.7466
    34  676  1017  -73.7660   -8.6353   -8.7469
    35  675  1017  -73.7651   -8.6358   -8.7470
    36  674  1017  -73.7643   -8.6361   -8.7470
    37  673  1017  -73.7608   -8.6406   -8.7479
    38  672  1017  -73.7608   -8.6396   -8.7477
    39  671  1017  -73.7619   -8.6371   -8.7472
    40  670  1017  -73.7625   -8.6352   -8.7468
    41  669  1017  -73.7633   -8.6330   -8.7464
    42  668  1017  -73.7640   -8.6310   -8.7460
    43  667  1017  -73.7644   -8.6294   -8.7457
    44  666  1017  -73.7586   -8.6375   -8.7472
    45  665  1017  -73.7614   -8.6323   -8.7462
    46  664  1017  -73.7632   -8.6285   -8.7455
    47  663  1017  -73.7627   -8.6283   -8.7454
    48  662  1017  -73.7613   -8.6296   -8.7457
    49  661  1017  -73.7604   -8.6302   -8.7457
    50  660  1018  -73.7588   -8.6317   -8.7455
    51  659  1018  -73.7589   -8.6307   -8.7453
    52  658  1018  -73.7606   -8.6271   -8.7446
    53  657  1018  -73.7611   -8.6254   -8.7443
    54  656  1018  -73.7630   -8.6215   -8.7435
    55  655  1018  -73.7629   -8.6207   -8.7434
    56  654  1018  -73.7630   -8.6195   -8.7432
    57  653  1019  -73.7651   -8.6155   -8.7419
    58  652  1019  -73.7623   -8.6189   -8.7425
    59  651  1019  -73.7649   -8.6140   -8.7416
    60  650  1019  -73.7621   -8.6175   -8.7422
    61  649  1019  -73.7623   -8.6162   -8.7419
    62  648  1019  -73.7604   -8.6182   -8.7423
    63  647  1019  -73.7628   -8.6134   -8.7414
    64  646  1019  -73.7634   -8.6116   -8.7411
    65  645  1019  -73.7628   -8.6116   -8.7411
    66  644  1019  -73.7619   -8.6121   -8.7411
    67  643  1019  -73.7627   -8.6099   -8.7407
    68  642  1019  -73.7626   -8.6092   -8.7406
    69  641  1019  -73.7645   -8.6052   -8.7399
    70  640  1020  -73.7641   -8.6050   -8.7393
    71  639  1020  -73.7646   -8.6032   -8.7389
    72  638  1020  -73.7607   -8.6085   -8.7399
    73  637  1020  -73.7611   -8.6069   -8.7396
    74  636  1020  -73.7600   -8.6076   -8.7397
    75  635  1020  -73.7558   -8.6133   -8.7407
    76  633  1021  -73.7586   -8.6072   -8.7390
    77  632  1021  -73.7620   -8.6010   -8.7378
    78  631  1021  -73.7660   -8.5937   -8.7365
    79  634  1021  -73.7559   -8.6124   -8.7400
    80  630  1022  -73.7665   -8.5921   -8.7356
    81  629  1022  -73.7635   -8.5959   -8.7363
    82  628  1022  -73.7636   -8.5947   -8.7361
    83  627  1022  -73.7622   -8.5960   -8.7363
    84  626  1023  -73.7638   -8.5927   -8.7351
    85  625  1023  -73.7663   -8.5879   -8.7342
    86  624  1023  -73.7639   -8.5907   -8.7347
    87  623  1023  -73.7641   -8.5894   -8.7344
    88  622  1023  -73.7625   -8.5911   -8.7347
    89  620  1024  -73.7593   -8.5942   -8.7348
    90  619  1024  -73.7548   -8.6005   -8.7359
    91  618  1024  -73.7540   -8.6008   -8.7360
    92  621  1024  -73.7609   -8.5927   -8.7345
    93  617  1025  -73.7522   -8.6028   -8.7358
    94  616  1025  -73.7544   -8.5984   -8.7350
    95  615  1025  -73.7547   -8.5969   -8.7347
    96  613  1026  -73.7560   -8.5931   -8.7335
    97  612  1026  -73.7560   -8.5922   -8.7333
    98  611  1026  -73.7527   -8.5964   -8.7341
    99  614  1026  -73.7572   -8.5922   -8.7333
   100  610  1027  -73.7505   -8.5991   -8.7341
   101  609  1027  -73.7504   -8.5983   -8.7339
   102  608  1027  -73.7477   -8.6017   -8.7346
   103  606  1028  -73.7438   -8.6060   -8.7348
   104  605  1028  -73.7462   -8.6013   -8.7339
   105  604  1028  -73.7434   -8.6048   -8.7345
   106  607  1028  -73.7448   -8.6055   -8.7347
   107  603  1029  -73.7439   -8.6032   -8.7337
   108  602  1029  -73.7461   -8.5988   -8.7329
   109  601  1029  -73.7459   -8.5982   -8.7327
   110  600  1029  -73.7455   -8.5978   -8.7327
   111  599  1029  -73.7463   -8.5957   -8.7323
   112  598  1029  -73.7453   -8.5962   -8.7324
   113  597  1029  -73.7449   -8.5959   -8.7323
   114  571  1029  -73.7387   -8.5812   -8.7293
   115  572  1029  -73.7379   -8.5835   -8.7297
   116  573  1029  -73.7378   -8.5846   -8.7299
   117  574  1029  -73.7383   -8.5847   -8.7299
   118  575  1029  -73.7389   -8.5848   -8.7300
   119  576  1029  -73.7385   -8.5863   -8.7303
   120  577  1029  -73.7402   -8.5845   -8.7300
   121  578  1029  -73.7397   -8.5864   -8.7303
   122  579  1029  -73.7420   -8.5835   -8.7298
   123  580  1029  -73.7446   -8.5804   -8.7292
   124  581  1029  -73.7447   -8.5812   -8.7294
   125  582  1029  -73.7420   -8.5864   -8.7304
   126  583  1029  -73.7424   -8.5867   -8.7304
   127  584  1029  -73.7415   -8.5891   -8.7309
   128  585  1029  -73.7394   -8.5934   -8.7317
   129  586  1029  -73.7401   -8.5932   -8.7317
   130  587  1029  -73.7398   -8.5946   -8.7319
   131  588  1029  -73.7420   -8.5921   -8.7315
   132  589  1029  -73.7397   -8.5966   -8.7323
   133  590  1029  -73.7388   -8.5991   -8.7328
   134  591  1029  -73.7386   -8.6004   -8.7330
   135  592  1029  -73.7393   -8.6001   -8.7330
   136  593  1029  -73.7398   -8.6003   -8.7330
   137  594  1029  -73.7389   -8.6027   -8.7335
   138  595  1029  -73.7413   -8.5999   -8.7330
   139  596  1029  -73.7414   -8.6006   -8.7331
   140  570  1030  -73.7355   -8.5856   -8.7295
   141  569  1030  -73.7361   -8.5837   -8.7291
   142  568  1030  -73.7349   -8.5845   -8.7293
   143  567  1030  -73.7328   -8.5870   -8.7297
   144  566  1030  -73.7351   -8.5824   -8.7288
   145  565  1030  -73.7314   -8.5874   -8.7298
   146  564  1030  -73.7306   -8.5877   -8.7298
   147  563  1030  -73.7301   -8.5876   -8.7298
   148  562  1030  -73.7293   -8.5878   -8.7298
   149  561  1031  -73.7310   -8.5843   -8.7286
   150  560  1031  -73.7307   -8.5838   -8.7285
   151  559  1031  -73.7283   -8.5866   -8.7290
   152  558  1031  -73.7284   -8.5857   -8.7288
   153  556  1032  -73.7268   -8.5863   -8.7284
   154  555  1032  -73.7262   -8.5864   -8.7284
   155  557  1032  -73.7270   -8.5870   -8.7285
   156  553  1033  -73.7272   -8.5831   -8.7272
   157  552  1033  -73.7251   -8.5855   -8.7276
   158  554  1033  -73.7268   -8.5847   -8.7275
   159  551  1034  -73.7237   -8.5868   -8.7274
   160  550  1034  -73.7232   -8.5866   -8.7273
   161  549  1034  -73.7227   -8.5865   -8.7273
   162  548  1034  -73.7216   -8.5874   -8.7274
   163  537  1034  -73.7178   -8.5830   -8.7265
   164  538  1034  -73.7176   -8.5843   -8.7268
   165  539  1034  -73.7157   -8.5883   -8.7275
   166  540  1034  -73.7180   -8.5855   -8.7270
   167  541  1034  -73.7197   -8.5838   -8.7267
   168  542  1034  -73.7206   -8.5832   -8.7266
   169  543  1035  -73.7205   -8.5845   -8.7263
   170  544  1035  -73.7210   -8.5846   -8.7263
   171  545  1035  -73.7209   -8.5858   -8.7266
   172  546  1035  -73.7214   -8.5859   -8.7266
   173  547  1035  -73.7223   -8.5854   -8.7265
   174  536  1035  -73.7173   -8.5830   -8.7260
   175  535  1035  -73.7190   -8.5793   -8.7252
   176  534  1035  -73.7189   -8.5784   -8.7251
   177  533  1035  -73.7181   -8.5788   -8.7251
   178  532  1035  -73.7180   -8.5780   -8.7250
   179  531  1035  -73.7183   -8.5767   -8.7247
   180  530  1035  -73.7170   -8.5778   -8.7249
   181  529  1035  -73.7159   -8.5786   -8.7250
   182  528  1035  -73.7138   -8.5810   -8.7255
   183  527  1036  -73.7127   -8.5820   -8.7251
   184  526  1036  -73.7123   -8.5816   -8.7250
   185  525  1036  -73.7110   -8.5827   -8.7252
   186  524  1036  -73.7115   -8.5809   -8.7249
   187  523  1036  -73.7106   -8.5814   -8.7249
   188  522  1036  -73.7109   -8.5801   -8.7247
   189  521  1036  -73.7086   -8.5828   -8.7252
   190  519  1037  -73.7102   -8.5784   -8.7238
   191  518  1037  -73.7104   -8.5772   -8.7236
   192  517  1037  -73.7115   -8.5745   -8.7230
   193  516  1037  -73.7122   -8.5724   -8.7226
   194  515  1037  -73.7135   -8.5693   -8.7220
   195  520  1037  -73.7104   -8.5790   -8.7239
   196  514  1038  -73.7121   -8.5708   -8.7218
   197  513  1038  -73.7137   -8.5673   -8.7211
   198  512  1038  -73.7121   -8.5688   -8.7214
   199  511  1038  -73.7118   -8.5685   -8.7213
   200  510  1038  -73.7107   -8.5692   -8.7214
   201  509  1038  -73.7114   -8.5672   -8.7210
   202  508  1038  -73.7115   -8.5660   -8.7208
   203  506  1039  -73.7104   -8.5661   -8.7202
   204  505  1039  -73.7094   -8.5667   -8.7203
   205  504  1039  -73.7094   -8.5658   -8.7201
   206  503  1039  -73.7095   -8.5646   -8.7199
   207  502  1039  -73.7101   -8.5627   -8.7195
   208  501  1039  -73.7097   -8.5623   -8.7194
   209  507  1039  -73.7115   -8.5652   -8.7200
   210  500  1040  -73.7073   -8.5653   -8.7195
   211  499  1040  -73.7067   -8.5655   -8.7195
   212  498  1040  -73.7053   -8.5667   -8.7197
   213  497  1040  -73.7040   -8.5679   -8.7199
   214  496  1040  -73.7010   -8.5717   -8.7206
   215  495  1040  -73.7016   -8.5698   -8.7203
   216  493  1041  -73.6934   -8.5813   -8.7219
   217  492  1041  -73.6919   -8.5827   -8.7222
   218  491  1041  -73.6888   -8.5868   -8.7229
   219  490  1041  -73.6924   -8.5800   -8.7216
   220  489  1041  -73.6934   -8.5775   -8.7211
   221  488  1041  -73.6919   -8.5789   -8.7214
   222  494  1041  -73.6954   -8.5790   -8.7214
   223  487  1042  -73.6943   -8.5741   -8.7199
   224  486  1042  -73.6936   -8.5744   -8.7200
   225  485  1042  -73.6910   -8.5776   -8.7206
   226  484  1042  -73.6898   -8.5786   -8.7208
   227  483  1042  -73.6894   -8.5784   -8.7207
   228  482  1042  -73.6879   -8.5797   -8.7210
   229  480  1043  -73.6841   -8.5841   -8.7212
   230  479  1043  -73.6843   -8.5828   -8.7210
   231  478  1043  -73.6837   -8.5829   -8.7210
   232  481  1043  -73.6854   -8.5829   -8.7210
   233  477  1044  -73.6832   -8.5829   -8.7204
   234  476  1044  -73.6817   -8.5842   -8.7207
   235  474  1045  -73.6810   -8.5837   -8.7200
   236  475  1045  -73.6818   -8.5834   -8.7200
   237  472  1046  -73.6872   -8.5719   -8.7172
   238  473  1046  -73.6851   -8.5761   -8.7180
   239  471  1047  -73.6856   -8.5736   -8.7170
   240  470  1047  -73.6825   -8.5777   -8.7178
   241  469  1047  -73.6809   -8.5793   -8.7181
   242  468  1047  -73.6802   -8.5795   -8.7181
   243  467  1047  -73.6771   -8.5835   -8.7189
   244  466  1047  -73.6768   -8.5831   -8.7188
   245  465  1047  -73.6755   -8.5843   -8.7190
   246  464  1047  -73.6742   -8.5853   -8.7192
   247  463  1047  -73.6729   -8.5865   -8.7194
   248  462  1047  -73.6723   -8.5866   -8.7194
   249  461  1047  -73.6695   -8.5901   -8.7201
   250  460  1047  -73.6705   -8.5875   -8.7196
   251  459  1047  -73.6691   -8.5889   -8.7198
   252  458  1047  -73.6683   -8.5893   -8.7199

     1  794   981  -73.8315   -8.6389   -8.7680
     2  792   981  -73.8326   -8.6353   -8.7673
     3  791   981  -73.8343   -8.6317   -8.7666
     4  790   981  -73.8341   -8.6312   -8.7665
     5  789   981  -73.8326   -8.6325   -8.7668
     6  788   981  -73.8327   -8.6315   -8.7665
     7  787   981  -73.8332   -8.6298   -8.7662
     8  786   981  -73.8342   -8.6273   -8.7658
     9  785   981  -73.8345   -8.6258   -8.7655
    10  784   981  -73.8347   -8.6246   -8.7652
    11  783   981  -73.8340   -8.6248   -8.7652
    12  782   981  -73.8335   -8.6247   -8.7652
    13  781   981  -73.8313   -8.6272   -8.7656
    14  793   981  -73.8321   -8.6369   -8.7676
    15  759   982  -73.8287   -8.6109   -8.7619
    16  760   982  -73.8318   -8.6069   -8.7612
    17  761   982  -73.8323   -8.6071   -8.7612
    18  762   982  -73.8340   -8.6055   -8.7610
    19  763   982  -73.8319   -8.6097   -8.7617
    20  764   982  -73.8324   -8.6098   -8.7617
    21  765   982  -73.8317   -8.6117   -8.7621
    22  766   982  -73.8321   -8.6121   -8.7622
    23  767   982  -73.8326   -8.6122   -8.7622
    24  768   982  -73.8343   -8.6106   -8.7619
    25  758   982  -73.8321   -8.6047   -8.7608
    26  770   982  -73.8365   -8.6091   -8.7617
    27  771   982  -73.8378   -8.6079   -8.7615
    28  772   982  -73.8342   -8.6145   -8.7627
    29  773   982  -73.8330   -8.6173   -8.7632
    30  774   982  -73.8347   -8.6155   -8.7629
    31  775   982  -73.8275   -8.6275   -8.7651
    32  776   982  -73.8286   -8.6268   -8.7650
    33  777   982  -73.8291   -8.6269   -8.7650
    34  778   982  -73.8295   -8.6272   -8.7651
    35  779   982  -73.8293   -8.6284   -8.7653
    36  780   982  -73.8309   -8.6270   -8.7651
    37  757   982  -73.8304   -8.6063   -8.7611
    38  798   982  -73.8371   -8.6340   -8.7666
    39  799   982  -73.8336   -8.6404   -8.7678
    40  800   982  -73.8319   -8.6438   -8.7684
    41  810   982  -73.8420   -8.6375   -8.7675
    42  809   982  -73.8404   -8.6391   -8.7677
    43  808   982  -73.8396   -8.6394   -8.7678
    44  807   982  -73.8367   -8.6429   -8.7684
    45  806   982  -73.8386   -8.6391   -8.7677
    46  804   982  -73.8382   -8.6378   -8.7674
    47  803   982  -73.8349   -8.6420   -8.7682
    48  802   982  -73.8389   -8.6350   -8.7669
    49  769   982  -73.8361   -8.6087   -8.7616
    50  805   982  -73.8367   -8.6410   -8.7680
    51  795   982  -73.8344   -8.6354   -8.7669
    52  796   982  -73.8367   -8.6327   -8.7664
    53  797   982  -73.8308   -8.6427   -8.7682
    54  801   982  -73.8373   -8.6365   -8.7671
    55  755   983  -73.8276   -8.6090   -8.7610
    56  754   983  -73.8277   -8.6079   -8.7608
    57  753   983  -73.8268   -8.6083   -8.7608
    58  752   983  -73.8243   -8.6113   -8.7614
    59  751   983  -73.8238   -8.6111   -8.7613
    60  750   983  -73.8230   -8.6114   -8.7613
    61  749   983  -73.8224   -8.6115   -8.7613
    62  745   983  -73.8202   -8.6111   -8.7612
    63  748   983  -73.8223   -8.6107   -8.7612
    64  747   983  -73.8212   -8.6114   -8.7613
    65  746   983  -73.8213   -8.6103   -8.7611
    66  756   983  -73.8288   -8.6080   -8.7608
    67  506  1011  -73.7312   -8.5291   -8.7279
    68  505  1011  -73.7280   -8.5334   -8.7286
    69  504  1011  -73.7228   -8.5407   -8.7300
    70  503  1011  -73.7234   -8.5389   -8.7296
    71  502  1011  -73.7210   -8.5417   -8.7302
    72  501  1011  -73.7142   -8.5517   -8.7320
    73  500  1011  -73.7133   -8.5523   -8.7321
    74  499  1011  -73.7126   -8.5525   -8.7321
    75  498  1011  -73.7132   -8.5505   -8.7317
    76  497  1011  -73.7075   -8.5587   -8.7332
    77  496  1011  -73.7128   -8.5491   -8.7315
    78  495  1011  -73.7110   -8.5512   -8.7318
    79  494  1011  -73.7118   -8.5489   -8.7314
    80  493  1011  -73.7104   -8.5503   -8.7317
    81  492  1011  -73.7112   -8.5480   -8.7312
    82  491  1011  -73.7059   -8.5555   -8.7326
    83  490  1011  -73.7069   -8.5531   -8.7321
    84  489  1011  -73.7038   -8.5571   -8.7328
    85  488  1011  -73.7033   -8.5569   -8.7328
    86  487  1011  -73.7033   -8.5559   -8.7326
    87  486  1011  -73.7035   -8.5546   -8.7323
    88  485  1012  -73.7008   -8.5581   -8.7325
    89  484  1012  -73.6994   -8.5594   -8.7327
    90  483  1012  -73.6974   -8.5617   -8.7331
    91  482  1012  -73.6975   -8.5606   -8.7329
    92  481  1012  -73.6955   -8.5628   -8.7333
    93  480  1012  -73.6956   -8.5618   -8.7331
    94  479  1012  -73.6924   -8.5659   -8.7339
    95  478  1012  -73.6951   -8.5607   -8.7329
    96  477  1012  -73.6949   -8.5600   -8.7327
    97  476  1012  -73.6934   -8.5615   -8.7330
    98  475  1012  -73.6950   -8.5580   -8.7324
    99  474  1012  -73.6943   -8.5581   -8.7324
   100  472  1013  -73.6824   -8.5756   -8.7351
   101  471  1013  -73.6980   -8.5494   -8.7302
   102  470  1013  -73.6989   -8.5470   -8.7297
   103  473  1013  -73.6876   -8.5682   -8.7337
   104  469  1014  -73.6979   -8.5478   -8.7293
   105  468  1014  -73.6925   -8.5556   -8.7307
   106  467  1014  -73.6939   -8.5524   -8.7301
   107  466  1014  -73.6943   -8.5508   -8.7298
   108  465  1014  -73.6975   -8.5445   -8.7286
   109  464  1014  -73.6955   -8.5469   -8.7290
   110  463  1015  -73.6970   -8.5436   -8.7279
   111  462  1015  -73.6942   -8.5471   -8.7285
   112  461  1015  -73.6881   -8.5561   -8.7302
   113  460  1015  -73.6956   -8.5430   -8.7277
   114  459  1015  -73.6964   -8.5408   -8.7273
   115  458  1015  -73.7001   -8.5339   -8.7259
   116  457  1015  -73.6974   -8.5372   -8.7266
   117  456  1015  -73.6950   -8.5402   -8.7271
   118  454  1016  -73.6960   -8.5367   -8.7259
   119  453  1016  -73.7058   -8.5199   -8.7227
   120  452  1016  -73.7083   -8.5148   -8.7218
   121  451  1016  -73.7027   -8.5230   -8.7233
   122  455  1016  -73.6957   -8.5382   -8.7262

    1  235  844  -73.6907   -8.3077   -8.7723
    2  234  844  -73.6894   -8.3089   -8.7725
    3  233  844  -73.6900   -8.3067   -8.7721
    4  232  844  -73.6906   -8.3047   -8.7717
    5  231  844  -73.6882   -8.3078   -8.7722
    6  230  844  -73.6870   -8.3089   -8.7724
    7  236  844  -73.6912   -8.3079   -8.7723
    8  229  845  -73.6829   -8.3149   -8.7728
    9  228  845  -73.6827   -8.3142   -8.7727
   10  227  845  -73.6840   -8.3111   -8.7722
   11  226  845  -73.6810   -8.3150   -8.7728
   12  225  845  -73.6819   -8.3125   -8.7724
   13  224  845  -73.6823   -8.3108   -8.7721
   14  223  845  -73.6809   -8.3121   -8.7723
   15  222  845  -73.6815   -8.3102   -8.7719
   16  221  845  -73.6819   -8.3084   -8.7716
   17  220  845  -73.6826   -8.3062   -8.7712
   18  219  845  -73.6810   -8.3080   -8.7715
   19  218  845  -73.6815   -8.3061   -8.7712
   20  217  845  -73.6812   -8.3056   -8.7711
   21  216  845  -73.6805   -8.3057   -8.7711
   22  215  845  -73.6785   -8.3082   -8.7715
   23  214  845  -73.6777   -8.3084   -8.7715
   24  213  845  -73.6811   -8.3017   -8.7704
   25  212  845  -73.6802   -8.3022   -8.7704
   26  210  846  -73.6812   -8.2986   -8.7692
   27  209  846  -73.6823   -8.2957   -8.7687
   28  211  846  -73.6816   -8.2990   -8.7693
   29  208  847  -73.6819   -8.2955   -8.7681
   30  207  847  -73.6819   -8.2945   -8.7679
   31  206  847  -73.6816   -8.2940   -8.7679
   32  205  847  -73.6804   -8.2949   -8.7680
   33  204  847  -73.6806   -8.2936   -8.7677
   34  203  847  -73.6815   -8.2910   -8.7673
   35  202  847  -73.6802   -8.2923   -8.7675
   36  201  847  -73.6781   -8.2948   -8.7679
   37  200  848  -73.6742   -8.3006   -8.7683
   38  199  848  -73.6746   -8.2989   -8.7680
   39  198  848  -73.6746   -8.2977   -8.7678
   40  197  848  -73.6736   -8.2985   -8.7679
   41  196  848  -73.6722   -8.2999   -8.7681
   42  195  848  -73.6720   -8.2992   -8.7680
   43  194  848  -73.6718   -8.2985   -8.7678
   44  193  848  -73.6708   -8.2991   -8.7679
   45  192  848  -73.6697   -8.3001   -8.7681
   46  191  848  -73.6678   -8.3022   -8.7684
   47  188  848  -73.6643   -8.3052   -8.7689
   48  189  848  -73.6658   -8.3037   -8.7686
   49  190  848  -73.6671   -8.3025   -8.7684
   50  187  849  -73.6637   -8.3052   -8.7683
   51  186  849  -73.6630   -8.3055   -8.7683
   52  185  849  -73.6630   -8.3045   -8.7682
   53  184  849  -73.6655   -8.2992   -8.7673
   54  183  849  -73.6647   -8.2994   -8.7673
   55  182  849  -73.6643   -8.2992   -8.7672
   56  181  849  -73.6655   -8.2962   -8.7667
   57  180  849  -73.6658   -8.2946   -8.7664
   58  179  849  -73.6640   -8.2966   -8.7667
   59  178  850  -73.6663   -8.2918   -8.7654
   60  177  850  -73.6662   -8.2909   -8.7652
   61  176  850  -73.6650   -8.2920   -8.7654
   62  175  850  -73.6642   -8.2922   -8.7654
   63  174  850  -73.6625   -8.2942   -8.7657
   64  173  850  -73.6629   -8.2925   -8.7654
   65  171  851  -73.6674   -8.2829   -8.7632
   66  170  851  -73.6723   -8.2735   -8.7616
   67  169  851  -73.6713   -8.2742   -8.7617
   68  172  851  -73.6660   -8.2862   -8.7638
   69  168  852  -73.6665   -8.2815   -8.7623
   70  167  852  -73.6653   -8.2825   -8.7625
   71  143  852  -73.6474   -8.2886   -8.7630
   72  144  852  -73.6485   -8.2878   -8.7629
   73  142  852  -73.6468   -8.2886   -8.7630
   74  145  852  -73.6485   -8.2887   -8.7631
   75  146  852  -73.6488   -8.2892   -8.7632
   76  147  852  -73.6486   -8.2907   -8.7634
   77  160  852  -73.6599   -8.2846   -8.7627
   78  159  852  -73.6588   -8.2854   -8.7628
   79  158  852  -73.6574   -8.2869   -8.7630
   80  157  852  -73.6568   -8.2869   -8.7630
   81  156  852  -73.6554   -8.2883   -8.7632
   82  155  852  -73.6548   -8.2882   -8.7632
   83  154  852  -73.6534   -8.2895   -8.7634
   84  153  852  -73.6525   -8.2901   -8.7635
   85  152  852  -73.6525   -8.2890   -8.7632
   86  151  852  -73.6513   -8.2902   -8.7634
   87  150  852  -73.6512   -8.2893   -8.7632
   88  149  852  -73.6500   -8.2902   -8.7634
   89  148  852  -73.6490   -8.2909   -8.7635
   90  162  853  -73.6611   -8.2846   -8.7622
   91  163  853  -73.6606   -8.2866   -8.7625
   92  165  853  -73.6610   -8.2879   -8.7628
   93  166  853  -73.6614   -8.2883   -8.7629
   94  164  853  -73.6609   -8.2870   -8.7626
   95  161  853  -73.6614   -8.2832   -8.7620
