; ENVI Output of ROIs (5.4) [Thu Aug 08 12:29:00 2019]
; Number of ROIs: 12
; File Dimension: 1152 x 432
;
; ROI name: Region #1
; ROI rgb value: {255, 0, 0}
; ROI npts: 185
;
; ROI name: Region #2
; ROI rgb value: {0, 255, 0}
; ROI npts: 93
;
; ROI name: Region #3
; ROI rgb value: {0, 0, 255}
; ROI npts: 169
;
; ROI name: Region #4
; ROI rgb value: {255, 255, 0}
; ROI npts: 164
;
; ROI name: Region #5
; ROI rgb value: {0, 255, 255}
; ROI npts: 53
;
; ROI name: Region #6
; ROI rgb value: {255, 0, 255}
; ROI npts: 76
;
; ROI name: Region #7
; ROI rgb value: {176, 48, 96}
; ROI npts: 78
;
; ROI name: Region #8
; ROI rgb value: {46, 139, 87}
; ROI npts: 193
;
; ROI name: Region #9
; ROI rgb value: {160, 32, 240}
; ROI npts: 119
;
; ROI name: Region #10
; ROI rgb value: {255, 127, 80}
; ROI npts: 145
;
; ROI name: Region #11
; ROI rgb value: {127, 255, 212}
; ROI npts: 74
;
; ROI name: Region #12
; ROI rgb value: {218, 112, 214}
; ROI npts: 82
;   ID    X    Y        B1        B2        B3
     1  445  282  -27.7077    6.6266   -8.5444
     2  446  282  -27.7140    6.6238   -8.5441
     3  444  283  -27.7159    6.6267   -8.5432
     4  443  283  -27.7195    6.6275   -8.5434
     5  442  283  -27.7257    6.6278   -8.5437
     6  441  283  -27.7253    6.6294   -8.5439
     7  440  283  -27.7354    6.6289   -8.5441
     8  439  283  -27.7502    6.6275   -8.5444
     9  438  283  -27.7505    6.6289   -8.5446
    10  438  284  -27.7505    6.6292   -8.5431
    11  436  284  -27.7463    6.6331   -8.5436
    12  435  284  -27.7412    6.6357   -8.5438
    13  434  284  -27.7267    6.6401   -8.5441
    14  433  284  -27.7257    6.6419   -8.5443
    15  432  284  -27.7615    6.6362   -8.5445
    16  431  284  -27.7353    6.6430   -8.5448
    17  430  284  -27.7275    6.6461   -8.5450
    18  429  284  -27.7111    6.6509   -8.5453
    19  428  284  -27.7243    6.6498   -8.5455
    20  427  284  -27.7426    6.6477   -8.5458
    21  426  284  -27.7111    6.6555   -8.5460
    22  425  284  -27.7267    6.6539   -8.5463
    23  422  285  -27.7223    6.6596   -8.5455
    24  423  285  -27.7222    6.6581   -8.5452
    25  421  286  -27.7163    6.6626   -8.5442
    26  420  286  -27.7226    6.6628   -8.5445
    27  419  286  -27.7113    6.6666   -8.5447
    28  418  286  -27.7211    6.6662   -8.5449
    29  417  286  -27.7224    6.6675   -8.5453
    30  416  287  -27.7278    6.6682   -8.5440
    31  415  287  -27.7228    6.6707   -8.5442
    32  414  287  -27.7457    6.6677   -8.5444
    33  413  287  -27.7350    6.6713   -8.5447
    34  412  287  -27.7479    6.6704   -8.5449
    35  411  287  -27.7371    6.6740   -8.5451
    36  409  287  -27.7505    6.6745   -8.5456
    37  408  287  -27.7388    6.6783   -8.5458
    38  407  287  -27.7595    6.6757   -8.5461
    39  406  287  -27.7477    6.6796   -8.5464
    40  405  287  -27.7521    6.6802   -8.5466
    41  404  287  -27.7464    6.6829   -8.5468
    42  402  287  -27.7255    6.6900   -8.5474
    43  399  288  -27.7406    6.6919   -8.5466
    44  398  288  -27.7235    6.6967   -8.5468
    45  397  288  -27.7137    6.7002   -8.5470
    46  396  288  -27.7157    6.7013   -8.5473
    47  400  288  -27.7596    6.6867   -8.5464
    48  394  289  -27.7524    6.6975   -8.5463
    49  392  290  -27.7185    6.7073   -8.5453
    50  391  290  -27.7389    6.7050   -8.5455
    51  390  290  -27.7342    6.7074   -8.5458
    52  389  290  -27.7298    6.7098   -8.5460
    53  393  290  -27.7417    6.7014   -8.5450
    54  387  291  -27.7289    6.7132   -8.5449
    55  386  291  -27.7505    6.7106   -8.5452
    56  385  291  -27.7402    6.7141   -8.5455
    57  384  291  -27.7303    6.7175   -8.5457
    58  383  291  -27.7385    6.7175   -8.5459
    59  382  291  -27.7272    6.7212   -8.5462
    60  381  292  -27.7191    6.7245   -8.5449
    61  382  292  -27.7278    6.7213   -8.5447
    62  380  293  -27.7281    6.7245   -8.5437
    63  379  293  -27.7264    6.7264   -8.5439
    64  378  293  -27.7252    6.7281   -8.5442
    65  377  293  -27.7261    6.7295   -8.5444
    66  376  293  -27.7242    6.7314   -8.5447
    67  374  293  -27.7257    6.7341   -8.5451
    68  373  293  -27.7273    6.7353   -8.5454
    69  372  293  -27.7252    6.7373   -8.5456
    70  371  293  -27.7272    6.7384   -8.5459
    71  369  293  -27.7210    6.7426   -8.5463
    72  368  293  -27.7233    6.7437   -8.5465
    73  367  293  -27.7168    6.7464   -8.5468
    74  366  293  -27.7195    6.7475   -8.5470
    75  365  293  -27.7241    6.7481   -8.5473
    76  364  293  -27.7208    6.7502   -8.5475
    77  363  293  -27.7408    6.7481   -8.5478
    78  362  293  -27.7309    6.7514   -8.5480
    79  361  293  -27.7144    6.7560   -8.5482
    80  360  293  -27.7300    6.7546   -8.5485
    81  359  293  -27.7186    6.7582   -8.5488
    82  370  293  -27.7177    6.7417   -8.5461
    83  356  294  -27.7178    6.7632   -8.5480
    84  354  294  -27.7387    6.7624   -8.5486
    85  358  294  -27.7369    6.7566   -8.5475
    86  354  295  -27.7283    6.7645   -8.5470
    87  352  295  -27.7540    6.7629   -8.5475
    88  351  295  -27.7314    6.7685   -8.5478
    89  349  295  -27.7602    6.7664   -8.5482
    90  353  295  -27.7425    6.7635   -8.5473
    91  344  296  -27.7244    6.7807   -8.5479
    92  345  296  -27.7307    6.7780   -8.5476
    93  343  296  -27.7211    6.7828   -8.5482
    94  347  296  -27.7519    6.7712   -8.5472
    95  348  296  -27.7255    6.7744   -8.5469
    96  342  296  -27.7165    6.7852   -8.5484
    97  335  296  -27.7105    6.7968   -8.5501
    98  340  296  -27.7141    6.7886   -8.5489
    99  336  296  -27.7066    6.7960   -8.5498
   100  339  296  -27.7271    6.7878   -8.5491
   101  338  296  -27.7369    6.7876   -8.5494
   102  337  296  -27.7077    6.7943   -8.5496
   103  346  296  -27.7297    6.7767   -8.5474
   104  334  296  -27.7088    6.7987   -8.5503
   105  333  296  -27.7202    6.7981   -8.5506
   106  332  296  -27.7242    6.7989   -8.5508
   107  331  296  -27.7194    6.8013   -8.5510
   108  330  296  -27.7073    6.8050   -8.5512
   109  329  296  -27.7115    6.8058   -8.5515
   110  328  296  -27.7130    6.8070   -8.5517
   113  325  296  -27.7041    6.8131   -8.5524
   114  324  296  -27.7035    6.8147   -8.5527
   115  341  296  -27.7139    6.7871   -8.5486
   117  320  297  -27.6943    6.8226   -8.5521
   118  322  297  -27.7054    6.8177   -8.5517
   120  318  298  -27.7038    6.8242   -8.5511
   142  293  302  -27.7102    6.8618   -8.5512
   144  293  303  -27.7125    6.8617   -8.5498
   145  292  303  -27.6990    6.8655   -8.5500
   146  291  303  -27.7060    6.8658   -8.5503
   147  290  303  -27.6985    6.8685   -8.5505
   148  289  303  -27.7049    6.8690   -8.5508
   149  288  303  -27.7039    6.8706   -8.5510
   150  287  303  -27.7041    6.8721   -8.5512
   151  286  303  -27.7075    6.8731   -8.5515
   152  285  303  -27.7071    6.8746   -8.5517
   153  284  303  -27.7055    6.8764   -8.5519
   154  283  303  -27.7008    6.8787   -8.5522
   155  282  303  -27.7074    6.8791   -8.5524
   156  281  303  -27.7167    6.8791   -8.5526
   157  280  303  -27.7023    6.8830   -8.5529
   158  279  303  -27.7193    6.8816   -8.5532
   159  278  303  -27.6982    6.8866   -8.5534
   160  275  304  -27.7148    6.8887   -8.5526
   161  274  304  -27.7193    6.8894   -8.5528
   162  277  304  -27.6960    6.8888   -8.5522
   163  273  305  -27.7006    6.8942   -8.5517
   164  272  305  -27.7046    6.8951   -8.5519
   165  271  305  -27.7014    6.8971   -8.5521
   166  270  305  -27.6999    6.8989   -8.5524
   167  268  305  -27.7047    6.9011   -8.5528
   168  267  305  -27.7040    6.9027   -8.5531
   169  266  305  -27.7040    6.9042   -8.5532
   170  265  306  -27.7032    6.9061   -8.5520
   171  264  306  -27.7008    6.9080   -8.5523
   172  263  306  -27.6949    6.9105   -8.5525
   173  261  306  -27.6965    6.9132   -8.5530
   174  260  306  -27.6934    6.9152   -8.5532
   175  259  306  -27.6953    6.9164   -8.5535
   176  258  306  -27.6932    6.9182   -8.5537
   177  257  307  -27.6901    6.9205   -8.5525
   178  256  307  -27.6865    6.9226   -8.5527
   179  255  307  -27.6870    6.9240   -8.5529
   180  254  307  -27.6899    6.9250   -8.5532
   181  253  307  -27.6923    6.9261   -8.5535
   182  252  307  -27.6931    6.9275   -8.5537
   183  251  307  -27.6958    6.9285   -8.5539
   184  250  307  -27.6929    6.9305   -8.5541
   185  249  307  -27.6840    6.9334   -8.5543

    1  334  274  -27.8019    6.7767   -8.5834
    2  332  275  -27.8009    6.7802   -8.5824
    3  331  275  -27.7811    6.7852   -8.5825
    4  330  275  -27.7925    6.7847   -8.5829
    5  329  275  -27.7682    6.7906   -8.5830
    6  328  275  -27.7888    6.7884   -8.5834
    7  333  275  -27.7890    6.7807   -8.5821
    8  327  276  -27.7839    6.7911   -8.5821
    9  326  276  -27.7914    6.7913   -8.5824
   10  325  276  -27.7964    6.7919   -8.5826
   11  323  277  -27.7868    6.7969   -8.5815
   12  322  277  -27.7943    6.7971   -8.5818
   13  321  277  -27.7882    6.7997   -8.5820
   14  324  277  -27.7809    6.7964   -8.5813
   17  318  279  -27.7739    6.8073   -8.5796
   19  316  279  -27.7775    6.8098   -8.5802
   40  294  283  -27.7555    6.8480   -8.5794
   41  293  283  -27.7560    6.8495   -8.5796
   42  292  283  -27.7479    6.8524   -8.5798
   43  282  283  -27.7903    6.8604   -8.5824
   44  283  283  -27.7907    6.8588   -8.5822
   45  284  283  -27.7661    6.8614   -8.5818
   46  285  283  -27.7819    6.8572   -8.5817
   47  286  283  -27.7987    6.8529   -8.5816
   48  287  283  -27.7726    6.8558   -8.5812
   49  288  283  -27.8134    6.8473   -8.5812
   50  290  283  -27.7464    6.8557   -8.5802
   51  291  283  -27.7536    6.8529   -8.5801
   52  280  284  -27.8183    6.8590   -8.5816
   53  279  284  -27.8139    6.8613   -8.5818
   54  281  284  -27.7866    6.8628   -8.5812
   55  278  285  -27.7728    6.8699   -8.5803
   56  277  285  -27.7707    6.8718   -8.5806
   57  276  285  -27.7665    6.8740   -8.5808
   58  275  285  -27.7675    6.8754   -8.5810
   59  274  285  -27.7638    6.8775   -8.5813
   60  272  285  -27.7639    6.8805   -8.5818
   61  271  285  -27.7610    6.8825   -8.5820
   62  270  285  -27.7619    6.8839   -8.5822
   63  269  285  -27.7666    6.8846   -8.5825
   64  268  285  -27.7614    6.8870   -8.5826
   65  266  286  -27.7469    6.8926   -8.5816
   66  265  286  -27.7672    6.8908   -8.5819
   67  264  286  -27.7572    6.8940   -8.5821
   68  263  286  -27.7680    6.8937   -8.5824
   69  262  286  -27.7781    6.8936   -8.5827
   70  267  286  -27.7507    6.8905   -8.5813
   71  260  287  -27.7686    6.8984   -8.5816
   72  259  287  -27.7808    6.8980   -8.5820
   73  258  287  -27.7760    6.9003   -8.5822
   74  257  287  -27.7630    6.9039   -8.5823
   75  255  287  -27.7806    6.9041   -8.5829
   76  254  287  -27.7799    6.9057   -8.5832
   77  253  287  -27.7727    6.9084   -8.5834
   78  252  287  -27.7733    6.9098   -8.5836
   79  251  288  -27.7702    6.9121   -8.5823
   80  249  288  -27.7733    6.9146   -8.5829
   81  252  288  -27.7763    6.9096   -8.5821
   82  248  289  -27.7592    6.9186   -8.5814
   83  247  289  -27.7759    6.9175   -8.5819
   84  246  289  -27.7693    6.9200   -8.5820
   85  245  289  -27.7793    6.9200   -8.5823
   86  244  289  -27.7867    6.9203   -8.5826
   87  243  289  -27.7844    6.9222   -8.5829
   88  242  289  -27.7778    6.9248   -8.5830
   89  241  289  -27.7734    6.9270   -8.5832
   90  240  289  -27.7954    6.9250   -8.5836
   91  239  290  -27.7581    6.9327   -8.5822
   92  238  290  -27.7841    6.9301   -8.5826
   93  240  290  -27.7847    6.9269   -8.5820

     1  385  251  -27.8433    6.6847   -8.6061
     2  384  251  -27.8445    6.6860   -8.6063
     3  383  251  -27.8594    6.6847   -8.6067
     4  382  251  -27.8512    6.6878   -8.6068
     5  381  251  -27.8444    6.6907   -8.6070
     6  380  251  -27.8599    6.6893   -8.6074
     7  386  251  -27.8584    6.6802   -8.6060
     8  379  252  -27.8602    6.6910   -8.6061
     9  378  252  -27.8528    6.6940   -8.6063
    10  377  252  -27.8594    6.6943   -8.6066
    11  376  252  -27.8622    6.6953   -8.6069
    12  375  252  -27.8589    6.6975   -8.6071
    13  374  252  -27.8620    6.6985   -8.6073
    14  373  252  -27.8492    6.7024   -8.6074
    15  372  252  -27.8613    6.7017   -8.6078
    16  371  253  -27.8600    6.7037   -8.6066
    17  372  253  -27.8535    6.7034   -8.6062
    18  370  254  -27.8744    6.7028   -8.6054
    19  369  254  -27.8788    6.7035   -8.6057
    20  371  254  -27.8413    6.7075   -8.6049
    21  369  255  -27.8531    6.7086   -8.6040
    22  368  255  -27.8385    6.7129   -8.6041
    23  367  255  -27.9074    6.7016   -8.6050
    24  366  255  -27.8685    6.7104   -8.6048
    25  365  255  -27.8529    6.7148   -8.6049
    26  364  256  -27.8357    6.7199   -8.6035
    27  363  256  -27.8404    6.7205   -8.6038
    30  360  256  -27.8528    6.7229   -8.6046
    31  359  256  -27.8572    6.7236   -8.6049
    32  358  256  -27.8585    6.7249   -8.6052
    33  357  256  -27.8864    6.7213   -8.6057
    34  356  256  -27.8425    6.7310   -8.6055
    35  355  256  -27.8655    6.7283   -8.6060
    36  354  256  -27.8587    6.7311   -8.6062
    37  353  256  -27.8521    6.7338   -8.6063
    38  352  256  -27.8497    6.7358   -8.6066
    39  351  256  -27.8422    6.7388   -8.6067
    42  348  256  -27.8563    6.7408   -8.6076
    43  347  256  -27.8526    6.7430   -8.6078
    44  346  256  -27.8530    6.7445   -8.6081
    45  346  257  -27.8556    6.7443   -8.6066
    46  345  257  -27.8638    6.7443   -8.6069
    47  344  257  -27.8496    6.7485   -8.6070
    48  343  257  -27.8532    6.7494   -8.6073
    49  342  257  -27.8561    6.7504   -8.6076
    50  341  257  -27.8511    6.7528   -8.6077
    51  340  257  -27.8669    6.7515   -8.6081
    52  339  257  -27.8737    6.7519   -8.6084
    53  338  257  -27.8717    6.7538   -8.6087
    54  338  258  -27.8506    6.7578   -8.6069
    80  313  261  -27.8240    6.8018   -8.6082
    87  305  262  -27.8344    6.8126   -8.6088
    88  304  262  -27.8300    6.8149   -8.6090
    90  302  262  -27.8338    6.8173   -8.6095
    91  301  262  -27.8405    6.8176   -8.6098
    92  300  262  -27.8414    6.8190   -8.6100
    94  300  263  -27.8407    6.8194   -8.6085
    95  299  263  -27.8466    6.8199   -8.6088
    96  298  263  -27.8497    6.8209   -8.6091
    97  297  263  -27.8543    6.8217   -8.6094
   104  292  265  -27.8266    6.8346   -8.6073
   105  291  265  -27.8245    6.8365   -8.6076
   106  290  265  -27.8340    6.8364   -8.6079
   107  289  265  -27.8365    6.8375   -8.6082
   108  288  265  -27.8458    6.8375   -8.6084
   109  287  265  -27.8591    6.8368   -8.6088
   110  286  265  -27.8348    6.8424   -8.6088
   111  285  265  -27.8414    6.8428   -8.6091
   112  284  265  -27.8299    6.8463   -8.6093
   113  283  265  -27.8317    6.8475   -8.6095
   114  282  265  -27.8343    6.8487   -8.6098
   115  281  265  -27.8505    6.8475   -8.6102
   116  280  265  -27.8437    6.8501   -8.6104
   117  279  265  -27.8454    6.8514   -8.6106
   118  278  265  -27.8594    6.8506   -8.6110
   119  277  265  -27.8446    6.8546   -8.6111
   120  276  265  -27.8633    6.8530   -8.6115
   121  275  266  -27.8380    6.8590   -8.6100
   122  274  266  -27.8406    6.8601   -8.6103
   123  273  266  -27.8475    6.8605   -8.6106
   124  272  266  -27.8388    6.8635   -8.6107
   125  271  266  -27.8405    6.8647   -8.6110
   126  270  266  -27.8494    6.8648   -8.6114
   127  269  266  -27.8574    6.8650   -8.6117
   128  268  266  -27.8624    6.8657   -8.6120
   129  267  266  -27.8671    6.8665   -8.6123
   130  266  267  -27.8442    6.8720   -8.6108
   131  265  267  -27.8909    6.8659   -8.6115
   132  264  267  -27.8618    6.8722   -8.6115
   133  263  267  -27.8569    6.8746   -8.6117
   134  267  267  -27.8734    6.8657   -8.6108
   135  262  268  -27.8806    6.8725   -8.6106
   136  261  268  -27.8404    6.8806   -8.6104
   137  260  268  -27.8508    6.8804   -8.6108
   138  259  268  -27.8609    6.8803   -8.6111
   139  258  268  -27.8519    6.8833   -8.6113
   140  257  268  -27.8450    6.8860   -8.6115
   141  256  268  -27.8367    6.8888   -8.6116
   142  255  268  -27.8550    6.8874   -8.6121
   143  254  269  -27.8727    6.8863   -8.6109
   144  255  269  -27.8565    6.8874   -8.6105
   145  253  270  -27.8368    6.8939   -8.6093
   146  252  270  -27.8504    6.8933   -8.6096
   147  251  270  -27.8549    6.8941   -8.6099
   148  250  270  -27.8633    6.8943   -8.6102
   149  249  270  -27.8521    6.8976   -8.6104
   150  248  270  -27.8274    6.9031   -8.6104
   151  247  270  -27.8370    6.9031   -8.6107
   152  246  270  -27.8508    6.9024   -8.6111
   153  245  270  -27.8479    6.9044   -8.6113
   154  244  270  -27.8455    6.9063   -8.6115
   155  243  270  -27.8203    6.9119   -8.6115
   156  242  271  -27.8527    6.9085   -8.6106
   157  241  271  -27.8418    6.9117   -8.6107
   158  240  271  -27.8367    6.9141   -8.6109
   159  239  271  -27.8636    6.9114   -8.6114
   160  238  271  -27.8271    6.9187   -8.6113
   161  237  271  -27.8509    6.9164   -8.6118
   162  243  271  -27.8169    6.9127   -8.6100
   163  237  272  -27.8427    6.9180   -8.6102
   164  236  272  -27.8205    6.9230   -8.6102
   165  235  272  -27.8424    6.9211   -8.6107

     1  238  245  -27.9202    6.8975   -8.6517
     2  237  245  -27.9007    6.9022   -8.6517
     3  239  245  -27.8992    6.8993   -8.6511
     4  236  246  -27.9372    6.8982   -8.6510
     5  235  246  -27.9599    6.8961   -8.6516
     6  234  246  -27.9813    6.8943   -8.6522
     7  233  246  -27.9781    6.8963   -8.6524
     8  232  246  -27.9519    6.9021   -8.6522
     9  231  246  -27.9589    6.9025   -8.6525

    1  325  240  -27.9405    6.7574   -8.6385
    2  324  240  -27.9343    6.7601   -8.6387
    3  326  240  -27.9402    6.7559   -8.6383
    4  324  241  -27.9263    6.7618   -8.6371
    5  323  241  -27.9269    6.7632   -8.6373
    6  322  241  -27.9260    6.7650   -8.6375
    7  321  242  -27.9279    6.7664   -8.6363
    8  320  242  -27.9366    6.7664   -8.6367
    9  319  242  -27.9266    6.7698   -8.6368
   10  322  242  -27.9205    6.7662   -8.6359
   11  319  243  -27.9322    6.7690   -8.6353
   12  318  243  -27.9134    6.7739   -8.6353
   13  317  243  -27.9468    6.7696   -8.6360
   15  315  243  -27.9570    6.7709   -8.6366
   16  314  243  -27.9531    6.7732   -8.6368
   17  313  243  -27.9824    6.7696   -8.6374
   18  312  243  -27.9473    6.7773   -8.6372
   19  311  243  -27.9857    6.7722   -8.6379
   20  294  243  -27.9761    6.8005   -8.6420
   21  295  243  -27.9589    6.8019   -8.6415
   22  296  243  -27.9680    6.7988   -8.6414
   23  297  243  -28.0024    6.7913   -8.6416
   24  298  243  -28.0081    6.7887   -8.6414
   25  299  243  -27.9573    6.7959   -8.6405
   26  300  243  -27.9929    6.7882   -8.6407
   27  302  243  -27.9644    6.7900   -8.6399
   28  303  243  -27.9736    6.7868   -8.6398
   29  304  243  -27.9711    6.7857   -8.6395
   30  305  243  -27.9670    6.7848   -8.6392
   31  306  243  -27.9678    6.7831   -8.6389
   32  307  243  -27.9784    6.7797   -8.6388
   33  308  243  -27.9867    6.7767   -8.6387
   34  309  243  -27.9762    6.7770   -8.6383
   35  293  244  -28.0121    6.7962   -8.6411
   36  294  244  -27.9827    6.7996   -8.6405
   37  292  245  -27.9980    6.8004   -8.6396
   38  291  245  -27.9968    6.8022   -8.6399
   39  290  245  -27.9900    6.8049   -8.6400
   40  289  245  -27.9929    6.8060   -8.6403
   41  288  245  -27.9656    6.8122   -8.6402
   42  287  245  -27.9590    6.8149   -8.6404
   43  286  245  -28.0038    6.8089   -8.6412
   44  285  245  -27.9416    6.8210   -8.6406
   45  284  245  -27.9301    6.8245   -8.6407
   46  283  245  -27.9587    6.8212   -8.6413
   47  281  245  -27.9175    6.8313   -8.6413
   48  280  245  -27.9516    6.8271   -8.6420
   49  279  245  -27.9357    6.8313   -8.6420
   50  277  245  -27.9396    6.8338   -8.6425
   51  276  245  -27.9226    6.8382   -8.6425
   52  275  245  -27.9601    6.8335   -8.6433
   53  274  245  -27.9530    6.8362   -8.6435

    1  285  236  -27.9646    6.8148   -8.6548
    2  278  236  -27.9857    6.8222   -8.6568
    3  277  236  -28.0040    6.8207   -8.6573
    4  276  236  -27.9757    6.8270   -8.6572
    6  281  236  -27.9958    6.8158   -8.6563
    7  282  236  -27.9527    6.8215   -8.6553
    8  283  236  -27.9991    6.8121   -8.6558
    9  284  236  -27.9821    6.8134   -8.6553
   10  279  236  -27.9787    6.8218   -8.6565
   11  286  236  -27.9779    6.8110   -8.6548
   12  287  236  -27.9603    6.8124   -8.6542
   13  294  237  -27.9479    6.8039   -8.6507
   14  274  237  -28.0048    6.8256   -8.6565
   15  273  237  -28.0267    6.8235   -8.6572
   16  272  237  -27.9765    6.8334   -8.6566
   17  271  237  -27.9807    6.8343   -8.6569
   18  270  237  -27.9763    6.8366   -8.6572
   19  275  237  -28.0023    6.8244   -8.6563
   20  287  237  -27.9505    6.8144   -8.6525
   21  288  237  -27.9767    6.8083   -8.6527
   22  293  237  -27.9657    6.8024   -8.6512
   23  292  237  -27.9573    6.8054   -8.6514
   24  291  237  -27.9898    6.8014   -8.6521
   25  290  237  -27.9441    6.8108   -8.6517
   26  289  237  -27.9566    6.8102   -8.6521
   27  238  238  -27.9703    6.8878   -8.6633
   28  237  238  -27.9812    6.8876   -8.6637
   35  236  238  -27.9939    6.8872   -8.6641
   37  253  238  -27.9908    6.8611   -8.6599
   38  255  238  -27.9912    6.8579   -8.6594
   39  256  238  -27.9248    6.8671   -8.6581
   40  257  238  -27.9900    6.8549   -8.6589
   41  258  238  -27.9304    6.8631   -8.6577
   42  259  238  -27.9545    6.8576   -8.6578
   43  260  238  -27.9786    6.8521   -8.6580
   44  261  238  -27.9391    6.8570   -8.6571
   45  263  238  -27.9649    6.8497   -8.6571
   46  264  238  -27.9566    6.8495   -8.6567
   47  265  238  -27.9628    6.8469   -8.6566
   48  266  238  -27.9511    6.8473   -8.6562
   49  267  238  -27.9542    6.8452   -8.6560
   50  268  238  -27.9376    6.8464   -8.6555
   51  235  238  -28.0236    6.8840   -8.6648
   52  234  238  -27.9444    6.8982   -8.6638
   54  232  238  -27.9278    6.9039   -8.6640
   55  231  238  -27.9535    6.9014   -8.6647
   62  252  239  -27.9374    6.8716   -8.6578
   63  251  239  -27.9439    6.8721   -8.6581
   64  250  239  -27.9375    6.8747   -8.6583
   65  249  239  -27.9971    6.8666   -8.6594
   66  248  239  -27.9729    6.8721   -8.6593
   67  247  239  -27.9834    6.8719   -8.6597
   68  246  239  -27.9449    6.8797   -8.6594
   69  245  239  -27.9945    6.8733   -8.6604
   70  244  239  -27.9865    6.8761   -8.6605
   71  242  239  -27.9639    6.8829   -8.6606
   72  241  239  -27.9593    6.8851   -8.6608
   73  240  239  -27.9813    6.8832   -8.6614
   74  239  239  -27.9815    6.8847   -8.6616
   75  238  239  -27.9904    6.8849   -8.6620
   76  253  239  -27.9994    6.8599   -8.6585

    1  298  224  -27.9982    6.7857   -8.6706
    3  297  224  -27.9958    6.7877   -8.6708
    4  296  224  -27.9966    6.7891   -8.6711
    5  295  224  -28.0008    6.7900   -8.6714
    6  294  224  -27.9960    6.7923   -8.6715
    7  293  224  -27.9944    6.7942   -8.6718
    8  292  224  -27.9987    6.7950   -8.6721
    9  291  224  -27.9751    6.8007   -8.6719
   10  290  225  -27.9824    6.8012   -8.6707
   11  289  225  -27.9726    6.8045   -8.6708
   12  288  225  -27.9809    6.8046   -8.6712
   13  287  225  -27.9904    6.8046   -8.6716
   14  286  225  -27.9918    6.8059   -8.6719
   15  284  226  -28.0001    6.8079   -8.6710
   16  283  226  -28.0150    6.8069   -8.6715
   17  282  226  -27.9939    6.8121   -8.6714
   18  281  226  -28.0006    6.8125   -8.6717
   19  280  226  -28.0058    6.8132   -8.6720
   20  279  226  -28.0021    6.8154   -8.6722
   21  278  226  -28.0002    6.8173   -8.6724
   22  285  226  -27.9915    6.8078   -8.6706
   23  277  227  -27.9751    6.8233   -8.6707
   25  274  227  -28.0167    6.8211   -8.6722
   26  273  227  -28.0437    6.8181   -8.6729
   27  272  227  -27.9974    6.8274   -8.6723
   28  271  227  -28.0008    6.8284   -8.6726
   29  270  227  -27.9918    6.8315   -8.6727
   30  269  227  -28.0045    6.8310   -8.6732
   31  268  227  -28.0202    6.8299   -8.6737
   32  267  227  -28.0211    6.8313   -8.6740
   33  266  227  -28.0131    6.8343   -8.6741
   34  265  227  -28.0206    6.8346   -8.6745
   35  264  227  -28.0134    6.8373   -8.6746
   36  263  227  -28.0112    6.8393   -8.6748
   37  262  227  -28.0153    6.8402   -8.6751
   38  261  227  -28.0071    6.8431   -8.6752
   39  259  227  -28.0080    6.8461   -8.6757
   40  260  227  -28.0086    6.8444   -8.6755
   41  259  228  -28.0238    6.8437   -8.6744
   42  258  228  -28.0246    6.8452   -8.6747
   43  257  228  -28.0122    6.8488   -8.6747
   44  256  228  -28.0147    6.8500   -8.6750
   45  255  228  -28.0074    6.8527   -8.6751
   46  254  228  -28.0099    6.8539   -8.6754
   47  253  228  -28.0099    6.8555   -8.6756
   48  252  228  -28.0005    6.8586   -8.6757
   49  251  228  -28.0059    6.8593   -8.6760
   50  249  228  -27.9919    6.8647   -8.6762
   51  248  228  -27.9912    6.8664   -8.6765
   52  248  229  -27.9844    6.8677   -8.6748
   53  247  229  -27.9870    6.8688   -8.6751
   54  246  229  -27.9961    6.8689   -8.6756
   55  245  229  -28.0028    6.8694   -8.6759
   61  238  230  -28.0249    6.8771   -8.6765
   62  237  230  -27.9927    6.8838   -8.6761
   63  236  230  -28.0104    6.8826   -8.6767
   64  235  230  -28.0482    6.8781   -8.6776
   65  234  230  -28.0285    6.8828   -8.6775
   67  232  230  -27.9742    6.8946   -8.6770
   68  231  230  -27.9960    6.8927   -8.6777
   69  230  230  -28.0197    6.8905   -8.6783
   74  240  230  -28.0163    6.8754   -8.6758
   75  242  230  -27.9934    6.8759   -8.6749
   76  243  230  -28.0360    6.8675   -8.6754
   77  244  230  -28.0046    6.8710   -8.6747
   78  239  230  -28.0179    6.8767   -8.6761

     1  320  153  -28.2786    6.6826   -8.7840
     3  318  153  -28.2864    6.6845   -8.7848
     4  316  153  -28.2825    6.6885   -8.7852
     5  321  153  -28.2828    6.6802   -8.7839
     6  315  154  -28.2797    6.6909   -8.7837
     7  314  154  -28.2767    6.6931   -8.7838
     8  313  154  -28.2752    6.6950   -8.7841
     9  312  154  -28.2739    6.6968   -8.7843
    10  293  155  -28.2711    6.7287   -8.7873
    11  311  155  -28.2732    6.6989   -8.7829
    12  310  155  -28.2711    6.7009   -8.7831
    13  309  155  -28.2341    6.7091   -8.7821
    14  308  155  -28.2563    6.7068   -8.7831
    15  307  155  -28.2847    6.7034   -8.7842
    16  306  155  -28.2979    6.7027   -8.7849
    17  296  155  -28.3150    6.7161   -8.7880
    18  297  155  -28.2850    6.7197   -8.7868
    19  294  155  -28.2710    6.7271   -8.7871
    21  302  156  -28.3279    6.7042   -8.7853
    22  291  156  -28.3072    6.7259   -8.7874
    23  300  156  -28.3475    6.7041   -8.7864
    24  299  156  -28.3465    6.7059   -8.7866
    25  298  156  -28.3282    6.7108   -8.7863
    26  297  156  -28.3328    6.7116   -8.7867
    27  305  156  -28.1646    6.7282   -8.7794
    28  306  156  -28.3140    6.7001   -8.7838
    29  303  156  -28.2839    6.7103   -8.7836
    30  301  156  -28.3284    6.7058   -8.7855
    31  293  156  -28.2728    6.7287   -8.7858
    32  292  156  -28.2828    6.7285   -8.7863
    33  288  157  -28.2939    6.7334   -8.7861
    34  275  157  -28.3333    6.7480   -8.7907
    35  276  157  -28.3181    6.7489   -8.7900
    36  277  157  -28.2767    6.7544   -8.7883
    37  278  157  -28.2957    6.7495   -8.7887
    38  279  157  -28.3114    6.7452   -8.7889
    39  280  157  -28.3189    6.7422   -8.7890
    40  281  157  -28.2867    6.7461   -8.7876
    41  291  157  -28.2854    6.7300   -8.7851
    42  284  157  -28.2975    6.7394   -8.7872
    43  285  157  -28.2805    6.7407   -8.7864
    44  286  157  -28.2821    6.7387   -8.7862
    45  287  157  -28.2894    6.7359   -8.7862
    46  282  157  -28.2889    6.7441   -8.7874
    47  289  157  -28.3007    6.7306   -8.7861
    48  290  157  -28.2877    6.7312   -8.7854
    49  274  158  -28.2362    6.7665   -8.7860
    50  273  158  -28.2902    6.7589   -8.7882
    51  272  158  -28.2811    6.7621   -8.7881
    52  271  158  -28.2922    6.7618   -8.7888
    53  259  159  -28.2899    6.7821   -8.7900
    54  270  159  -28.2949    6.7633   -8.7874
    55  269  159  -28.2938    6.7651   -8.7876
    56  268  159  -28.2874    6.7678   -8.7877
    57  267  159  -28.3153    6.7647   -8.7889
    58  266  159  -28.3172    6.7660   -8.7892
    59  265  159  -28.3380    6.7642   -8.7901
    60  264  159  -28.2384    6.7826   -8.7871
    62  262  159  -28.2902    6.7771   -8.7892
    63  261  159  -28.2871    6.7793   -8.7894
    65  257  159  -28.2843    6.7863   -8.7903
    66  258  159  -28.2959    6.7827   -8.7904
    67  255  160  -28.2760    6.7912   -8.7889
    68  254  160  -28.2725    6.7934   -8.7890
    69  253  160  -28.2708    6.7953   -8.7892
    70  248  161  -28.2485    6.8074   -8.7882
    71  252  161  -28.2749    6.7965   -8.7880
    72  250  161  -28.2643    6.8015   -8.7882
    73  240  161  -28.2998    6.8120   -8.7919
    74  247  161  -28.2774    6.8043   -8.7894
    75  246  161  -28.2910    6.8037   -8.7901
    76  245  161  -28.2821    6.8068   -8.7900
    77  244  161  -28.2820    6.8084   -8.7903
    78  243  161  -28.3047    6.8063   -8.7913
    79  242  161  -28.2849    6.8112   -8.7909
    80  241  161  -28.3003    6.8103   -8.7916
