; ENVI Output of ROIs (5.4) [Thu Aug 08 12:29:11 2019]
; Number of ROIs: 12
; File Dimension: 1152 x 432
;
; ROI name: Region #1
; ROI rgb value: {255, 0, 0}
; ROI npts: 185
;
; ROI name: Region #2
; ROI rgb value: {0, 255, 0}
; ROI npts: 93
;
; ROI name: Region #3
; ROI rgb value: {0, 0, 255}
; ROI npts: 169
;
; ROI name: Region #4
; ROI rgb value: {255, 255, 0}
; ROI npts: 164
;
; ROI name: Region #5
; ROI rgb value: {0, 255, 255}
; ROI npts: 53
;
; ROI name: Region #6
; ROI rgb value: {255, 0, 255}
; ROI npts: 76
;
; ROI name: Region #7
; ROI rgb value: {176, 48, 96}
; ROI npts: 78
;
; ROI name: Region #8
; ROI rgb value: {46, 139, 87}
; ROI npts: 193
;
; ROI name: Region #9
; ROI rgb value: {160, 32, 240}
; ROI npts: 119
;
; ROI name: Region #10
; ROI rgb value: {255, 127, 80}
; ROI npts: 145
;
; ROI name: Region #11
; ROI rgb value: {127, 255, 212}
; ROI npts: 74
;
; ROI name: Region #12
; ROI rgb value: {218, 112, 214}
; ROI npts: 82
;   ID    X    Y      B1      B2      B3
     1  445  282  0.0118  0.0022  0.0002
     2  446  282  0.0119  0.0022  0.0002
     3  444  283  0.0119  0.0022  0.0002
     4  443  283  0.0119  0.0022  0.0002
     5  442  283  0.0119  0.0022  0.0002
     6  441  283  0.0119  0.0022  0.0002
     7  440  283  0.0119  0.0022  0.0002
     8  439  283  0.0120  0.0023  0.0002
     9  438  283  0.0120  0.0022  0.0002
    10  438  284  0.0120  0.0022  0.0002
    11  436  284  0.0120  0.0022  0.0002
    12  435  284  0.0119  0.0022  0.0002
    13  434  284  0.0119  0.0022  0.0002
    14  433  284  0.0119  0.0022  0.0002
    15  432  284  0.0120  0.0022  0.0002
    16  431  284  0.0119  0.0022  0.0002
    17  430  284  0.0119  0.0022  0.0002
    18  429  284  0.0118  0.0022  0.0002
    19  428  284  0.0119  0.0022  0.0002
    20  427  284  0.0119  0.0022  0.0002
    21  426  284  0.0118  0.0022  0.0002
    22  425  284  0.0119  0.0022  0.0002
    23  422  285  0.0119  0.0022  0.0002
    24  423  285  0.0119  0.0022  0.0002
    25  421  286  0.0118  0.0022  0.0002
    26  420  286  0.0119  0.0022  0.0002
    27  419  286  0.0118  0.0022  0.0002
    28  418  286  0.0118  0.0022  0.0002
    29  417  286  0.0119  0.0022  0.0002
    30  416  287  0.0119  0.0022  0.0002
    31  415  287  0.0118  0.0022  0.0002
    32  414  287  0.0119  0.0022  0.0002
    33  413  287  0.0119  0.0022  0.0002
    34  412  287  0.0119  0.0022  0.0002
    35  411  287  0.0119  0.0022  0.0002
    36  409  287  0.0119  0.0022  0.0002
    37  408  287  0.0119  0.0021  0.0002
    38  407  287  0.0120  0.0022  0.0002
    39  406  287  0.0119  0.0022  0.0002
    40  405  287  0.0119  0.0022  0.0002
    41  404  287  0.0119  0.0021  0.0002
    42  402  287  0.0118  0.0021  0.0002
    43  399  288  0.0119  0.0021  0.0002
    44  398  288  0.0118  0.0021  0.0002
    45  397  288  0.0118  0.0021  0.0002
    46  396  288  0.0118  0.0021  0.0002
    47  400  288  0.0120  0.0021  0.0002
    48  394  289  0.0119  0.0021  0.0002
    49  392  290  0.0118  0.0021  0.0002
    50  391  290  0.0119  0.0021  0.0002
    51  390  290  0.0119  0.0021  0.0002
    52  389  290  0.0118  0.0021  0.0002
    53  393  290  0.0119  0.0021  0.0002
    54  387  291  0.0118  0.0021  0.0002
    55  386  291  0.0119  0.0021  0.0002
    56  385  291  0.0119  0.0021  0.0002
    57  384  291  0.0118  0.0021  0.0002
    58  383  291  0.0119  0.0021  0.0002
    59  382  291  0.0118  0.0021  0.0002
    60  381  292  0.0118  0.0021  0.0002
    61  382  292  0.0118  0.0021  0.0002
    62  380  293  0.0118  0.0021  0.0002
    63  379  293  0.0118  0.0021  0.0002
    64  378  293  0.0118  0.0021  0.0002
    65  377  293  0.0118  0.0020  0.0002
    66  376  293  0.0118  0.0020  0.0002
    67  374  293  0.0118  0.0020  0.0002
    68  373  293  0.0118  0.0020  0.0002
    69  372  293  0.0118  0.0020  0.0002
    70  371  293  0.0118  0.0020  0.0002
    71  369  293  0.0118  0.0020  0.0002
    72  368  293  0.0118  0.0020  0.0002
    73  367  293  0.0117  0.0020  0.0002
    74  366  293  0.0117  0.0020  0.0002
    75  365  293  0.0118  0.0020  0.0002
    76  364  293  0.0118  0.0020  0.0002
    77  363  293  0.0118  0.0020  0.0002
    78  362  293  0.0118  0.0020  0.0002
    79  361  293  0.0117  0.0020  0.0002
    80  360  293  0.0118  0.0020  0.0002
    81  359  293  0.0117  0.0020  0.0002
    82  370  293  0.0117  0.0020  0.0002
    83  356  294  0.0117  0.0020  0.0002
    84  354  294  0.0118  0.0020  0.0002
    85  358  294  0.0118  0.0020  0.0002
    86  354  295  0.0118  0.0020  0.0002
    87  352  295  0.0119  0.0020  0.0002
    88  351  295  0.0118  0.0020  0.0002
    89  349  295  0.0119  0.0020  0.0002
    90  353  295  0.0118  0.0020  0.0002
    91  344  296  0.0117  0.0020  0.0002
    92  345  296  0.0118  0.0020  0.0002
    93  343  296  0.0117  0.0019  0.0002
    94  347  296  0.0118  0.0020  0.0002
    95  348  296  0.0117  0.0020  0.0002
    96  342  296  0.0117  0.0019  0.0002
    97  335  296  0.0117  0.0019  0.0002
    98  340  296  0.0117  0.0019  0.0002
    99  336  296  0.0117  0.0019  0.0002
   100  339  296  0.0117  0.0019  0.0002
   101  338  296  0.0118  0.0019  0.0002
   102  337  296  0.0117  0.0019  0.0002
   103  346  296  0.0118  0.0020  0.0002
   104  334  296  0.0117  0.0019  0.0002
   105  333  296  0.0117  0.0019  0.0002
   106  332  296  0.0117  0.0019  0.0002
   107  331  296  0.0117  0.0019  0.0002
   108  330  296  0.0116  0.0019  0.0002
   109  329  296  0.0117  0.0019  0.0002
   110  328  296  0.0117  0.0019  0.0002
   113  325  296  0.0116  0.0019  0.0002
   114  324  296  0.0116  0.0019  0.0002
   115  341  296  0.0117  0.0019  0.0002
   117  320  297  0.0116  0.0019  0.0002
   118  322  297  0.0116  0.0019  0.0002
   120  318  298  0.0116  0.0019  0.0002
   142  293  302  0.0116  0.0018  0.0002
   144  293  303  0.0116  0.0018  0.0002
   145  292  303  0.0116  0.0018  0.0002
   146  291  303  0.0116  0.0018  0.0002
   147  290  303  0.0115  0.0018  0.0002
   148  289  303  0.0116  0.0018  0.0002
   149  288  303  0.0116  0.0018  0.0002
   150  287  303  0.0116  0.0018  0.0002
   151  286  303  0.0116  0.0018  0.0002
   152  285  303  0.0116  0.0018  0.0002
   153  284  303  0.0116  0.0018  0.0002
   154  283  303  0.0115  0.0018  0.0002
   155  282  303  0.0116  0.0018  0.0002
   156  281  303  0.0116  0.0018  0.0002
   157  280  303  0.0115  0.0018  0.0002
   158  279  303  0.0116  0.0018  0.0002
   159  278  303  0.0115  0.0017  0.0002
   160  275  304  0.0116  0.0017  0.0002
   161  274  304  0.0116  0.0017  0.0002
   162  277  304  0.0115  0.0017  0.0002
   163  273  305  0.0115  0.0017  0.0002
   164  272  305  0.0115  0.0017  0.0002
   165  271  305  0.0115  0.0017  0.0002
   166  270  305  0.0115  0.0017  0.0002
   167  268  305  0.0115  0.0017  0.0002
   168  267  305  0.0115  0.0017  0.0002
   169  266  305  0.0115  0.0017  0.0002
   170  265  306  0.0115  0.0017  0.0002
   171  264  306  0.0115  0.0017  0.0002
   172  263  306  0.0115  0.0017  0.0002
   173  261  306  0.0115  0.0017  0.0002
   174  260  306  0.0115  0.0017  0.0002
   175  259  306  0.0115  0.0017  0.0002
   176  258  306  0.0115  0.0017  0.0002
   177  257  307  0.0115  0.0017  0.0002
   178  256  307  0.0114  0.0017  0.0002
   179  255  307  0.0114  0.0017  0.0002
   180  254  307  0.0115  0.0017  0.0002
   181  253  307  0.0115  0.0017  0.0002
   182  252  307  0.0115  0.0017  0.0002
   183  251  307  0.0115  0.0017  0.0002
   184  250  307  0.0115  0.0017  0.0002
   185  249  307  0.0114  0.0017  0.0002

    1  334  274  0.0120  0.0020  0.0003
    2  332  275  0.0120  0.0020  0.0003
    3  331  275  0.0119  0.0020  0.0003
    4  330  275  0.0120  0.0020  0.0003
    5  329  275  0.0119  0.0019  0.0003
    6  328  275  0.0120  0.0020  0.0003
    7  333  275  0.0119  0.0020  0.0003
    8  327  276  0.0119  0.0019  0.0003
    9  326  276  0.0120  0.0020  0.0003
   10  325  276  0.0120  0.0020  0.0003
   11  323  277  0.0119  0.0019  0.0003
   12  322  277  0.0120  0.0019  0.0003
   13  321  277  0.0119  0.0019  0.0003
   14  324  277  0.0119  0.0019  0.0003
   17  318  279  0.0119  0.0019  0.0003
   19  316  279  0.0119  0.0019  0.0003
   40  294  283  0.0118  0.0018  0.0003
   41  293  283  0.0118  0.0018  0.0003
   42  292  283  0.0117  0.0018  0.0003
   43  282  283  0.0119  0.0018  0.0003
   44  283  283  0.0119  0.0018  0.0003
   45  284  283  0.0118  0.0018  0.0003
   46  285  283  0.0118  0.0018  0.0003
   47  286  283  0.0119  0.0018  0.0003
   48  287  283  0.0118  0.0018  0.0003
   49  288  283  0.0120  0.0019  0.0003
   50  290  283  0.0117  0.0018  0.0003
   51  291  283  0.0117  0.0018  0.0003
   52  280  284  0.0120  0.0018  0.0003
   53  279  284  0.0120  0.0018  0.0003
   54  281  284  0.0119  0.0018  0.0003
   55  278  285  0.0118  0.0018  0.0003
   56  277  285  0.0118  0.0018  0.0003
   57  276  285  0.0118  0.0018  0.0003
   58  275  285  0.0118  0.0018  0.0003
   59  274  285  0.0118  0.0018  0.0003
   60  272  285  0.0118  0.0018  0.0003
   61  271  285  0.0117  0.0018  0.0003
   62  270  285  0.0117  0.0018  0.0003
   63  269  285  0.0118  0.0018  0.0003
   64  268  285  0.0117  0.0018  0.0003
   65  266  286  0.0117  0.0017  0.0003
   66  265  286  0.0117  0.0018  0.0003
   67  264  286  0.0117  0.0017  0.0003
   68  263  286  0.0117  0.0018  0.0003
   69  262  286  0.0118  0.0018  0.0003
   70  267  286  0.0117  0.0018  0.0003
   71  260  287  0.0117  0.0017  0.0003
   72  259  287  0.0118  0.0017  0.0003
   73  258  287  0.0118  0.0017  0.0003
   74  257  287  0.0117  0.0017  0.0003
   75  255  287  0.0118  0.0017  0.0003
   76  254  287  0.0118  0.0017  0.0003
   77  253  287  0.0118  0.0017  0.0003
   78  252  287  0.0118  0.0017  0.0003
   79  251  288  0.0117  0.0017  0.0003
   80  249  288  0.0118  0.0017  0.0003
   81  252  288  0.0118  0.0017  0.0003
   82  248  289  0.0117  0.0017  0.0003
   83  247  289  0.0118  0.0017  0.0003
   84  246  289  0.0117  0.0017  0.0003
   85  245  289  0.0118  0.0017  0.0003
   86  244  289  0.0118  0.0017  0.0003
   87  243  289  0.0118  0.0017  0.0003
   88  242  289  0.0117  0.0017  0.0003
   89  241  289  0.0117  0.0017  0.0003
   90  240  289  0.0118  0.0017  0.0003
   91  239  290  0.0117  0.0017  0.0003
   92  238  290  0.0118  0.0017  0.0003
   93  240  290  0.0118  0.0017  0.0003

     1  385  251  0.0122  0.0022  0.0003
     2  384  251  0.0122  0.0022  0.0003
     3  383  251  0.0123  0.0022  0.0003
     4  382  251  0.0122  0.0022  0.0003
     5  381  251  0.0122  0.0022  0.0003
     6  380  251  0.0123  0.0022  0.0003
     7  386  251  0.0123  0.0022  0.0003
     8  379  252  0.0123  0.0022  0.0003
     9  378  252  0.0123  0.0022  0.0003
    10  377  252  0.0123  0.0022  0.0003
    11  376  252  0.0123  0.0022  0.0003
    12  375  252  0.0123  0.0021  0.0003
    13  374  252  0.0123  0.0021  0.0003
    14  373  252  0.0122  0.0021  0.0003
    15  372  252  0.0123  0.0021  0.0003
    16  371  253  0.0123  0.0021  0.0003
    17  372  253  0.0122  0.0021  0.0003
    18  370  254  0.0123  0.0021  0.0003
    19  369  254  0.0123  0.0021  0.0003
    20  371  254  0.0122  0.0021  0.0003
    21  369  255  0.0122  0.0021  0.0003
    22  368  255  0.0122  0.0021  0.0003
    23  367  255  0.0125  0.0022  0.0003
    24  366  255  0.0123  0.0021  0.0003
    25  365  255  0.0122  0.0021  0.0003
    26  364  256  0.0122  0.0021  0.0003
    27  363  256  0.0122  0.0021  0.0003
    30  360  256  0.0122  0.0021  0.0003
    31  359  256  0.0122  0.0021  0.0003
    32  358  256  0.0122  0.0021  0.0003
    33  357  256  0.0123  0.0021  0.0003
    34  356  256  0.0122  0.0021  0.0003
    35  355  256  0.0123  0.0021  0.0003
    36  354  256  0.0122  0.0021  0.0003
    37  353  256  0.0122  0.0021  0.0003
    38  352  256  0.0122  0.0021  0.0003
    39  351  256  0.0122  0.0021  0.0003
    42  348  256  0.0122  0.0021  0.0003
    43  347  256  0.0122  0.0021  0.0003
    44  346  256  0.0122  0.0021  0.0003
    45  346  257  0.0122  0.0021  0.0003
    46  345  257  0.0122  0.0021  0.0003
    47  344  257  0.0122  0.0020  0.0003
    48  343  257  0.0122  0.0020  0.0003
    49  342  257  0.0122  0.0020  0.0003
    50  341  257  0.0122  0.0020  0.0003
    51  340  257  0.0123  0.0020  0.0003
    52  339  257  0.0123  0.0020  0.0003
    53  338  257  0.0123  0.0020  0.0003
    54  338  258  0.0122  0.0020  0.0003
    80  313  261  0.0120  0.0019  0.0003
    87  305  262  0.0121  0.0019  0.0003
    88  304  262  0.0120  0.0019  0.0003
    90  302  262  0.0121  0.0019  0.0003
    91  301  262  0.0121  0.0019  0.0003
    92  300  262  0.0121  0.0019  0.0003
    94  300  263  0.0121  0.0019  0.0003
    95  299  263  0.0121  0.0019  0.0003
    96  298  263  0.0121  0.0019  0.0003
    97  297  263  0.0121  0.0019  0.0003
   104  292  265  0.0120  0.0019  0.0003
   105  291  265  0.0120  0.0019  0.0003
   106  290  265  0.0120  0.0019  0.0003
   107  289  265  0.0121  0.0019  0.0003
   108  288  265  0.0121  0.0019  0.0003
   109  287  265  0.0121  0.0019  0.0003
   110  286  265  0.0120  0.0019  0.0003
   111  285  265  0.0121  0.0019  0.0003
   112  284  265  0.0120  0.0019  0.0003
   113  283  265  0.0120  0.0019  0.0003
   114  282  265  0.0120  0.0019  0.0003
   115  281  265  0.0121  0.0019  0.0003
   116  280  265  0.0121  0.0019  0.0003
   117  279  265  0.0121  0.0018  0.0003
   118  278  265  0.0121  0.0019  0.0003
   119  277  265  0.0120  0.0018  0.0003
   120  276  265  0.0121  0.0019  0.0003
   121  275  266  0.0120  0.0018  0.0003
   122  274  266  0.0120  0.0018  0.0003
   123  273  266  0.0121  0.0018  0.0003
   124  272  266  0.0120  0.0018  0.0003
   125  271  266  0.0120  0.0018  0.0003
   126  270  266  0.0121  0.0018  0.0003
   127  269  266  0.0121  0.0018  0.0003
   128  268  266  0.0121  0.0018  0.0003
   129  267  266  0.0121  0.0018  0.0003
   130  266  267  0.0120  0.0018  0.0003
   131  265  267  0.0122  0.0018  0.0003
   132  264  267  0.0121  0.0018  0.0003
   133  263  267  0.0121  0.0018  0.0003
   134  267  267  0.0121  0.0018  0.0003
   135  262  268  0.0122  0.0018  0.0003
   136  261  268  0.0120  0.0018  0.0003
   137  260  268  0.0120  0.0018  0.0003
   138  259  268  0.0121  0.0018  0.0003
   139  258  268  0.0121  0.0018  0.0003
   140  257  268  0.0120  0.0018  0.0003
   141  256  268  0.0120  0.0018  0.0003
   142  255  268  0.0121  0.0018  0.0003
   143  254  269  0.0121  0.0018  0.0003
   144  255  269  0.0121  0.0018  0.0003
   145  253  270  0.0120  0.0018  0.0003
   146  252  270  0.0120  0.0018  0.0003
   147  251  270  0.0120  0.0018  0.0003
   148  250  270  0.0121  0.0018  0.0003
   149  249  270  0.0120  0.0018  0.0003
   150  248  270  0.0119  0.0017  0.0003
   151  247  270  0.0120  0.0017  0.0003
   152  246  270  0.0120  0.0018  0.0003
   153  245  270  0.0120  0.0017  0.0003
   154  244  270  0.0120  0.0017  0.0003
   155  243  270  0.0119  0.0017  0.0003
   156  242  271  0.0120  0.0017  0.0003
   157  241  271  0.0120  0.0017  0.0003
   158  240  271  0.0119  0.0017  0.0003
   159  239  271  0.0120  0.0017  0.0003
   160  238  271  0.0119  0.0017  0.0003
   161  237  271  0.0120  0.0017  0.0003
   162  243  271  0.0119  0.0017  0.0003
   163  237  272  0.0120  0.0017  0.0003
   164  236  272  0.0119  0.0017  0.0003
   165  235  272  0.0120  0.0017  0.0003

     1  238  245  0.0122  0.0018  0.0004
     2  237  245  0.0122  0.0018  0.0004
     3  239  245  0.0121  0.0018  0.0004
     4  236  246  0.0123  0.0018  0.0004
     5  235  246  0.0124  0.0018  0.0004
     6  234  246  0.0125  0.0018  0.0004
     7  233  246  0.0125  0.0018  0.0004
     8  232  246  0.0123  0.0018  0.0004
     9  231  246  0.0124  0.0018  0.0004

    1  325  240  0.0125  0.0021  0.0004
    2  324  240  0.0125  0.0020  0.0004
    3  326  240  0.0125  0.0021  0.0004
    4  324  241  0.0124  0.0020  0.0004
    5  323  241  0.0124  0.0020  0.0004
    6  322  241  0.0124  0.0020  0.0004
    7  321  242  0.0124  0.0020  0.0004
    8  320  242  0.0125  0.0020  0.0004
    9  319  242  0.0124  0.0020  0.0004
   10  322  242  0.0124  0.0020  0.0004
   11  319  243  0.0125  0.0020  0.0004
   12  318  243  0.0124  0.0020  0.0004
   13  317  243  0.0125  0.0020  0.0004
   15  315  243  0.0125  0.0020  0.0004
   16  314  243  0.0125  0.0020  0.0004
   17  313  243  0.0126  0.0020  0.0004
   18  312  243  0.0125  0.0020  0.0004
   19  311  243  0.0126  0.0020  0.0004
   20  294  243  0.0126  0.0020  0.0004
   21  295  243  0.0125  0.0020  0.0004
   22  296  243  0.0125  0.0020  0.0004
   23  297  243  0.0127  0.0020  0.0004
   24  298  243  0.0127  0.0020  0.0004
   25  299  243  0.0125  0.0020  0.0004
   26  300  243  0.0126  0.0020  0.0004
   27  302  243  0.0125  0.0020  0.0004
   28  303  243  0.0126  0.0020  0.0004
   29  304  243  0.0126  0.0020  0.0004
   30  305  243  0.0126  0.0020  0.0004
   31  306  243  0.0126  0.0020  0.0004
   32  307  243  0.0126  0.0020  0.0004
   33  308  243  0.0126  0.0020  0.0004
   34  309  243  0.0126  0.0020  0.0004
   35  293  244  0.0127  0.0020  0.0004
   36  294  244  0.0126  0.0020  0.0004
   37  292  245  0.0126  0.0020  0.0004
   38  291  245  0.0126  0.0020  0.0004
   39  290  245  0.0126  0.0020  0.0004
   40  289  245  0.0126  0.0020  0.0004
   41  288  245  0.0125  0.0020  0.0004
   42  287  245  0.0125  0.0019  0.0004
   43  286  245  0.0126  0.0020  0.0004
   44  285  245  0.0124  0.0019  0.0004
   45  284  245  0.0124  0.0019  0.0004
   46  283  245  0.0125  0.0019  0.0004
   47  281  245  0.0123  0.0019  0.0004
   48  280  245  0.0124  0.0019  0.0004
   49  279  245  0.0124  0.0019  0.0004
   50  277  245  0.0124  0.0019  0.0004
   51  276  245  0.0123  0.0019  0.0004
   52  275  245  0.0125  0.0019  0.0004
   53  274  245  0.0124  0.0019  0.0004

    1  285  236  0.0125  0.0019  0.0004
    2  278  236  0.0126  0.0019  0.0004
    3  277  236  0.0126  0.0019  0.0004
    4  276  236  0.0125  0.0019  0.0004
    6  281  236  0.0126  0.0020  0.0004
    7  282  236  0.0125  0.0019  0.0004
    8  283  236  0.0126  0.0020  0.0004
    9  284  236  0.0126  0.0020  0.0004
   10  279  236  0.0125  0.0019  0.0004
   11  286  236  0.0126  0.0020  0.0004
   12  287  236  0.0125  0.0020  0.0004
   13  294  237  0.0124  0.0020  0.0004
   14  274  237  0.0126  0.0019  0.0004
   15  273  237  0.0127  0.0020  0.0004
   16  272  237  0.0125  0.0019  0.0004
   17  271  237  0.0125  0.0019  0.0004
   18  270  237  0.0125  0.0019  0.0004
   19  275  237  0.0126  0.0019  0.0004
   20  287  237  0.0124  0.0019  0.0004
   21  288  237  0.0125  0.0020  0.0004
   22  293  237  0.0125  0.0020  0.0004
   23  292  237  0.0125  0.0020  0.0004
   24  291  237  0.0126  0.0020  0.0004
   25  290  237  0.0124  0.0020  0.0004
   26  289  237  0.0125  0.0020  0.0004
   27  238  238  0.0124  0.0018  0.0004
   28  237  238  0.0125  0.0018  0.0004
   35  236  238  0.0125  0.0018  0.0004
   37  253  238  0.0125  0.0019  0.0004
   38  255  238  0.0125  0.0019  0.0004
   39  256  238  0.0123  0.0018  0.0004
   40  257  238  0.0125  0.0019  0.0004
   41  258  238  0.0123  0.0018  0.0004
   42  259  238  0.0124  0.0019  0.0004
   43  260  238  0.0125  0.0019  0.0004
   44  261  238  0.0123  0.0019  0.0004
   45  263  238  0.0125  0.0019  0.0004
   46  264  238  0.0124  0.0019  0.0004
   47  265  238  0.0125  0.0019  0.0004
   48  266  238  0.0124  0.0019  0.0004
   49  267  238  0.0124  0.0019  0.0004
   50  268  238  0.0124  0.0019  0.0004
   51  235  238  0.0126  0.0018  0.0004
   52  234  238  0.0123  0.0018  0.0004
   54  232  238  0.0123  0.0018  0.0004
   55  231  238  0.0123  0.0018  0.0004
   62  252  239  0.0123  0.0018  0.0004
   63  251  239  0.0124  0.0018  0.0004
   64  250  239  0.0123  0.0018  0.0004
   65  249  239  0.0125  0.0019  0.0004
   66  248  239  0.0124  0.0018  0.0004
   67  247  239  0.0125  0.0018  0.0004
   68  246  239  0.0123  0.0018  0.0004
   69  245  239  0.0125  0.0018  0.0004
   70  244  239  0.0125  0.0018  0.0004
   71  242  239  0.0124  0.0018  0.0004
   72  241  239  0.0124  0.0018  0.0004
   73  240  239  0.0125  0.0018  0.0004
   74  239  239  0.0125  0.0018  0.0004
   75  238  239  0.0125  0.0018  0.0004
   76  253  239  0.0126  0.0019  0.0004

    1  299  224  0.0127  0.0020  0.0004
    2  298  224  0.0126  0.0020  0.0004
    3  297  224  0.0126  0.0020  0.0004
    4  296  224  0.0126  0.0020  0.0004
    5  295  224  0.0126  0.0020  0.0004
    6  294  224  0.0126  0.0020  0.0004
    7  293  224  0.0126  0.0020  0.0004
    8  292  224  0.0126  0.0020  0.0004
    9  291  224  0.0125  0.0020  0.0004
   10  290  225  0.0126  0.0020  0.0004
   11  289  225  0.0125  0.0020  0.0004
   12  288  225  0.0126  0.0020  0.0004
   13  287  225  0.0126  0.0020  0.0004
   14  286  225  0.0126  0.0020  0.0004
   15  284  226  0.0126  0.0020  0.0004
   16  283  226  0.0127  0.0020  0.0004
   17  282  226  0.0126  0.0020  0.0004
   18  281  226  0.0126  0.0020  0.0004
   19  280  226  0.0126  0.0020  0.0004
   20  279  226  0.0126  0.0020  0.0004
   21  278  226  0.0126  0.0020  0.0004
   22  285  226  0.0126  0.0020  0.0004
   23  277  227  0.0125  0.0019  0.0004
   25  274  227  0.0127  0.0019  0.0004
   26  273  227  0.0128  0.0020  0.0004
   27  272  227  0.0126  0.0019  0.0004
   28  271  227  0.0126  0.0019  0.0004
   29  270  227  0.0126  0.0019  0.0004
   30  269  227  0.0126  0.0019  0.0004
   31  268  227  0.0127  0.0019  0.0004
   32  267  227  0.0127  0.0019  0.0004
   33  266  227  0.0126  0.0019  0.0004
   34  265  227  0.0127  0.0019  0.0004
   35  264  227  0.0126  0.0019  0.0004
   36  263  227  0.0126  0.0019  0.0004
   37  262  227  0.0126  0.0019  0.0004
   38  261  227  0.0126  0.0019  0.0004
   39  259  227  0.0126  0.0019  0.0004
   40  260  227  0.0126  0.0019  0.0004
   41  259  228  0.0127  0.0019  0.0004
   42  258  228  0.0127  0.0019  0.0004
   43  257  228  0.0126  0.0019  0.0004
   44  256  228  0.0126  0.0019  0.0004
   45  255  228  0.0126  0.0019  0.0004
   46  254  228  0.0126  0.0019  0.0004
   47  253  228  0.0126  0.0019  0.0004
   48  252  228  0.0125  0.0019  0.0004
   49  251  228  0.0126  0.0019  0.0004
   50  249  228  0.0125  0.0019  0.0004
   51  248  228  0.0125  0.0019  0.0004
   52  248  229  0.0125  0.0018  0.0004
   53  247  229  0.0125  0.0018  0.0004
   54  246  229  0.0125  0.0019  0.0004
   55  245  229  0.0125  0.0019  0.0004
   61  238  230  0.0126  0.0018  0.0004
   62  237  230  0.0125  0.0018  0.0004
   63  236  230  0.0126  0.0018  0.0004
   64  235  230  0.0127  0.0018  0.0004
   65  234  230  0.0126  0.0018  0.0004
   67  232  230  0.0124  0.0018  0.0004
   68  231  230  0.0125  0.0018  0.0004
   69  230  230  0.0126  0.0018  0.0004
   74  240  230  0.0126  0.0018  0.0004
   75  242  230  0.0125  0.0018  0.0004
   76  243  230  0.0127  0.0019  0.0004
   77  244  230  0.0126  0.0018  0.0004
   78  239  230  0.0126  0.0018  0.0004

     1  320  153  0.0137  0.0023  0.0007
     3  318  153  0.0138  0.0023  0.0007
     4  316  153  0.0138  0.0023  0.0007
     5  321  153  0.0138  0.0023  0.0007
     6  315  154  0.0137  0.0023  0.0007
     7  314  154  0.0137  0.0023  0.0007
     8  313  154  0.0137  0.0023  0.0007
     9  312  154  0.0137  0.0023  0.0007
    10  293  155  0.0137  0.0022  0.0007
    11  311  155  0.0137  0.0023  0.0007
    12  310  155  0.0137  0.0023  0.0007
    13  309  155  0.0135  0.0022  0.0006
    14  308  155  0.0136  0.0022  0.0006
    15  307  155  0.0137  0.0023  0.0007
    16  306  155  0.0138  0.0023  0.0007
    17  296  155  0.0138  0.0022  0.0007
    18  297  155  0.0137  0.0022  0.0007
    19  294  155  0.0137  0.0022  0.0007
    21  302  156  0.0139  0.0023  0.0007
    22  291  156  0.0138  0.0022  0.0007
    23  300  156  0.0140  0.0023  0.0007
    24  299  156  0.0140  0.0023  0.0007
    25  298  156  0.0139  0.0023  0.0007
    26  297  156  0.0139  0.0023  0.0007
    27  305  156  0.0133  0.0022  0.0006
    28  306  156  0.0139  0.0023  0.0007
    29  303  156  0.0137  0.0022  0.0007
    30  301  156  0.0139  0.0023  0.0007
    31  293  156  0.0137  0.0022  0.0007
    32  292  156  0.0137  0.0022  0.0007
    33  288  157  0.0137  0.0022  0.0007
    34  275  157  0.0139  0.0022  0.0007
    35  276  157  0.0138  0.0022  0.0007
    36  277  157  0.0136  0.0021  0.0007
    37  278  157  0.0137  0.0022  0.0007
    38  279  157  0.0138  0.0022  0.0007
    39  280  157  0.0138  0.0022  0.0007
    40  281  157  0.0137  0.0022  0.0007
    41  291  157  0.0137  0.0022  0.0007
    42  284  157  0.0137  0.0022  0.0007
    43  285  157  0.0137  0.0022  0.0007
    44  286  157  0.0137  0.0022  0.0007
    45  287  157  0.0137  0.0022  0.0007
    46  282  157  0.0137  0.0022  0.0007
    47  289  157  0.0138  0.0022  0.0007
    48  290  157  0.0137  0.0022  0.0007
    49  274  158  0.0135  0.0021  0.0006
    50  273  158  0.0137  0.0021  0.0007
    51  272  158  0.0137  0.0021  0.0007
    52  271  158  0.0137  0.0021  0.0007
    53  259  159  0.0136  0.0021  0.0007
    54  270  159  0.0137  0.0021  0.0007
    55  269  159  0.0137  0.0021  0.0007
    56  268  159  0.0137  0.0021  0.0007
    57  267  159  0.0138  0.0021  0.0007
    58  266  159  0.0138  0.0021  0.0007
    59  265  159  0.0139  0.0021  0.0007
    60  264  159  0.0135  0.0021  0.0007
    62  262  159  0.0137  0.0021  0.0007
    63  261  159  0.0136  0.0021  0.0007
    65  257  159  0.0136  0.0021  0.0007
    66  258  159  0.0137  0.0021  0.0007
    67  255  160  0.0136  0.0021  0.0007
    68  254  160  0.0136  0.0021  0.0007
    69  253  160  0.0136  0.0021  0.0007
    70  248  161  0.0135  0.0020  0.0007
    71  252  161  0.0136  0.0021  0.0007
    72  250  161  0.0135  0.0020  0.0007
    73  240  161  0.0137  0.0020  0.0007
    74  247  161  0.0136  0.0020  0.0007
    75  246  161  0.0136  0.0021  0.0007
    76  245  161  0.0136  0.0020  0.0007
    77  244  161  0.0136  0.0020  0.0007
    78  243  161  0.0137  0.0021  0.0007
    79  242  161  0.0136  0.0020  0.0007
    80  241  161  0.0137  0.0020  0.0007
