; ENVI Output of ROIs (5.4) [Tue Aug 06 20:43:23 2019]
; Number of ROIs: 12
; File Dimension: 1328 x 1184
;
; ROI name: Region #1
; ROI rgb value: {255, 0, 0}
; ROI npts: 199
;
; ROI name: Region #2
; ROI rgb value: {0, 255, 0}
; ROI npts: 79
;
; ROI name: Region #3
; ROI rgb value: {0, 0, 255}
; ROI npts: 52
;
; ROI name: Region #4
; ROI rgb value: {255, 255, 0}
; ROI npts: 109
;
; ROI name: Region #5
; ROI rgb value: {0, 255, 255}
; ROI npts: 103
;
; ROI name: Region #6
; ROI rgb value: {255, 0, 255}
; ROI npts: 56
;
; ROI name: Region #7
; ROI rgb value: {176, 48, 96}
; ROI npts: 158
;
; ROI name: Region #8
; ROI rgb value: {46, 139, 87}
; ROI npts: 100
;
; ROI name: Region #9
; ROI rgb value: {160, 32, 240}
; ROI npts: 106
;
; ROI name: Region #10
; ROI rgb value: {255, 127, 80}
; ROI npts: 44
;
; ROI name: Region #11
; ROI rgb value: {127, 255, 212}
; ROI npts: 72
;
; ROI name: Region #12
; ROI rgb value: {218, 112, 214}
; ROI npts: 70
;   ID    X     Y        B1        B2        B3
     1  263  1046  -24.2183    3.5401   -7.0772
     2  265  1046  -24.2179    3.5393   -7.0768
     3  262  1047  -24.2178    3.5415   -7.0772
     4  261  1047  -24.2182    3.5416   -7.0773
     5  263  1047  -24.2190    3.5394   -7.0765
     6  260  1048  -24.2189    3.5417   -7.0769
     7  259  1049  -24.2185    3.5430   -7.0770
     8  256  1051  -24.2168    3.5474   -7.0777
     9  255  1051  -24.2130    3.5525   -7.0795
    10  258  1051  -24.2150    3.5482   -7.0779
    11  253  1052  -24.2161    3.5502   -7.0784
    12  252  1052  -24.2161    3.5509   -7.0786
    13  250  1053  -24.2142    3.5546   -7.0795
    14  247  1054  -24.2158    3.5548   -7.0793
    15  248  1054  -24.2170    3.5527   -7.0785
    16  246  1055  -24.2165    3.5548   -7.0789
    17  245  1055  -24.2167    3.5551   -7.0790
    18  244  1055  -24.2167    3.5558   -7.0793
    19  243  1055  -24.2168    3.5562   -7.0795
    20  241  1056  -24.2172    3.5573   -7.0795
    21  240  1057  -24.2171    3.5583   -7.0794
    22  238  1058  -24.2181    3.5585   -7.0791
    23  239  1058  -24.2181    3.5578   -7.0788
    24  236  1059  -24.2190    3.5588   -7.0789
    25  235  1060  -24.2184    3.5603   -7.0790
    26  236  1060  -24.2180    3.5602   -7.0789
    27  235  1061  -24.2181    3.5610   -7.0788
    28  234  1062  -24.2180    3.5619   -7.0787
    29  233  1063  -24.2188    3.5617   -7.0782
    30  231  1063  -24.2194    3.5623   -7.0785
    31  230  1063  -24.2199    3.5622   -7.0785
    32  229  1063  -24.2201    3.5626   -7.0787
    33  228  1064  -24.2195    3.5642   -7.0789
    34  226  1065  -24.2204    3.5645   -7.0786
    35  225  1066  -24.2203    3.5655   -7.0785
    36  224  1067  -24.2205    3.5661   -7.0783
    37  223  1068  -24.2204    3.5670   -7.0783
    38  220  1069  -24.2211    3.5683   -7.0784
    39  221  1069  -24.2210    3.5677   -7.0781
    40  217  1070  -24.2222    3.5690   -7.0783
    41  218  1070  -24.2217    3.5689   -7.0782
    42  216  1071  -24.2216    3.5705   -7.0784
    43  215  1071  -24.2200    3.5731   -7.0793
    44  214  1071  -24.2218    3.5715   -7.0788
    45  211  1072  -24.2223    3.5730   -7.0790
    46  212  1072  -24.2224    3.5722   -7.0787
    47  209  1073  -24.2227    3.5740   -7.0790
    48  208  1074  -24.2228    3.5747   -7.0789
    49  207  1074  -24.2225    3.5756   -7.0792
    50  206  1074  -24.2228    3.5759   -7.0794
    51  204  1075  -24.2233    3.5767   -7.0793
    52  205  1075  -24.2232    3.5762   -7.0791
    53  202  1076  -24.2233    3.5781   -7.0794
    54  199  1077  -24.2239    3.5795   -7.0796
    55  201  1077  -24.2230    3.5794   -7.0795
    56  198  1078  -24.2225    3.5820   -7.0801
    57  197  1078  -24.2227    3.5824   -7.0802
    58  195  1079  -24.2235    3.5829   -7.0801
    59  194  1080  -24.2233    3.5839   -7.0800
    60  192  1081  -24.2207    3.5885   -7.0812
    61  193  1081  -24.2212    3.5873   -7.0807
    62  191  1082  -24.2230    3.5866   -7.0801
    63  190  1082  -24.2229    3.5872   -7.0804
    64  189  1082  -24.2240    3.5865   -7.0802
    65  186  1083  -24.2230    3.5898   -7.0810
    66  187  1083  -24.2241    3.5879   -7.0803
    67  185  1084  -24.2254    3.5878   -7.0798
    68  183  1085  -24.2231    3.5920   -7.0809
    69  184  1085  -24.2248    3.5894   -7.0800
    70  179  1088  -24.2245    3.5934   -7.0802
    71  178  1088  -24.2252    3.5932   -7.0802
    72  177  1089  -24.2229    3.5967   -7.0810
    73  176  1089  -24.2254    3.5944   -7.0802
    74  178  1089  -24.2246    3.5941   -7.0800
    75  176  1090  -24.2247    3.5954   -7.0802
    76  174  1091  -24.2246    3.5969   -7.0803
    77  175  1091  -24.2237    3.5974   -7.0805
    78  172  1092  -24.2249    3.5981   -7.0804
    79  173  1092  -24.2243    3.5981   -7.0803
    80  172  1093  -24.2240    3.5993   -7.0804
    81  172  1094  -24.2232    3.6005   -7.0803
    82  172  1095  -24.2221    3.6020   -7.0804
    83  171  1096  -24.2222    3.6026   -7.0802
    84  171  1097  -24.2215    3.6037   -7.0802
    85  170  1098  -24.2211    3.6050   -7.0802
    86  170  1099  -24.2197    3.6068   -7.0804
    87  169  1100  -24.2185    3.6091   -7.0809
    88  167  1101  -24.2184    3.6106   -7.0810
    89  166  1102  -24.2178    3.6121   -7.0811
    90  166  1104  -24.2166    3.6140   -7.0810
    91  166  1105  -24.2177    3.6129   -7.0801
    92  165  1106  -24.2174    3.6140   -7.0800
    93  165  1107  -24.2161    3.6157   -7.0802
    94  164  1107  -24.2167    3.6157   -7.0802
    95  164  1108  -24.2173    3.6152   -7.0796
    96  163  1109  -24.2171    3.6162   -7.0795
    97  162  1109  -24.2174    3.6164   -7.0796
    98  164  1109  -24.2168    3.6159   -7.0794
    99  159  1110  -24.2186    3.6170   -7.0795
   100  160  1110  -24.2177    3.6175   -7.0797
   101  161  1110  -24.2175    3.6172   -7.0795
   102  159  1111  -24.2183    3.6176   -7.0793
   103  156  1112  -24.2205    3.6171   -7.0788
   104  155  1113  -24.2196    3.6189   -7.0790
   105  154  1113  -24.2199    3.6191   -7.0791
   106  156  1113  -24.2196    3.6183   -7.0788
   107  152  1114  -24.2203    3.6201   -7.0791
   108  154  1114  -24.2206    3.6186   -7.0785
   109  152  1115  -24.2205    3.6200   -7.0786
   110  151  1115  -24.2205    3.6207   -7.0789
   111  150  1115  -24.2211    3.6206   -7.0789
   112  147  1116  -24.2216    3.6221   -7.0791
   113  149  1116  -24.2219    3.6205   -7.0785
   114  145  1117  -24.2206    3.6246   -7.0796
   115  144  1117  -24.2219    3.6237   -7.0794
   116  143  1117  -24.2197    3.6270   -7.0805
   117  142  1117  -24.2215    3.6254   -7.0800
   118  140  1117  -24.2221    3.6259   -7.0803
   119  146  1117  -24.2213    3.6232   -7.0791
   120  140  1118  -24.2216    3.6268   -7.0801
   121  137  1119  -24.2214    3.6290   -7.0806
   122  138  1119  -24.2213    3.6285   -7.0804
   123  137  1120  -24.2214    3.6292   -7.0802
   124  136  1121  -24.2205    3.6310   -7.0804
   125  135  1121  -24.2213    3.6307   -7.0804
   126  134  1122  -24.2216    3.6312   -7.0802
   127  135  1122  -24.2210    3.6312   -7.0801
   128  125  1132  -24.2211    3.6391   -7.0789
   129  125  1133  -24.2202    3.6404   -7.0789
   130  125  1134  -24.2200    3.6409   -7.0786
   131  126  1134  -24.2195    3.6409   -7.0786
   132  127  1135  -24.2186    3.6415   -7.0783
   133  126  1135  -24.2196    3.6409   -7.0782
   134  128  1136  -24.2185    3.6412   -7.0777
   135  129  1136  -24.2176    3.6417   -7.0779
   136  131  1136  -24.2184    3.6395   -7.0770
   137  133  1136  -24.2164    3.6406   -7.0773
   138  127  1136  -24.2187    3.6416   -7.0779

    1  222   994  -24.2622    3.5023   -7.0898
    2  221   994  -24.2629    3.5022   -7.0897
    3  223   994  -24.2637    3.4998   -7.0889
    4  220   995  -24.2623    3.5036   -7.0898
    5  219   995  -24.2628    3.5037   -7.0899
    6  221   995  -24.2631    3.5021   -7.0892
    7  219   996  -24.2629    3.5037   -7.0895
    8  219   997  -24.2618    3.5053   -7.0896
    9  219   998  -24.2629    3.5041   -7.0887
   10  218   998  -24.2615    3.5064   -7.0895
   11  218   999  -24.2626    3.5053   -7.0887
   12  218  1000  -24.2614    3.5070   -7.0888
   13  216  1001  -24.2601    3.5100   -7.0894
   14  217  1001  -24.2607    3.5087   -7.0890
   15  214  1002  -24.2587    3.5133   -7.0902
   16  213  1002  -24.2591    3.5134   -7.0902
   17  212  1002  -24.2590    3.5141   -7.0905
   18  211  1002  -24.2594    3.5143   -7.0906
   19  210  1003  -24.2581    3.5167   -7.0911
   20  210  1004  -24.2571    3.5181   -7.0911
   21  209  1004  -24.2579    3.5178   -7.0910
   22  208  1005  -24.2582    3.5182   -7.0907
   23  206  1006  -24.2571    3.5210   -7.0913
   24  205  1006  -24.2583    3.5202   -7.0911
   25  207  1006  -24.2578    3.5195   -7.0908
   26  202  1007  -24.2612    3.5188   -7.0903
   27  204  1007  -24.2597    3.5193   -7.0904
   28  201  1008  -24.2614    3.5194   -7.0901
   29  200  1008  -24.2616    3.5197   -7.0903
   30  199  1008  -24.2611    3.5210   -7.0907
   31  197  1008  -24.2618    3.5213   -7.0910
   32  195  1008  -24.2620    3.5224   -7.0914
   33  194  1008  -24.2631    3.5217   -7.0912
   34  191  1009  -24.2616    3.5256   -7.0922
   35  193  1009  -24.2602    3.5261   -7.0923
   36  189  1011  -24.2626    3.5261   -7.0916
   37  190  1011  -24.2625    3.5256   -7.0913
   38  186  1012  -24.2642    3.5263   -7.0913
   39  187  1012  -24.2644    3.5254   -7.0910
   40  184  1013  -24.2641    3.5279   -7.0915
   41  183  1013  -24.2622    3.5307   -7.0925
   42  181  1014  -24.2622    3.5322   -7.0927
   43  178  1015  -24.2634    3.5328   -7.0926
   44  179  1015  -24.2619    3.5340   -7.0929
   45  177  1016  -24.2665    3.5299   -7.0911
   46  175  1017  -24.2692    3.5281   -7.0902
   47  173  1018  -24.2703    3.5283   -7.0899
   48  174  1018  -24.2698    3.5282   -7.0898
   49  171  1019  -24.2708    3.5292   -7.0898
   50  172  1019  -24.2702    3.5293   -7.0898
   51  169  1020  -24.2704    3.5311   -7.0901
   52  167  1021  -24.2716    3.5311   -7.0897
   53  165  1022  -24.2749    3.5286   -7.0885
   54  166  1022  -24.2740    3.5291   -7.0886
   55  162  1023  -24.2743    3.5313   -7.0891
   56  162  1024  -24.2732    3.5329   -7.0892
   57  160  1025  -24.2729    3.5347   -7.0894
   58  161  1025  -24.2735    3.5334   -7.0889
   59  159  1026  -24.2748    3.5333   -7.0885
   60  159  1027  -24.2740    3.5344   -7.0884
   61  158  1028  -24.2718    3.5379   -7.0892
   62  157  1029  -24.2739    3.5362   -7.0882
   63  154  1030  -24.2724    3.5401   -7.0892
   64  154  1031  -24.2708    3.5422   -7.0895
   65  153  1032  -24.2696    3.5445   -7.0899
   66  152  1033  -24.2712    3.5434   -7.0890
   67  153  1033  -24.2687    3.5458   -7.0899
   68  151  1034  -24.2663    3.5500   -7.0910
   69  152  1034  -24.2666    3.5491   -7.0906
   70  150  1035  -24.2639    3.5537   -7.0919
   71  148  1035  -24.2661    3.5523   -7.0914
   72  147  1036  -24.2664    3.5529   -7.0912
   73  148  1036  -24.2676    3.5508   -7.0904
   74  145  1038  -24.2662    3.5547   -7.0910
   75  143  1039  -24.2659    3.5565   -7.0913
   76  144  1039  -24.2660    3.5558   -7.0909
   77  140  1041  -24.2638    3.5613   -7.0921
   78  141  1041  -24.2645    3.5598   -7.0916
   79  140  1042  -24.2639    3.5614   -7.0917

    1  151   984  -24.2905    3.5111   -7.1005
    2  152   984  -24.2902    3.5108   -7.1003
    3  150   985  -24.2914    3.5108   -7.1000
    4  149   985  -24.2901    3.5130   -7.1007
    5  147   985  -24.2861    3.5190   -7.1028
    6  145   985  -24.2886    3.5173   -7.1024
    7  144   985  -24.2886    3.5180   -7.1026
    8  142   986  -24.2867    3.5217   -7.1035
    9  143   986  -24.2898    3.5174   -7.1020
   10  140   987  -24.2891    3.5203   -7.1027
   11  141   987  -24.2893    3.5194   -7.1023
   12  139   988  -24.2890    3.5212   -7.1026
   13  137   989  -24.2889    3.5229   -7.1028
   14  136   989  -24.2899    3.5223   -7.1026
   15  134   989  -24.2900    3.5233   -7.1031
   16  133   990  -24.2891    3.5253   -7.1033
   17  131   991  -24.2889    3.5270   -7.1036
   18  129   992  -24.2870    3.5306   -7.1044
   19  126   992  -24.2915    3.5272   -7.1034
   20  130   992  -24.2893    3.5273   -7.1032
   21  126   993  -24.2858    3.5342   -7.1053
   22  125   994  -24.2898    3.5302   -7.1036
   23  124   994  -24.2913    3.5291   -7.1032
   24  122   995  -24.2922    3.5295   -7.1030
   25  123   995  -24.2905    3.5309   -7.1034
   26  121   996  -24.2915    3.5311   -7.1031
   27  120   996  -24.2926    3.5304   -7.1030
   28  119   996  -24.2943    3.5290   -7.1025
   29  118   996  -24.2962    3.5274   -7.1020
   30  116   997  -24.2963    3.5288   -7.1021
   31  117   997  -24.2965    3.5279   -7.1017
   32  115   998  -24.2982    3.5273   -7.1012
   33  114   999  -24.2984    3.5279   -7.1010
   34  113   999  -24.2993    3.5275   -7.1009
   35  111   999  -24.2978    3.5305   -7.1020
   36  110   999  -24.2975    3.5315   -7.1023
   37  109  1000  -24.2971    3.5328   -7.1024
   38  108  1001  -24.2982    3.5322   -7.1018
   39  106  1002  -24.2986    3.5333   -7.1018
   40  105  1003  -24.2990    3.5336   -7.1015
   41  103  1003  -24.2983    3.5357   -7.1023
   42  102  1004  -24.2978    3.5371   -7.1023
   43  101  1004  -24.2982    3.5373   -7.1024
   44  103  1004  -24.2972    3.5372   -7.1023
   45   99  1005  -24.2967    3.5405   -7.1032
   46   99  1006  -24.2956    3.5420   -7.1032
   47   99  1008  -24.2941    3.5441   -7.1030
   48   99  1009  -24.2938    3.5447   -7.1028
   49  100  1010  -24.2937    3.5445   -7.1022
   50  100  1011  -24.2935    3.5449   -7.1018
   51  101  1012  -24.2924    3.5458   -7.1016
   52  100  1012  -24.2925    3.5463   -7.1019

     1  156  893  -24.3418    3.4278   -7.1144
     2  156  894  -24.3421    3.4276   -7.1139
     3  157  895  -24.3405    3.4291   -7.1138
     4  156  895  -24.3414    3.4287   -7.1137
     5  157  896  -24.3391    3.4310   -7.1140
     6  158  896  -24.3393    3.4302   -7.1137
     7  159  896  -24.3392    3.4296   -7.1134
     8  159  897  -24.3423    3.4261   -7.1119
     9  160  898  -24.3361    3.4331   -7.1136
    10  161  899  -24.3346    3.4345   -7.1136
    11  160  899  -24.3352    3.4345   -7.1136
    12  161  900  -24.3335    3.4360   -7.1136
    13  160  900  -24.3337    3.4364   -7.1138
    14  160  901  -24.3332    3.4373   -7.1136
    15  160  902  -24.3327    3.4380   -7.1134
    16  159  902  -24.3337    3.4375   -7.1133
    17  158  902  -24.3352    3.4363   -7.1129
    18  157  902  -24.3333    3.4393   -7.1139
    19  156  902  -24.3348    3.4381   -7.1136
    20  155  903  -24.3332    3.4409   -7.1141
    21  154  903  -24.3343    3.4402   -7.1139
    22  153  903  -24.3333    3.4420   -7.1145
    23  152  903  -24.3330    3.4430   -7.1149
    24  156  903  -24.3336    3.4397   -7.1136
    25  152  904  -24.3398    3.4351   -7.1119
    26  151  904  -24.3350    3.4414   -7.1140
    27  150  904  -24.3348    3.4424   -7.1144
    28  150  905  -24.3357    3.4414   -7.1136
    29  149  905  -24.3355    3.4423   -7.1140
    30  148  905  -24.3354    3.4431   -7.1142
    31  147  905  -24.3371    3.4416   -7.1138
    32  146  905  -24.3376    3.4417   -7.1139
    33  145  905  -24.3376    3.4424   -7.1142
    34  144  905  -24.3376    3.4431   -7.1144
    35  143  905  -24.3386    3.4425   -7.1143
    36  142  905  -24.3375    3.4444   -7.1150
    37  141  905  -24.3375    3.4451   -7.1152
    38  141  906  -24.3364    3.4466   -7.1153
    39  140  906  -24.3365    3.4470   -7.1155
    40  139  906  -24.3367    3.4475   -7.1157
    41  137  907  -24.3366    3.4491   -7.1158
    42  136  907  -24.3365    3.4499   -7.1161
    43  138  907  -24.3365    3.4486   -7.1156
    44  135  908  -24.3382    3.4486   -7.1153
    45  134  908  -24.3365    3.4513   -7.1162
    46  136  908  -24.3367    3.4498   -7.1156
    47  134  909  -24.3389    3.4486   -7.1149
    48  133  909  -24.3385    3.4498   -7.1153
    49  132  909  -24.3391    3.4498   -7.1153
    50  132  910  -24.3381    3.4512   -7.1153
    51  130  911  -24.3384    3.4522   -7.1153
    52  131  911  -24.3384    3.4516   -7.1151
    53  130  912  -24.3372    3.4539   -7.1154
    54  129  912  -24.3376    3.4540   -7.1155
    55  128  912  -24.3369    3.4555   -7.1160
    56  127  912  -24.3352    3.4582   -7.1169
    57  126  912  -24.3332    3.4612   -7.1179
    58  125  912  -24.3329    3.4622   -7.1183
    59  124  912  -24.3334    3.4622   -7.1183
    60  122  912  -24.3350    3.4616   -7.1182
    61  121  912  -24.3398    3.4565   -7.1167
    62  120  912  -24.3426    3.4537   -7.1158
    63  119  912  -24.3461    3.4502   -7.1147
    64  118  912  -24.3460    3.4509   -7.1150
    65  117  912  -24.3466    3.4509   -7.1151
    66  116  912  -24.3464    3.4518   -7.1154
    67  115  912  -24.3455    3.4535   -7.1160
    68  114  912  -24.3435    3.4566   -7.1170
    69  113  912  -24.3437    3.4570   -7.1172
    70  112  912  -24.3437    3.4575   -7.1174
    71  111  912  -24.3441    3.4577   -7.1176
    72  110  912  -24.3449    3.4574   -7.1175
    73  123  912  -24.3337    3.4625   -7.1185
    74  108  913  -24.3466    3.4568   -7.1170
    75  107  913  -24.3476    3.4563   -7.1169
    76  109  913  -24.3454    3.4576   -7.1172
    77  107  914  -24.3471    3.4570   -7.1166
    78  106  914  -24.3486    3.4559   -7.1163
    79  105  914  -24.3496    3.4554   -7.1162
    80   95  914  -24.3525    3.4582   -7.1177
    81   96  914  -24.3534    3.4566   -7.1171
    82   97  914  -24.3475    3.4629   -7.1190
    83   98  914  -24.3482    3.4614   -7.1185
    84   99  914  -24.3469    3.4623   -7.1188
    85  100  914  -24.3493    3.4588   -7.1176
    86  101  914  -24.3498    3.4576   -7.1172
    87  102  914  -24.3494    3.4575   -7.1171
    88  103  914  -24.3485    3.4579   -7.1171
    89  104  914  -24.3495    3.4561   -7.1165
    90   95  915  -24.3512    3.4600   -7.1178
    91   94  915  -24.3519    3.4598   -7.1178
    92   93  915  -24.3540    3.4579   -7.1172
    93   92  915  -24.3527    3.4601   -7.1179
    94   91  915  -24.3536    3.4597   -7.1179
    95   90  915  -24.3520    3.4622   -7.1187
    96   88  915  -24.3529    3.4624   -7.1189
    97   87  915  -24.3537    3.4622   -7.1188
    98   86  915  -24.3544    3.4619   -7.1188
    99   85  915  -24.3534    3.4637   -7.1194
   100   84  915  -24.3546    3.4629   -7.1192
   101   83  915  -24.3554    3.4626   -7.1191
   102   82  915  -24.3552    3.4635   -7.1195
   103   81  915  -24.3548    3.4645   -7.1199
   104   89  915  -24.3532    3.4615   -7.1185
   105   78  916  -24.3567    3.4645   -7.1195
   106   77  916  -24.3562    3.4657   -7.1200
   108   79  916  -24.3552    3.4656   -7.1199
   109   80  916  -24.3554    3.4648   -7.1195

     1  335  754  -24.3696    3.2464   -7.1126
     2  336  754  -24.3700    3.2452   -7.1121
     3  335  755  -24.3709    3.2450   -7.1117
     4  334  755  -24.3709    3.2457   -7.1119
     5  333  755  -24.3712    3.2460   -7.1121
     6  332  755  -24.3727    3.2448   -7.1117
     7  330  756  -24.3716    3.2477   -7.1123
     8  329  756  -24.3710    3.2491   -7.1128
     9  331  756  -24.3718    3.2469   -7.1120
    10  328  757  -24.3684    3.2534   -7.1137
    11  326  758  -24.3692    3.2539   -7.1135
    12  327  758  -24.3669    3.2561   -7.1141
    13  324  759  -24.3692    3.2555   -7.1136
    14  325  759  -24.3723    3.2509   -7.1121
    15  322  760  -24.3731    3.2522   -7.1122
    16  323  760  -24.3664    3.2598   -7.1145
    17  322  761  -24.3697    3.2566   -7.1131
    18  321  761  -24.3743    3.2516   -7.1116
    19  319  762  -24.3755    3.2517   -7.1112
    20  318  762  -24.3747    3.2534   -7.1118
    21  320  762  -24.3754    3.2511   -7.1110
    22  317  763  -24.3735    3.2558   -7.1121
    23  316  764  -24.3756    3.2540   -7.1111
    24  315  764  -24.3789    3.2507   -7.1101
    25  314  765  -24.3777    3.2531   -7.1104
    26  312  766  -24.3783    3.2539   -7.1103
    27  313  766  -24.3715    3.2615   -7.1127
    28  312  767  -24.3674    3.2675   -7.1142
    29  311  767  -24.3687    3.2665   -7.1139
    30  310  767  -24.3694    3.2664   -7.1139
    31  308  768  -24.3722    3.2645   -7.1130
    32  307  768  -24.3714    3.2661   -7.1135
    33  309  768  -24.3695    3.2672   -7.1138
    34  307  769  -24.3699    3.2683   -7.1137
    35  306  769  -24.3717    3.2667   -7.1133
    36  305  769  -24.3738    3.2648   -7.1127
    37  304  769  -24.3750    3.2640   -7.1125
    38  303  769  -24.3740    3.2658   -7.1132
    39  301  770  -24.3683    3.2744   -7.1155
    40  300  770  -24.3676    3.2759   -7.1160
    41  299  770  -24.3688    3.2752   -7.1158
    42  302  770  -24.3706    3.2709   -7.1143
    43  297  771  -24.3667    3.2793   -7.1168
    44  298  771  -24.3679    3.2771   -7.1160
    45  296  772  -24.3680    3.2786   -7.1161
    46  297  772  -24.3668    3.2794   -7.1163
    47  295  773  -24.3668    3.2810   -7.1165
    48  294  773  -24.3676    3.2807   -7.1164
    49  293  774  -24.3662    3.2833   -7.1168
    50  294  774  -24.3665    3.2822   -7.1164
    51  292  775  -24.3626    3.2886   -7.1181
    52  291  775  -24.3651    3.2862   -7.1174
    53  291  776  -24.3639    3.2878   -7.1174
    54  290  776  -24.3656    3.2865   -7.1170
    55  289  777  -24.3612    3.2928   -7.1186
    56  290  777  -24.3616    3.2915   -7.1182
    57  289  778  -24.3638    3.2897   -7.1172
    58  288  779  -24.3622    3.2926   -7.1177
    59  289  779  -24.3609    3.2936   -7.1179
    60  287  780  -24.3630    3.2925   -7.1172
    61  288  780  -24.3629    3.2920   -7.1170
    62  287  781  -24.3639    3.2916   -7.1164
    63  286  781  -24.3623    3.2942   -7.1173
    64  284  782  -24.3658    3.2915   -7.1161
    65  285  782  -24.3610    3.2968   -7.1177
    66  286  782  -24.3640    3.2924   -7.1163
    67  283  782  -24.3640    3.2943   -7.1170
    68  282  782  -24.3641    3.2949   -7.1173
    69  280  783  -24.3679    3.2918   -7.1159
    70  281  783  -24.3677    3.2914   -7.1157
    71  279  784  -24.3691    3.2911   -7.1153
    72  278  784  -24.3700    3.2907   -7.1152
    73  277  784  -24.3706    3.2906   -7.1152
    74  280  784  -24.3691    3.2905   -7.1150
    75  249  785  -24.3749    3.3043   -7.1205
    76  253  785  -24.3741    3.3026   -7.1198
    77  250  785  -24.3746    3.3040   -7.1204
    78  277  785  -24.3694    3.2924   -7.1153
    79  276  786  -24.3698    3.2927   -7.1150
    80  274  786  -24.3717    3.2917   -7.1148
    81  273  786  -24.3738    3.2897   -7.1143
    82  272  786  -24.3774    3.2860   -7.1132
    83  271  786  -24.3773    3.2868   -7.1135
    84  254  786  -24.3730    3.3034   -7.1195
    85  255  786  -24.3774    3.2974   -7.1176
    86  256  786  -24.3751    3.2995   -7.1183
    87  257  786  -24.3712    3.3037   -7.1195
    88  258  786  -24.3725    3.3013   -7.1187
    89  259  786  -24.3697    3.3042   -7.1195
    90  266  786  -24.3738    3.2945   -7.1162
    91  265  786  -24.3693    3.3007   -7.1181
    92  264  786  -24.3723    3.2977   -7.1172
    93  263  786  -24.3714    3.2994   -7.1178
    94  262  786  -24.3710    3.3006   -7.1183
    95  261  786  -24.3735    3.2981   -7.1176
    96  260  786  -24.3713    3.3016   -7.1187
    97  277  786  -24.3668    3.2958   -7.1159
    98  268  787  -24.3744    3.2926   -7.1150
    99  269  787  -24.3780    3.2875   -7.1134
   100  270  787  -24.3768    3.2882   -7.1135
   101  271  787  -24.3734    3.2918   -7.1146
   102  267  787  -24.3710    3.2974   -7.1165
   103  266  787  -24.3726    3.2962   -7.1162

    1  278  828  -24.3351    3.3429   -7.1112
    2  278  829  -24.3352    3.3431   -7.1108
    3  277  830  -24.3331    3.3466   -7.1114
    4  276  830  -24.3347    3.3453   -7.1111
    5  278  830  -24.3342    3.3445   -7.1107
    6  275  831  -24.3355    3.3451   -7.1106
    7  274  831  -24.3364    3.3446   -7.1105
    8  276  831  -24.3346    3.3455   -7.1107
    9  274  832  -24.3348    3.3468   -7.1107
   10  273  832  -24.3365    3.3455   -7.1104
   11  272  832  -24.3363    3.3463   -7.1107
   12  271  832  -24.3356    3.3478   -7.1112
   13  269  833  -24.3370    3.3477   -7.1108
   14  270  833  -24.3357    3.3485   -7.1110
   15  268  834  -24.3369    3.3487   -7.1107
   16  269  834  -24.3348    3.3506   -7.1113
   17  267  835  -24.3363    3.3502   -7.1108
   18  266  835  -24.3375    3.3494   -7.1106
   19  265  835  -24.3379    3.3497   -7.1107
   20  264  835  -24.3397    3.3481   -7.1103
   21  263  835  -24.3400    3.3483   -7.1104
   22  262  836  -24.3357    3.3545   -7.1119
   23  261  836  -24.3399    3.3501   -7.1105
   24  260  836  -24.3446    3.3449   -7.1090
   25  259  836  -24.3431    3.3474   -7.1098
   26  253  836  -24.3438    3.3505   -7.1111
   27  254  836  -24.3447    3.3487   -7.1105
   28  255  836  -24.3422    3.3511   -7.1112
   29  256  836  -24.3413    3.3516   -7.1113
   30  257  836  -24.3443    3.3472   -7.1098
   31  258  836  -24.3419    3.3495   -7.1105
   32  252  837  -24.3435    3.3518   -7.1111
   33  253  837  -24.3426    3.3521   -7.1111
   34  251  838  -24.3407    3.3560   -7.1120
   35  252  838  -24.3395    3.3568   -7.1122
   36  251  839  -24.3433    3.3530   -7.1107
   37  250  839  -24.3431    3.3540   -7.1110
   38  249  839  -24.3397    3.3587   -7.1126
   39  247  840  -24.3355    3.3654   -7.1143
   40  246  840  -24.3358    3.3657   -7.1144
   41  248  840  -24.3384    3.3611   -7.1130
   42  246  841  -24.3337    3.3685   -7.1150
   43  245  841  -24.3364    3.3658   -7.1141
   44  244  841  -24.3377    3.3650   -7.1139
   45  243  841  -24.3414    3.3610   -7.1127
   46  242  841  -24.3409    3.3622   -7.1131
   47  240  842  -24.3359    3.3699   -7.1151
   48  241  842  -24.3377    3.3671   -7.1142
   49  238  843  -24.3406    3.3657   -7.1134
   50  239  843  -24.3398    3.3660   -7.1135
   51  237  844  -24.3394    3.3681   -7.1138
   52  236  844  -24.3396    3.3685   -7.1140
   53  235  844  -24.3391    3.3697   -7.1144
   54  234  845  -24.3389    3.3708   -7.1143
   55  233  845  -24.3399    3.3703   -7.1142
   56  235  845  -24.3385    3.3707   -7.1142

     1  985  581  -24.2759    2.8643   -7.0437
     2  985  582  -24.2752    2.8654   -7.0435
     3  985  583  -24.2749    2.8661   -7.0433
     4  985  584  -24.2738    2.8679   -7.0433
     5  987  584  -24.2730    2.8674   -7.0431
     6  986  584  -24.2736    2.8674   -7.0431
     7  987  585  -24.2724    2.8685   -7.0429
     8  987  586  -24.2718    2.8696   -7.0427
     9  984  587  -24.2728    2.8707   -7.0428
    10  987  587  -24.2709    2.8710   -7.0427
    11  983  587  -24.2742    2.8695   -7.0425
    12  986  587  -24.2709    2.8717   -7.0430
    13  985  587  -24.2732    2.8693   -7.0423
    14  980  588  -24.2736    2.8728   -7.0431
    15  972  588  -24.2783    2.8723   -7.0435
    16  983  588  -24.2737    2.8704   -7.0423
    17  982  588  -24.2726    2.8727   -7.0430
    18  981  588  -24.2728    2.8731   -7.0432
    19  973  588  -24.2740    2.8776   -7.0450
    20  979  588  -24.2731    2.8743   -7.0436
    21  978  588  -24.2735    2.8745   -7.0438
    22  977  588  -24.2698    2.8803   -7.0456
    23  976  588  -24.2712    2.8791   -7.0453
    24  975  588  -24.2718    2.8790   -7.0453
    25  974  588  -24.2711    2.8808   -7.0459
    26  971  588  -24.2818    2.8683   -7.0423
    27  982  589  -24.2727    2.8728   -7.0425
    28  981  589  -24.2724    2.8740   -7.0429
    29  970  589  -24.2846    2.8654   -7.0410
    30  969  589  -24.2825    2.8690   -7.0422
    31  968  589  -24.2843    2.8673   -7.0417
    32  967  589  -24.2863    2.8653   -7.0412
    33  966  590  -24.2851    2.8679   -7.0415
    34  951  593  -24.2825    2.8836   -7.0456
    35  950  593  -24.2832    2.8835   -7.0456
    36  949  593  -24.2844    2.8825   -7.0453
    37  952  593  -24.2818    2.8838   -7.0456
    38  949  594  -24.2818    2.8863   -7.0460
    39  948  594  -24.2829    2.8856   -7.0458
    40  947  594  -24.2812    2.8886   -7.0468
    41  946  595  -24.2811    2.8898   -7.0467
    42  947  595  -24.2812    2.8889   -7.0464
    43  944  596  -24.2820    2.8903   -7.0465
    44  946  596  -24.2812    2.8899   -7.0463
    45  943  597  -24.2814    2.8921   -7.0466
    46  942  597  -24.2823    2.8916   -7.0465
    47  944  597  -24.2836    2.8883   -7.0454
    48  942  598  -24.2851    2.8879   -7.0449
    49  941  598  -24.2849    2.8890   -7.0453
    50  940  598  -24.2861    2.8882   -7.0451
    51  939  599  -24.2882    2.8861   -7.0441
    52  940  599  -24.2863    2.8881   -7.0446
    53  937  600  -24.2902    2.8851   -7.0434
    54  936  600  -24.2844    2.8938   -7.0461
    55  935  600  -24.2848    2.8941   -7.0463
    56  938  600  -24.2878    2.8877   -7.0441
    57  920  604  -24.2883    2.9014   -7.0474
    58  919  604  -24.2889    2.9014   -7.0474
    59  918  604  -24.2910    2.8992   -7.0468
    60  917  604  -24.2945    2.8952   -7.0456
    61  916  604  -24.2929    2.8982   -7.0466
    62  915  605  -24.2937    2.8980   -7.0461
    63  913  606  -24.2908    2.9037   -7.0475
    64  914  606  -24.2928    2.9003   -7.0464
    65  912  607  -24.2881    2.9084   -7.0485
    66  911  607  -24.2906    2.9057   -7.0477
    67  910  607  -24.2907    2.9063   -7.0479
    68  909  607  -24.2919    2.9055   -7.0477
    69  908  607  -24.2919    2.9063   -7.0480
    70  907  607  -24.2920    2.9069   -7.0483
    71  906  607  -24.2834    2.9193   -7.0521
    72  889  612  -24.2915    2.9221   -7.0514
    73  887  613  -24.2876    2.9292   -7.0532
    74  888  613  -24.2884    2.9273   -7.0526
    75  886  614  -24.2909    2.9257   -7.0517
    76  885  614  -24.2908    2.9266   -7.0520
    77  884  614  -24.2925    2.9249   -7.0516
    78  887  614  -24.2882    2.9286   -7.0525
    79  882  615  -24.2901    2.9300   -7.0527
    80  883  615  -24.2890    2.9307   -7.0529
    81  881  616  -24.2899    2.9313   -7.0527
    82  882  616  -24.2873    2.9340   -7.0535
    83  879  617  -24.2958    2.9249   -7.0504
    84  878  617  -24.2948    2.9269   -7.0511
    85  880  617  -24.2940    2.9266   -7.0509
    86  877  618  -24.2950    2.9278   -7.0509
    87  876  618  -24.2930    2.9312   -7.0520
    88  875  618  -24.2939    2.9307   -7.0519
    89  874  618  -24.2929    2.9328   -7.0526
    90  873  619  -24.2913    2.9360   -7.0532
    91  872  619  -24.2906    2.9376   -7.0537
    92  874  619  -24.2908    2.9358   -7.0531
    93  839  630  -24.3072    2.9423   -7.0514
    94  840  630  -24.2907    2.9638   -7.0580
    95  837  631  -24.2923    2.9640   -7.0578
    96  837  632  -24.2836    2.9760   -7.0610
    99  834  632  -24.3156    2.9350   -7.0485
   100  833  632  -24.3124    2.9401   -7.0502
   101  832  632  -24.2921    2.9682   -7.0589
   102  831  632  -24.2914    2.9698   -7.0594
   103  827  633  -24.2966    2.9661   -7.0580
   104  825  634  -24.2941    2.9712   -7.0592
   105  824  635  -24.3008    2.9631   -7.0563
   106  825  635  -24.3010    2.9620   -7.0559
   107  823  636  -24.3003    2.9647   -7.0563
   108  824  636  -24.3016    2.9622   -7.0555
   109  822  637  -24.2986    2.9679   -7.0569
   110  821  637  -24.2991    2.9680   -7.0570
   111  819  637  -24.3044    2.9624   -7.0553
   112  818  638  -24.3055    2.9618   -7.0547
   113  817  638  -24.3060    2.9619   -7.0548
   115  819  638  -24.3087    2.9568   -7.0531
   116  815  639  -24.3095    2.9589   -7.0535
   117  816  639  -24.3091    2.9587   -7.0534
   118  814  640  -24.3060    2.9646   -7.0549
   119  813  640  -24.3134    2.9553   -7.0520
   120  812  640  -24.3112    2.9590   -7.0533
   121  811  640  -24.3069    2.9655   -7.0553
   122  810  640  -24.3060    2.9675   -7.0559
   123  808  641  -24.3132    2.9595   -7.0531
   124  807  641  -24.3083    2.9669   -7.0555
   125  809  641  -24.3078    2.9660   -7.0551
   126  805  642  -24.3082    2.9687   -7.0556
   127  806  642  -24.3084    2.9677   -7.0553
   128  804  643  -24.3112    2.9657   -7.0543
   129  803  643  -24.3096    2.9685   -7.0552
   130  805  643  -24.3110    2.9652   -7.0541
   131  802  644  -24.3096    2.9695   -7.0551
   132  801  644  -24.3089    2.9711   -7.0556
   133  799  645  -24.3076    2.9746   -7.0563
   134  800  645  -24.3071    2.9745   -7.0563
   135  797  646  -24.3060    2.9784   -7.0571
   136  796  646  -24.3049    2.9806   -7.0579
   137  798  646  -24.3059    2.9778   -7.0569
   138  792  647  -24.3050    2.9836   -7.0585
   139  793  647  -24.3053    2.9825   -7.0581
   140  791  648  -24.3038    2.9862   -7.0589
   141  790  648  -24.3043    2.9863   -7.0590
   142  789  648  -24.3047    2.9865   -7.0591
   143  788  648  -24.3046    2.9873   -7.0594
   144  787  649  -24.3048    2.9881   -7.0592
   145  786  649  -24.3049    2.9886   -7.0594
   146  788  649  -24.3039    2.9886   -7.0593
   147  785  650  -24.3061    2.9880   -7.0588
   148  786  650  -24.3049    2.9889   -7.0590
   149  785  651  -24.3050    2.9896   -7.0588
   150  784  651  -24.3052    2.9901   -7.0590
   151  783  651  -24.3044    2.9919   -7.0596
   152  782  651  -24.3046    2.9924   -7.0598
   153  780  652  -24.3043    2.9945   -7.0601
   154  779  652  -24.3056    2.9935   -7.0598
   155  778  652  -24.3047    2.9955   -7.0605
   156  781  652  -24.3045    2.9935   -7.0597
   157  777  653  -24.3049    2.9962   -7.0603
   158  778  653  -24.3052    2.9951   -7.0599

     1  883  742  -24.2023    3.0771   -7.0370
     2  883  743  -24.2018    3.0779   -7.0368
     3  883  744  -24.2013    3.0789   -7.0366
     4  883  745  -24.2007    3.0800   -7.0364
     5  883  746  -24.2006    3.0803   -7.0360
     6  883  747  -24.2004    3.0808   -7.0357
     7  883  748  -24.2002    3.0813   -7.0354
     8  882  749  -24.2004    3.0820   -7.0352
     9  881  749  -24.2008    3.0821   -7.0353
    10  883  749  -24.2002    3.0815   -7.0350
    11  880  750  -24.2012    3.0826   -7.0350
    12  880  751  -24.2003    3.0839   -7.0350
    13  879  751  -24.1999    3.0852   -7.0354
    14  878  751  -24.2021    3.0830   -7.0348
    15  876  752  -24.2014    3.0856   -7.0353
    16  875  752  -24.2022    3.0852   -7.0352
    17  877  752  -24.2014    3.0849   -7.0350
    18  874  753  -24.2029    3.0852   -7.0348
    19  875  753  -24.2040    3.0830   -7.0340
    20  873  754  -24.2037    3.0850   -7.0343
    21  872  754  -24.2055    3.0833   -7.0338
    22  870  755  -24.2043    3.0867   -7.0345
    23  869  755  -24.2064    3.0845   -7.0339
    24  871  755  -24.2014    3.0898   -7.0354
    25  869  756  -24.2064    3.0847   -7.0334
    26  868  756  -24.2067    3.0851   -7.0336
    27  867  757  -24.2050    3.0883   -7.0342
    28  866  757  -24.2051    3.0889   -7.0344
    29  868  757  -24.2060    3.0863   -7.0335
    30  865  758  -24.2041    3.0912   -7.0347
    31  864  758  -24.2043    3.0916   -7.0349
    32  866  758  -24.2028    3.0922   -7.0350
    33  864  759  -24.2023    3.0945   -7.0354
    34  863  759  -24.2025    3.0950   -7.0356
    35  862  759  -24.2006    3.0983   -7.0367
    36  861  760  -24.1968    3.1043   -7.0382
    37  860  761  -24.1991    3.1021   -7.0370
    38  861  761  -24.1956    3.1062   -7.0384
    39  851  768  -24.1971    3.1129   -7.0375
    40  850  768  -24.1974    3.1132   -7.0377
    41  847  769  -24.2063    3.1037   -7.0343
    42  848  769  -24.1983    3.1136   -7.0375
    43  846  770  -24.2076    3.1028   -7.0336
    44  845  770  -24.2076    3.1035   -7.0339
    45  847  770  -24.2002    3.1120   -7.0365
    46  844  771  -24.2046    3.1085   -7.0351
    47  843  771  -24.2041    3.1099   -7.0356
    48  841  772  -24.2026    3.1136   -7.0364
    49  840  772  -24.2074    3.1078   -7.0346
    50  843  772  -24.2033    3.1112   -7.0355
    51  839  773  -24.2064    3.1100   -7.0349
    52  838  773  -24.2103    3.1055   -7.0336
    53  836  774  -24.2022    3.1180   -7.0371
    54  835  774  -24.2163    3.0999   -7.0315
    55  834  774  -24.2084    3.1111   -7.0351
    56  837  774  -24.2061    3.1121   -7.0352
    57  833  775  -24.2191    3.0977   -7.0304
    58  832  775  -24.2217    3.0949   -7.0296
    59  831  775  -24.2163    3.1029   -7.0322
    60  830  775  -24.2173    3.1023   -7.0320
    61  829  776  -24.2181    3.1021   -7.0315
    62  828  776  -24.2170    3.1043   -7.0323
    63  830  776  -24.2182    3.1013   -7.0312
    64  828  777  -24.2170    3.1047   -7.0319
    65  826  777  -24.2190    3.1033   -7.0315
    66  825  778  -24.2131    3.1123   -7.0340
    67  824  778  -24.2121    3.1143   -7.0347
    68  826  778  -24.2130    3.1116   -7.0337
    69  823  779  -24.2072    3.1218   -7.0366
    70  822  780  -24.2053    3.1252   -7.0373
    71  821  780  -24.2061    3.1249   -7.0373
    72  820  780  -24.2057    3.1262   -7.0377
    73  819  780  -24.2063    3.1261   -7.0377
    74  818  780  -24.2065    3.1264   -7.0379
    75  818  781  -24.2063    3.1270   -7.0376
    76  817  781  -24.2050    3.1295   -7.0385
    77  816  781  -24.2061    3.1287   -7.0383
    78  815  781  -24.2055    3.1302   -7.0388
    79  813  782  -24.2057    3.1316   -7.0388
    80  814  782  -24.2042    3.1328   -7.0392
    81  811  783  -24.2051    3.1341   -7.0393
    82  810  783  -24.2046    3.1355   -7.0397
    83  812  783  -24.2037    3.1352   -7.0396
    84  810  784  -24.2028    3.1380   -7.0401
    85  809  784  -24.2033    3.1381   -7.0402
    86  808  785  -24.2030    3.1394   -7.0401
    87  807  786  -24.2022    3.1414   -7.0404
    88  807  787  -24.2017    3.1424   -7.0402
    89  807  788  -24.2009    3.1436   -7.0401
    90  806  788  -24.2008    3.1444   -7.0404
    91  806  789  -24.2005    3.1450   -7.0402
    92  805  790  -24.2002    3.1464   -7.0402
    93  805  791  -24.2001    3.1467   -7.0399
    94  805  792  -24.2000    3.1471   -7.0396
    95  805  793  -24.1998    3.1476   -7.0392
    96  805  794  -24.1993    3.1484   -7.0390
    97  805  795  -24.1995    3.1484   -7.0386
    98  805  796  -24.1996    3.1484   -7.0381
    99  804  797  -24.2002    3.1485   -7.0377
   100  805  797  -24.1995    3.1488   -7.0378

     1  917  771  -24.1806    3.0884   -7.0251
     2  918  771  -24.1801    3.0883   -7.0251
     3  914  772  -24.1826    3.0880   -7.0247
     4  916  772  -24.1813    3.0883   -7.0247
     5  913  773  -24.1821    3.0896   -7.0247
     6  912  773  -24.1833    3.0888   -7.0245
     7  910  774  -24.1835    3.0901   -7.0246
     8  911  774  -24.1830    3.0901   -7.0245
     9  908  775  -24.1839    3.0913   -7.0246
    10  906  775  -24.1856    3.0905   -7.0244
    11  909  775  -24.1834    3.0913   -7.0245
    12  905  776  -24.1860    3.0908   -7.0241
    13  904  776  -24.1862    3.0912   -7.0243
    14  903  776  -24.1888    3.0885   -7.0235
    15  902  776  -24.1886    3.0895   -7.0238
    16  901  776  -24.1904    3.0877   -7.0233
    17  900  777  -24.1907    3.0882   -7.0231
    18  899  777  -24.1899    3.0901   -7.0237
    19  898  777  -24.1897    3.0910   -7.0240
    20  897  777  -24.1904    3.0908   -7.0240
    21  896  777  -24.1897    3.0925   -7.0246
    22  901  777  -24.1905    3.0878   -7.0229
    23  894  778  -24.1886    3.0956   -7.0252
    24  892  778  -24.1911    3.0937   -7.0247
    25  895  778  -24.1854    3.0993   -7.0263
    26  884  779  -24.1892    3.1021   -7.0274
    27  891  779  -24.1880    3.0989   -7.0260
    28  890  779  -24.1870    3.1010   -7.0267
    29  889  779  -24.1886    3.0994   -7.0263
    30  888  779  -24.1863    3.1032   -7.0275
    31  887  779  -24.1865    3.1037   -7.0277
    32  886  779  -24.1863    3.1047   -7.0281
    33  885  779  -24.1901    3.1003   -7.0268
    34  883  779  -24.1905    3.1012   -7.0272
    35  892  779  -24.1840    3.1036   -7.0274
    36  882  780  -24.1893    3.1037   -7.0276
    37  879  780  -24.1839    3.1132   -7.0307
    38  881  780  -24.1856    3.1094   -7.0294
    39  880  780  -24.1844    3.1117   -7.0302
    40  883  780  -24.1917    3.0998   -7.0263
    41  878  781  -24.1877    3.1090   -7.0290
    42  877  781  -24.1866    3.1112   -7.0297
    43  876  781  -24.1888    3.1089   -7.0291
    44  879  781  -24.1834    3.1141   -7.0305
    45  875  781  -24.1861    3.1134   -7.0305
    46  873  781  -24.1877    3.1126   -7.0304
    47  872  781  -24.1894    3.1110   -7.0299
    48  874  781  -24.1885    3.1108   -7.0297
    49  871  781  -24.1895    3.1116   -7.0302
    50  870  781  -24.1890    3.1130   -7.0306
    51  868  782  -24.1880    3.1159   -7.0312
    52  867  782  -24.1887    3.1158   -7.0312
    53  866  782  -24.1878    3.1177   -7.0318
    54  865  782  -24.1887    3.1172   -7.0317
    55  864  783  -24.1878    3.1193   -7.0320
    56  863  783  -24.1878    3.1201   -7.0323
    57  862  783  -24.1882    3.1202   -7.0324
    58  865  783  -24.1877    3.1187   -7.0318
    59  861  784  -24.1887    3.1205   -7.0320
    60  862  784  -24.1876    3.1213   -7.0322
    61  861  785  -24.1877    3.1222   -7.0321
    62  861  786  -24.1881    3.1218   -7.0315
    63  860  786  -24.1892    3.1210   -7.0313
    64  860  787  -24.1887    3.1220   -7.0311
    65  860  788  -24.1879    3.1232   -7.0310
    66  860  789  -24.1878    3.1236   -7.0306
    67  860  790  -24.1884    3.1230   -7.0300
    68  860  791  -24.1886    3.1229   -7.0295
    69  860  792  -24.1882    3.1237   -7.0293
    70  860  793  -24.1880    3.1242   -7.0289
    71  859  793  -24.1877    3.1253   -7.0293
    72  858  794  -24.1863    3.1281   -7.0298
    73  857  794  -24.1879    3.1266   -7.0294
    74  856  794  -24.1884    3.1267   -7.0295
    75  855  794  -24.1884    3.1275   -7.0298
    76  855  795  -24.1883    3.1279   -7.0294
    77  854  795  -24.1883    3.1285   -7.0296
    78  854  796  -24.1889    3.1279   -7.0290
    79  851  797  -24.1877    3.1319   -7.0299
    80  853  797  -24.1871    3.1312   -7.0296
    81  852  797  -24.1871    3.1320   -7.0299
    82  849  798  -24.1858    3.1361   -7.0309
    83  850  798  -24.1839    3.1380   -7.0315
    84  847  799  -24.1819    3.1430   -7.0327
    85  849  799  -24.1847    3.1378   -7.0310
    86  848  799  -24.1837    3.1398   -7.0317
    87  846  799  -24.1861    3.1380   -7.0312
    88  846  800  -24.1817    3.1442   -7.0327
    89  845  800  -24.1859    3.1392   -7.0312
    90  844  800  -24.1881    3.1371   -7.0305
    91  844  801  -24.1862    3.1398   -7.0309
    92  843  801  -24.1815    3.1468   -7.0332
    93  841  801  -24.1795    3.1509   -7.0347
    94  840  801  -24.1787    3.1528   -7.0353
    95  842  801  -24.1801    3.1495   -7.0341
    96  839  801  -24.1794    3.1525   -7.0352
    97  839  802  -24.1782    3.1543   -7.0354
    98  838  802  -24.1826    3.1491   -7.0337
    99  837  803  -24.1797    3.1539   -7.0348
   100  836  803  -24.1811    3.1527   -7.0345
   101  836  804  -24.1811    3.1530   -7.0341
   102  835  805  -24.1805    3.1548   -7.0343
   103  834  805  -24.1809    3.1549   -7.0344
   104  833  805  -24.1812    3.1552   -7.0345
   105  832  806  -24.1812    3.1561   -7.0344
   106  833  806  -24.1803    3.1567   -7.0345

    1  483  526  -24.4879    2.9421   -7.1230
    2  482  527  -24.4864    2.9450   -7.1234
    3  483  527  -24.4869    2.9437   -7.1229
    4  481  528  -24.4847    2.9482   -7.1239
    5  482  528  -24.4851    2.9470   -7.1234
    6  481  529  -24.4844    2.9488   -7.1235
    7  481  530  -24.4849    2.9483   -7.1229
    8  481  531  -24.4839    2.9499   -7.1229
    9  481  532  -24.4822    2.9523   -7.1231
   10  480  533  -24.4828    2.9525   -7.1227
   11  479  534  -24.4829    2.9533   -7.1225
   12  478  534  -24.4817    2.9555   -7.1232
   13  478  535  -24.4812    2.9565   -7.1230
   14  478  536  -24.4808    2.9573   -7.1227
   15  479  537  -24.4808    2.9567   -7.1220
   16  478  537  -24.4814    2.9567   -7.1220
   17  479  538  -24.4806    2.9572   -7.1217
   18  479  539  -24.4790    2.9595   -7.1218
   19  478  539  -24.4799    2.9591   -7.1218
   20  476  540  -24.4790    2.9619   -7.1222
   21  475  540  -24.4786    2.9631   -7.1227
   22  477  540  -24.4798    2.9602   -7.1216
   23  474  541  -24.4785    2.9642   -7.1225
   24  473  541  -24.4789    2.9643   -7.1226
   25  471  543  -24.4772    2.9685   -7.1230
   26  472  543  -24.4755    2.9699   -7.1234
   27  471  544  -24.4762    2.9699   -7.1230
   28  471  545  -24.4757    2.9708   -7.1227
   29  470  546  -24.4756    2.9719   -7.1226
   30  470  547  -24.4758    2.9719   -7.1221
   31  469  548  -24.4759    2.9728   -7.1219
   32  470  548  -24.4743    2.9740   -7.1223
   33  467  549  -24.4758    2.9745   -7.1221
   34  469  549  -24.4753    2.9738   -7.1217
   35  467  550  -24.4758    2.9747   -7.1216
   36  466  550  -24.4757    2.9756   -7.1219
   37  464  551  -24.4763    2.9765   -7.1218
   38  465  551  -24.4759    2.9763   -7.1217
   39  463  552  -24.4763    2.9775   -7.1216
   40  464  552  -24.4758    2.9774   -7.1216
   41  462  553  -24.4759    2.9790   -7.1216
   42  463  553  -24.4765    2.9774   -7.1211
   43  460  554  -24.4754    2.9812   -7.1220
   44  461  554  -24.4763    2.9794   -7.1213

    1  520  522  -24.4769    2.9283   -7.1187
    2  520  523  -24.4760    2.9298   -7.1187
    3  520  524  -24.4738    2.9329   -7.1191
    4  519  525  -24.4777    2.9288   -7.1174
    5  519  526  -24.4765    2.9305   -7.1174
    6  518  526  -24.4747    2.9336   -7.1184
    7  517  527  -24.4738    2.9357   -7.1186
    8  516  527  -24.4759    2.9337   -7.1180
    9  518  527  -24.4744    2.9342   -7.1181
   10  516  528  -24.4727    2.9381   -7.1189
   11  513  529  -24.4761    2.9361   -7.1179
   12  514  529  -24.4736    2.9386   -7.1186
   13  512  530  -24.4771    2.9358   -7.1174
   14  510  531  -24.4779    2.9365   -7.1173
   15  509  531  -24.4788    2.9361   -7.1172
   16  511  531  -24.4748    2.9397   -7.1182
   17  508  532  -24.4774    2.9388   -7.1176
   18  509  532  -24.4774    2.9380   -7.1173
   19  508  533  -24.4748    2.9424   -7.1181
   20  507  533  -24.4764    2.9410   -7.1178
   21  506  534  -24.4751    2.9437   -7.1181
   22  507  534  -24.4745    2.9437   -7.1181
   23  504  535  -24.4762    2.9439   -7.1178
   24  505  535  -24.4743    2.9457   -7.1183
   25  503  537  -24.4730    2.9492   -7.1185
   26  502  537  -24.4736    2.9492   -7.1185
   27  504  537  -24.4724    2.9492   -7.1185
   28  502  538  -24.4721    2.9514   -7.1187
   29  497  541  -24.4728    2.9548   -7.1185
   30  497  542  -24.4718    2.9562   -7.1184
   31  497  543  -24.4714    2.9570   -7.1182
   32  497  544  -24.4707    2.9582   -7.1180
   33  497  545  -24.4706    2.9586   -7.1176
   34  497  546  -24.4688    2.9610   -7.1178
   35  496  547  -24.4684    2.9625   -7.1178
   36  495  548  -24.4681    2.9639   -7.1178
   37  495  549  -24.4670    2.9656   -7.1178
   38  495  550  -24.4659    2.9672   -7.1178
   39  494  551  -24.4652    2.9691   -7.1179
   40  495  551  -24.4655    2.9680   -7.1175
   41  494  552  -24.4650    2.9695   -7.1175
   42  493  553  -24.4644    2.9713   -7.1176
   43  494  553  -24.4640    2.9710   -7.1175
   44  491  554  -24.4648    2.9725   -7.1175
   45  492  554  -24.4639    2.9729   -7.1176
   46  490  555  -24.4621    2.9769   -7.1184
   47  489  555  -24.4627    2.9768   -7.1185
   48  488  556  -24.4621    2.9785   -7.1185
   49  487  556  -24.4623    2.9790   -7.1188
   50  486  556  -24.4644    2.9770   -7.1182
   51  489  556  -24.4624    2.9773   -7.1181
   52  474  564  -24.4639    2.9881   -7.1182
   53  473  564  -24.4649    2.9876   -7.1182
   54  475  564  -24.4638    2.9875   -7.1180
   55  472  565  -24.4647    2.9888   -7.1181
   56  471  566  -24.4645    2.9900   -7.1180
   57  472  566  -24.4656    2.9879   -7.1173
   58  470  567  -24.4641    2.9914   -7.1180
   59  471  567  -24.4630    2.9921   -7.1181
   60  468  568  -24.4635    2.9938   -7.1183
   61  467  569  -24.4633    2.9951   -7.1183
   62  466  570  -24.4654    2.9933   -7.1173
   63  467  570  -24.4636    2.9949   -7.1177
   64  466  571  -24.4636    2.9959   -7.1176
   65  465  571  -24.4642    2.9958   -7.1176
   66  463  572  -24.4640    2.9977   -7.1178
   67  462  572  -24.4637    2.9989   -7.1182
   68  464  572  -24.4635    2.9976   -7.1177
   69  461  573  -24.4646    2.9986   -7.1177
   70  462  573  -24.4625    3.0007   -7.1182
   71  460  574  -24.4632    3.0014   -7.1181
   72  461  574  -24.4632    3.0007   -7.1178

    1  385  627  -24.4422    3.0933   -7.1238
    2  385  628  -24.4415    3.0943   -7.1236
    3  384  629  -24.4426    3.0939   -7.1230
    4  383  629  -24.4420    3.0953   -7.1235
    5  385  629  -24.4417    3.0943   -7.1231
    6  383  630  -24.4422    3.0953   -7.1231
    7  382  630  -24.4421    3.0961   -7.1234
    8  381  630  -24.4426    3.0962   -7.1235
    9  378  631  -24.4443    3.0964   -7.1232
   10  380  631  -24.4429    3.0968   -7.1232
   11  377  632  -24.4426    3.0995   -7.1237
   12  376  632  -24.4447    3.0976   -7.1232
   13  375  632  -24.4445    3.0985   -7.1235
   14  374  632  -24.4441    3.0996   -7.1239
   15  378  632  -24.4423    3.0992   -7.1235
   16  374  633  -24.4437    3.1004   -7.1237
   17  373  633  -24.4445    3.1001   -7.1236
   18  372  633  -24.4446    3.1007   -7.1238
   19  371  633  -24.4468    3.0986   -7.1233
   20  370  634  -24.4461    3.1005   -7.1234
   21  369  634  -24.4455    3.1019   -7.1239
   22  371  634  -24.4455    3.1004   -7.1234
   23  367  635  -24.4442    3.1051   -7.1245
   24  366  635  -24.4466    3.1028   -7.1239
   25  369  635  -24.4446    3.1032   -7.1238
   26  347  646  -24.4427    3.1234   -7.1258
   27  345  647  -24.4441    3.1233   -7.1254
   28  344  648  -24.4432    3.1253   -7.1256
   29  345  648  -24.4403    3.1283   -7.1264
   30  343  649  -24.4401    3.1301   -7.1266
   31  344  649  -24.4410    3.1283   -7.1260
   32  341  650  -24.4430    3.1281   -7.1256
   33  340  651  -24.4443    3.1274   -7.1250
   34  339  652  -24.4437    3.1291   -7.1251
   35  338  652  -24.4448    3.1284   -7.1249
   36  336  653  -24.4450    3.1297   -7.1249
   37  335  654  -24.4434    3.1327   -7.1254
   38  336  654  -24.4441    3.1311   -7.1249
   39  333  655  -24.4453    3.1318   -7.1248
   40  332  655  -24.4476    3.1297   -7.1242
   41  334  655  -24.4434    3.1335   -7.1252
   42  331  656  -24.4486    3.1294   -7.1237
   43  330  656  -24.4484    3.1303   -7.1240
   44  328  657  -24.4502    3.1297   -7.1235
   45  329  657  -24.4484    3.1312   -7.1239
   46  325  658  -24.4524    3.1292   -7.1230
   47  326  658  -24.4507    3.1306   -7.1234
   48  323  659  -24.4497    3.1342   -7.1241
   49  322  659  -24.4518    3.1323   -7.1236
   50  324  659  -24.4513    3.1315   -7.1233
   51  322  660  -24.4497    3.1351   -7.1240
   52  321  660  -24.4504    3.1349   -7.1240
   53  320  660  -24.4518    3.1338   -7.1237
   54  318  661  -24.4513    3.1361   -7.1240
   55  317  661  -24.4505    3.1378   -7.1246
   56  319  661  -24.4522    3.1343   -7.1234
   57  316  662  -24.4492    3.1404   -7.1249
   58  317  662  -24.4502    3.1383   -7.1243
   59  315  663  -24.4495    3.1408   -7.1246
   60  313  664  -24.4491    3.1430   -7.1249
   61  314  664  -24.4492    3.1421   -7.1246
   62  313  665  -24.4485    3.1440   -7.1247
   63  312  665  -24.4486    3.1445   -7.1250
   64  309  666  -24.4472    3.1485   -7.1258
   65  308  666  -24.4474    3.1490   -7.1261
   66  307  666  -24.4486    3.1481   -7.1259
   67  306  666  -24.4478    3.1499   -7.1264
   68  305  666  -24.4479    3.1505   -7.1267
   69  304  666  -24.4475    3.1516   -7.1271
   70  311  666  -24.4487    3.1453   -7.1248
