; ENVI Output of ROIs (5.4) [Tue Aug 06 20:31:36 2019]
; Number of ROIs: 12
; File Dimension: 1328 x 1184
;
; ROI name: Region #1
; ROI rgb value: {255, 0, 0}
; ROI npts: 39
;
; ROI name: Region #2
; ROI rgb value: {0, 255, 0}
; ROI npts: 86
;
; ROI name: Region #3
; ROI rgb value: {0, 0, 255}
; ROI npts: 118
;
; ROI name: Region #4
; ROI rgb value: {255, 255, 0}
; ROI npts: 113
;
; ROI name: Region #5
; ROI rgb value: {0, 255, 255}
; ROI npts: 50
;
; ROI name: Region #6
; ROI rgb value: {255, 0, 255}
; ROI npts: 40
;
; ROI name: Region #7
; ROI rgb value: {176, 48, 96}
; ROI npts: 56
;
; ROI name: Region #8
; ROI rgb value: {46, 139, 87}
; ROI npts: 103
;
; ROI name: Region #9
; ROI rgb value: {160, 32, 240}
; ROI npts: 58
;
; ROI name: Region #10
; ROI rgb value: {255, 127, 80}
; ROI npts: 62
;
; ROI name: Region #11
; ROI rgb value: {127, 255, 212}
; ROI npts: 59
;
; ROI name: Region #12
; ROI rgb value: {218, 112, 214}
; ROI npts: 120
;  ID     X     Y      B1      B2      B3
    1  1228  1082  0.0095  0.0117  0.0042
    2  1227  1083  0.0095  0.0117  0.0042
    3  1228  1083  0.0095  0.0117  0.0042
    4  1226  1084  0.0095  0.0117  0.0042
    5  1227  1084  0.0095  0.0117  0.0042
    6  1226  1085  0.0095  0.0117  0.0042
    7  1225  1085  0.0095  0.0117  0.0042
    8  1223  1086  0.0095  0.0117  0.0042
    9  1222  1086  0.0095  0.0117  0.0042
   10  1224  1086  0.0095  0.0117  0.0042
   11  1222  1087  0.0095  0.0117  0.0042
   12  1221  1087  0.0095  0.0117  0.0042
   13  1220  1087  0.0095  0.0117  0.0042
   14  1219  1088  0.0095  0.0117  0.0042
   15  1218  1088  0.0095  0.0117  0.0042
   16  1220  1088  0.0095  0.0117  0.0042
   17  1216  1089  0.0095  0.0117  0.0042
   18  1215  1089  0.0095  0.0117  0.0042
   19  1217  1089  0.0095  0.0117  0.0042
   20  1215  1090  0.0095  0.0117  0.0042
   21  1214  1090  0.0095  0.0117  0.0042
   22  1213  1091  0.0095  0.0117  0.0042
   23  1212  1092  0.0095  0.0117  0.0042
   24  1211  1092  0.0095  0.0117  0.0042
   25  1213  1092  0.0095  0.0117  0.0042
   26  1211  1093  0.0095  0.0117  0.0042
   27  1209  1094  0.0095  0.0116  0.0042
   28  1210  1094  0.0095  0.0117  0.0042
   29  1207  1095  0.0094  0.0116  0.0042
   30  1208  1095  0.0095  0.0116  0.0042
   31  1206  1096  0.0094  0.0116  0.0042
   32  1205  1096  0.0095  0.0116  0.0042
   33  1204  1096  0.0095  0.0116  0.0042
   34  1202  1097  0.0095  0.0116  0.0042
   35  1201  1097  0.0095  0.0116  0.0042
   36  1200  1097  0.0095  0.0116  0.0042
   37  1199  1097  0.0095  0.0116  0.0042
   38  1198  1097  0.0095  0.0116  0.0042
   39  1203  1097  0.0095  0.0116  0.0042

    1  1157  1098  0.0095  0.0116  0.0042
    2  1156  1099  0.0095  0.0116  0.0041
    3  1155  1100  0.0095  0.0115  0.0041
    4  1154  1100  0.0095  0.0116  0.0042
    5  1153  1100  0.0095  0.0116  0.0041
    6  1153  1101  0.0095  0.0116  0.0042
    7  1152  1102  0.0095  0.0116  0.0041
    8  1151  1103  0.0095  0.0115  0.0041
    9  1150  1103  0.0095  0.0115  0.0041
   10  1150  1104  0.0095  0.0115  0.0041
   11  1150  1105  0.0095  0.0115  0.0041
   12  1150  1106  0.0095  0.0115  0.0041
   13  1150  1107  0.0094  0.0115  0.0041
   14  1150  1109  0.0094  0.0115  0.0041
   15  1149  1109  0.0094  0.0115  0.0041
   16  1147  1109  0.0094  0.0115  0.0041
   17  1148  1109  0.0094  0.0115  0.0041
   18  1147  1110  0.0094  0.0115  0.0041
   19  1145  1111  0.0094  0.0115  0.0041
   20  1146  1111  0.0094  0.0115  0.0041
   21  1145  1112  0.0094  0.0115  0.0041
   22  1145  1113  0.0094  0.0115  0.0041
   23  1144  1114  0.0094  0.0114  0.0041
   24  1144  1115  0.0094  0.0114  0.0041
   25  1143  1115  0.0094  0.0114  0.0041
   26  1142  1115  0.0094  0.0115  0.0041
   27  1141  1116  0.0094  0.0114  0.0041
   28  1142  1116  0.0094  0.0114  0.0041
   29  1141  1117  0.0094  0.0114  0.0041
   30  1139  1118  0.0094  0.0115  0.0041
   31  1139  1119  0.0094  0.0115  0.0041
   32  1138  1119  0.0094  0.0115  0.0041
   33  1137  1119  0.0094  0.0115  0.0041
   34  1136  1119  0.0094  0.0115  0.0041
   35  1135  1119  0.0094  0.0114  0.0041
   36  1134  1120  0.0094  0.0115  0.0041
   37  1133  1120  0.0094  0.0115  0.0041
   38  1135  1120  0.0094  0.0114  0.0041
   39  1132  1121  0.0094  0.0115  0.0041
   40  1133  1121  0.0094  0.0115  0.0041
   41  1131  1122  0.0094  0.0115  0.0041
   42  1130  1122  0.0094  0.0115  0.0041
   43  1128  1122  0.0094  0.0115  0.0041
   44  1129  1122  0.0094  0.0115  0.0041
   45  1126  1123  0.0094  0.0115  0.0041
   46  1127  1123  0.0094  0.0115  0.0041
   47  1125  1124  0.0094  0.0115  0.0041
   48  1124  1124  0.0094  0.0115  0.0041
   49  1123  1124  0.0094  0.0115  0.0041
   50  1122  1124  0.0094  0.0115  0.0041
   51  1120  1125  0.0094  0.0115  0.0041
   52  1119  1125  0.0094  0.0115  0.0041
   53  1118  1125  0.0094  0.0114  0.0041
   54  1122  1125  0.0094  0.0115  0.0041
   55  1118  1126  0.0094  0.0114  0.0041
   56  1117  1126  0.0094  0.0114  0.0041
   57  1116  1126  0.0094  0.0114  0.0041
   58  1115  1127  0.0094  0.0114  0.0041
   59  1116  1127  0.0094  0.0114  0.0041
   60  1114  1128  0.0094  0.0114  0.0041
   61  1115  1128  0.0094  0.0114  0.0041
   62  1113  1144  0.0094  0.0114  0.0041
   63  1113  1145  0.0094  0.0114  0.0041

     1  1262  1049  0.0095  0.0119  0.0042
     2  1261  1049  0.0095  0.0119  0.0042
     3  1260  1049  0.0096  0.0119  0.0042
     4  1263  1049  0.0096  0.0119  0.0042
     5  1260  1050  0.0095  0.0119  0.0042
     6  1259  1050  0.0096  0.0119  0.0042
     7  1258  1051  0.0096  0.0119  0.0042
     8  1259  1051  0.0095  0.0119  0.0042
     9  1257  1052  0.0095  0.0119  0.0042
    10  1256  1052  0.0096  0.0119  0.0042
    11  1255  1052  0.0096  0.0119  0.0042
    12  1255  1053  0.0095  0.0119  0.0042
    13  1254  1053  0.0095  0.0119  0.0042
    14  1253  1054  0.0095  0.0119  0.0042
    15  1254  1054  0.0095  0.0119  0.0042
    16  1253  1055  0.0095  0.0119  0.0042
    17  1251  1055  0.0095  0.0119  0.0042
    18  1250  1055  0.0095  0.0119  0.0042
    19  1249  1055  0.0095  0.0118  0.0042
    20  1252  1055  0.0095  0.0119  0.0042
    21  1249  1056  0.0096  0.0119  0.0042
    22  1247  1056  0.0096  0.0119  0.0042
    23  1248  1056  0.0096  0.0119  0.0042
    24  1247  1057  0.0096  0.0119  0.0042
    25  1246  1058  0.0096  0.0119  0.0042
    26  1245  1058  0.0096  0.0119  0.0042
    27  1243  1059  0.0096  0.0119  0.0042
    28  1244  1059  0.0095  0.0119  0.0042
    29  1242  1060  0.0095  0.0119  0.0042
    30  1243  1060  0.0095  0.0119  0.0042
    31  1241  1061  0.0095  0.0118  0.0042
    32  1240  1061  0.0095  0.0119  0.0042
    33  1239  1061  0.0095  0.0118  0.0042
    34  1238  1061  0.0095  0.0118  0.0042
    35  1237  1061  0.0095  0.0118  0.0042
    36  1235  1062  0.0095  0.0118  0.0042
    37  1236  1062  0.0095  0.0118  0.0042
    38  1233  1063  0.0095  0.0118  0.0042
    39  1234  1063  0.0095  0.0118  0.0042
    40  1232  1064  0.0095  0.0118  0.0042
    41  1230  1064  0.0095  0.0118  0.0042
    42  1229  1064  0.0095  0.0118  0.0042
    43  1228  1064  0.0095  0.0118  0.0042
    44  1231  1064  0.0095  0.0118  0.0042
    45  1227  1065  0.0095  0.0118  0.0042
    46  1226  1065  0.0095  0.0118  0.0042
    47  1225  1065  0.0095  0.0118  0.0042
    48  1228  1065  0.0095  0.0118  0.0042
    49  1222  1066  0.0095  0.0118  0.0042
    50  1221  1066  0.0095  0.0118  0.0042
    51  1224  1066  0.0095  0.0118  0.0042
    52  1223  1066  0.0095  0.0118  0.0042
    53  1220  1067  0.0095  0.0117  0.0042
    54  1219  1067  0.0095  0.0118  0.0042
    55  1221  1067  0.0095  0.0117  0.0042
    56  1217  1068  0.0095  0.0117  0.0042
    57  1216  1068  0.0095  0.0117  0.0042
    58  1218  1068  0.0095  0.0117  0.0042
    59  1219  1068  0.0095  0.0117  0.0042
    60  1214  1068  0.0095  0.0118  0.0042
    61  1215  1068  0.0095  0.0118  0.0042
    62  1214  1069  0.0095  0.0118  0.0042
    63  1213  1070  0.0095  0.0117  0.0042
    64  1212  1071  0.0095  0.0117  0.0042
    65  1213  1071  0.0095  0.0117  0.0042
    66  1212  1072  0.0095  0.0117  0.0042
    67  1210  1073  0.0095  0.0117  0.0042
    68  1211  1073  0.0095  0.0117  0.0042
    69  1212  1073  0.0095  0.0117  0.0042
    70  1209  1074  0.0095  0.0117  0.0042
    71  1208  1075  0.0095  0.0117  0.0042
    72  1207  1075  0.0095  0.0117  0.0042
    73  1205  1076  0.0095  0.0117  0.0042
    74  1206  1076  0.0095  0.0117  0.0042
    75  1202  1077  0.0095  0.0117  0.0042
    76  1204  1077  0.0095  0.0117  0.0042
    77  1202  1078  0.0095  0.0117  0.0042
    78  1201  1078  0.0095  0.0117  0.0042
    79  1200  1078  0.0095  0.0117  0.0042
    80  1200  1079  0.0095  0.0117  0.0042
    81  1199  1079  0.0095  0.0117  0.0042
    82  1197  1079  0.0095  0.0117  0.0042
    83  1193  1080  0.0095  0.0117  0.0042
    84  1194  1080  0.0095  0.0117  0.0042
    85  1197  1080  0.0095  0.0117  0.0042
    86  1196  1080  0.0095  0.0117  0.0042
    87  1195  1080  0.0095  0.0117  0.0042
    88  1188  1081  0.0095  0.0117  0.0042
    89  1190  1081  0.0095  0.0117  0.0042
    90  1189  1081  0.0095  0.0117  0.0042
    91  1193  1081  0.0095  0.0117  0.0042
    92  1192  1081  0.0095  0.0117  0.0042
    93  1191  1081  0.0095  0.0117  0.0042
    94  1187  1082  0.0095  0.0117  0.0042
    95  1188  1082  0.0095  0.0117  0.0042
    96  1187  1083  0.0095  0.0117  0.0042
    97  1185  1083  0.0095  0.0117  0.0042
    98  1185  1084  0.0095  0.0117  0.0042
    99  1183  1085  0.0095  0.0117  0.0042
   100  1182  1085  0.0095  0.0117  0.0042
   101  1184  1085  0.0095  0.0117  0.0042
   102  1182  1086  0.0095  0.0117  0.0042
   103  1181  1086  0.0095  0.0117  0.0042
   104  1180  1086  0.0095  0.0117  0.0042
   105  1179  1087  0.0095  0.0117  0.0042
   106  1178  1087  0.0095  0.0117  0.0042
   107  1177  1087  0.0095  0.0116  0.0042
   108  1176  1088  0.0095  0.0116  0.0042
   109  1177  1088  0.0095  0.0116  0.0042
   110  1175  1089  0.0095  0.0116  0.0042
   111  1176  1089  0.0095  0.0116  0.0042
   112  1175  1090  0.0095  0.0116  0.0042
   113  1174  1090  0.0095  0.0116  0.0042
   114  1173  1090  0.0095  0.0116  0.0042
   115  1172  1090  0.0095  0.0116  0.0042
   116  1171  1090  0.0095  0.0116  0.0042
   117  1170  1091  0.0095  0.0116  0.0042
   118  1171  1091  0.0095  0.0116  0.0042

     1  1201  1003  0.0098  0.0121  0.0042
     2  1200  1004  0.0098  0.0121  0.0042
     3  1201  1004  0.0098  0.0121  0.0042
     4  1200  1005  0.0098  0.0121  0.0042
     5  1199  1006  0.0098  0.0121  0.0042
     6  1200  1006  0.0098  0.0121  0.0042
     7  1199  1007  0.0098  0.0121  0.0042
     8  1198  1008  0.0097  0.0121  0.0042
     9  1197  1008  0.0097  0.0121  0.0042
    10  1199  1008  0.0097  0.0120  0.0042
    11  1194  1009  0.0097  0.0121  0.0042
    12  1195  1009  0.0097  0.0120  0.0042
    13  1194  1010  0.0097  0.0120  0.0042
    14  1192  1010  0.0097  0.0121  0.0042
    15  1193  1010  0.0097  0.0120  0.0042
    16  1191  1011  0.0097  0.0120  0.0042
    17  1192  1011  0.0097  0.0120  0.0042
    18  1190  1012  0.0097  0.0120  0.0042
    19  1189  1012  0.0097  0.0120  0.0042
    20  1191  1012  0.0097  0.0120  0.0042
    21  1188  1013  0.0097  0.0120  0.0042
    22  1187  1013  0.0097  0.0120  0.0042
    23  1186  1014  0.0097  0.0120  0.0042
    24  1185  1014  0.0097  0.0120  0.0042
    25  1187  1014  0.0097  0.0120  0.0042
    26  1184  1015  0.0097  0.0120  0.0042
    27  1183  1015  0.0097  0.0120  0.0042
    28  1182  1015  0.0097  0.0120  0.0042
    29  1185  1015  0.0097  0.0120  0.0042
    30  1181  1016  0.0097  0.0120  0.0042
    31  1180  1016  0.0097  0.0120  0.0042
    32  1182  1016  0.0097  0.0120  0.0042
    33  1178  1017  0.0097  0.0120  0.0042
    34  1177  1017  0.0097  0.0120  0.0042
    35  1176  1017  0.0097  0.0120  0.0042
    36  1175  1017  0.0097  0.0120  0.0042
    37  1179  1017  0.0097  0.0120  0.0042
    38  1174  1018  0.0097  0.0120  0.0042
    39  1173  1018  0.0097  0.0120  0.0042
    40  1172  1018  0.0097  0.0120  0.0042
    41  1171  1018  0.0097  0.0119  0.0042
    42  1170  1019  0.0097  0.0119  0.0042
    43  1169  1019  0.0097  0.0119  0.0042
    44  1171  1019  0.0097  0.0119  0.0042
    45  1169  1020  0.0097  0.0119  0.0042
    46  1168  1020  0.0097  0.0119  0.0042
    47  1167  1020  0.0097  0.0119  0.0042
    48  1166  1020  0.0097  0.0119  0.0042
    49  1165  1020  0.0097  0.0119  0.0042
    50  1163  1021  0.0097  0.0119  0.0042
    51  1162  1021  0.0097  0.0119  0.0042
    52  1164  1021  0.0097  0.0119  0.0042
    53  1160  1022  0.0097  0.0119  0.0042
    54  1161  1022  0.0097  0.0119  0.0042
    55  1162  1022  0.0097  0.0119  0.0042
    56  1159  1023  0.0097  0.0119  0.0042
    57  1158  1023  0.0097  0.0119  0.0042
    58  1160  1023  0.0097  0.0119  0.0042
    59  1158  1024  0.0097  0.0119  0.0042
    60  1157  1024  0.0097  0.0119  0.0042
    61  1156  1024  0.0097  0.0119  0.0042
    62  1154  1025  0.0097  0.0119  0.0042
    63  1153  1025  0.0097  0.0119  0.0042
    64  1152  1025  0.0097  0.0119  0.0042
    65  1151  1025  0.0097  0.0119  0.0042
    66  1150  1025  0.0097  0.0119  0.0042
    67  1155  1025  0.0097  0.0119  0.0042
    68  1149  1026  0.0097  0.0119  0.0042
    69  1150  1026  0.0097  0.0119  0.0042
    70  1148  1027  0.0097  0.0119  0.0042
    71  1149  1027  0.0097  0.0119  0.0042
    72  1148  1028  0.0097  0.0119  0.0042
    73  1147  1028  0.0097  0.0119  0.0042
    74  1146  1028  0.0097  0.0119  0.0042
    75  1144  1029  0.0097  0.0119  0.0042
    76  1145  1029  0.0097  0.0119  0.0042
    77  1144  1030  0.0097  0.0119  0.0042
    78  1143  1030  0.0097  0.0119  0.0042
    79  1143  1031  0.0097  0.0119  0.0042
    80  1141  1032  0.0097  0.0119  0.0042
    81  1141  1033  0.0097  0.0119  0.0042
    82  1139  1033  0.0097  0.0119  0.0042
    83  1140  1033  0.0097  0.0119  0.0042
    84  1138  1034  0.0097  0.0119  0.0042
    85  1137  1034  0.0097  0.0119  0.0042
    86  1137  1035  0.0097  0.0119  0.0042
    87  1136  1035  0.0097  0.0119  0.0042
    88  1135  1036  0.0097  0.0119  0.0042
    89  1134  1037  0.0097  0.0119  0.0042
    90  1135  1037  0.0097  0.0119  0.0042
    91  1133  1038  0.0097  0.0119  0.0042
    92  1133  1039  0.0097  0.0118  0.0042
    93  1132  1039  0.0097  0.0118  0.0042
    94  1132  1040  0.0097  0.0118  0.0042
    95  1131  1040  0.0097  0.0118  0.0042
    96  1129  1041  0.0097  0.0118  0.0042
    97  1130  1041  0.0097  0.0118  0.0042
    98  1128  1042  0.0097  0.0118  0.0042
    99  1129  1042  0.0097  0.0118  0.0042
   100  1128  1043  0.0097  0.0118  0.0042
   101  1127  1044  0.0097  0.0118  0.0042
   102  1125  1045  0.0097  0.0118  0.0042
   103  1126  1045  0.0097  0.0118  0.0042
   104  1124  1046  0.0097  0.0118  0.0042
   105  1123  1046  0.0097  0.0118  0.0042
   106  1125  1046  0.0096  0.0118  0.0042
   107  1123  1047  0.0097  0.0118  0.0042
   108  1122  1047  0.0097  0.0118  0.0041
   109  1121  1047  0.0097  0.0118  0.0042
   110  1121  1048  0.0097  0.0118  0.0041
   111  1120  1049  0.0097  0.0118  0.0041
   112  1119  1049  0.0097  0.0118  0.0041
   113  1118  1049  0.0096  0.0118  0.0041

    1  1303  1125  0.0093  0.0116  0.0042
    8  1302  1126  0.0093  0.0116  0.0042
    9  1303  1126  0.0093  0.0116  0.0042
   10  1301  1127  0.0093  0.0117  0.0042
   11  1300  1127  0.0093  0.0116  0.0042
   12  1299  1128  0.0093  0.0116  0.0042
   13  1300  1128  0.0093  0.0117  0.0042
   14  1298  1129  0.0093  0.0116  0.0042
   15  1299  1129  0.0093  0.0116  0.0042
   16  1298  1130  0.0093  0.0116  0.0042
   17  1297  1130  0.0093  0.0116  0.0042
   18  1296  1130  0.0093  0.0116  0.0042
   19  1295  1130  0.0093  0.0116  0.0042
   20  1294  1130  0.0093  0.0116  0.0042
   21  1294  1131  0.0093  0.0116  0.0042
   22  1293  1131  0.0093  0.0116  0.0042
   23  1291  1131  0.0093  0.0116  0.0042
   24  1290  1131  0.0094  0.0116  0.0042
   25  1292  1131  0.0093  0.0116  0.0042
   26  1288  1132  0.0094  0.0116  0.0042
   27  1287  1132  0.0094  0.0116  0.0042
   28  1286  1132  0.0094  0.0116  0.0042
   29  1285  1132  0.0093  0.0116  0.0042
   30  1284  1132  0.0094  0.0116  0.0042
   31  1289  1132  0.0093  0.0116  0.0042
   32  1284  1133  0.0094  0.0116  0.0042
   33  1283  1133  0.0094  0.0116  0.0042
   34  1282  1133  0.0094  0.0116  0.0042
   35  1280  1133  0.0094  0.0116  0.0042
   36  1279  1133  0.0094  0.0116  0.0042
   37  1281  1133  0.0093  0.0116  0.0042
   38  1279  1134  0.0094  0.0116  0.0042
   39  1278  1134  0.0094  0.0116  0.0042
   40  1277  1135  0.0094  0.0116  0.0042
   41  1276  1135  0.0094  0.0116  0.0042
   42  1275  1135  0.0094  0.0116  0.0042
   43  1278  1135  0.0094  0.0116  0.0042
   44  1272  1137  0.0093  0.0116  0.0042
   45  1273  1137  0.0093  0.0116  0.0042
   46  1272  1138  0.0093  0.0116  0.0042
   47  1271  1138  0.0093  0.0116  0.0042
   48  1270  1139  0.0093  0.0116  0.0042
   49  1267  1140  0.0093  0.0116  0.0042
   50  1268  1140  0.0093  0.0116  0.0042

    1  1126  1006  0.0098  0.0120  0.0042
    2  1127  1007  0.0098  0.0120  0.0042
    3  1128  1007  0.0098  0.0120  0.0042
    4  1126  1007  0.0098  0.0120  0.0042
    5  1128  1008  0.0098  0.0120  0.0042
    6  1128  1009  0.0098  0.0120  0.0042
    7  1127  1010  0.0098  0.0120  0.0042
    8  1126  1010  0.0098  0.0120  0.0042
    9  1125  1010  0.0098  0.0120  0.0042
   10  1128  1010  0.0098  0.0120  0.0042
   11  1124  1011  0.0098  0.0120  0.0042
   12  1123  1011  0.0098  0.0120  0.0042
   13  1122  1011  0.0098  0.0120  0.0042
   14  1121  1012  0.0098  0.0119  0.0042
   15  1120  1012  0.0098  0.0119  0.0042
   16  1119  1013  0.0098  0.0120  0.0042
   17  1118  1013  0.0098  0.0119  0.0042
   18  1117  1013  0.0098  0.0119  0.0042
   19  1116  1013  0.0098  0.0120  0.0042
   20  1114  1014  0.0098  0.0120  0.0042
   21  1115  1014  0.0098  0.0120  0.0042
   22  1113  1014  0.0098  0.0120  0.0042
   23  1111  1015  0.0098  0.0119  0.0042
   24  1110  1015  0.0098  0.0119  0.0042
   25  1108  1016  0.0098  0.0119  0.0042
   26  1110  1016  0.0098  0.0119  0.0042
   27  1108  1017  0.0098  0.0119  0.0042
   28  1107  1017  0.0098  0.0119  0.0042
   29  1106  1017  0.0098  0.0119  0.0042
   30  1105  1017  0.0098  0.0119  0.0042
   31  1104  1018  0.0098  0.0119  0.0042
   32  1103  1018  0.0098  0.0119  0.0042
   33  1102  1019  0.0098  0.0119  0.0042
   34  1100  1020  0.0098  0.0119  0.0042
   35  1100  1021  0.0098  0.0119  0.0042
   36  1099  1021  0.0097  0.0119  0.0041
   37  1097  1022  0.0097  0.0118  0.0041
   38  1097  1023  0.0097  0.0118  0.0041
   39  1096  1024  0.0097  0.0118  0.0041
   40  1095  1024  0.0097  0.0118  0.0041

    1  1173  899  0.0101  0.0125  0.0042
    2  1173  900  0.0101  0.0125  0.0042
    3  1173  901  0.0101  0.0125  0.0042
    4  1173  902  0.0101  0.0125  0.0042
    5  1173  903  0.0101  0.0125  0.0042
    6  1173  904  0.0101  0.0125  0.0042
    7  1172  904  0.0101  0.0125  0.0042
    8  1172  905  0.0101  0.0125  0.0042
    9  1171  906  0.0101  0.0125  0.0042
   10  1172  906  0.0101  0.0125  0.0042
   11  1170  907  0.0101  0.0125  0.0042
   12  1169  908  0.0101  0.0125  0.0042
   13  1170  908  0.0101  0.0125  0.0042
   14  1168  909  0.0101  0.0125  0.0042
   15  1167  909  0.0101  0.0125  0.0042
   16  1166  910  0.0101  0.0125  0.0042
   17  1167  910  0.0101  0.0125  0.0042
   18  1165  911  0.0101  0.0125  0.0042
   19  1164  911  0.0101  0.0125  0.0042
   20  1166  911  0.0101  0.0125  0.0042
   21  1163  912  0.0101  0.0124  0.0042
   22  1162  913  0.0101  0.0124  0.0042
   23  1161  913  0.0101  0.0124  0.0042
   24  1160  913  0.0101  0.0124  0.0042
   25  1158  914  0.0101  0.0124  0.0042
   26  1157  914  0.0101  0.0124  0.0042
   27  1156  914  0.0101  0.0124  0.0042
   28  1159  914  0.0101  0.0124  0.0042
   29  1156  915  0.0101  0.0124  0.0042
   30  1155  915  0.0100  0.0124  0.0042
   31  1154  915  0.0100  0.0123  0.0042
   32  1153  915  0.0101  0.0125  0.0042
   33  1153  916  0.0101  0.0125  0.0042
   34  1152  916  0.0100  0.0124  0.0042
   35  1151  916  0.0101  0.0125  0.0042
   36  1150  916  0.0101  0.0125  0.0042
   37  1149  916  0.0101  0.0125  0.0042
   38  1148  916  0.0100  0.0123  0.0042
   39  1147  916  0.0100  0.0123  0.0042
   40  1146  916  0.0100  0.0124  0.0042
   41  1145  916  0.0101  0.0124  0.0042
   42  1144  916  0.0101  0.0125  0.0042
   43  1143  916  0.0101  0.0124  0.0042
   44  1142  916  0.0101  0.0124  0.0042
   45  1141  916  0.0101  0.0125  0.0042
   46  1141  917  0.0101  0.0125  0.0042
   47  1140  917  0.0101  0.0125  0.0042
   48  1139  917  0.0101  0.0125  0.0042
   49  1138  917  0.0101  0.0125  0.0042
   50  1137  917  0.0101  0.0124  0.0042
   51  1136  917  0.0101  0.0124  0.0042
   52  1135  917  0.0101  0.0124  0.0042
   53  1134  917  0.0101  0.0124  0.0042
   54  1133  917  0.0100  0.0123  0.0042
   55  1132  917  0.0101  0.0124  0.0042

    1  1301  775  0.0106  0.0135  0.0043
    19  1304  775  0.0107  0.0135  0.0043
    20  1303  775  0.0106  0.0135  0.0043
    21  1302  775  0.0106  0.0135  0.0043
    22  1300  777  0.0106  0.0134  0.0043
    23  1298  777  0.0105  0.0134  0.0043
    24  1299  777  0.0106  0.0134  0.0043
    25  1297  777  0.0106  0.0134  0.0043
    26  1296  778  0.0106  0.0134  0.0043
    27  1294  779  0.0106  0.0134  0.0043
    28  1293  779  0.0106  0.0134  0.0043
    29  1295  779  0.0106  0.0134  0.0043
    30  1291  780  0.0106  0.0134  0.0043
    31  1293  780  0.0105  0.0133  0.0043
    32  1292  780  0.0106  0.0134  0.0043
    33  1290  781  0.0106  0.0134  0.0043
    34  1289  781  0.0105  0.0133  0.0043
    35  1288  781  0.0106  0.0134  0.0043
    36  1287  782  0.0105  0.0133  0.0043
    37  1286  782  0.0105  0.0133  0.0043
    38  1283  783  0.0105  0.0133  0.0043
    39  1285  783  0.0106  0.0134  0.0043
    40  1284  783  0.0106  0.0133  0.0043
    41  1283  784  0.0105  0.0133  0.0043
    42  1281  784  0.0105  0.0132  0.0043
    43  1280  784  0.0105  0.0133  0.0043
    44  1279  785  0.0104  0.0132  0.0043
    45  1278  786  0.0105  0.0132  0.0043
    46  1277  786  0.0105  0.0132  0.0043
    47  1276  786  0.0105  0.0132  0.0043
    48  1275  787  0.0104  0.0132  0.0043
    49  1274  788  0.0104  0.0132  0.0043
    50  1275  788  0.0104  0.0132  0.0043
    51  1274  789  0.0104  0.0132  0.0043
    52  1274  790  0.0104  0.0131  0.0043
    53  1274  791  0.0104  0.0132  0.0043
    54  1273  791  0.0104  0.0132  0.0043
    55  1272  791  0.0104  0.0131  0.0043
    56  1271  791  0.0104  0.0132  0.0043
    57  1270  792  0.0104  0.0132  0.0043
    58  1269  792  0.0105  0.0132  0.0043
    59  1271  792  0.0104  0.0132  0.0043
    60  1269  793  0.0105  0.0132  0.0043
    61  1268  793  0.0105  0.0132  0.0043
    62  1267  793  0.0105  0.0132  0.0043
    63  1266  793  0.0105  0.0132  0.0043
    64  1265  793  0.0104  0.0132  0.0043
    65  1264  794  0.0104  0.0132  0.0043
    66  1263  794  0.0104  0.0131  0.0043
    67  1265  794  0.0104  0.0132  0.0043
    68  1263  795  0.0104  0.0132  0.0043
    69  1262  795  0.0104  0.0132  0.0043
    70  1230  795  0.0105  0.0131  0.0043
    71  1231  795  0.0105  0.0131  0.0043
    72  1232  795  0.0105  0.0131  0.0043
    73  1233  795  0.0105  0.0131  0.0043
    74  1234  795  0.0105  0.0132  0.0043
    75  1235  795  0.0105  0.0132  0.0043
    76  1236  795  0.0105  0.0132  0.0043
    77  1237  795  0.0105  0.0131  0.0043
    78  1238  795  0.0105  0.0132  0.0043
    79  1239  795  0.0105  0.0131  0.0043
    80  1229  795  0.0105  0.0132  0.0043
    81  1240  795  0.0105  0.0132  0.0043
    82  1241  795  0.0105  0.0132  0.0043
    83  1242  795  0.0105  0.0132  0.0043
    84  1247  796  0.0105  0.0131  0.0043
    85  1246  796  0.0105  0.0132  0.0043
    86  1245  796  0.0105  0.0132  0.0043
    87  1244  796  0.0105  0.0132  0.0043
    88  1243  796  0.0105  0.0131  0.0043
    89  1242  796  0.0105  0.0131  0.0043
    90  1248  796  0.0105  0.0132  0.0043
    91  1249  796  0.0104  0.0131  0.0043
    92  1250  796  0.0104  0.0131  0.0043
    93  1252  796  0.0104  0.0131  0.0043
    94  1253  796  0.0104  0.0131  0.0043
    95  1254  796  0.0104  0.0131  0.0043
    96  1255  796  0.0104  0.0131  0.0043
    97  1256  796  0.0104  0.0131  0.0043
    98  1257  796  0.0104  0.0131  0.0043
    99  1258  796  0.0104  0.0131  0.0043
   100  1259  796  0.0104  0.0131  0.0043
   101  1260  796  0.0104  0.0131  0.0043
   102  1261  796  0.0104  0.0132  0.0043
   103  1251  796  0.0105  0.0132  0.0043

    1  1145  754  0.0106  0.0132  0.0042
    2  1146  754  0.0106  0.0132  0.0042
    3  1143  755  0.0106  0.0132  0.0042
    4  1144  755  0.0106  0.0132  0.0042
    5  1143  756  0.0106  0.0132  0.0042
    6  1142  756  0.0106  0.0132  0.0042
    7  1141  756  0.0106  0.0132  0.0042
    8  1140  757  0.0106  0.0132  0.0042
    9  1141  757  0.0106  0.0132  0.0042
   10  1139  758  0.0106  0.0132  0.0042
   11  1138  758  0.0106  0.0132  0.0042
   12  1140  758  0.0106  0.0132  0.0042
   13  1137  759  0.0106  0.0132  0.0042
   14  1135  759  0.0106  0.0132  0.0042
   15  1134  759  0.0106  0.0132  0.0042
   16  1132  760  0.0106  0.0132  0.0042
   17  1133  760  0.0106  0.0132  0.0042
   18  1130  761  0.0106  0.0132  0.0042
   19  1129  761  0.0107  0.0132  0.0042
   20  1128  761  0.0107  0.0132  0.0042
   21  1131  761  0.0106  0.0132  0.0042
   22  1128  762  0.0107  0.0132  0.0042
   23  1127  762  0.0107  0.0132  0.0042
   24  1126  762  0.0107  0.0132  0.0042
   25  1125  763  0.0107  0.0132  0.0042
   26  1124  763  0.0106  0.0131  0.0042
   27  1123  763  0.0107  0.0132  0.0042
   28  1126  763  0.0107  0.0132  0.0042
   29  1123  764  0.0107  0.0132  0.0042
   30  1122  764  0.0106  0.0132  0.0042
   31  1121  764  0.0107  0.0132  0.0042
   32  1120  764  0.0107  0.0132  0.0042
   33  1118  765  0.0107  0.0132  0.0042
   34  1117  765  0.0107  0.0132  0.0042
   35  1119  765  0.0107  0.0132  0.0042
   36  1117  766  0.0106  0.0131  0.0042
   37  1116  766  0.0107  0.0132  0.0042
   38  1115  766  0.0106  0.0131  0.0042
   39  1114  766  0.0107  0.0132  0.0042
   40  1112  767  0.0107  0.0131  0.0042
   41  1111  767  0.0107  0.0131  0.0042
   42  1110  767  0.0107  0.0131  0.0042
   43  1113  767  0.0107  0.0132  0.0042
   44  1109  768  0.0107  0.0131  0.0042
   45  1108  768  0.0107  0.0131  0.0042
   46  1107  768  0.0107  0.0131  0.0042
   47  1106  768  0.0107  0.0131  0.0042
   48  1105  768  0.0107  0.0131  0.0042
   49  1105  769  0.0107  0.0131  0.0042
   50  1104  769  0.0107  0.0131  0.0042
   51  1103  769  0.0107  0.0131  0.0042
   52  1102  769  0.0107  0.0131  0.0042
   53  1101  769  0.0107  0.0131  0.0042
   54  1100  769  0.0107  0.0131  0.0042
   55  1099  769  0.0107  0.0131  0.0042
   56  1097  770  0.0107  0.0131  0.0042
   57  1098  770  0.0107  0.0131  0.0042
   58  1096  771  0.0106  0.0131  0.0042

    1  1142  643  0.0112  0.0139  0.0043
    2  1141  643  0.0112  0.0139  0.0043
    3  1140  643  0.0112  0.0139  0.0043
    4  1143  643  0.0112  0.0139  0.0043
    5  1139  644  0.0112  0.0139  0.0043
    6  1138  644  0.0112  0.0139  0.0043
    7  1140  644  0.0112  0.0140  0.0043
    8  1138  645  0.0112  0.0139  0.0043
    9  1137  645  0.0112  0.0140  0.0043
   10  1136  645  0.0112  0.0139  0.0043
   11  1135  645  0.0112  0.0139  0.0043
   12  1134  645  0.0112  0.0139  0.0043
   13  1133  645  0.0112  0.0139  0.0043
   14  1132  645  0.0112  0.0140  0.0043
   15  1132  646  0.0113  0.0140  0.0043
   16  1131  646  0.0112  0.0140  0.0043
   17  1130  646  0.0113  0.0140  0.0043
   18  1129  646  0.0113  0.0140  0.0043
   19  1128  646  0.0112  0.0140  0.0043
   20  1126  647  0.0112  0.0139  0.0043
   21  1125  647  0.0112  0.0139  0.0043
   22  1124  647  0.0112  0.0139  0.0043
   23  1127  647  0.0112  0.0140  0.0043
   24  1124  648  0.0112  0.0139  0.0043
   25  1123  648  0.0112  0.0139  0.0043
   26  1122  648  0.0112  0.0139  0.0043
   27  1121  648  0.0112  0.0139  0.0043
   28  1120  648  0.0112  0.0139  0.0043
   29  1119  649  0.0113  0.0141  0.0043
   30  1118  649  0.0113  0.0140  0.0043
   31  1117  649  0.0113  0.0140  0.0043
   32  1116  649  0.0113  0.0140  0.0043
   33  1115  649  0.0112  0.0139  0.0043
   34  1114  650  0.0112  0.0139  0.0043
   35  1113  650  0.0112  0.0139  0.0043
   36  1112  650  0.0112  0.0139  0.0043
   37  1111  650  0.0112  0.0139  0.0043
   38  1115  650  0.0112  0.0139  0.0043
   39  1111  651  0.0112  0.0139  0.0043
   40  1110  651  0.0112  0.0139  0.0043
   41  1109  651  0.0112  0.0139  0.0043
   42  1108  651  0.0112  0.0139  0.0043
   43  1107  651  0.0112  0.0139  0.0043
   44  1106  651  0.0112  0.0139  0.0043
   45  1105  651  0.0112  0.0139  0.0043
   46  1104  651  0.0112  0.0139  0.0043
   47  1104  652  0.0112  0.0139  0.0043
   48  1103  652  0.0112  0.0139  0.0043
   49  1102  652  0.0112  0.0139  0.0043
   50  1100  653  0.0112  0.0139  0.0043
   51  1099  653  0.0112  0.0139  0.0043
   52  1101  653  0.0112  0.0139  0.0043
   53  1097  654  0.0112  0.0139  0.0043
   54  1098  654  0.0112  0.0139  0.0043
   55  1097  655  0.0112  0.0139  0.0043
   56  1096  655  0.0112  0.0139  0.0043
   57  1095  655  0.0112  0.0139  0.0043
   58  1094  655  0.0112  0.0139  0.0043
   59  1093  656  0.0112  0.0139  0.0043
   60  1092  656  0.0112  0.0139  0.0043
   61  1091  656  0.0112  0.0139  0.0043
   62  1094  656  0.0112  0.0139  0.0043

    1  1045  792  0.0105  0.0128  0.0041
    2  1044  793  0.0105  0.0128  0.0041
    3  1045  793  0.0105  0.0128  0.0041
    4  1043  794  0.0105  0.0128  0.0041
    5  1044  794  0.0105  0.0128  0.0041
    6  1043  795  0.0105  0.0128  0.0041
    7  1043  796  0.0105  0.0128  0.0041
    8  1042  796  0.0105  0.0128  0.0041
    9  1040  797  0.0105  0.0128  0.0041
   10  1039  797  0.0105  0.0128  0.0041
   11  1041  797  0.0105  0.0128  0.0041
   12  1038  798  0.0105  0.0128  0.0041
   13  1037  798  0.0105  0.0128  0.0041
   14  1036  798  0.0105  0.0128  0.0041
   15  1039  798  0.0105  0.0128  0.0041
   16  1036  799  0.0105  0.0128  0.0041
   17  1035  799  0.0105  0.0128  0.0041
   18  1034  799  0.0105  0.0128  0.0041
   19  1033  799  0.0105  0.0128  0.0041
   20  1031  800  0.0106  0.0128  0.0042
   21  1032  800  0.0105  0.0128  0.0041
   22  1030  801  0.0106  0.0128  0.0041
   23  1029  801  0.0106  0.0129  0.0042
   24  1028  801  0.0106  0.0129  0.0042
   25  1027  801  0.0106  0.0129  0.0042
   26  1025  801  0.0106  0.0129  0.0042
   27  1026  801  0.0106  0.0129  0.0042
   28  1021  802  0.0106  0.0128  0.0041
   29  1022  802  0.0106  0.0128  0.0041
   30  1023  802  0.0106  0.0129  0.0042
   31  1024  802  0.0106  0.0129  0.0042
   32  1018  802  0.0105  0.0128  0.0041
   33  1019  802  0.0105  0.0128  0.0041
   34  1020  802  0.0106  0.0128  0.0041
   35  1016  803  0.0105  0.0128  0.0041
   36  1015  803  0.0105  0.0128  0.0041
   37  1014  803  0.0105  0.0128  0.0041
   38  1017  803  0.0105  0.0128  0.0041
   39  1014  804  0.0105  0.0128  0.0041
   40  1013  804  0.0105  0.0128  0.0041
   41  1012  804  0.0105  0.0128  0.0041
   42  1010  804  0.0105  0.0128  0.0041
   43  1009  805  0.0105  0.0127  0.0041
   44  1008  805  0.0105  0.0127  0.0041
   45  1010  805  0.0105  0.0127  0.0041
   46  1008  806  0.0105  0.0127  0.0041
   47  1007  806  0.0105  0.0127  0.0041
   48  1006  806  0.0105  0.0127  0.0041
   49  1005  806  0.0105  0.0127  0.0041
   50  1004  806  0.0105  0.0128  0.0041
   51  1003  807  0.0105  0.0127  0.0041
   52  1002  807  0.0105  0.0127  0.0041
   53  1004  807  0.0105  0.0127  0.0041
   54  1001  808  0.0105  0.0127  0.0041
   55  1000  808  0.0105  0.0127  0.0041
   56   999  808  0.0105  0.0127  0.0041
   57   998  808  0.0105  0.0127  0.0041
   58   996  809  0.0105  0.0127  0.0041
   59   997  809  0.0105  0.0127  0.0041

     1  551  650  0.0115  0.0131  0.0040
     2  551  651  0.0115  0.0131  0.0040
     3  550  651  0.0115  0.0131  0.0040
     4  549  652  0.0115  0.0131  0.0040
     5  547  653  0.0115  0.0131  0.0040
     6  546  653  0.0115  0.0131  0.0040
     7  548  653  0.0115  0.0131  0.0040
     8  545  654  0.0115  0.0131  0.0040
     9  544  654  0.0115  0.0131  0.0040
    10  543  655  0.0115  0.0131  0.0040
    11  541  656  0.0115  0.0131  0.0040
    12  540  656  0.0115  0.0131  0.0039
    13  542  656  0.0115  0.0131  0.0040
    14  539  657  0.0115  0.0131  0.0039
    15  538  658  0.0115  0.0131  0.0039
    16  537  658  0.0115  0.0131  0.0039
    17  534  659  0.0115  0.0130  0.0039
    18  533  659  0.0115  0.0130  0.0039
    19  535  659  0.0115  0.0130  0.0039
    20  532  660  0.0114  0.0130  0.0039
    21  531  660  0.0114  0.0130  0.0039
    22  530  660  0.0114  0.0130  0.0039
    23  533  660  0.0114  0.0130  0.0039
    24  530  661  0.0114  0.0130  0.0039
    25  528  661  0.0114  0.0130  0.0039
    26  527  662  0.0114  0.0130  0.0039
    27  526  662  0.0114  0.0130  0.0039
    28  525  662  0.0114  0.0130  0.0039
    29  528  662  0.0114  0.0130  0.0039
    30  523  663  0.0116  0.0131  0.0040
    31  524  663  0.0115  0.0131  0.0039
    32  523  664  0.0116  0.0132  0.0040
    33  522  664  0.0114  0.0129  0.0039
    34  520  665  0.0114  0.0130  0.0039
    35  519  665  0.0114  0.0130  0.0039
    36  521  665  0.0114  0.0130  0.0039
    37  518  666  0.0114  0.0129  0.0039
    38  517  666  0.0115  0.0130  0.0039
    39  519  666  0.0114  0.0129  0.0039
    40  516  667  0.0114  0.0130  0.0039
    41  517  667  0.0114  0.0130  0.0039
    42  516  668  0.0114  0.0129  0.0039
    43  515  668  0.0114  0.0129  0.0039
    44  514  668  0.0115  0.0130  0.0039
    45  513  668  0.0114  0.0129  0.0039
    46  512  668  0.0114  0.0130  0.0039
    47  511  668  0.0114  0.0129  0.0039
    48  510  668  0.0115  0.0130  0.0039
    49  509  668  0.0114  0.0129  0.0039
    50  508  668  0.0114  0.0129  0.0039
    51  507  668  0.0114  0.0129  0.0039
    52  506  668  0.0114  0.0129  0.0039
    53  504  669  0.0115  0.0130  0.0039
    54  506  669  0.0114  0.0129  0.0039
    55  504  670  0.0115  0.0130  0.0039
    56  503  671  0.0115  0.0130  0.0039
    57  502  671  0.0115  0.0130  0.0039
    58  501  671  0.0114  0.0129  0.0039
    59  500  671  0.0114  0.0129  0.0039
    60  500  672  0.0114  0.0129  0.0039
    61  499  672  0.0114  0.0129  0.0039
    62  498  672  0.0115  0.0130  0.0039
    63  497  673  0.0114  0.0129  0.0039
    64  496  673  0.0114  0.0129  0.0039
    65  495  673  0.0114  0.0129  0.0039
    66  494  673  0.0114  0.0129  0.0039
    67  493  673  0.0114  0.0129  0.0039
    68  492  673  0.0114  0.0129  0.0039
    69  491  673  0.0114  0.0129  0.0039
    70  490  673  0.0114  0.0129  0.0039
    71  489  673  0.0114  0.0129  0.0039
    72  488  673  0.0114  0.0129  0.0039
    73  487  673  0.0114  0.0129  0.0039
    74  477  678  0.0114  0.0129  0.0039
    75  478  678  0.0114  0.0129  0.0039
    76  477  679  0.0114  0.0129  0.0039
    77  476  679  0.0114  0.0129  0.0039
    78  476  680  0.0114  0.0129  0.0039
    79  474  681  0.0114  0.0129  0.0039
    80  473  682  0.0114  0.0129  0.0039
    81  474  682  0.0114  0.0129  0.0039
    82  472  683  0.0115  0.0129  0.0039
    83  471  683  0.0114  0.0129  0.0039
    84  470  683  0.0114  0.0129  0.0039
    85  468  684  0.0114  0.0129  0.0039
    86  467  684  0.0114  0.0129  0.0039
    87  466  684  0.0115  0.0129  0.0039
    88  469  684  0.0114  0.0128  0.0039
    89  466  685  0.0114  0.0128  0.0039
    90  465  685  0.0115  0.0129  0.0039
    91  464  685  0.0115  0.0129  0.0039
    92  463  685  0.0114  0.0128  0.0039
    93  462  686  0.0114  0.0128  0.0039
    94  461  686  0.0114  0.0128  0.0039
    95  460  686  0.0114  0.0128  0.0039
    96  463  686  0.0114  0.0128  0.0039
    97  460  687  0.0114  0.0128  0.0039
    98  459  687  0.0114  0.0128  0.0039
    99  458  687  0.0114  0.0128  0.0039
   100  456  688  0.0114  0.0128  0.0039
   101  457  688  0.0114  0.0128  0.0039
   102  454  689  0.0115  0.0129  0.0039
   103  453  689  0.0115  0.0129  0.0039
   104  455  689  0.0115  0.0129  0.0039
   105  453  690  0.0115  0.0129  0.0039
   106  452  690  0.0115  0.0129  0.0039
   107  450  690  0.0115  0.0129  0.0039
   108  449  691  0.0115  0.0129  0.0039
   109  448  691  0.0114  0.0128  0.0039
   110  447  691  0.0116  0.0130  0.0039
   111  450  691  0.0115  0.0129  0.0039
   112  447  692  0.0115  0.0129  0.0039
   113  446  692  0.0115  0.0129  0.0039
   114  445  692  0.0115  0.0129  0.0039
   115  444  692  0.0115  0.0129  0.0039
   116  443  692  0.0114  0.0128  0.0039
   117  442  692  0.0114  0.0128  0.0039
   118  441  692  0.0114  0.0128  0.0039
   119  440  693  0.0114  0.0128  0.0039
   120  441  693  0.0114  0.0128  0.0039
