; ENVI Output of ROIs (5.4) [Tue Aug 06 20:31:24 2019]
; Number of ROIs: 12
; File Dimension: 1328 x 1184
;
; ROI name: Region #1
; ROI rgb value: {255, 0, 0}
; ROI npts: 39
;
; ROI name: Region #2
; ROI rgb value: {0, 255, 0}
; ROI npts: 86
;
; ROI name: Region #3
; ROI rgb value: {0, 0, 255}
; ROI npts: 118
;
; ROI name: Region #4
; ROI rgb value: {255, 255, 0}
; ROI npts: 113
;
; ROI name: Region #5
; ROI rgb value: {0, 255, 255}
; ROI npts: 50
;
; ROI name: Region #6
; ROI rgb value: {255, 0, 255}
; ROI npts: 40
;
; ROI name: Region #7
; ROI rgb value: {176, 48, 96}
; ROI npts: 56
;
; ROI name: Region #8
; ROI rgb value: {46, 139, 87}
; ROI npts: 103
;
; ROI name: Region #9
; ROI rgb value: {160, 32, 240}
; ROI npts: 58
;
; ROI name: Region #10
; ROI rgb value: {255, 127, 80}
; ROI npts: 62
;
; ROI name: Region #11
; ROI rgb value: {127, 255, 212}
; ROI npts: 59
;
; ROI name: Region #12
; ROI rgb value: {218, 112, 214}
; ROI npts: 120
;  ID     X     Y        B1        B2        B3
    1  1228  1082  -24.1701    3.6193   -7.0931
    2  1227  1083  -24.1698    3.6205   -7.0931
    3  1228  1083  -24.1693    3.6205   -7.0931
    4  1226  1084  -24.1708    3.6202   -7.0926
    5  1227  1084  -24.1702    3.6202   -7.0926
    6  1226  1085  -24.1701    3.6211   -7.0924
    7  1225  1085  -24.1714    3.6201   -7.0921
    8  1223  1086  -24.1700    3.6233   -7.0929
    9  1222  1086  -24.1712    3.6225   -7.0926
   10  1224  1086  -24.1709    3.6216   -7.0922
   11  1222  1087  -24.1701    3.6240   -7.0927
   12  1221  1087  -24.1691    3.6258   -7.0933
   13  1220  1087  -24.1703    3.6249   -7.0931
   14  1219  1088  -24.1718    3.6240   -7.0923
   15  1218  1088  -24.1719    3.6245   -7.0925
   16  1220  1088  -24.1693    3.6264   -7.0931
   17  1216  1089  -24.1721    3.6256   -7.0925
   18  1215  1089  -24.1724    3.6259   -7.0926
   19  1217  1089  -24.1716    3.6257   -7.0925
   20  1215  1090  -24.1717    3.6269   -7.0926
   21  1214  1090  -24.1728    3.6262   -7.0923
   22  1213  1091  -24.1712    3.6290   -7.0929
   23  1212  1092  -24.1708    3.6303   -7.0929
   24  1211  1092  -24.1716    3.6299   -7.0928
   25  1213  1092  -24.1705    3.6299   -7.0928
   26  1211  1093  -24.1712    3.6306   -7.0926
   27  1209  1094  -24.1697    3.6338   -7.0933
   28  1210  1094  -24.1705    3.6322   -7.0928
   29  1207  1095  -24.1689    3.6362   -7.0938
   30  1208  1095  -24.1694    3.6350   -7.0933
   31  1206  1096  -24.1679    3.6382   -7.0941
   32  1205  1096  -24.1710    3.6351   -7.0930
   33  1204  1096  -24.1711    3.6356   -7.0932
   34  1202  1097  -24.1720    3.6358   -7.0929
   35  1201  1097  -24.1740    3.6341   -7.0924
   36  1200  1097  -24.1733    3.6356   -7.0929
   37  1199  1097  -24.1743    3.6350   -7.0927
   38  1198  1097  -24.1745    3.6353   -7.0929
   39  1203  1097  -24.1714    3.6360   -7.0930

    1  1157  1098  -24.1854    3.6476   -7.0978
    2  1156  1099  -24.1856    3.6483   -7.0975
    3  1155  1100  -24.1825    3.6528   -7.0988
    4  1154  1100  -24.1853    3.6500   -7.0978
    5  1153  1100  -24.1856    3.6503   -7.0979
    6  1153  1101  -24.1844    3.6518   -7.0981
    7  1152  1102  -24.1838    3.6534   -7.0982
    8  1151  1103  -24.1821    3.6562   -7.0988
    9  1150  1103  -24.1834    3.6553   -7.0985
   10  1150  1104  -24.1825    3.6565   -7.0985
   11  1150  1105  -24.1802    3.6594   -7.0991
   12  1150  1106  -24.1807    3.6591   -7.0985
   13  1150  1107  -24.1792    3.6610   -7.0988
   14  1150  1109  -24.1782    3.6626   -7.0984
   15  1149  1109  -24.1787    3.6626   -7.0984
   16  1147  1109  -24.1786    3.6639   -7.0990
   17  1148  1109  -24.1789    3.6630   -7.0986
   18  1147  1110  -24.1785    3.6642   -7.0986
   19  1145  1111  -24.1785    3.6657   -7.0987
   20  1146  1111  -24.1791    3.6644   -7.0982
   21  1145  1112  -24.1775    3.6670   -7.0988
   22  1145  1113  -24.1778    3.6669   -7.0983
   23  1144  1114  -24.1765    3.6692   -7.0987
   24  1144  1115  -24.1763    3.6696   -7.0984
   25  1143  1115  -24.1765    3.6700   -7.0986
   26  1142  1115  -24.1771    3.6699   -7.0985
   27  1141  1116  -24.1766    3.6713   -7.0986
   28  1142  1116  -24.1766    3.6707   -7.0984
   29  1141  1117  -24.1764    3.6717   -7.0983
   30  1139  1118  -24.1778    3.6715   -7.0978
   31  1139  1119  -24.1779    3.6715   -7.0973
   32  1138  1119  -24.1786    3.6714   -7.0973
   33  1137  1119  -24.1800    3.6703   -7.0969
   34  1136  1119  -24.1790    3.6720   -7.0976
   35  1135  1119  -24.1782    3.6736   -7.0982
   36  1134  1120  -24.1794    3.6730   -7.0976
   37  1133  1120  -24.1802    3.6727   -7.0975
   38  1135  1120  -24.1774    3.6747   -7.0981
   39  1132  1121  -24.1819    3.6714   -7.0966
   40  1133  1121  -24.1810    3.6719   -7.0967
   41  1131  1122  -24.1826    3.6713   -7.0962
   42  1130  1122  -24.1830    3.6715   -7.0963
   43  1128  1122  -24.1844    3.6710   -7.0961
   44  1129  1122  -24.1839    3.6710   -7.0961
   45  1126  1123  -24.1850    3.6718   -7.0960
   46  1127  1123  -24.1845    3.6717   -7.0959
   47  1125  1124  -24.1844    3.6732   -7.0961
   48  1124  1124  -24.1833    3.6752   -7.0968
   49  1123  1124  -24.1831    3.6761   -7.0971
   50  1122  1124  -24.1842    3.6753   -7.0969
   51  1120  1125  -24.1850    3.6758   -7.0967
   52  1119  1125  -24.1853    3.6761   -7.0968
   53  1118  1125  -24.1852    3.6768   -7.0971
   54  1122  1125  -24.1841    3.6756   -7.0966
   55  1118  1126  -24.1841    3.6783   -7.0972
   56  1117  1126  -24.1850    3.6778   -7.0970
   57  1116  1126  -24.1851    3.6783   -7.0972
   58  1115  1127  -24.1847    3.6796   -7.0973
   59  1116  1127  -24.1847    3.6789   -7.0970
   60  1114  1128  -24.1846    3.6805   -7.0972
   61  1115  1128  -24.1838    3.6808   -7.0973
   62  1113  1144  -24.1755    3.6948   -7.0952
   63  1113  1145  -24.1753    3.6952   -7.0949

     1  1262  1049  -24.1760    3.5849   -7.0949
     2  1261  1049  -24.1755    3.5861   -7.0953
     3  1260  1049  -24.1762    3.5859   -7.0953
     4  1263  1049  -24.1757    3.5847   -7.0948
     5  1260  1050  -24.1762    3.5861   -7.0949
     6  1259  1050  -24.1763    3.5866   -7.0951
     7  1258  1051  -24.1774    3.5861   -7.0945
     8  1259  1051  -24.1763    3.5868   -7.0947
     9  1257  1052  -24.1766    3.5879   -7.0947
    10  1256  1052  -24.1770    3.5880   -7.0948
    11  1255  1052  -24.1767    3.5890   -7.0952
    12  1255  1053  -24.1764    3.5896   -7.0949
    13  1254  1053  -24.1773    3.5891   -7.0948
    14  1253  1054  -24.1785    3.5884   -7.0941
    15  1254  1054  -24.1767    3.5900   -7.0946
    16  1253  1055  -24.1778    3.5894   -7.0940
    17  1251  1055  -24.1780    3.5905   -7.0945
    18  1250  1055  -24.1789    3.5900   -7.0943
    19  1249  1055  -24.1772    3.5927   -7.0953
    20  1252  1055  -24.1788    3.5889   -7.0939
    21  1249  1056  -24.1799    3.5896   -7.0938
    22  1247  1056  -24.1816    3.5887   -7.0935
    23  1248  1056  -24.1806    3.5893   -7.0937
    24  1247  1057  -24.1806    3.5902   -7.0936
    25  1246  1058  -24.1806    3.5909   -7.0934
    26  1245  1058  -24.1813    3.5908   -7.0934
    27  1243  1059  -24.1807    3.5929   -7.0937
    28  1244  1059  -24.1794    3.5938   -7.0940
    29  1242  1060  -24.1804    3.5941   -7.0938
    30  1243  1060  -24.1797    3.5943   -7.0938
    31  1241  1061  -24.1795    3.5959   -7.0940
    32  1240  1061  -24.1806    3.5953   -7.0938
    33  1239  1061  -24.1793    3.5974   -7.0945
    34  1238  1061  -24.1804    3.5968   -7.0943
    35  1237  1061  -24.1796    3.5984   -7.0949
    36  1235  1062  -24.1802    3.5990   -7.0948
    37  1236  1062  -24.1795    3.5993   -7.0948
    38  1233  1063  -24.1786    3.6025   -7.0956
    39  1234  1063  -24.1778    3.6028   -7.0956
    40  1232  1064  -24.1766    3.6056   -7.0962
    41  1230  1064  -24.1763    3.6072   -7.0968
    42  1229  1064  -24.1762    3.6080   -7.0971
    43  1228  1064  -24.1757    3.6092   -7.0976
    44  1231  1064  -24.1760    3.6070   -7.0967
    45  1227  1065  -24.1768    3.6087   -7.0970
    46  1226  1065  -24.1771    3.6090   -7.0971
    47  1225  1065  -24.1774    3.6092   -7.0972
    48  1228  1065  -24.1763    3.6086   -7.0969
    49  1222  1066  -24.1790    3.6093   -7.0969
    50  1221  1066  -24.1793    3.6095   -7.0971
    51  1224  1066  -24.1772    3.6102   -7.0972
    52  1223  1066  -24.1780    3.6099   -7.0971
    53  1220  1067  -24.1790    3.6107   -7.0970
    54  1219  1067  -24.1799    3.6102   -7.0969
    55  1221  1067  -24.1784    3.6108   -7.0971
    56  1217  1068  -24.1799    3.6117   -7.0970
    57  1216  1068  -24.1804    3.6118   -7.0971
    58  1218  1068  -24.1793    3.6118   -7.0970
    59  1219  1068  -24.1793    3.6112   -7.0968
    60  1214  1068  -24.1815    3.6116   -7.0970
    61  1215  1068  -24.1812    3.6113   -7.0969
    62  1214  1069  -24.1813    3.6120   -7.0968
    63  1213  1070  -24.1810    3.6132   -7.0967
    64  1212  1071  -24.1806    3.6145   -7.0968
    65  1213  1071  -24.1801    3.6145   -7.0967
    66  1212  1072  -24.1797    3.6157   -7.0968
    67  1210  1073  -24.1795    3.6175   -7.0970
    68  1211  1073  -24.1784    3.6181   -7.0972
    69  1212  1073  -24.1779    3.6181   -7.0972
    70  1209  1074  -24.1788    3.6191   -7.0971
    71  1208  1075  -24.1787    3.6201   -7.0970
    72  1207  1075  -24.1793    3.6200   -7.0970
    73  1205  1076  -24.1796    3.6210   -7.0970
    74  1206  1076  -24.1794    3.6205   -7.0968
    75  1202  1077  -24.1814    3.6208   -7.0966
    76  1204  1077  -24.1798    3.6216   -7.0968
    77  1202  1078  -24.1814    3.6210   -7.0962
    78  1201  1078  -24.1822    3.6207   -7.0961
    79  1200  1078  -24.1837    3.6195   -7.0957
    80  1200  1079  -24.1830    3.6205   -7.0956
    81  1199  1079  -24.1835    3.6205   -7.0957
    82  1197  1079  -24.1843    3.6209   -7.0958
    83  1193  1080  -24.1832    3.6248   -7.0969
    84  1194  1080  -24.1832    3.6242   -7.0966
    85  1197  1080  -24.1828    3.6228   -7.0961
    86  1196  1080  -24.1829    3.6233   -7.0963
    87  1195  1080  -24.1830    3.6238   -7.0965
    88  1188  1081  -24.1842    3.6269   -7.0973
    89  1190  1081  -24.1832    3.6269   -7.0972
    90  1189  1081  -24.1844    3.6260   -7.0970
    91  1193  1081  -24.1819    3.6266   -7.0970
    92  1192  1081  -24.1822    3.6269   -7.0972
    93  1191  1081  -24.1829    3.6266   -7.0971
    94  1187  1082  -24.1856    3.6259   -7.0965
    95  1188  1082  -24.1834    3.6280   -7.0972
    96  1187  1083  -24.1835    3.6287   -7.0971
    97  1185  1083  -24.1848    3.6284   -7.0970
    98  1185  1084  -24.1831    3.6305   -7.0973
    99  1183  1085  -24.1848    3.6299   -7.0967
   100  1182  1085  -24.1846    3.6307   -7.0971
   101  1184  1085  -24.1849    3.6292   -7.0964
   102  1182  1086  -24.1854    3.6300   -7.0963
   103  1181  1086  -24.1849    3.6313   -7.0968
   104  1180  1086  -24.1852    3.6315   -7.0969
   105  1179  1087  -24.1846    3.6331   -7.0970
   106  1178  1087  -24.1870    3.6307   -7.0962
   107  1177  1087  -24.1844    3.6345   -7.0976
   108  1176  1088  -24.1843    3.6355   -7.0975
   109  1177  1088  -24.1845    3.6346   -7.0972
   110  1175  1089  -24.1830    3.6378   -7.0979
   111  1176  1089  -24.1827    3.6375   -7.0978
   112  1175  1090  -24.1819    3.6393   -7.0980
   113  1174  1090  -24.1832    3.6384   -7.0977
   114  1173  1090  -24.1840    3.6380   -7.0976
   115  1172  1090  -24.1842    3.6384   -7.0977
   116  1171  1090  -24.1836    3.6397   -7.0982
   117  1170  1091  -24.1837    3.6404   -7.0981
   118  1171  1091  -24.1836    3.6399   -7.0979

     1  1201  1003  -24.2284    3.5509   -7.1058
     2  1200  1004  -24.2282    3.5519   -7.1057
     3  1201  1004  -24.2268    3.5530   -7.1060
     4  1200  1005  -24.2281    3.5521   -7.1053
     5  1199  1006  -24.2263    3.5552   -7.1060
     6  1200  1006  -24.2255    3.5556   -7.1061
     7  1199  1007  -24.2270    3.5546   -7.1053
     8  1198  1008  -24.2252    3.5575   -7.1059
     9  1197  1008  -24.2257    3.5576   -7.1059
    10  1199  1008  -24.2244    3.5578   -7.1059
    11  1194  1009  -24.2261    3.5592   -7.1061
    12  1195  1009  -24.2259    3.5588   -7.1059
    13  1194  1010  -24.2257    3.5599   -7.1058
    14  1192  1010  -24.2270    3.5596   -7.1058
    15  1193  1010  -24.2247    3.5616   -7.1065
    16  1191  1011  -24.2268    3.5605   -7.1057
    17  1192  1011  -24.2263    3.5606   -7.1057
    18  1190  1012  -24.2271    3.5610   -7.1055
    19  1189  1012  -24.2266    3.5622   -7.1059
    20  1191  1012  -24.2250    3.5629   -7.1061
    21  1188  1013  -24.2257    3.5641   -7.1062
    22  1187  1013  -24.2260    3.5644   -7.1063
    23  1186  1014  -24.2247    3.5668   -7.1067
    24  1185  1014  -24.2258    3.5660   -7.1065
    25  1187  1014  -24.2241    3.5669   -7.1067
    26  1184  1015  -24.2254    3.5674   -7.1065
    27  1183  1015  -24.2244    3.5692   -7.1071
    28  1182  1015  -24.2256    3.5683   -7.1069
    29  1185  1015  -24.2263    3.5657   -7.1059
    30  1181  1016  -24.2243    3.5708   -7.1073
    31  1180  1016  -24.2252    3.5703   -7.1072
    32  1182  1016  -24.2251    3.5692   -7.1067
    33  1178  1017  -24.2270    3.5695   -7.1065
    34  1177  1017  -24.2278    3.5692   -7.1065
    35  1176  1017  -24.2259    3.5721   -7.1075
    36  1175  1017  -24.2264    3.5721   -7.1075
    37  1179  1017  -24.2254    3.5708   -7.1069
    38  1174  1018  -24.2260    3.5734   -7.1075
    39  1173  1018  -24.2262    3.5739   -7.1077
    40  1172  1018  -24.2253    3.5755   -7.1083
    41  1171  1018  -24.2244    3.5773   -7.1089
    42  1170  1019  -24.2242    3.5783   -7.1088
    43  1169  1019  -24.2248    3.5782   -7.1088
    44  1171  1019  -24.2247    3.5772   -7.1084
    45  1169  1020  -24.2241    3.5793   -7.1088
    46  1168  1020  -24.2244    3.5796   -7.1089
    47  1167  1020  -24.2243    3.5803   -7.1091
    48  1166  1020  -24.2242    3.5811   -7.1094
    49  1165  1020  -24.2241    3.5818   -7.1097
    50  1163  1021  -24.2248    3.5824   -7.1095
    51  1162  1021  -24.2253    3.5824   -7.1096
    52  1164  1021  -24.2241    3.5826   -7.1096
    53  1160  1022  -24.2279    3.5807   -7.1086
    54  1161  1022  -24.2257    3.5827   -7.1093
    55  1162  1022  -24.2253    3.5826   -7.1092
    56  1159  1023  -24.2280    3.5814   -7.1084
    57  1158  1023  -24.2272    3.5829   -7.1090
    58  1160  1023  -24.2254    3.5839   -7.1092
    59  1158  1024  -24.2258    3.5849   -7.1092
    60  1157  1024  -24.2239    3.5877   -7.1102
    61  1156  1024  -24.2284    3.5830   -7.1086
    62  1154  1025  -24.2293    3.5833   -7.1083
    63  1153  1025  -24.2298    3.5834   -7.1084
    64  1152  1025  -24.2313    3.5822   -7.1080
    65  1151  1025  -24.2317    3.5822   -7.1081
    66  1150  1025  -24.2324    3.5821   -7.1080
    67  1155  1025  -24.2286    3.5836   -7.1084
    68  1149  1026  -24.2310    3.5846   -7.1085
    69  1150  1026  -24.2320    3.5828   -7.1078
    70  1148  1027  -24.2315    3.5848   -7.1081
    71  1149  1027  -24.2305    3.5853   -7.1083
    72  1148  1028  -24.2311    3.5854   -7.1079
    73  1147  1028  -24.2301    3.5873   -7.1085
    74  1146  1028  -24.2315    3.5862   -7.1082
    75  1144  1029  -24.2315    3.5877   -7.1083
    76  1145  1029  -24.2306    3.5881   -7.1084
    77  1144  1030  -24.2305    3.5890   -7.1083
    78  1143  1030  -24.2335    3.5861   -7.1074
    79  1143  1031  -24.2320    3.5881   -7.1076
    80  1141  1032  -24.2307    3.5910   -7.1082
    81  1141  1033  -24.2336    3.5878   -7.1066
    82  1139  1033  -24.2329    3.5899   -7.1074
    83  1140  1033  -24.2329    3.5892   -7.1071
    84  1138  1034  -24.2334    3.5901   -7.1070
    85  1137  1034  -24.2332    3.5909   -7.1073
    86  1137  1035  -24.2309    3.5939   -7.1079
    87  1136  1035  -24.2323    3.5928   -7.1076
    88  1135  1036  -24.2309    3.5954   -7.1080
    89  1134  1037  -24.2318    3.5951   -7.1075
    90  1135  1037  -24.2310    3.5954   -7.1076
    91  1133  1038  -24.2300    3.5980   -7.1081
    92  1133  1039  -24.2279    3.6007   -7.1086
    93  1132  1039  -24.2276    3.6016   -7.1089
    94  1132  1040  -24.2282    3.6012   -7.1083
    95  1131  1040  -24.2294    3.6003   -7.1080
    96  1129  1041  -24.2270    3.6046   -7.1091
    97  1130  1041  -24.2290    3.6017   -7.1080
    98  1128  1042  -24.2279    3.6043   -7.1086
    99  1129  1042  -24.2260    3.6060   -7.1091
   100  1128  1043  -24.2283    3.6041   -7.1080
   101  1127  1044  -24.2268    3.6066   -7.1085
   102  1125  1045  -24.2264    3.6086   -7.1088
   103  1126  1045  -24.2275    3.6066   -7.1081
   104  1124  1046  -24.2269    3.6088   -7.1085
   105  1123  1046  -24.2290    3.6069   -7.1078
   106  1125  1046  -24.2248    3.6107   -7.1091
   107  1123  1047  -24.2284    3.6079   -7.1077
   108  1122  1047  -24.2272    3.6098   -7.1084
   109  1121  1047  -24.2281    3.6094   -7.1083
   110  1121  1048  -24.2270    3.6109   -7.1083
   111  1120  1049  -24.2267    3.6120   -7.1083
   112  1119  1049  -24.2267    3.6128   -7.1086
   113  1118  1049  -24.2256    3.6146   -7.1092

    1  1303  1125  -24.1283    3.6317   -7.0765
    8  1302  1126  -24.1288    3.6319   -7.0761
    9  1303  1126  -24.1287    3.6315   -7.0760
   10  1301  1127  -24.1300    3.6313   -7.0755
   11  1300  1127  -24.1296    3.6324   -7.0759
   12  1299  1128  -24.1302    3.6325   -7.0755
   13  1300  1128  -24.1308    3.6311   -7.0750
   14  1298  1129  -24.1308    3.6325   -7.0751
   15  1299  1129  -24.1300    3.6329   -7.0752
   16  1298  1130  -24.1305    3.6331   -7.0749
   17  1297  1130  -24.1299    3.6345   -7.0754
   18  1296  1130  -24.1316    3.6329   -7.0749
   19  1295  1130  -24.1315    3.6337   -7.0752
   20  1294  1130  -24.1325    3.6331   -7.0750
   21  1294  1131  -24.1319    3.6340   -7.0749
   22  1293  1131  -24.1329    3.6334   -7.0747
   23  1291  1131  -24.1333    3.6342   -7.0751
   24  1290  1131  -24.1338    3.6342   -7.0751
   25  1292  1131  -24.1321    3.6350   -7.0753
   26  1288  1132  -24.1341    3.6352   -7.0751
   27  1287  1132  -24.1352    3.6345   -7.0749
   28  1286  1132  -24.1351    3.6352   -7.0751
   29  1285  1132  -24.1344    3.6367   -7.0757
   30  1284  1132  -24.1358    3.6356   -7.0753
   31  1289  1132  -24.1338    3.6350   -7.0750
   32  1284  1133  -24.1347    3.6371   -7.0754
   33  1283  1133  -24.1357    3.6366   -7.0752
   34  1282  1133  -24.1350    3.6380   -7.0758
   35  1280  1133  -24.1366    3.6372   -7.0756
   36  1279  1133  -24.1364    3.6381   -7.0759
   37  1281  1133  -24.1351    3.6385   -7.0760
   38  1279  1134  -24.1366    3.6381   -7.0754
   39  1278  1134  -24.1368    3.6385   -7.0756
   40  1277  1135  -24.1365    3.6396   -7.0756
   41  1276  1135  -24.1367    3.6400   -7.0758
   42  1275  1135  -24.1371    3.6401   -7.0758
   43  1278  1135  -24.1355    3.6403   -7.0758
   44  1272  1137  -24.1358    3.6439   -7.0764
   45  1273  1137  -24.1345    3.6449   -7.0767
   46  1272  1138  -24.1336    3.6468   -7.0770
   47  1271  1138  -24.1344    3.6464   -7.0768
   48  1270  1139  -24.1349    3.6466   -7.0765
   49  1267  1140  -24.1362    3.6471   -7.0763
   50  1268  1140  -24.1360    3.6466   -7.0761

    1  1126  1006  -24.2502    3.5723   -7.1139
    2  1127  1007  -24.2491    3.5731   -7.1138
    3  1128  1007  -24.2484    3.5733   -7.1138
    4  1126  1007  -24.2492    3.5736   -7.1139
    5  1128  1008  -24.2473    3.5748   -7.1138
    6  1128  1009  -24.2465    3.5760   -7.1138
    7  1127  1010  -24.2463    3.5770   -7.1137
    8  1126  1010  -24.2468    3.5770   -7.1138
    9  1125  1010  -24.2487    3.5753   -7.1132
   10  1128  1010  -24.2462    3.5765   -7.1135
   11  1124  1011  -24.2479    3.5771   -7.1134
   12  1123  1011  -24.2473    3.5785   -7.1139
   13  1122  1011  -24.2490    3.5771   -7.1135
   14  1121  1012  -24.2464    3.5810   -7.1144
   15  1120  1012  -24.2466    3.5814   -7.1145
   16  1119  1013  -24.2485    3.5799   -7.1136
   17  1118  1013  -24.2478    3.5814   -7.1141
   18  1117  1013  -24.2470    3.5829   -7.1147
   19  1116  1013  -24.2506    3.5793   -7.1135
   20  1114  1014  -24.2509    3.5804   -7.1135
   21  1115  1014  -24.2504    3.5803   -7.1134
   22  1113  1014  -24.2513    3.5805   -7.1136
   23  1111  1015  -24.2484    3.5854   -7.1148
   24  1110  1015  -24.2491    3.5852   -7.1148
   25  1108  1016  -24.2480    3.5879   -7.1153
   26  1110  1016  -24.2476    3.5872   -7.1150
   27  1108  1017  -24.2468    3.5896   -7.1154
   28  1107  1017  -24.2481    3.5886   -7.1151
   29  1106  1017  -24.2484    3.5889   -7.1153
   30  1105  1017  -24.2490    3.5888   -7.1152
   31  1104  1018  -24.2476    3.5913   -7.1157
   32  1103  1018  -24.2483    3.5910   -7.1156
   33  1102  1019  -24.2473    3.5930   -7.1159
   34  1100  1020  -24.2490    3.5925   -7.1153
   35  1100  1021  -24.2485    3.5933   -7.1152
   36  1099  1021  -24.2470    3.5957   -7.1160
   37  1097  1022  -24.2456    3.5988   -7.1167
   38  1097  1023  -24.2462    3.5983   -7.1161
   39  1096  1024  -24.2452    3.6002   -7.1163
   40  1095  1024  -24.2462    3.5997   -7.1162

    1  1173  899  -24.2891    3.4754   -7.1286
    2  1173  900  -24.2892    3.4755   -7.1282
    3  1173  901  -24.2871    3.4783   -7.1286
    4  1173  902  -24.2873    3.4782   -7.1281
    5  1173  903  -24.2877    3.4779   -7.1276
    6  1173  904  -24.2861    3.4800   -7.1278
    7  1172  904  -24.2856    3.4813   -7.1282
    8  1172  905  -24.2872    3.4796   -7.1272
    9  1171  906  -24.2867    3.4810   -7.1273
   10  1172  906  -24.2859    3.4813   -7.1273
   11  1170  907  -24.2861    3.4825   -7.1273
   12  1169  908  -24.2864    3.4831   -7.1271
   13  1170  908  -24.2860    3.4829   -7.1270
   14  1168  909  -24.2870    3.4831   -7.1267
   15  1167  909  -24.2870    3.4837   -7.1269
   16  1166  910  -24.2874    3.4841   -7.1266
   17  1167  910  -24.2875    3.4833   -7.1264
   18  1165  911  -24.2879    3.4843   -7.1263
   19  1164  911  -24.2881    3.4847   -7.1265
   20  1166  911  -24.2875    3.4842   -7.1262
   21  1163  912  -24.2877    3.4861   -7.1265
   22  1162  913  -24.2878    3.4867   -7.1263
   23  1161  913  -24.2881    3.4870   -7.1265
   24  1160  913  -24.2875    3.4883   -7.1269
   25  1158  914  -24.2902    3.4865   -7.1260
   26  1157  914  -24.2888    3.4888   -7.1268
   27  1156  914  -24.2889    3.4894   -7.1270
   28  1159  914  -24.2893    3.4870   -7.1261
   29  1156  915  -24.2880    3.4907   -7.1270
   30  1155  915  -24.2847    3.4952   -7.1285
   31  1154  915  -24.2819    3.4994   -7.1298
   32  1153  915  -24.2992    3.4790   -7.1233
   33  1153  916  -24.2984    3.4802   -7.1232
   34  1152  916  -24.2876    3.4939   -7.1277
   35  1151  916  -24.2975    3.4826   -7.1240
   36  1150  916  -24.2984    3.4821   -7.1239
   37  1149  916  -24.2964    3.4852   -7.1250
   38  1148  916  -24.2807    3.5047   -7.1313
   39  1147  916  -24.2837    3.5018   -7.1304
   40  1146  916  -24.2872    3.4983   -7.1293
   41  1145  916  -24.2914    3.4938   -7.1279
   42  1144  916  -24.3043    3.4789   -7.1231
   43  1143  916  -24.2987    3.4862   -7.1255
   44  1142  916  -24.2964    3.4896   -7.1267
   45  1141  916  -24.3023    3.4832   -7.1246
   46  1141  917  -24.3058    3.4791   -7.1229
   47  1140  917  -24.3048    3.4810   -7.1235
   48  1139  917  -24.3025    3.4844   -7.1246
   49  1138  917  -24.3060    3.4808   -7.1235
   50  1137  917  -24.2945    3.4953   -7.1282
   51  1136  917  -24.2969    3.4931   -7.1275
   52  1135  917  -24.2964    3.4944   -7.1280
   53  1134  917  -24.2923    3.4999   -7.1298
   54  1133  917  -24.2883    3.5054   -7.1315
   55  1132  917  -24.2931    3.5003   -7.1300

    1  1301  775  -24.3424    3.3025   -7.1258
    19  1304  775  -24.3458    3.2963   -7.1237
    20  1303  775  -24.3433    3.3000   -7.1249
    21  1302  775  -24.3418    3.3026   -7.1258
    22  1300  777  -24.3393    3.3074   -7.1265
    23  1298  777  -24.3337    3.3156   -7.1291
    24  1299  777  -24.3362    3.3119   -7.1279
    25  1297  777  -24.3406    3.3077   -7.1267
    26  1296  778  -24.3389    3.3108   -7.1272
    27  1294  779  -24.3371    3.3144   -7.1280
    28  1293  779  -24.3372    3.3150   -7.1282
    29  1295  779  -24.3379    3.3128   -7.1274
    30  1291  780  -24.3378    3.3157   -7.1281
    31  1293  780  -24.3333    3.3200   -7.1293
    32  1292  780  -24.3366    3.3166   -7.1283
    33  1290  781  -24.3377    3.3168   -7.1280
    34  1289  781  -24.3362    3.3193   -7.1288
    35  1288  781  -24.3382    3.3175   -7.1283
    36  1287  782  -24.3335    3.3242   -7.1300
    37  1286  782  -24.3307    3.3283   -7.1313
    38  1283  783  -24.3371    3.3226   -7.1291
    39  1285  783  -24.3403    3.3173   -7.1274
    40  1284  783  -24.3377    3.3211   -7.1286
    41  1283  784  -24.3338    3.3269   -7.1300
    42  1281  784  -24.3294    3.3335   -7.1322
    43  1280  784  -24.3322    3.3308   -7.1313
    44  1279  785  -24.3263    3.3390   -7.1335
    45  1278  786  -24.3283    3.3373   -7.1326
    46  1277  786  -24.3289    3.3372   -7.1326
    47  1276  786  -24.3272    3.3400   -7.1335
    48  1275  787  -24.3253    3.3432   -7.1341
    49  1274  788  -24.3256    3.3437   -7.1338
    50  1275  788  -24.3261    3.3425   -7.1334
    51  1274  789  -24.3239    3.3461   -7.1341
    52  1274  790  -24.3219    3.3486   -7.1345
    53  1274  791  -24.3231    3.3473   -7.1336
    54  1273  791  -24.3247    3.3461   -7.1332
    55  1272  791  -24.3239    3.3477   -7.1338
    56  1271  791  -24.3244    3.3478   -7.1338
    57  1270  792  -24.3268    3.3457   -7.1327
    58  1269  792  -24.3280    3.3449   -7.1325
    59  1271  792  -24.3263    3.3456   -7.1327
    60  1269  793  -24.3295    3.3432   -7.1315
    61  1268  793  -24.3290    3.3445   -7.1320
    62  1267  793  -24.3296    3.3444   -7.1320
    63  1266  793  -24.3292    3.3456   -7.1324
    64  1265  793  -24.3285    3.3470   -7.1329
    65  1264  794  -24.3267    3.3502   -7.1334
    66  1263  794  -24.3262    3.3514   -7.1339
    67  1265  794  -24.3280    3.3479   -7.1327
    68  1263  795  -24.3279    3.3495   -7.1328
    69  1262  795  -24.3278    3.3502   -7.1331
    70  1230  795  -24.3424    3.3534   -7.1354
    71  1231  795  -24.3428    3.3522   -7.1349
    72  1232  795  -24.3417    3.3529   -7.1351
    73  1233  795  -24.3418    3.3520   -7.1348
    74  1234  795  -24.3421    3.3510   -7.1345
    75  1235  795  -24.3428    3.3495   -7.1340
    76  1236  795  -24.3421    3.3497   -7.1340
    77  1237  795  -24.3403    3.3513   -7.1344
    78  1238  795  -24.3422    3.3483   -7.1335
    79  1239  795  -24.3391    3.3515   -7.1344
    80  1229  795  -24.3446    3.3513   -7.1348
    81  1240  795  -24.3412    3.3482   -7.1334
    82  1241  795  -24.3394    3.3497   -7.1338
    83  1242  795  -24.3387    3.3499   -7.1338
    84  1247  796  -24.3335    3.3533   -7.1342
    85  1246  796  -24.3374    3.3492   -7.1330
    86  1245  796  -24.3374    3.3498   -7.1332
    87  1244  796  -24.3368    3.3512   -7.1337
    88  1243  796  -24.3370    3.3516   -7.1338
    89  1242  796  -24.3361    3.3534   -7.1344
    90  1248  796  -24.3353    3.3504   -7.1333
    91  1249  796  -24.3320    3.3539   -7.1343
    92  1250  796  -24.3308    3.3547   -7.1345
    93  1252  796  -24.3311    3.3529   -7.1339
    94  1253  796  -24.3282    3.3559   -7.1347
    95  1254  796  -24.3266    3.3572   -7.1351
    96  1255  796  -24.3264    3.3568   -7.1349
    97  1256  796  -24.3257    3.3570   -7.1350
    98  1257  796  -24.3268    3.3550   -7.1343
    99  1258  796  -24.3277    3.3532   -7.1337
   100  1259  796  -24.3269    3.3536   -7.1338
   101  1260  796  -24.3280    3.3515   -7.1331
   102  1261  796  -24.3284    3.3503   -7.1327
   103  1251  796  -24.3345    3.3495   -7.1329

    1  1145  754  -24.3833    3.3514   -7.1570
    2  1146  754  -24.3829    3.3513   -7.1569
    3  1143  755  -24.3834    3.3528   -7.1570
    4  1144  755  -24.3839    3.3515   -7.1566
    5  1143  756  -24.3840    3.3523   -7.1564
    6  1142  756  -24.3841    3.3528   -7.1566
    7  1141  756  -24.3865    3.3505   -7.1559
    8  1140  757  -24.3865    3.3514   -7.1558
    9  1141  757  -24.3847    3.3530   -7.1562
   10  1139  758  -24.3857    3.3532   -7.1559
   11  1138  758  -24.3869    3.3524   -7.1557
   12  1140  758  -24.3853    3.3530   -7.1558
   13  1137  759  -24.3864    3.3540   -7.1557
   14  1135  759  -24.3864    3.3552   -7.1562
   15  1134  759  -24.3884    3.3535   -7.1557
   16  1132  760  -24.3894    3.3538   -7.1554
   17  1133  760  -24.3881    3.3546   -7.1556
   18  1130  761  -24.3906    3.3538   -7.1550
   19  1129  761  -24.3912    3.3537   -7.1551
   20  1128  761  -24.3915    3.3540   -7.1552
   21  1131  761  -24.3882    3.3561   -7.1557
   22  1128  762  -24.3914    3.3544   -7.1548
   23  1127  762  -24.3942    3.3516   -7.1540
   24  1126  762  -24.3952    3.3510   -7.1539
   25  1125  763  -24.3943    3.3530   -7.1541
   26  1124  763  -24.3897    3.3592   -7.1561
   27  1123  763  -24.3932    3.3556   -7.1550
   28  1126  763  -24.3941    3.3526   -7.1539
   29  1123  764  -24.3929    3.3562   -7.1547
   30  1122  764  -24.3928    3.3569   -7.1550
   31  1121  764  -24.3938    3.3564   -7.1549
   32  1120  764  -24.3949    3.3558   -7.1547
   33  1118  765  -24.3947    3.3575   -7.1548
   34  1117  765  -24.3977    3.3546   -7.1540
   35  1119  765  -24.3956    3.3557   -7.1543
   36  1117  766  -24.3944    3.3587   -7.1548
   37  1116  766  -24.3962    3.3572   -7.1544
   38  1115  766  -24.3946    3.3598   -7.1552
   39  1114  766  -24.3977    3.3567   -7.1543
   40  1112  767  -24.3969    3.3592   -7.1547
   41  1111  767  -24.3969    3.3599   -7.1550
   42  1110  767  -24.3984    3.3587   -7.1546
   43  1113  767  -24.3976    3.3576   -7.1542
   44  1109  768  -24.3982    3.3598   -7.1545
   45  1108  768  -24.3991    3.3593   -7.1545
   46  1107  768  -24.3997    3.3592   -7.1545
   47  1106  768  -24.3993    3.3604   -7.1549
   48  1105  768  -24.3996    3.3606   -7.1550
   49  1105  769  -24.3998    3.3607   -7.1545
   50  1104  769  -24.3998    3.3613   -7.1548
   51  1103  769  -24.3994    3.3624   -7.1552
   52  1102  769  -24.3992    3.3634   -7.1555
   53  1101  769  -24.3994    3.3638   -7.1556
   54  1100  769  -24.3999    3.3639   -7.1557
   55  1099  769  -24.3992    3.3653   -7.1562
   56  1097  770  -24.3992    3.3669   -7.1563
   57  1098  770  -24.3994    3.3660   -7.1560
   58  1096  771  -24.3984    3.3687   -7.1564

    1  1142  643  -24.4783    3.2158   -7.1683
    2  1141  643  -24.4790    3.2156   -7.1683
    3  1140  643  -24.4794    3.2159   -7.1684
    4  1143  643  -24.4769    3.2168   -7.1685
    5  1139  644  -24.4775    3.2190   -7.1689
    6  1138  644  -24.4810    3.2154   -7.1679
    7  1140  644  -24.4813    3.2136   -7.1673
    8  1138  645  -24.4787    3.2185   -7.1683
    9  1137  645  -24.4814    3.2159   -7.1676
   10  1136  645  -24.4758    3.2234   -7.1698
   11  1135  645  -24.4739    3.2264   -7.1707
   12  1134  645  -24.4739    3.2271   -7.1709
   13  1133  645  -24.4748    3.2266   -7.1708
   14  1132  645  -24.4832    3.2171   -7.1681
   15  1132  646  -24.4863    3.2135   -7.1666
   16  1131  646  -24.4838    3.2172   -7.1677
   17  1130  646  -24.4868    3.2142   -7.1669
   18  1129  646  -24.4871    3.2145   -7.1670
   19  1128  646  -24.4865    3.2160   -7.1675
   20  1126  647  -24.4847    3.2197   -7.1682
   21  1125  647  -24.4848    3.2202   -7.1684
   22  1124  647  -24.4799    3.2270   -7.1704
   23  1127  647  -24.4869    3.2163   -7.1672
   24  1124  648  -24.4791    3.2280   -7.1703
   25  1123  648  -24.4789    3.2290   -7.1706
   26  1122  648  -24.4796    3.2288   -7.1706
   27  1121  648  -24.4864    3.2212   -7.1684
   28  1120  648  -24.4876    3.2204   -7.1682
   29  1119  649  -24.4997    3.2066   -7.1637
   30  1118  649  -24.4960    3.2117   -7.1653
   31  1117  649  -24.4943    3.2145   -7.1661
   32  1116  649  -24.4921    3.2178   -7.1672
   33  1115  649  -24.4899    3.2213   -7.1683
   34  1114  650  -24.4886    3.2236   -7.1686
   35  1113  650  -24.4874    3.2257   -7.1692
   36  1112  650  -24.4888    3.2248   -7.1690
   37  1111  650  -24.4877    3.2267   -7.1696
   38  1115  650  -24.4902    3.2210   -7.1677
   39  1111  651  -24.4890    3.2254   -7.1688
   40  1110  651  -24.4898    3.2251   -7.1687
   41  1109  651  -24.4887    3.2271   -7.1694
   42  1108  651  -24.4881    3.2285   -7.1698
   43  1107  651  -24.4886    3.2286   -7.1699
   44  1106  651  -24.4900    3.2275   -7.1696
   45  1105  651  -24.4914    3.2265   -7.1694
   46  1104  651  -24.4914    3.2272   -7.1696
   47  1104  652  -24.4914    3.2275   -7.1692
   48  1103  652  -24.4919    3.2275   -7.1693
   49  1102  652  -24.4922    3.2278   -7.1694
   50  1100  653  -24.4918    3.2298   -7.1696
   51  1099  653  -24.4931    3.2290   -7.1694
   52  1101  653  -24.4933    3.2273   -7.1688
   53  1097  654  -24.4920    3.2318   -7.1699
   54  1098  654  -24.4916    3.2316   -7.1697
   55  1097  655  -24.4921    3.2319   -7.1694
   56  1096  655  -24.4920    3.2327   -7.1697
   57  1095  655  -24.4931    3.2321   -7.1695
   58  1094  655  -24.4923    3.2337   -7.1701
   59  1093  656  -24.4915    3.2355   -7.1702
   60  1092  656  -24.4926    3.2348   -7.1700
   61  1091  656  -24.4932    3.2348   -7.1701
   62  1094  656  -24.4912    3.2353   -7.1700

    1  1045  792  -24.3863    3.4205   -7.1647
    2  1044  793  -24.3850    3.4230   -7.1650
    3  1045  793  -24.3860    3.4211   -7.1644
    4  1043  794  -24.3856    3.4230   -7.1646
    5  1044  794  -24.3859    3.4221   -7.1643
    6  1043  795  -24.3858    3.4230   -7.1642
    7  1043  796  -24.3851    3.4241   -7.1641
    8  1042  796  -24.3852    3.4245   -7.1642
    9  1040  797  -24.3849    3.4264   -7.1644
   10  1039  797  -24.3875    3.4240   -7.1637
   11  1041  797  -24.3873    3.4229   -7.1633
   12  1038  798  -24.3889    3.4230   -7.1630
   13  1037  798  -24.3887    3.4240   -7.1634
   14  1036  798  -24.3883    3.4250   -7.1637
   15  1039  798  -24.3882    3.4233   -7.1631
   16  1036  799  -24.3880    3.4257   -7.1634
   17  1035  799  -24.3910    3.4227   -7.1626
   18  1034  799  -24.3928    3.4212   -7.1621
   19  1033  799  -24.3939    3.4206   -7.1620
   20  1031  800  -24.3968    3.4186   -7.1610
   21  1032  800  -24.3947    3.4204   -7.1615
   22  1030  801  -24.3971    3.4191   -7.1607
   23  1029  801  -24.3980    3.4186   -7.1606
   24  1028  801  -24.3992    3.4179   -7.1605
   25  1027  801  -24.3992    3.4185   -7.1607
   26  1025  801  -24.4012    3.4174   -7.1604
   27  1026  801  -24.3998    3.4184   -7.1607
   28  1021  802  -24.4012    3.4202   -7.1610
   29  1022  802  -24.4009    3.4198   -7.1608
   30  1023  802  -24.4023    3.4175   -7.1601
   31  1024  802  -24.4020    3.4173   -7.1599
   32  1018  802  -24.3969    3.4273   -7.1633
   33  1019  802  -24.3986    3.4246   -7.1624
   34  1020  802  -24.4000    3.4223   -7.1617
   35  1016  803  -24.3961    3.4297   -7.1637
   36  1015  803  -24.3962    3.4303   -7.1639
   37  1014  803  -24.3955    3.4317   -7.1644
   38  1017  803  -24.3964    3.4287   -7.1633
   39  1014  804  -24.3971    3.4300   -7.1634
   40  1013  804  -24.3962    3.4317   -7.1639
   41  1012  804  -24.3963    3.4322   -7.1641
   42  1010  804  -24.3964    3.4334   -7.1646
   43  1009  805  -24.3936    3.4375   -7.1655
   44  1008  805  -24.3938    3.4380   -7.1656
   45  1010  805  -24.3942    3.4362   -7.1650
   46  1008  806  -24.3921    3.4402   -7.1659
   47  1007  806  -24.3926    3.4403   -7.1659
   48  1006  806  -24.3951    3.4379   -7.1652
   49  1005  806  -24.3964    3.4369   -7.1650
   50  1004  806  -24.3997    3.4338   -7.1640
   51  1003  807  -24.3941    3.4412   -7.1659
   52  1002  807  -24.3941    3.4419   -7.1662
   53  1004  807  -24.3945    3.4400   -7.1655
   54  1001  808  -24.3910    3.4463   -7.1671
   55  1000  808  -24.3936    3.4440   -7.1664
   56   999  808  -24.3927    3.4457   -7.1670
   57   998  808  -24.3922    3.4468   -7.1674
   58   996  809  -24.3917    3.4489   -7.1677
   59   997  809  -24.3928    3.4470   -7.1670

     1  551  650  -24.6656    3.3897   -7.2431
     2  551  651  -24.6650    3.3905   -7.2428
     3  550  651  -24.6653    3.3909   -7.2430
     4  549  652  -24.6646    3.3925   -7.2430
     5  547  653  -24.6649    3.3936   -7.2429
     6  546  653  -24.6669    3.3921   -7.2425
     7  548  653  -24.6644    3.3936   -7.2429
     8  545  654  -24.6659    3.3940   -7.2427
     9  544  654  -24.6671    3.3933   -7.2425
    10  543  655  -24.6669    3.3944   -7.2424
    11  541  656  -24.6654    3.3975   -7.2429
    12  540  656  -24.6650    3.3986   -7.2433
    13  542  656  -24.6667    3.3955   -7.2423
    14  539  657  -24.6650    3.3995   -7.2431
    15  538  658  -24.6645    3.4009   -7.2431
    16  537  658  -24.6645    3.4015   -7.2433
    17  534  659  -24.6629    3.4054   -7.2441
    18  533  659  -24.6641    3.4047   -7.2440
    19  535  659  -24.6640    3.4036   -7.2435
    20  532  660  -24.6609    3.4092   -7.2448
    21  531  660  -24.6608    3.4099   -7.2451
    22  530  660  -24.6605    3.4109   -7.2454
    23  533  660  -24.6614    3.4080   -7.2444
    24  530  661  -24.6620    3.4094   -7.2445
    25  528  661  -24.6624    3.4102   -7.2449
    26  527  662  -24.6587    3.4152   -7.2459
    27  526  662  -24.6603    3.4141   -7.2456
    28  525  662  -24.6607    3.4142   -7.2457
    29  528  662  -24.6595    3.4137   -7.2454
    30  523  663  -24.6776    3.3969   -7.2402
    31  524  663  -24.6687    3.4061   -7.2429
    32  523  664  -24.6867    3.3871   -7.2367
    33  522  664  -24.6538    3.4242   -7.2478
    34  520  665  -24.6595    3.4194   -7.2460
    35  519  665  -24.6611    3.4182   -7.2457
    36  521  665  -24.6591    3.4192   -7.2459
    37  518  666  -24.6572    3.4234   -7.2468
    38  517  666  -24.6652    3.4151   -7.2444
    39  519  666  -24.6596    3.4201   -7.2458
    40  516  667  -24.6630    3.4184   -7.2450
    41  517  667  -24.6631    3.4176   -7.2447
    42  516  668  -24.6560    3.4264   -7.2469
    43  515  668  -24.6602    3.4223   -7.2457
    44  514  668  -24.6678    3.4146   -7.2435
    45  513  668  -24.6580    3.4260   -7.2469
    46  512  668  -24.6651    3.4188   -7.2448
    47  511  668  -24.6630    3.4218   -7.2457
    48  510  668  -24.6706    3.4140   -7.2435
    49  509  668  -24.6596    3.4269   -7.2473
    50  508  668  -24.6615    3.4253   -7.2469
    51  507  668  -24.6617    3.4258   -7.2471
    52  506  668  -24.6646    3.4232   -7.2464
    53  504  669  -24.6730    3.4154   -7.2437
    54  506  669  -24.6644    3.4236   -7.2460
    55  504  670  -24.6680    3.4211   -7.2449
    56  503  671  -24.6685    3.4214   -7.2445
    57  502  671  -24.6747    3.4151   -7.2427
    58  501  671  -24.6683    3.4229   -7.2451
    59  500  671  -24.6668    3.4252   -7.2458
    60  500  672  -24.6670    3.4251   -7.2453
    61  499  672  -24.6682    3.4245   -7.2452
    62  498  672  -24.6698    3.4233   -7.2449
    63  497  673  -24.6691    3.4249   -7.2449
    64  496  673  -24.6683    3.4265   -7.2454
    65  495  673  -24.6693    3.4260   -7.2453
    66  494  673  -24.6676    3.4286   -7.2461
    67  493  673  -24.6681    3.4286   -7.2462
    68  492  673  -24.6690    3.4282   -7.2461
    69  491  673  -24.6668    3.4313   -7.2470
    70  490  673  -24.6683    3.4303   -7.2468
    71  489  673  -24.6689    3.4303   -7.2468
    72  488  673  -24.6702    3.4295   -7.2467
    73  487  673  -24.6698    3.4306   -7.2470
    74  477  678  -24.6698    3.4379   -7.2472
    75  478  678  -24.6701    3.4369   -7.2469
    76  477  679  -24.6695    3.4385   -7.2469
    77  476  679  -24.6702    3.4384   -7.2469
    78  476  680  -24.6701    3.4386   -7.2465
    79  474  681  -24.6702    3.4400   -7.2466
    80  473  682  -24.6717    3.4392   -7.2459
    81  474  682  -24.6703    3.4400   -7.2461
    82  472  683  -24.6737    3.4378   -7.2451
    83  471  683  -24.6700    3.4425   -7.2465
    84  470  683  -24.6706    3.4424   -7.2465
    85  468  684  -24.6721    3.4423   -7.2461
    86  467  684  -24.6719    3.4431   -7.2464
    87  466  684  -24.6758    3.4394   -7.2454
    88  469  684  -24.6691    3.4449   -7.2469
    89  466  685  -24.6692    3.4469   -7.2471
    90  465  685  -24.6800    3.4356   -7.2439
    91  464  685  -24.6763    3.4404   -7.2453
    92  463  685  -24.6712    3.4466   -7.2472
    93  462  686  -24.6715    3.4471   -7.2469
    94  461  686  -24.6722    3.4469   -7.2469
    95  460  686  -24.6735    3.4461   -7.2467
    96  463  686  -24.6734    3.4443   -7.2461
    97  460  687  -24.6747    3.4450   -7.2459
    98  459  687  -24.6717    3.4489   -7.2471
    99  458  687  -24.6735    3.4476   -7.2468
   100  456  688  -24.6759    3.4465   -7.2461
   101  457  688  -24.6693    3.4531   -7.2480
   102  454  689  -24.6836    3.4395   -7.2436
   103  453  689  -24.6824    3.4414   -7.2442
   104  455  689  -24.6816    3.4410   -7.2440
   105  453  690  -24.6857    3.4380   -7.2428
   106  452  690  -24.6849    3.4395   -7.2433
   107  450  690  -24.6837    3.4421   -7.2441
   108  449  691  -24.6920    3.4337   -7.2413
   109  448  691  -24.6779    3.4499   -7.2461
   110  447  691  -24.6985    3.4278   -7.2397
   111  450  691  -24.6808    3.4455   -7.2446
   112  447  692  -24.6945    3.4324   -7.2406
   113  446  692  -24.6952    3.4323   -7.2406
   114  445  692  -24.6925    3.4359   -7.2417
   115  444  692  -24.6881    3.4414   -7.2433
   116  443  692  -24.6815    3.4492   -7.2457
   117  442  692  -24.6783    3.4534   -7.2469
   118  441  692  -24.6771    3.4554   -7.2476
   119  440  693  -24.6782    3.4550   -7.2470
   120  441  693  -24.6798    3.4526   -7.2463
