; ENVI Output of ROIs (5.4) [Tue Aug 06 20:43:47 2019]
; Number of ROIs: 12
; File Dimension: 1328 x 1184
;
; ROI name: Region #1
; ROI rgb value: {255, 0, 0}
; ROI npts: 199
;
; ROI name: Region #2
; ROI rgb value: {0, 255, 0}
; ROI npts: 79
;
; ROI name: Region #3
; ROI rgb value: {0, 0, 255}
; ROI npts: 52
;
; ROI name: Region #4
; ROI rgb value: {255, 255, 0}
; ROI npts: 109
;
; ROI name: Region #5
; ROI rgb value: {0, 255, 255}
; ROI npts: 103
;
; ROI name: Region #6
; ROI rgb value: {255, 0, 255}
; ROI npts: 56
;
; ROI name: Region #7
; ROI rgb value: {176, 48, 96}
; ROI npts: 158
;
; ROI name: Region #8
; ROI rgb value: {46, 139, 87}
; ROI npts: 100
;
; ROI name: Region #9
; ROI rgb value: {160, 32, 240}
; ROI npts: 106
;
; ROI name: Region #10
; ROI rgb value: {255, 127, 80}
; ROI npts: 44
;
; ROI name: Region #11
; ROI rgb value: {127, 255, 212}
; ROI npts: 72
;
; ROI name: Region #12
; ROI rgb value: {218, 112, 214}
; ROI npts: 70
;   ID    X     Y      B1      B2      B3
     1  263  1046  0.0095  0.0118  0.0041
     2  265  1046  0.0095  0.0118  0.0041
     3  262  1047  0.0095  0.0118  0.0041
     4  261  1047  0.0095  0.0118  0.0041
     5  263  1047  0.0095  0.0118  0.0041
     6  260  1048  0.0095  0.0118  0.0041
     7  259  1049  0.0095  0.0118  0.0041
     8  256  1051  0.0094  0.0117  0.0041
     9  255  1051  0.0094  0.0117  0.0041
    10  258  1051  0.0094  0.0117  0.0041
    11  253  1052  0.0094  0.0117  0.0041
    12  252  1052  0.0094  0.0117  0.0041
    13  250  1053  0.0094  0.0117  0.0041
    14  247  1054  0.0094  0.0117  0.0041
    15  248  1054  0.0094  0.0117  0.0041
    16  246  1055  0.0094  0.0117  0.0041
    17  245  1055  0.0094  0.0117  0.0041
    18  244  1055  0.0094  0.0117  0.0041
    19  243  1055  0.0094  0.0117  0.0041
    20  241  1056  0.0094  0.0117  0.0041
    21  240  1057  0.0094  0.0117  0.0041
    22  238  1058  0.0094  0.0117  0.0041
    23  239  1058  0.0094  0.0117  0.0041
    24  236  1059  0.0094  0.0117  0.0041
    25  235  1060  0.0094  0.0117  0.0041
    26  236  1060  0.0094  0.0117  0.0041
    27  235  1061  0.0094  0.0117  0.0041
    28  234  1062  0.0094  0.0117  0.0041
    29  233  1063  0.0094  0.0117  0.0041
    30  231  1063  0.0094  0.0117  0.0041
    31  230  1063  0.0094  0.0117  0.0041
    32  229  1063  0.0094  0.0117  0.0041
    33  228  1064  0.0094  0.0117  0.0041
    34  226  1065  0.0094  0.0117  0.0041
    35  225  1066  0.0094  0.0117  0.0041
    36  224  1067  0.0094  0.0117  0.0041
    37  223  1068  0.0094  0.0117  0.0041
    38  220  1069  0.0094  0.0116  0.0041
    39  221  1069  0.0094  0.0116  0.0041
    40  217  1070  0.0094  0.0116  0.0041
    41  218  1070  0.0094  0.0116  0.0041
    42  216  1071  0.0094  0.0116  0.0041
    43  215  1071  0.0094  0.0116  0.0041
    44  214  1071  0.0094  0.0116  0.0041
    45  211  1072  0.0094  0.0116  0.0041
    46  212  1072  0.0094  0.0116  0.0041
    47  209  1073  0.0094  0.0116  0.0041
    48  208  1074  0.0094  0.0116  0.0041
    49  207  1074  0.0094  0.0116  0.0041
    50  206  1074  0.0094  0.0116  0.0041
    51  204  1075  0.0094  0.0116  0.0041
    52  205  1075  0.0094  0.0116  0.0041
    53  202  1076  0.0094  0.0116  0.0041
    54  199  1077  0.0094  0.0116  0.0041
    55  201  1077  0.0094  0.0116  0.0041
    56  198  1078  0.0094  0.0116  0.0041
    57  197  1078  0.0094  0.0116  0.0041
    58  195  1079  0.0094  0.0116  0.0041
    59  194  1080  0.0094  0.0116  0.0041
    60  192  1081  0.0094  0.0115  0.0041
    61  193  1081  0.0094  0.0115  0.0041
    62  191  1082  0.0094  0.0116  0.0041
    63  190  1082  0.0094  0.0115  0.0041
    64  189  1082  0.0094  0.0116  0.0041
    65  186  1083  0.0094  0.0115  0.0041
    66  187  1083  0.0094  0.0115  0.0041
    67  185  1084  0.0094  0.0116  0.0041
    68  183  1085  0.0094  0.0115  0.0041
    69  184  1085  0.0094  0.0115  0.0041
    70  179  1088  0.0094  0.0115  0.0041
    71  178  1088  0.0094  0.0115  0.0041
    72  177  1089  0.0094  0.0115  0.0041
    73  176  1089  0.0094  0.0115  0.0041
    74  178  1089  0.0094  0.0115  0.0041
    75  176  1090  0.0094  0.0115  0.0041
    76  174  1091  0.0094  0.0115  0.0041
    77  175  1091  0.0094  0.0115  0.0041
    78  172  1092  0.0094  0.0115  0.0041
    79  173  1092  0.0094  0.0115  0.0041
    80  172  1093  0.0094  0.0115  0.0041
    81  172  1094  0.0094  0.0115  0.0041
    82  172  1095  0.0094  0.0115  0.0041
    83  171  1096  0.0094  0.0115  0.0041
    84  171  1097  0.0094  0.0115  0.0041
    85  170  1098  0.0094  0.0115  0.0041
    86  170  1099  0.0093  0.0114  0.0041
    87  169  1100  0.0093  0.0114  0.0041
    88  167  1101  0.0093  0.0114  0.0041
    89  166  1102  0.0093  0.0114  0.0041
    90  166  1104  0.0093  0.0114  0.0041
    91  166  1105  0.0093  0.0114  0.0041
    92  165  1106  0.0093  0.0114  0.0041
    93  165  1107  0.0093  0.0114  0.0041
    94  164  1107  0.0093  0.0114  0.0041
    95  164  1108  0.0093  0.0114  0.0041
    96  163  1109  0.0093  0.0114  0.0041
    97  162  1109  0.0093  0.0114  0.0041
    98  164  1109  0.0093  0.0114  0.0041
    99  159  1110  0.0093  0.0114  0.0041
   100  160  1110  0.0093  0.0114  0.0041
   101  161  1110  0.0093  0.0114  0.0041
   102  159  1111  0.0093  0.0114  0.0041
   103  156  1112  0.0093  0.0114  0.0041
   104  155  1113  0.0093  0.0114  0.0041
   105  154  1113  0.0093  0.0114  0.0041
   106  156  1113  0.0093  0.0114  0.0041
   107  152  1114  0.0093  0.0114  0.0041
   108  154  1114  0.0093  0.0114  0.0041
   109  152  1115  0.0093  0.0114  0.0041
   110  151  1115  0.0093  0.0114  0.0041
   111  150  1115  0.0093  0.0114  0.0041
   112  147  1116  0.0093  0.0114  0.0041
   113  149  1116  0.0093  0.0114  0.0041
   114  145  1117  0.0093  0.0114  0.0041
   115  144  1117  0.0093  0.0114  0.0041
   116  143  1117  0.0093  0.0114  0.0041
   117  142  1117  0.0093  0.0114  0.0041
   118  140  1117  0.0093  0.0114  0.0041
   119  146  1117  0.0093  0.0114  0.0041
   120  140  1118  0.0093  0.0114  0.0041
   121  137  1119  0.0093  0.0114  0.0041
   122  138  1119  0.0093  0.0114  0.0041
   123  137  1120  0.0093  0.0114  0.0041
   124  136  1121  0.0093  0.0113  0.0041
   125  135  1121  0.0093  0.0113  0.0041
   126  134  1122  0.0093  0.0113  0.0041
   127  135  1122  0.0093  0.0113  0.0041
   128  125  1132  0.0093  0.0113  0.0041
   129  125  1133  0.0093  0.0113  0.0041
   130  125  1134  0.0093  0.0113  0.0041
   131  126  1134  0.0093  0.0113  0.0041
   132  127  1135  0.0093  0.0113  0.0041
   133  126  1135  0.0093  0.0113  0.0041
   134  128  1136  0.0093  0.0113  0.0041
   135  129  1136  0.0093  0.0113  0.0041
   136  131  1136  0.0093  0.0113  0.0041
   137  133  1136  0.0093  0.0113  0.0041
   138  127  1136  0.0093  0.0113  0.0041

    1  222   994  0.0096  0.0120  0.0041
    2  221   994  0.0097  0.0120  0.0041
    3  223   994  0.0097  0.0120  0.0041
    4  220   995  0.0096  0.0120  0.0041
    5  219   995  0.0096  0.0120  0.0041
    6  221   995  0.0097  0.0120  0.0041
    7  219   996  0.0097  0.0120  0.0041
    8  219   997  0.0096  0.0120  0.0041
    9  219   998  0.0097  0.0120  0.0041
   10  218   998  0.0096  0.0120  0.0041
   11  218   999  0.0096  0.0120  0.0041
   12  218  1000  0.0096  0.0120  0.0041
   13  216  1001  0.0096  0.0119  0.0041
   14  217  1001  0.0096  0.0119  0.0041
   15  214  1002  0.0096  0.0119  0.0041
   16  213  1002  0.0096  0.0119  0.0041
   17  212  1002  0.0096  0.0119  0.0041
   18  211  1002  0.0096  0.0119  0.0041
   19  210  1003  0.0096  0.0119  0.0041
   20  210  1004  0.0096  0.0119  0.0041
   21  209  1004  0.0096  0.0119  0.0041
   22  208  1005  0.0096  0.0119  0.0041
   23  206  1006  0.0096  0.0119  0.0041
   24  205  1006  0.0096  0.0119  0.0041
   25  207  1006  0.0096  0.0119  0.0041
   26  202  1007  0.0096  0.0119  0.0041
   27  204  1007  0.0096  0.0119  0.0041
   28  201  1008  0.0096  0.0119  0.0041
   29  200  1008  0.0096  0.0119  0.0041
   30  199  1008  0.0096  0.0119  0.0041
   31  197  1008  0.0096  0.0119  0.0041
   32  195  1008  0.0096  0.0119  0.0041
   33  194  1008  0.0096  0.0119  0.0041
   34  191  1009  0.0096  0.0119  0.0041
   35  193  1009  0.0096  0.0118  0.0041
   36  189  1011  0.0096  0.0119  0.0041
   37  190  1011  0.0096  0.0119  0.0041
   38  186  1012  0.0096  0.0119  0.0041
   39  187  1012  0.0096  0.0119  0.0041
   40  184  1013  0.0096  0.0118  0.0041
   41  183  1013  0.0096  0.0118  0.0041
   42  181  1014  0.0096  0.0118  0.0041
   43  178  1015  0.0096  0.0118  0.0041
   44  179  1015  0.0096  0.0118  0.0041
   45  177  1016  0.0096  0.0118  0.0041
   46  175  1017  0.0096  0.0119  0.0041
   47  173  1018  0.0096  0.0119  0.0041
   48  174  1018  0.0096  0.0119  0.0041
   49  171  1019  0.0096  0.0119  0.0041
   50  172  1019  0.0096  0.0119  0.0041
   51  169  1020  0.0096  0.0118  0.0041
   52  167  1021  0.0096  0.0118  0.0041
   53  165  1022  0.0097  0.0119  0.0041
   54  166  1022  0.0097  0.0119  0.0041
   55  162  1023  0.0097  0.0119  0.0041
   56  162  1024  0.0096  0.0118  0.0041
   57  160  1025  0.0096  0.0118  0.0041
   58  161  1025  0.0096  0.0118  0.0041
   59  159  1026  0.0097  0.0119  0.0041
   60  159  1027  0.0097  0.0118  0.0041
   61  158  1028  0.0096  0.0118  0.0041
   62  157  1029  0.0097  0.0118  0.0041
   63  154  1030  0.0096  0.0118  0.0041
   64  154  1031  0.0096  0.0118  0.0041
   65  153  1032  0.0096  0.0118  0.0041
   66  152  1033  0.0096  0.0118  0.0041
   67  153  1033  0.0096  0.0118  0.0041
   68  151  1034  0.0096  0.0117  0.0041
   69  152  1034  0.0096  0.0117  0.0041
   70  150  1035  0.0096  0.0117  0.0041
   71  148  1035  0.0096  0.0117  0.0041
   72  147  1036  0.0096  0.0117  0.0041
   73  148  1036  0.0096  0.0118  0.0041
   74  145  1038  0.0096  0.0117  0.0041
   75  143  1039  0.0096  0.0117  0.0041
   76  144  1039  0.0096  0.0117  0.0041
   77  140  1041  0.0096  0.0117  0.0041
   78  141  1041  0.0096  0.0117  0.0041
   79  140  1042  0.0096  0.0117  0.0041

    1  151   984  0.0097  0.0119  0.0041
    2  152   984  0.0097  0.0119  0.0041
    3  150   985  0.0097  0.0119  0.0041
    4  149   985  0.0097  0.0119  0.0041
    5  147   985  0.0097  0.0119  0.0041
    6  145   985  0.0097  0.0119  0.0041
    7  144   985  0.0097  0.0119  0.0041
    8  142   986  0.0097  0.0119  0.0041
    9  143   986  0.0097  0.0119  0.0041
   10  140   987  0.0097  0.0119  0.0041
   11  141   987  0.0097  0.0119  0.0041
   12  139   988  0.0097  0.0119  0.0041
   13  137   989  0.0097  0.0119  0.0041
   14  136   989  0.0097  0.0119  0.0041
   15  134   989  0.0097  0.0119  0.0041
   16  133   990  0.0097  0.0119  0.0041
   17  131   991  0.0097  0.0118  0.0041
   18  129   992  0.0097  0.0118  0.0041
   19  126   992  0.0097  0.0118  0.0041
   20  130   992  0.0097  0.0118  0.0041
   21  126   993  0.0096  0.0118  0.0041
   22  125   994  0.0097  0.0118  0.0041
   23  124   994  0.0097  0.0118  0.0041
   24  122   995  0.0097  0.0118  0.0041
   25  123   995  0.0097  0.0118  0.0041
   26  121   996  0.0097  0.0118  0.0041
   27  120   996  0.0097  0.0118  0.0041
   28  119   996  0.0097  0.0118  0.0041
   29  118   996  0.0097  0.0119  0.0041
   30  116   997  0.0097  0.0119  0.0041
   31  117   997  0.0097  0.0119  0.0041
   32  115   998  0.0097  0.0119  0.0041
   33  114   999  0.0097  0.0119  0.0041
   34  113   999  0.0097  0.0119  0.0041
   35  111   999  0.0097  0.0118  0.0041
   36  110   999  0.0097  0.0118  0.0041
   37  109  1000  0.0097  0.0118  0.0041
   38  108  1001  0.0097  0.0118  0.0041
   39  106  1002  0.0097  0.0118  0.0041
   40  105  1003  0.0097  0.0118  0.0041
   41  103  1003  0.0097  0.0118  0.0041
   42  102  1004  0.0097  0.0118  0.0041
   43  101  1004  0.0097  0.0118  0.0041
   44  103  1004  0.0097  0.0118  0.0041
   45   99  1005  0.0097  0.0118  0.0041
   46   99  1006  0.0097  0.0118  0.0041
   47   99  1008  0.0097  0.0118  0.0041
   48   99  1009  0.0097  0.0118  0.0041
   49  100  1010  0.0097  0.0118  0.0041
   50  100  1011  0.0097  0.0118  0.0041
   51  101  1012  0.0097  0.0118  0.0041
   52  100  1012  0.0097  0.0118  0.0041

     1  156  893  0.0100  0.0124  0.0041
     2  156  894  0.0100  0.0124  0.0041
     3  157  895  0.0100  0.0124  0.0041
     4  156  895  0.0100  0.0124  0.0041
     5  157  896  0.0100  0.0124  0.0041
     6  158  896  0.0100  0.0124  0.0041
     7  159  896  0.0100  0.0124  0.0041
     8  159  897  0.0100  0.0124  0.0041
     9  160  898  0.0100  0.0123  0.0041
    10  161  899  0.0100  0.0123  0.0041
    11  160  899  0.0100  0.0123  0.0041
    12  161  900  0.0100  0.0123  0.0041
    13  160  900  0.0100  0.0123  0.0041
    14  160  901  0.0100  0.0123  0.0041
    15  160  902  0.0100  0.0123  0.0041
    16  159  902  0.0100  0.0123  0.0041
    17  158  902  0.0100  0.0123  0.0041
    18  157  902  0.0100  0.0123  0.0041
    19  156  902  0.0100  0.0123  0.0041
    20  155  903  0.0100  0.0123  0.0041
    21  154  903  0.0100  0.0123  0.0041
    22  153  903  0.0100  0.0123  0.0041
    23  152  903  0.0100  0.0123  0.0041
    24  156  903  0.0100  0.0123  0.0041
    25  152  904  0.0100  0.0123  0.0041
    26  151  904  0.0100  0.0123  0.0041
    27  150  904  0.0100  0.0123  0.0041
    28  150  905  0.0100  0.0123  0.0041
    29  149  905  0.0100  0.0123  0.0041
    30  148  905  0.0100  0.0123  0.0041
    31  147  905  0.0100  0.0123  0.0041
    32  146  905  0.0100  0.0123  0.0041
    33  145  905  0.0100  0.0123  0.0041
    34  144  905  0.0100  0.0123  0.0041
    35  143  905  0.0100  0.0123  0.0041
    36  142  905  0.0100  0.0123  0.0041
    37  141  905  0.0100  0.0123  0.0041
    38  141  906  0.0100  0.0123  0.0041
    39  140  906  0.0100  0.0123  0.0041
    40  139  906  0.0100  0.0123  0.0041
    41  137  907  0.0100  0.0123  0.0041
    42  136  907  0.0100  0.0122  0.0041
    43  138  907  0.0100  0.0123  0.0041
    44  135  908  0.0100  0.0123  0.0041
    45  134  908  0.0100  0.0122  0.0041
    46  136  908  0.0100  0.0123  0.0041
    47  134  909  0.0100  0.0123  0.0041
    48  133  909  0.0100  0.0123  0.0041
    49  132  909  0.0100  0.0123  0.0041
    50  132  910  0.0100  0.0123  0.0041
    51  130  911  0.0100  0.0122  0.0041
    52  131  911  0.0100  0.0123  0.0041
    53  130  912  0.0100  0.0122  0.0041
    54  129  912  0.0100  0.0122  0.0041
    55  128  912  0.0100  0.0122  0.0041
    56  127  912  0.0099  0.0122  0.0041
    57  126  912  0.0099  0.0122  0.0041
    58  125  912  0.0099  0.0122  0.0041
    59  124  912  0.0099  0.0122  0.0041
    60  122  912  0.0099  0.0122  0.0041
    61  121  912  0.0100  0.0122  0.0041
    62  120  912  0.0100  0.0122  0.0041
    63  119  912  0.0100  0.0123  0.0041
    64  118  912  0.0100  0.0123  0.0041
    65  117  912  0.0100  0.0123  0.0041
    66  116  912  0.0100  0.0123  0.0041
    67  115  912  0.0100  0.0122  0.0041
    68  114  912  0.0100  0.0122  0.0041
    69  113  912  0.0100  0.0122  0.0041
    70  112  912  0.0100  0.0122  0.0041
    71  111  912  0.0100  0.0122  0.0041
    72  110  912  0.0100  0.0122  0.0041
    73  123  912  0.0099  0.0122  0.0041
    74  108  913  0.0100  0.0122  0.0041
    75  107  913  0.0100  0.0122  0.0041
    76  109  913  0.0100  0.0122  0.0041
    77  107  914  0.0100  0.0122  0.0041
    78  106  914  0.0100  0.0122  0.0041
    79  105  914  0.0100  0.0122  0.0041
    80   95  914  0.0100  0.0122  0.0041
    81   96  914  0.0100  0.0122  0.0041
    82   97  914  0.0100  0.0122  0.0041
    83   98  914  0.0100  0.0122  0.0041
    84   99  914  0.0100  0.0122  0.0041
    85  100  914  0.0100  0.0122  0.0041
    86  101  914  0.0100  0.0122  0.0041
    87  102  914  0.0100  0.0122  0.0041
    88  103  914  0.0100  0.0122  0.0041
    89  104  914  0.0100  0.0122  0.0041
    90   95  915  0.0100  0.0122  0.0041
    91   94  915  0.0100  0.0122  0.0041
    92   93  915  0.0100  0.0122  0.0041
    93   92  915  0.0100  0.0122  0.0041
    94   91  915  0.0100  0.0122  0.0041
    95   90  915  0.0100  0.0122  0.0041
    96   88  915  0.0100  0.0122  0.0041
    97   87  915  0.0100  0.0122  0.0041
    98   86  915  0.0100  0.0122  0.0041
    99   85  915  0.0100  0.0122  0.0041
   100   84  915  0.0100  0.0122  0.0041
   101   83  915  0.0100  0.0122  0.0041
   102   82  915  0.0100  0.0122  0.0041
   103   81  915  0.0100  0.0122  0.0041
   104   89  915  0.0100  0.0122  0.0041
   105   78  916  0.0100  0.0122  0.0041
   106   77  916  0.0100  0.0122  0.0041
   108   79  916  0.0100  0.0122  0.0041
   109   80  916  0.0100  0.0122  0.0041

     1  335  754  0.0104  0.0133  0.0043
     2  336  754  0.0105  0.0133  0.0043
     3  335  755  0.0105  0.0133  0.0043
     4  334  755  0.0105  0.0133  0.0043
     5  333  755  0.0105  0.0133  0.0043
     6  332  755  0.0105  0.0133  0.0043
     7  330  756  0.0105  0.0133  0.0043
     8  329  756  0.0104  0.0133  0.0043
     9  331  756  0.0105  0.0133  0.0043
    10  328  757  0.0104  0.0133  0.0042
    11  326  758  0.0104  0.0133  0.0042
    12  327  758  0.0104  0.0133  0.0042
    13  324  759  0.0104  0.0133  0.0042
    14  325  759  0.0105  0.0133  0.0042
    15  322  760  0.0105  0.0133  0.0042
    16  323  760  0.0104  0.0132  0.0042
    17  322  761  0.0104  0.0133  0.0042
    18  321  761  0.0105  0.0133  0.0042
    19  319  762  0.0105  0.0133  0.0042
    20  318  762  0.0105  0.0133  0.0042
    21  320  762  0.0105  0.0133  0.0042
    22  317  763  0.0105  0.0133  0.0042
    23  316  764  0.0105  0.0133  0.0042
    24  315  764  0.0105  0.0133  0.0042
    25  314  765  0.0105  0.0133  0.0042
    26  312  766  0.0105  0.0133  0.0042
    27  313  766  0.0104  0.0133  0.0042
    28  312  767  0.0104  0.0132  0.0042
    29  311  767  0.0104  0.0132  0.0042
    30  310  767  0.0104  0.0132  0.0042
    31  308  768  0.0104  0.0132  0.0042
    32  307  768  0.0104  0.0132  0.0042
    33  309  768  0.0104  0.0132  0.0042
    34  307  769  0.0104  0.0132  0.0042
    35  306  769  0.0104  0.0132  0.0042
    36  305  769  0.0104  0.0132  0.0042
    37  304  769  0.0104  0.0133  0.0042
    38  303  769  0.0104  0.0132  0.0042
    39  301  770  0.0104  0.0132  0.0042
    40  300  770  0.0104  0.0132  0.0042
    41  299  770  0.0104  0.0132  0.0042
    42  302  770  0.0104  0.0132  0.0042
    43  297  771  0.0104  0.0131  0.0042
    44  298  771  0.0104  0.0132  0.0042
    45  296  772  0.0104  0.0131  0.0042
    46  297  772  0.0104  0.0131  0.0042
    47  295  773  0.0104  0.0131  0.0042
    48  294  773  0.0104  0.0131  0.0042
    49  293  774  0.0104  0.0131  0.0042
    50  294  774  0.0104  0.0131  0.0042
    51  292  775  0.0103  0.0131  0.0042
    52  291  775  0.0103  0.0131  0.0042
    53  291  776  0.0103  0.0131  0.0042
    54  290  776  0.0104  0.0131  0.0042
    55  289  777  0.0103  0.0130  0.0042
    56  290  777  0.0103  0.0131  0.0042
    57  289  778  0.0103  0.0131  0.0042
    58  288  779  0.0103  0.0131  0.0042
    59  289  779  0.0103  0.0131  0.0042
    60  287  780  0.0103  0.0131  0.0042
    61  288  780  0.0103  0.0131  0.0042
    62  287  781  0.0103  0.0131  0.0042
    63  286  781  0.0103  0.0131  0.0042
    64  284  782  0.0103  0.0131  0.0042
    65  285  782  0.0103  0.0130  0.0042
    66  286  782  0.0103  0.0131  0.0042
    67  283  782  0.0103  0.0131  0.0042
    68  282  782  0.0103  0.0131  0.0042
    69  280  783  0.0104  0.0131  0.0042
    70  281  783  0.0104  0.0131  0.0042
    71  279  784  0.0104  0.0131  0.0042
    72  278  784  0.0104  0.0131  0.0042
    73  277  784  0.0104  0.0131  0.0042
    74  280  784  0.0104  0.0131  0.0042
    75  249  785  0.0104  0.0130  0.0042
    76  253  785  0.0104  0.0130  0.0042
    77  250  785  0.0104  0.0130  0.0042
    78  277  785  0.0104  0.0131  0.0042
    79  276  786  0.0104  0.0131  0.0042
    80  274  786  0.0104  0.0131  0.0042
    81  273  786  0.0104  0.0131  0.0042
    82  272  786  0.0104  0.0131  0.0042
    83  271  786  0.0104  0.0131  0.0042
    84  254  786  0.0103  0.0130  0.0042
    85  255  786  0.0104  0.0130  0.0042
    86  256  786  0.0104  0.0130  0.0042
    87  257  786  0.0103  0.0130  0.0042
    88  258  786  0.0103  0.0130  0.0042
    89  259  786  0.0103  0.0130  0.0042
    90  266  786  0.0104  0.0131  0.0042
    91  265  786  0.0103  0.0130  0.0042
    92  264  786  0.0104  0.0130  0.0042
    93  263  786  0.0103  0.0130  0.0042
    94  262  786  0.0103  0.0130  0.0042
    95  261  786  0.0104  0.0130  0.0042
    96  260  786  0.0103  0.0130  0.0042
    97  277  786  0.0103  0.0131  0.0042
    98  268  787  0.0104  0.0131  0.0042
    99  269  787  0.0104  0.0131  0.0042
   100  270  787  0.0104  0.0131  0.0042
   101  271  787  0.0104  0.0131  0.0042
   102  267  787  0.0104  0.0130  0.0042
   103  266  787  0.0104  0.0131  0.0042

    1  278  828  0.0102  0.0128  0.0042
    2  278  829  0.0102  0.0128  0.0042
    3  277  830  0.0101  0.0128  0.0042
    4  276  830  0.0101  0.0128  0.0042
    5  278  830  0.0102  0.0128  0.0042
    6  275  831  0.0102  0.0128  0.0042
    7  274  831  0.0102  0.0128  0.0042
    8  276  831  0.0102  0.0128  0.0042
    9  274  832  0.0101  0.0128  0.0042
   10  273  832  0.0102  0.0128  0.0042
   11  272  832  0.0102  0.0128  0.0042
   12  271  832  0.0101  0.0128  0.0042
   13  269  833  0.0102  0.0128  0.0042
   14  270  833  0.0101  0.0128  0.0042
   15  268  834  0.0102  0.0128  0.0042
   16  269  834  0.0101  0.0128  0.0042
   17  267  835  0.0101  0.0128  0.0042
   18  266  835  0.0102  0.0128  0.0042
   19  265  835  0.0102  0.0128  0.0042
   20  264  835  0.0102  0.0128  0.0042
   21  263  835  0.0102  0.0128  0.0042
   22  262  836  0.0101  0.0127  0.0042
   23  261  836  0.0102  0.0128  0.0042
   24  260  836  0.0102  0.0128  0.0042
   25  259  836  0.0102  0.0128  0.0042
   26  253  836  0.0102  0.0128  0.0042
   27  254  836  0.0102  0.0128  0.0042
   28  255  836  0.0102  0.0128  0.0042
   29  256  836  0.0102  0.0128  0.0042
   30  257  836  0.0102  0.0128  0.0042
   31  258  836  0.0102  0.0128  0.0042
   32  252  837  0.0102  0.0128  0.0042
   33  253  837  0.0102  0.0128  0.0042
   34  251  838  0.0102  0.0127  0.0042
   35  252  838  0.0102  0.0127  0.0042
   36  251  839  0.0102  0.0127  0.0042
   37  250  839  0.0102  0.0128  0.0042
   38  249  839  0.0101  0.0127  0.0042
   39  247  840  0.0101  0.0127  0.0042
   40  246  840  0.0101  0.0127  0.0042
   41  248  840  0.0101  0.0127  0.0042
   42  246  841  0.0101  0.0126  0.0042
   43  245  841  0.0101  0.0127  0.0042
   44  244  841  0.0101  0.0127  0.0042
   45  243  841  0.0101  0.0127  0.0042
   46  242  841  0.0101  0.0127  0.0042
   47  240  842  0.0101  0.0127  0.0042
   48  241  842  0.0101  0.0127  0.0042
   49  238  843  0.0101  0.0127  0.0042
   50  239  843  0.0101  0.0127  0.0042
   51  237  844  0.0101  0.0127  0.0042
   52  236  844  0.0101  0.0127  0.0042
   53  235  844  0.0101  0.0127  0.0042
   54  234  845  0.0101  0.0127  0.0042
   55  233  845  0.0101  0.0127  0.0042
   56  235  845  0.0101  0.0127  0.0042

     1  985  581  0.0109  0.0154  0.0047
     2  985  582  0.0109  0.0154  0.0047
     3  985  583  0.0108  0.0154  0.0047
     4  985  584  0.0108  0.0154  0.0047
     5  987  584  0.0108  0.0154  0.0047
     6  986  584  0.0108  0.0154  0.0047
     7  987  585  0.0108  0.0154  0.0047
     8  987  586  0.0108  0.0154  0.0047
     9  984  587  0.0108  0.0154  0.0047
    10  987  587  0.0108  0.0154  0.0047
    11  983  587  0.0108  0.0154  0.0047
    12  986  587  0.0108  0.0153  0.0047
    13  985  587  0.0108  0.0154  0.0047
    14  980  588  0.0108  0.0153  0.0047
    15  972  588  0.0108  0.0153  0.0047
    16  983  588  0.0108  0.0154  0.0047
    17  982  588  0.0108  0.0153  0.0047
    18  981  588  0.0108  0.0153  0.0047
    19  973  588  0.0108  0.0153  0.0047
    20  979  588  0.0108  0.0153  0.0047
    21  978  588  0.0108  0.0153  0.0047
    22  977  588  0.0108  0.0153  0.0047
    23  976  588  0.0108  0.0153  0.0047
    24  975  588  0.0108  0.0153  0.0047
    25  974  588  0.0108  0.0153  0.0047
    26  971  588  0.0109  0.0154  0.0047
    27  982  589  0.0108  0.0153  0.0047
    28  981  589  0.0108  0.0153  0.0047
    29  970  589  0.0109  0.0154  0.0048
    30  969  589  0.0109  0.0154  0.0047
    31  968  589  0.0109  0.0154  0.0047
    32  967  589  0.0109  0.0154  0.0048
    33  966  590  0.0109  0.0154  0.0047
    34  951  593  0.0109  0.0153  0.0047
    35  950  593  0.0109  0.0153  0.0047
    36  949  593  0.0109  0.0153  0.0047
    37  952  593  0.0108  0.0153  0.0047
    38  949  594  0.0108  0.0153  0.0047
    39  948  594  0.0108  0.0153  0.0047
    40  947  594  0.0108  0.0153  0.0047
    41  946  595  0.0108  0.0153  0.0047
    42  947  595  0.0108  0.0153  0.0047
    43  944  596  0.0108  0.0153  0.0047
    44  946  596  0.0108  0.0153  0.0047
    45  943  597  0.0108  0.0152  0.0047
    46  942  597  0.0108  0.0152  0.0047
    47  944  597  0.0109  0.0153  0.0047
    48  942  598  0.0109  0.0153  0.0047
    49  941  598  0.0109  0.0153  0.0047
    50  940  598  0.0109  0.0153  0.0047
    51  939  599  0.0109  0.0153  0.0047
    52  940  599  0.0109  0.0153  0.0047
    53  937  600  0.0109  0.0153  0.0047
    54  936  600  0.0108  0.0152  0.0047
    55  935  600  0.0108  0.0152  0.0047
    56  938  600  0.0109  0.0153  0.0047
    57  920  604  0.0108  0.0152  0.0047
    58  919  604  0.0108  0.0152  0.0047
    59  918  604  0.0109  0.0152  0.0047
    60  917  604  0.0109  0.0152  0.0047
    61  916  604  0.0109  0.0152  0.0047
    62  915  605  0.0109  0.0152  0.0047
    63  913  606  0.0108  0.0152  0.0047
    64  914  606  0.0109  0.0152  0.0047
    65  912  607  0.0108  0.0151  0.0047
    66  911  607  0.0108  0.0152  0.0047
    67  910  607  0.0108  0.0152  0.0047
    68  909  607  0.0108  0.0152  0.0047
    69  908  607  0.0108  0.0152  0.0047
    70  907  607  0.0108  0.0152  0.0047
    71  906  607  0.0108  0.0151  0.0047
    72  889  612  0.0108  0.0151  0.0047
    73  887  613  0.0108  0.0150  0.0047
    74  888  613  0.0108  0.0150  0.0047
    75  886  614  0.0108  0.0151  0.0047
    76  885  614  0.0108  0.0150  0.0047
    77  884  614  0.0108  0.0151  0.0047
    78  887  614  0.0108  0.0150  0.0047
    79  882  615  0.0108  0.0150  0.0047
    80  883  615  0.0108  0.0150  0.0047
    81  881  616  0.0108  0.0150  0.0047
    82  882  616  0.0108  0.0150  0.0047
    83  879  617  0.0108  0.0151  0.0047
    84  878  617  0.0108  0.0151  0.0047
    85  880  617  0.0108  0.0151  0.0047
    86  877  618  0.0108  0.0150  0.0047
    87  876  618  0.0108  0.0150  0.0047
    88  875  618  0.0108  0.0150  0.0047
    89  874  618  0.0108  0.0150  0.0047
    90  873  619  0.0108  0.0150  0.0047
    91  872  619  0.0108  0.0150  0.0047
    92  874  619  0.0108  0.0150  0.0047
    93  839  630  0.0109  0.0150  0.0046
    94  840  630  0.0107  0.0148  0.0046
    95  837  631  0.0107  0.0148  0.0046
    96  837  632  0.0106  0.0147  0.0046
    99  834  632  0.0109  0.0151  0.0047
   100  833  632  0.0109  0.0150  0.0047
   101  832  632  0.0107  0.0148  0.0046
   102  831  632  0.0107  0.0148  0.0046
   103  827  633  0.0107  0.0148  0.0046
   104  825  634  0.0107  0.0148  0.0046
   105  824  635  0.0108  0.0149  0.0046
   106  825  635  0.0108  0.0149  0.0046
   107  823  636  0.0108  0.0148  0.0046
   108  824  636  0.0108  0.0149  0.0046
   109  822  637  0.0107  0.0148  0.0046
   110  821  637  0.0107  0.0148  0.0046
   111  819  637  0.0108  0.0149  0.0046
   112  818  638  0.0108  0.0149  0.0046
   113  817  638  0.0108  0.0149  0.0046
   115  819  638  0.0108  0.0149  0.0046
   116  815  639  0.0108  0.0149  0.0046
   117  816  639  0.0108  0.0149  0.0046
   118  814  640  0.0108  0.0149  0.0046
   119  813  640  0.0109  0.0149  0.0046
   120  812  640  0.0108  0.0149  0.0046
   121  811  640  0.0108  0.0149  0.0046
   122  810  640  0.0108  0.0148  0.0046
   123  808  641  0.0108  0.0149  0.0046
   124  807  641  0.0108  0.0148  0.0046
   125  809  641  0.0108  0.0149  0.0046
   126  805  642  0.0108  0.0148  0.0046
   127  806  642  0.0108  0.0148  0.0046
   128  804  643  0.0108  0.0149  0.0046
   129  803  643  0.0108  0.0148  0.0046
   130  805  643  0.0108  0.0149  0.0046
   131  802  644  0.0108  0.0148  0.0046
   132  801  644  0.0108  0.0148  0.0046
   133  799  645  0.0108  0.0148  0.0046
   134  800  645  0.0108  0.0148  0.0046
   135  797  646  0.0108  0.0148  0.0046
   136  796  646  0.0107  0.0147  0.0046
   137  798  646  0.0108  0.0148  0.0046
   138  792  647  0.0107  0.0147  0.0046
   139  793  647  0.0107  0.0147  0.0046
   140  791  648  0.0107  0.0147  0.0046
   141  790  648  0.0107  0.0147  0.0046
   142  789  648  0.0107  0.0147  0.0046
   143  788  648  0.0107  0.0147  0.0046
   144  787  649  0.0107  0.0147  0.0046
   145  786  649  0.0107  0.0147  0.0046
   146  788  649  0.0107  0.0147  0.0046
   147  785  650  0.0107  0.0147  0.0046
   148  786  650  0.0107  0.0147  0.0046
   149  785  651  0.0107  0.0147  0.0046
   150  784  651  0.0107  0.0147  0.0046
   151  783  651  0.0107  0.0147  0.0046
   152  782  651  0.0107  0.0147  0.0046
   153  780  652  0.0107  0.0147  0.0046
   154  779  652  0.0107  0.0147  0.0046
   155  778  652  0.0107  0.0147  0.0046
   156  781  652  0.0107  0.0147  0.0046
   157  777  653  0.0107  0.0147  0.0046
   158  778  653  0.0107  0.0147  0.0046

     1  883  742  0.0102  0.0142  0.0046
     2  883  743  0.0102  0.0142  0.0046
     3  883  744  0.0102  0.0142  0.0046
     4  883  745  0.0102  0.0142  0.0046
     5  883  746  0.0102  0.0142  0.0046
     6  883  747  0.0102  0.0142  0.0046
     7  883  748  0.0102  0.0142  0.0046
     8  882  749  0.0102  0.0142  0.0046
     9  881  749  0.0102  0.0142  0.0046
    10  883  749  0.0102  0.0142  0.0046
    11  880  750  0.0102  0.0142  0.0046
    12  880  751  0.0102  0.0141  0.0046
    13  879  751  0.0102  0.0141  0.0046
    14  878  751  0.0102  0.0142  0.0046
    15  876  752  0.0102  0.0141  0.0046
    16  875  752  0.0102  0.0141  0.0046
    17  877  752  0.0102  0.0141  0.0046
    18  874  753  0.0102  0.0141  0.0046
    19  875  753  0.0102  0.0142  0.0046
    20  873  754  0.0102  0.0141  0.0046
    21  872  754  0.0102  0.0142  0.0046
    22  870  755  0.0102  0.0141  0.0046
    23  869  755  0.0102  0.0142  0.0046
    24  871  755  0.0102  0.0141  0.0046
    25  869  756  0.0102  0.0142  0.0046
    26  868  756  0.0102  0.0142  0.0046
    27  867  757  0.0102  0.0141  0.0046
    28  866  757  0.0102  0.0141  0.0046
    29  868  757  0.0102  0.0142  0.0046
    30  865  758  0.0102  0.0141  0.0046
    31  864  758  0.0102  0.0141  0.0046
    32  866  758  0.0102  0.0141  0.0046
    33  864  759  0.0102  0.0141  0.0046
    34  863  759  0.0102  0.0141  0.0046
    35  862  759  0.0102  0.0141  0.0046
    36  861  760  0.0102  0.0140  0.0046
    37  860  761  0.0102  0.0140  0.0046
    38  861  761  0.0101  0.0140  0.0046
    39  851  768  0.0102  0.0140  0.0046
    40  850  768  0.0102  0.0140  0.0046
    41  847  769  0.0102  0.0141  0.0046
    42  848  769  0.0102  0.0140  0.0046
    43  846  770  0.0102  0.0141  0.0046
    44  845  770  0.0102  0.0141  0.0046
    45  847  770  0.0102  0.0140  0.0046
    46  844  771  0.0102  0.0140  0.0046
    47  843  771  0.0102  0.0140  0.0046
    48  841  772  0.0102  0.0140  0.0046
    49  840  772  0.0102  0.0140  0.0046
    50  843  772  0.0102  0.0140  0.0046
    51  839  773  0.0102  0.0140  0.0046
    52  838  773  0.0102  0.0140  0.0046
    53  836  774  0.0102  0.0140  0.0046
    54  835  774  0.0103  0.0141  0.0046
    55  834  774  0.0102  0.0140  0.0046
    56  837  774  0.0102  0.0140  0.0046
    57  833  775  0.0103  0.0141  0.0046
    58  832  775  0.0103  0.0141  0.0046
    59  831  775  0.0102  0.0141  0.0046
    60  830  775  0.0103  0.0141  0.0046
    61  829  776  0.0103  0.0141  0.0046
    62  828  776  0.0103  0.0141  0.0046
    63  830  776  0.0103  0.0141  0.0046
    64  828  777  0.0103  0.0141  0.0046
    65  826  777  0.0103  0.0141  0.0046
    66  825  778  0.0102  0.0140  0.0046
    67  824  778  0.0102  0.0140  0.0046
    68  826  778  0.0102  0.0140  0.0046
    69  823  779  0.0102  0.0139  0.0046
    70  822  780  0.0102  0.0139  0.0046
    71  821  780  0.0102  0.0139  0.0046
    72  820  780  0.0102  0.0139  0.0046
    73  819  780  0.0102  0.0139  0.0046
    74  818  780  0.0102  0.0139  0.0046
    75  818  781  0.0102  0.0139  0.0046
    76  817  781  0.0101  0.0139  0.0046
    77  816  781  0.0101  0.0139  0.0046
    78  815  781  0.0101  0.0139  0.0046
    79  813  782  0.0101  0.0139  0.0046
    80  814  782  0.0101  0.0139  0.0046
    81  811  783  0.0101  0.0139  0.0046
    82  810  783  0.0101  0.0139  0.0045
    83  812  783  0.0101  0.0139  0.0045
    84  810  784  0.0101  0.0138  0.0045
    85  809  784  0.0101  0.0138  0.0045
    86  808  785  0.0101  0.0138  0.0045
    87  807  786  0.0101  0.0138  0.0045
    88  807  787  0.0101  0.0138  0.0045
    89  807  788  0.0101  0.0138  0.0045
    90  806  788  0.0101  0.0138  0.0045
    91  806  789  0.0101  0.0138  0.0045
    92  805  790  0.0101  0.0138  0.0045
    93  805  791  0.0101  0.0138  0.0045
    94  805  792  0.0101  0.0138  0.0045
    95  805  793  0.0101  0.0138  0.0045
    96  805  794  0.0101  0.0138  0.0045
    97  805  795  0.0101  0.0138  0.0045
    98  805  796  0.0101  0.0138  0.0045
    99  804  797  0.0101  0.0138  0.0046
   100  805  797  0.0101  0.0138  0.0045

     1  917  771  0.0101  0.0141  0.0046
     2  918  771  0.0101  0.0141  0.0046
     3  914  772  0.0102  0.0141  0.0046
     4  916  772  0.0101  0.0141  0.0046
     5  913  773  0.0101  0.0141  0.0046
     6  912  773  0.0102  0.0141  0.0046
     7  910  774  0.0102  0.0141  0.0046
     8  911  774  0.0101  0.0141  0.0046
     9  908  775  0.0102  0.0141  0.0046
    10  906  775  0.0102  0.0141  0.0046
    11  909  775  0.0101  0.0141  0.0046
    12  905  776  0.0102  0.0141  0.0046
    13  904  776  0.0102  0.0141  0.0046
    14  903  776  0.0102  0.0141  0.0046
    15  902  776  0.0102  0.0141  0.0046
    16  901  776  0.0102  0.0141  0.0046
    17  900  777  0.0102  0.0141  0.0046
    18  899  777  0.0102  0.0141  0.0046
    19  898  777  0.0102  0.0141  0.0046
    20  897  777  0.0102  0.0141  0.0046
    21  896  777  0.0102  0.0141  0.0046
    22  901  777  0.0102  0.0141  0.0046
    23  894  778  0.0102  0.0141  0.0046
    24  892  778  0.0102  0.0141  0.0046
    25  895  778  0.0101  0.0141  0.0046
    26  884  779  0.0101  0.0140  0.0046
    27  891  779  0.0102  0.0141  0.0046
    28  890  779  0.0101  0.0141  0.0046
    29  889  779  0.0102  0.0141  0.0046
    30  888  779  0.0101  0.0140  0.0046
    31  887  779  0.0101  0.0140  0.0046
    32  886  779  0.0101  0.0140  0.0046
    33  885  779  0.0101  0.0140  0.0046
    34  883  779  0.0101  0.0140  0.0046
    35  892  779  0.0101  0.0140  0.0046
    36  882  780  0.0101  0.0140  0.0046
    37  879  780  0.0101  0.0140  0.0046
    38  881  780  0.0101  0.0140  0.0046
    39  880  780  0.0101  0.0140  0.0046
    40  883  780  0.0102  0.0140  0.0046
    41  878  781  0.0101  0.0140  0.0046
    42  877  781  0.0101  0.0140  0.0046
    43  876  781  0.0101  0.0140  0.0046
    44  879  781  0.0101  0.0140  0.0046
    45  875  781  0.0101  0.0140  0.0046
    46  873  781  0.0101  0.0140  0.0046
    47  872  781  0.0101  0.0140  0.0046
    48  874  781  0.0101  0.0140  0.0046
    49  871  781  0.0101  0.0140  0.0046
    50  870  781  0.0101  0.0140  0.0046
    51  868  782  0.0101  0.0139  0.0046
    52  867  782  0.0101  0.0139  0.0046
    53  866  782  0.0101  0.0139  0.0046
    54  865  782  0.0101  0.0139  0.0046
    55  864  783  0.0101  0.0139  0.0046
    56  863  783  0.0101  0.0139  0.0046
    57  862  783  0.0101  0.0139  0.0046
    58  865  783  0.0101  0.0139  0.0046
    59  861  784  0.0101  0.0139  0.0046
    60  862  784  0.0101  0.0139  0.0046
    61  861  785  0.0101  0.0139  0.0046
    62  861  786  0.0101  0.0139  0.0046
    63  860  786  0.0101  0.0139  0.0046
    64  860  787  0.0101  0.0139  0.0046
    65  860  788  0.0101  0.0139  0.0046
    66  860  789  0.0101  0.0139  0.0046
    67  860  790  0.0101  0.0139  0.0046
    68  860  791  0.0101  0.0139  0.0046
    69  860  792  0.0101  0.0139  0.0046
    70  860  793  0.0101  0.0139  0.0046
    71  859  793  0.0101  0.0139  0.0046
    72  858  794  0.0101  0.0139  0.0046
    73  857  794  0.0101  0.0139  0.0046
    74  856  794  0.0101  0.0139  0.0046
    75  855  794  0.0101  0.0139  0.0046
    76  855  795  0.0101  0.0139  0.0046
    77  854  795  0.0101  0.0139  0.0046
    78  854  796  0.0101  0.0139  0.0046
    79  851  797  0.0101  0.0139  0.0046
    80  853  797  0.0101  0.0139  0.0046
    81  852  797  0.0101  0.0139  0.0046
    82  849  798  0.0101  0.0139  0.0046
    83  850  798  0.0101  0.0138  0.0046
    84  847  799  0.0100  0.0138  0.0046
    85  849  799  0.0101  0.0139  0.0046
    86  848  799  0.0101  0.0138  0.0046
    87  846  799  0.0101  0.0139  0.0046
    88  846  800  0.0100  0.0138  0.0046
    89  845  800  0.0101  0.0138  0.0046
    90  844  800  0.0101  0.0139  0.0046
    91  844  801  0.0101  0.0138  0.0046
    92  843  801  0.0100  0.0138  0.0046
    93  841  801  0.0100  0.0138  0.0046
    94  840  801  0.0100  0.0137  0.0045
    95  842  801  0.0100  0.0138  0.0046
    96  839  801  0.0100  0.0138  0.0045
    97  839  802  0.0100  0.0137  0.0045
    98  838  802  0.0100  0.0138  0.0046
    99  837  803  0.0100  0.0138  0.0045
   100  836  803  0.0100  0.0138  0.0045
   101  836  804  0.0100  0.0138  0.0045
   102  835  805  0.0100  0.0137  0.0045
   103  834  805  0.0100  0.0137  0.0045
   104  833  805  0.0100  0.0137  0.0045
   105  832  806  0.0100  0.0137  0.0045
   106  833  806  0.0100  0.0137  0.0045

    1  483  526  0.0114  0.0150  0.0044
    2  482  527  0.0114  0.0150  0.0044
    3  483  527  0.0114  0.0150  0.0044
    4  481  528  0.0114  0.0150  0.0044
    5  482  528  0.0114  0.0150  0.0044
    6  481  529  0.0114  0.0150  0.0044
    7  481  530  0.0114  0.0150  0.0044
    8  481  531  0.0114  0.0150  0.0044
    9  481  532  0.0114  0.0150  0.0044
   10  480  533  0.0114  0.0150  0.0044
   11  479  534  0.0114  0.0150  0.0044
   12  478  534  0.0114  0.0149  0.0044
   13  478  535  0.0114  0.0149  0.0044
   14  478  536  0.0114  0.0149  0.0044
   15  479  537  0.0114  0.0149  0.0044
   16  478  537  0.0114  0.0150  0.0044
   17  479  538  0.0114  0.0149  0.0044
   18  479  539  0.0114  0.0149  0.0044
   19  478  539  0.0114  0.0149  0.0044
   20  476  540  0.0113  0.0149  0.0044
   21  475  540  0.0113  0.0149  0.0044
   22  477  540  0.0114  0.0149  0.0044
   23  474  541  0.0113  0.0149  0.0044
   24  473  541  0.0113  0.0149  0.0044
   25  471  543  0.0113  0.0149  0.0044
   26  472  543  0.0113  0.0148  0.0044
   27  471  544  0.0113  0.0148  0.0044
   28  471  545  0.0113  0.0148  0.0044
   29  470  546  0.0113  0.0148  0.0044
   30  470  547  0.0113  0.0148  0.0044
   31  469  548  0.0113  0.0148  0.0044
   32  470  548  0.0113  0.0148  0.0044
   33  467  549  0.0113  0.0148  0.0044
   34  469  549  0.0113  0.0148  0.0044
   35  467  550  0.0113  0.0148  0.0044
   36  466  550  0.0113  0.0148  0.0044
   37  464  551  0.0113  0.0148  0.0044
   38  465  551  0.0113  0.0148  0.0044
   39  463  552  0.0113  0.0148  0.0044
   40  464  552  0.0113  0.0148  0.0044
   41  462  553  0.0113  0.0148  0.0044
   42  463  553  0.0113  0.0148  0.0044
   43  460  554  0.0113  0.0148  0.0044
   44  461  554  0.0113  0.0148  0.0044

    1  520  522  0.0114  0.0151  0.0045
    2  520  523  0.0114  0.0151  0.0045
    3  520  524  0.0114  0.0151  0.0045
    4  519  525  0.0114  0.0151  0.0045
    5  519  526  0.0114  0.0151  0.0045
    6  518  526  0.0114  0.0151  0.0045
    7  517  527  0.0114  0.0151  0.0045
    8  516  527  0.0114  0.0151  0.0045
    9  518  527  0.0114  0.0151  0.0045
   10  516  528  0.0114  0.0150  0.0045
   11  513  529  0.0114  0.0151  0.0045
   12  514  529  0.0114  0.0150  0.0045
   13  512  530  0.0114  0.0151  0.0045
   14  510  531  0.0114  0.0151  0.0045
   15  509  531  0.0114  0.0151  0.0045
   16  511  531  0.0114  0.0150  0.0045
   17  508  532  0.0114  0.0151  0.0045
   18  509  532  0.0114  0.0151  0.0045
   19  508  533  0.0114  0.0150  0.0045
   20  507  533  0.0114  0.0150  0.0045
   21  506  534  0.0114  0.0150  0.0045
   22  507  534  0.0114  0.0150  0.0045
   23  504  535  0.0114  0.0150  0.0045
   24  505  535  0.0114  0.0150  0.0045
   25  503  537  0.0113  0.0150  0.0045
   26  502  537  0.0113  0.0150  0.0045
   27  504  537  0.0113  0.0150  0.0045
   28  502  538  0.0113  0.0149  0.0045
   29  497  541  0.0113  0.0149  0.0045
   30  497  542  0.0113  0.0149  0.0045
   31  497  543  0.0113  0.0149  0.0045
   32  497  544  0.0113  0.0149  0.0045
   33  497  545  0.0113  0.0149  0.0044
   34  497  546  0.0113  0.0149  0.0044
   35  496  547  0.0113  0.0149  0.0044
   36  495  548  0.0113  0.0149  0.0044
   37  495  549  0.0113  0.0149  0.0044
   38  495  550  0.0113  0.0149  0.0044
   39  494  551  0.0113  0.0149  0.0044
   40  495  551  0.0113  0.0149  0.0044
   41  494  552  0.0113  0.0149  0.0044
   42  493  553  0.0113  0.0149  0.0044
   43  494  553  0.0113  0.0149  0.0044
   44  491  554  0.0113  0.0149  0.0044
   45  492  554  0.0113  0.0149  0.0044
   46  490  555  0.0113  0.0148  0.0044
   47  489  555  0.0113  0.0148  0.0044
   48  488  556  0.0113  0.0148  0.0044
   49  487  556  0.0112  0.0148  0.0044
   50  486  556  0.0113  0.0148  0.0044
   51  489  556  0.0113  0.0148  0.0044
   52  474  564  0.0112  0.0148  0.0044
   53  473  564  0.0113  0.0148  0.0044
   54  475  564  0.0112  0.0148  0.0044
   55  472  565  0.0113  0.0148  0.0044
   56  471  566  0.0113  0.0148  0.0044
   57  472  566  0.0113  0.0148  0.0044
   58  470  567  0.0112  0.0147  0.0044
   59  471  567  0.0112  0.0147  0.0044
   60  468  568  0.0112  0.0147  0.0044
   61  467  569  0.0112  0.0147  0.0044
   62  466  570  0.0113  0.0147  0.0044
   63  467  570  0.0112  0.0147  0.0044
   64  466  571  0.0112  0.0147  0.0044
   65  465  571  0.0112  0.0147  0.0044
   66  463  572  0.0112  0.0147  0.0044
   67  462  572  0.0112  0.0147  0.0044
   68  464  572  0.0112  0.0147  0.0044
   69  461  573  0.0112  0.0147  0.0044
   70  462  573  0.0112  0.0147  0.0044
   71  460  574  0.0112  0.0147  0.0044
   72  461  574  0.0112  0.0147  0.0044

    1  385  627  0.0110  0.0142  0.0043
    2  385  628  0.0110  0.0142  0.0043
    3  384  629  0.0110  0.0142  0.0043
    4  383  629  0.0110  0.0142  0.0043
    5  385  629  0.0110  0.0142  0.0043
    6  383  630  0.0110  0.0142  0.0043
    7  382  630  0.0110  0.0142  0.0043
    8  381  630  0.0110  0.0142  0.0043
    9  378  631  0.0110  0.0142  0.0043
   10  380  631  0.0110  0.0142  0.0043
   11  377  632  0.0110  0.0141  0.0043
   12  376  632  0.0110  0.0142  0.0043
   13  375  632  0.0110  0.0141  0.0043
   14  374  632  0.0110  0.0141  0.0043
   15  378  632  0.0110  0.0141  0.0043
   16  374  633  0.0110  0.0141  0.0043
   17  373  633  0.0110  0.0141  0.0043
   18  372  633  0.0110  0.0141  0.0043
   19  371  633  0.0110  0.0141  0.0043
   20  370  634  0.0110  0.0141  0.0043
   21  369  634  0.0110  0.0141  0.0043
   22  371  634  0.0110  0.0141  0.0043
   23  367  635  0.0110  0.0141  0.0043
   24  366  635  0.0110  0.0141  0.0043
   25  369  635  0.0110  0.0141  0.0043
   26  347  646  0.0109  0.0140  0.0043
   27  345  647  0.0109  0.0140  0.0043
   28  344  648  0.0109  0.0140  0.0043
   29  345  648  0.0109  0.0140  0.0043
   30  343  649  0.0109  0.0140  0.0043
   31  344  649  0.0109  0.0140  0.0043
   32  341  650  0.0109  0.0140  0.0043
   33  340  651  0.0109  0.0140  0.0043
   34  339  652  0.0109  0.0140  0.0043
   35  338  652  0.0109  0.0140  0.0043
   36  336  653  0.0109  0.0140  0.0043
   37  335  654  0.0109  0.0140  0.0043
   38  336  654  0.0109  0.0140  0.0043
   39  333  655  0.0109  0.0140  0.0043
   40  332  655  0.0109  0.0140  0.0043
   41  334  655  0.0109  0.0140  0.0043
   42  331  656  0.0109  0.0140  0.0043
   43  330  656  0.0109  0.0140  0.0043
   44  328  657  0.0109  0.0140  0.0043
   45  329  657  0.0109  0.0140  0.0043
   46  325  658  0.0110  0.0140  0.0043
   47  326  658  0.0109  0.0140  0.0043
   48  323  659  0.0109  0.0140  0.0043
   49  322  659  0.0109  0.0140  0.0043
   50  324  659  0.0109  0.0140  0.0043
   51  322  660  0.0109  0.0140  0.0043
   52  321  660  0.0109  0.0140  0.0043
   53  320  660  0.0109  0.0140  0.0043
   54  318  661  0.0109  0.0140  0.0043
   55  317  661  0.0109  0.0139  0.0043
   56  319  661  0.0109  0.0140  0.0043
   57  316  662  0.0109  0.0139  0.0043
   58  317  662  0.0109  0.0139  0.0043
   59  315  663  0.0109  0.0139  0.0043
   60  313  664  0.0109  0.0139  0.0043
   61  314  664  0.0109  0.0139  0.0043
   62  313  665  0.0109  0.0139  0.0043
   63  312  665  0.0109  0.0139  0.0043
   64  309  666  0.0109  0.0139  0.0043
   65  308  666  0.0109  0.0139  0.0043
   66  307  666  0.0109  0.0139  0.0043
   67  306  666  0.0109  0.0139  0.0043
   68  305  666  0.0109  0.0139  0.0043
   69  304  666  0.0109  0.0139  0.0043
   70  311  666  0.0109  0.0139  0.0043
