; ENVI Output of ROIs (5.4) [Tue Aug 06 17:42:17 2019]
; Number of ROIs: 10
; File Dimension: 1328 x 1184
;
; ROI name: Region #1
; ROI rgb value: {255, 0, 0}
; ROI npts: 122
;
; ROI name: Region #2
; ROI rgb value: {0, 255, 0}
; ROI npts: 83
;
; ROI name: Region #3
; ROI rgb value: {0, 0, 255}
; ROI npts: 94
;
; ROI name: Region #4
; ROI rgb value: {255, 255, 0}
; ROI npts: 165
;
; ROI name: Region #5
; ROI rgb value: {0, 255, 255}
; ROI npts: 112
;
; ROI name: Region #6
; ROI rgb value: {255, 0, 255}
; ROI npts: 78
;
; ROI name: Region #7
; ROI rgb value: {176, 48, 96}
; ROI npts: 144
;
; ROI name: Region #8
; ROI rgb value: {46, 139, 87}
; ROI npts: 358
;
; ROI name: Region #9
; ROI rgb value: {160, 32, 240}
; ROI npts: 146
;
; ROI name: Region #10
; ROI rgb value: {255, 127, 80}
; ROI npts: 140
;   ID    X    Y         B1         B2         B3
     1  945  670   -15.9927  -138.6028    12.3662
     2  944  670   -15.9957  -138.6023    12.3657
     3  943  670   -15.9829  -138.5972    12.3672
     4  942  670   -15.9986  -138.6005    12.3651
     5  946  670   -16.0065  -138.6082    12.3646
     6  942  671   -15.9752  -138.5934    12.3694
     7  941  671   -16.0206  -138.6055    12.3637
     8  940  671   -16.0298  -138.6069    12.3623
     9  939  671   -16.0877  -138.6226    12.3551
    10  938  671   -16.0764  -138.6179    12.3564
    11  937  671   -16.0836  -138.6187    12.3553
    12  936  672   -16.0770  -138.6152    12.3575
    13  935  672   -16.0876  -138.6170    12.3561
    14  934  672   -16.0981  -138.6187    12.3546
    15  932  672   -16.1181  -138.6219    12.3519
    16  931  672   -16.1167  -138.6202    12.3519
    17  930  672   -16.1265  -138.6217    12.3506
    18  929  672   -16.1122  -138.6162    12.3523
    19  928  672   -16.1020  -138.6118    12.3535
    20  927  672   -16.0883  -138.6064    12.3551
    21  926  672   -16.0928  -138.6064    12.3544
    22  926  673   -16.1016  -138.6089    12.3546
    23  925  673   -16.1230  -138.6138    12.3518
    24  924  673   -16.1154  -138.6102    12.3527
    25  923  673   -16.1268  -138.6122    12.3512
    26  922  673   -16.1033  -138.6039    12.3540
    27  921  673   -16.1299  -138.6104    12.3507
    28  920  673   -16.0977  -138.5996    12.3545
    29  919  673   -16.1012  -138.5993    12.3540
    30  918  673   -16.1570  -138.6143    12.3471
    31  917  673   -16.1380  -138.6074    12.3493
    32  916  673   -16.1326  -138.6044    12.3499
    33  915  673   -16.1348  -138.6037    12.3495
    34  914  673   -16.1342  -138.6022    12.3495
    35  913  673   -16.0724  -138.5828    12.3570
    36  912  673   -16.0849  -138.5851    12.3554
    37  911  673   -16.0623  -138.5771    12.3581
    38  910  673   -16.0523  -138.5728    12.3592
    39  909  673   -16.0449  -138.5693    12.3600
    40  908  673   -16.0633  -138.5733    12.3577
    41  907  673   -16.0570  -138.5702    12.3584
    42  906  673   -16.0601  -138.5697    12.3579
    43  905  673   -16.0436  -138.5636    12.3598
    44  904  673   -16.0555  -138.5657    12.3583
    45  903  673   -16.0701  -138.5686    12.3563
    46  902  673   -16.0427  -138.5593    12.3596
    47  901  674   -16.0132  -138.5492    12.3644
    48  900  674   -16.0082  -138.5464    12.3650
    49  899  674   -15.9999  -138.5427    12.3659
    50  898  674   -15.9865  -138.5374    12.3674
    51  902  674   -16.0146  -138.5509    12.3644
    52  897  675   -15.9769  -138.5331    12.3698
    53  879  675   -16.0183  -138.5210    12.3632
    54  880  675   -16.0028  -138.5179    12.3652
    55  881  675   -16.0169  -138.5233    12.3635
    56  882  675   -16.0086  -138.5222    12.3646
    57  883  675   -16.0126  -138.5248    12.3642
    58  884  675   -16.0285  -138.5307    12.3623
    59  885  675   -15.9946  -138.5222    12.3666
    60  886  675   -16.0122  -138.5286    12.3646
    61  887  675   -15.9958  -138.5252    12.3666
    62  888  675   -15.9940  -138.5261    12.3670
    63  889  675   -16.0112  -138.5324    12.3649
    64  890  675   -15.9861  -138.5264    12.3681
    65  891  675   -15.9774  -138.5252    12.3693
    66  892  675   -15.9609  -138.5218    12.3714
    67  893  675   -15.9607  -138.5231    12.3714
    68  894  675   -15.9546  -138.5226    12.3723
    69  895  675   -15.9559  -138.5244    12.3722
    70  896  675   -15.9834  -138.5337    12.3689
    71  878  676   -16.0178  -138.5194    12.3644
    72  877  676   -16.0413  -138.5249    12.3614
    73  876  676   -16.0430  -138.5240    12.3611
    74  875  676   -16.0369  -138.5209    12.3618
    75  874  676   -16.0582  -138.5257    12.3590
    76  873  676   -16.0246  -138.5147    12.3631
    77  872  676   -16.0172  -138.5112    12.3638
    78  871  676   -16.0102  -138.5078    12.3646
    79  870  676   -16.0068  -138.5055    12.3650
    80  869  676   -16.0331  -138.5117    12.3617
    81  868  676   -16.0294  -138.5093    12.3621
    82  867  676   -16.0335  -138.5092    12.3615
    83  866  676   -16.0390  -138.5094    12.3608
    84  865  676   -16.0485  -138.5108    12.3595
    85  864  676   -16.0281  -138.5036    12.3620
    86  864  677   -16.0260  -138.5028    12.3635
    87  863  677   -16.0287  -138.5022    12.3631
    88  862  677   -16.0153  -138.4970    12.3647
    89  861  677   -16.0114  -138.4946    12.3651
    90  860  677   -16.0091  -138.4926    12.3653
    91  859  677   -16.0056  -138.4902    12.3656
    92  858  677   -16.0086  -138.4898    12.3652
    93  857  677   -16.0098  -138.4888    12.3649
    94  856  677   -16.0304  -138.4934    12.3623
    95  855  677   -16.0421  -138.4954    12.3608
    96  854  677   -16.0309  -138.4908    12.3621
    97  853  677   -16.0314  -138.4896    12.3619
    98  852  677   -16.0271  -138.4870    12.3624
    99  851  677   -16.0315  -138.4869    12.3617
   100  851  678   -16.0247  -138.4849    12.3638
   101  850  678   -16.0192  -138.4819    12.3644
   102  849  678   -16.0094  -138.4778    12.3655
   103  848  678   -16.0115  -138.4771    12.3651
   104  847  678   -16.0057  -138.4741    12.3657
   105  846  678   -15.9812  -138.4657    12.3687
   106  845  678   -16.0671  -138.4890    12.3578
   107  844  678   -16.0859  -138.4931    12.3554
   108  843  678   -15.9980  -138.4665    12.3663
   109  842  678   -16.0650  -138.4844    12.3578
   110  841  678   -16.0873  -138.4895    12.3549
   111  840  678   -16.0713  -138.4835    12.3568
   112  839  678   -16.0789  -138.4843    12.3557
   113  838  678   -16.0544  -138.4760    12.3586
   114  837  678   -16.0432  -138.4715    12.3599
   115  836  678   -16.0448  -138.4706    12.3596
   116  835  678   -16.0408  -138.4681    12.3600
   117  834  678   -16.0102  -138.4580    12.3638
   118  833  678   -16.0226  -138.4602    12.3621
   119  832  678   -16.0192  -138.4579    12.3624
   120  831  678   -16.0192  -138.4565    12.3623
   121  830  679   -16.0063  -138.4514    12.3651
   122  831  679   -16.0247  -138.4580    12.3629

    1  894  667   -16.0530  -138.5524    12.3496
    2  893  667   -16.0497  -138.5502    12.3499
    3  892  667   -16.0485  -138.5484    12.3500
    4  891  667   -16.0480  -138.5469    12.3500
    5  890  667   -16.0437  -138.5444    12.3504
    6  889  667   -16.0404  -138.5421    12.3507
    7  888  667   -16.0429  -138.5414    12.3504
    8  887  667   -16.0486  -138.5417    12.3497
    9  886  667   -16.0494  -138.5406    12.3495
   10  885  667   -16.0521  -138.5401    12.3490
   11  884  668   -16.0455  -138.5366    12.3511
   12  883  668   -16.0372  -138.5329    12.3520
   13  882  668   -16.0376  -138.5317    12.3519
   14  881  668   -16.0581  -138.5363    12.3492
   15  885  668   -16.0405  -138.5365    12.3518
   16  879  669   -16.0122  -138.5201    12.3560
   17  880  669   -16.0523  -138.5331    12.3511
   18  879  670   -16.0023  -138.5171    12.3585
   19  878  670   -15.9887  -138.5118    12.3601
   20  877  670   -15.9631  -138.5031    12.3631
   21  877  671   -15.9897  -138.5105    12.3622
   22  876  671   -15.9601  -138.5005    12.3658
   23  875  671   -16.0210  -138.5170    12.3571
   24  874  671   -16.0225  -138.5161    12.3568
   25  873  671   -15.8981  -138.4788    12.3723
   26  872  671   -16.0137  -138.5109    12.3578
   27  871  671   -16.0838  -138.5298    12.3489
   28  870  671   -15.9700  -138.4956    12.3630
   29  869  671   -15.9572  -138.4906    12.3645
   30  868  671   -16.0203  -138.5074    12.3567
   31  867  671   -15.9652  -138.4902    12.3633
   32  866  671   -16.0374  -138.5097    12.3544
   33  865  671   -16.0242  -138.5045    12.3559
   34  864  671   -15.9505  -138.4817    12.3664
   35  863  671   -16.0172  -138.4996    12.3578
   36  862  671   -15.9991  -138.4931    12.3600
   37  861  672   -16.0094  -138.4948    12.3586
   38  860  672   -16.0395  -138.5021    12.3548
   39  859  672   -16.0191  -138.4949    12.3573
   40  854  672   -16.0086  -138.4851    12.3581
   41  855  672   -15.9987  -138.4837    12.3594
   42  856  672   -16.0287  -138.4936    12.3558
   43  857  672   -16.0014  -138.4871    12.3593
   44  858  672   -16.0202  -138.4939    12.3571
   45  853  673   -15.9914  -138.4787    12.3616
   46  852  673   -15.9929  -138.4778    12.3613
   47  851  673   -15.9817  -138.4732    12.3626
   48  850  673   -15.9768  -138.4705    12.3631
   49  849  673   -16.0194  -138.4814    12.3577
   50  848  673   -16.0178  -138.4796    12.3578
   51  847  673   -16.0010  -138.4734    12.3598
   52  846  673   -15.9365  -138.4536    12.3677
   53  845  673   -16.0116  -138.4738    12.3582
   54  844  673   -16.0130  -138.4729    12.3579
   55  843  673   -16.0603  -138.4851    12.3519
   56  842  673   -16.0863  -138.4912    12.3485
   57  841  673   -16.1128  -138.4975    12.3450
   58  839  673   -16.0789  -138.4851    12.3491
   59  838  673   -16.0651  -138.4798    12.3507
   60  837  673   -16.0563  -138.4759    12.3517
   61  836  673   -16.0569  -138.4748    12.3515
   62  835  673   -16.0484  -138.4710    12.3525
   63  834  673   -16.0513  -138.4705    12.3520
   64  833  673   -16.0472  -138.4679    12.3525
   65  832  673   -16.0277  -138.4610    12.3548
   66  831  673   -16.0336  -138.4614    12.3539
   67  830  673   -16.0297  -138.4589    12.3543
   68  829  673   -16.0426  -138.4613    12.3526
   69  828  673   -16.0422  -138.4598    12.3526
   70  827  673   -16.0383  -138.4574    12.3529
   71  826  673   -16.0405  -138.4566    12.3526
   72  825  673   -16.0508  -138.4583    12.3512
   73  824  673   -16.0779  -138.4646    12.3478
   74  823  674   -16.0787  -138.4634    12.3488
   75  822  674   -16.0578  -138.4561    12.3513
   76  821  674   -16.0580  -138.4548    12.3512
   77  820  674   -16.0515  -138.4516    12.3519
   78  819  674   -16.0629  -138.4535    12.3504
   79  818  674   -16.0627  -138.4521    12.3503
   80  817  674   -16.0578  -138.4494    12.3509
   81  816  674   -16.0340  -138.4413    12.3537
   82  815  674   -16.0317  -138.4393    12.3539
   83  814  674   -16.0208  -138.4348    12.3551

    1  887  662   -16.0786  -138.5512    12.3394
    2  885  662   -16.1023  -138.5554    12.3362
    3  884  662   -16.1074  -138.5555    12.3355
    4  883  662   -16.1113  -138.5553    12.3349
    5  882  662   -16.1165  -138.5554    12.3342
    6  881  662   -16.1279  -138.5574    12.3326
    7  880  662   -16.1321  -138.5573    12.3320
    8  886  662   -16.0901  -138.5532    12.3379
    9  879  663   -16.1020  -138.5470    12.3369
   10  878  663   -16.0881  -138.5417    12.3386
   11  877  663   -16.0581  -138.5316    12.3423
   12  876  663   -16.0527  -138.5287    12.3429
   13  880  663   -16.1007  -138.5480    12.3372
   14  874  664   -16.0454  -138.5237    12.3451
   15  873  664   -16.0388  -138.5205    12.3458
   16  875  664   -16.0609  -138.5296    12.3432
   17  872  665   -16.0629  -138.5260    12.3440
   18  871  665   -16.0307  -138.5153    12.3480
   19  870  665   -16.0046  -138.5064    12.3511
   20  869  665   -16.0595  -138.5210    12.3440
   21  868  665   -15.9926  -138.5003    12.3523
   22  867  665   -16.0747  -138.5227    12.3420
   23  865  665   -16.1068  -138.5292    12.3377
   24  864  665   -16.0908  -138.5233    12.3396
   25  863  665   -16.0887  -138.5213    12.3398
   26  862  665   -16.0657  -138.5134    12.3426
   27  860  665   -16.0378  -138.5026    12.3459
   28  861  665   -16.0660  -138.5121    12.3424
   29  866  665   -16.0912  -138.5261    12.3398
   30  856  666   -16.0569  -138.5026    12.3444
   31  857  666   -16.0310  -138.4965    12.3478
   32  855  666   -16.0541  -138.5004    12.3447
   33  859  666   -16.0371  -138.5009    12.3471
   34  858  666   -16.0355  -138.4991    12.3473
   35  831  667   -16.0405  -138.4642    12.3452
   36  832  667   -16.0507  -138.4685    12.3441
   37  830  667   -16.0513  -138.4660    12.3437
   38  834  667   -16.0791  -138.4793    12.3407
   39  835  667   -16.0971  -138.4858    12.3386
   40  836  667   -16.1066  -138.4899    12.3375
   41  837  667   -16.1215  -138.4955    12.3357
   42  829  667   -16.0648  -138.4685    12.3419
   43  828  667   -16.0653  -138.4673    12.3418
   44  827  667   -16.0720  -138.4679    12.3408
   45  826  667   -16.1144  -138.4786    12.3354
   46  825  667   -16.1220  -138.4795    12.3343
   47  824  667   -16.1016  -138.4723    12.3369
   48  846  667   -16.0214  -138.4788    12.3493
   49  823  667   -16.0893  -138.4674    12.3383
   50  845  667   -16.1102  -138.5030    12.3380
   51  822  667   -16.0821  -138.4640    12.3391
   52  847  667   -16.0019  -138.4746    12.3518
   53  848  667   -15.9986  -138.4749    12.3524
   54  849  667   -16.0290  -138.4850    12.3487
   55  850  667   -16.0186  -138.4834    12.3501
   56  851  667   -16.0293  -138.4878    12.3488
   57  852  667   -16.0330  -138.4902    12.3485
   58  853  667   -16.0338  -138.4918    12.3484
   59  854  667   -16.0311  -138.4923    12.3488
   60  855  667   -16.0286  -138.4930    12.3492
   61  821  667   -16.0848  -138.4635    12.3386
   62  820  667   -16.0881  -138.4631    12.3381
   63  819  667   -16.0927  -138.4630    12.3375
   64  833  667   -16.0608  -138.4727    12.3429
   65  805  668   -15.9671  -138.4084    12.3532
   66  844  668   -16.0924  -138.4964    12.3414
   67  804  668   -15.9413  -138.3997    12.3563
   68  841  668   -16.1716  -138.5151    12.3311
   69  840  668   -16.1726  -138.5140    12.3309
   70  839  668   -16.1553  -138.5077    12.3330
   71  838  668   -16.1343  -138.5004    12.3355
   72  837  668   -16.1111  -138.4924    12.3383
   73  818  668   -16.0704  -138.4552    12.3415
   74  817  668   -16.0719  -138.4543    12.3412
   75  816  668   -16.0626  -138.4503    12.3423
   76  815  668   -16.0623  -138.4489    12.3422
   77  814  668   -16.0255  -138.4371    12.3467
   78  813  668   -16.0162  -138.4331    12.3477
   79  812  668   -15.9877  -138.4236    12.3512
   80  811  668   -16.1076  -138.4564    12.3360
   81  810  668   -16.1109  -138.4560    12.3355
   82  809  668   -16.0653  -138.4417    12.3412
   83  808  668   -16.0677  -138.4410    12.3408
   84  807  668   -16.0441  -138.4329    12.3437
   85  806  668   -16.0094  -138.4218    12.3479
   86  843  668   -16.1218  -138.5035    12.3376
   87  803  668   -15.9146  -138.3908    12.3596
   88  802  668   -15.8826  -138.3804    12.3636
   89  801  668   -15.8597  -138.3726    12.3663
   90  800  668   -15.8498  -138.3685    12.3675
   91  798  668   -15.8057  -138.3533    12.3729
   92  797  668   -15.7842  -138.3459    12.3755
   93  842  668   -16.1367  -138.5064    12.3356
   94  796  668   -15.7696  -138.3404    12.3772

     1  877  588   -16.3249  -138.6200    12.2089
     2  876  588   -16.2903  -138.6086    12.2134
     3  875  588   -16.4099  -138.6420    12.1975
     4  874  588   -16.3866  -138.6338    12.2004
     5  873  588   -16.3744  -138.6289    12.2020
     6  872  588   -16.3090  -138.6086    12.2105
     7  871  588   -16.2987  -138.6042    12.2117
     8  870  588   -16.2560  -138.5905    12.2172
     9  869  588   -16.3333  -138.6115    12.2070
    10  868  588   -16.3284  -138.6087    12.2075
    11  867  588   -16.3694  -138.6193    12.2019
    12  865  589   -16.3392  -138.6076    12.2070
    13  864  589   -16.3365  -138.6055    12.2073
    14  863  589   -16.3501  -138.6080    12.2055
    15  862  589   -16.3096  -138.5949    12.2107
    16  866  589   -16.3306  -138.6065    12.2082
    17  860  590   -16.3299  -138.5979    12.2092
    18  859  590   -16.3402  -138.5995    12.2078
    19  858  590   -16.3636  -138.6049    12.2046
    20  857  590   -16.3510  -138.5999    12.2062
    21  855  590   -16.3527  -138.5977    12.2057
    22  854  591   -16.3427  -138.5933    12.2084
    23  853  591   -16.3445  -138.5924    12.2080
    24  852  591   -16.3423  -138.5904    12.2082
    25  855  591   -16.3373  -138.5931    12.2091
    26  850  592   -16.3464  -138.5887    12.2089
    27  849  592   -16.3551  -138.5898    12.2076
    28  848  592   -16.3635  -138.5909    12.2065
    29  847  592   -16.3500  -138.5856    12.2082
    30  846  592   -16.3284  -138.5781    12.2109
    31  845  592   -16.3263  -138.5761    12.2111
    32  843  593   -16.2957  -138.5644    12.2162
    33  842  593   -16.2932  -138.5623    12.2165
    34  841  593   -16.3088  -138.5654    12.2144
    35  840  593   -16.3135  -138.5654    12.2136
    36  839  593   -16.3124  -138.5637    12.2137
    37  838  593   -16.3155  -138.5633    12.2132
    38  837  593   -16.3090  -138.5600    12.2140
    39  844  593   -16.3225  -138.5735    12.2128
    40  837  594   -16.3011  -138.5576    12.2163
    41  836  594   -16.2877  -138.5524    12.2180
    42  835  594   -16.2812  -138.5492    12.2188
    43  834  594   -16.2655  -138.5433    12.2207
    44  833  594   -16.2649  -138.5418    12.2207
    45  832  594   -16.2857  -138.5464    12.2179
    46  831  594   -16.3115  -138.5524    12.2144
    47  830  594   -16.3241  -138.5547    12.2126
    48  829  594   -16.3365  -138.5568    12.2109
    49  828  594   -16.3052  -138.5465    12.2149
    50  827  594   -16.3012  -138.5440    12.2153
    51  826  594   -16.2768  -138.5357    12.2184
    52  825  594   -16.2829  -138.5361    12.2175
    53  824  594   -16.2764  -138.5328    12.2183
    54  822  595   -16.3121  -138.5402    12.2147
    55  821  595   -16.2983  -138.5349    12.2164
    56  820  595   -16.2862  -138.5300    12.2179
    57  819  595   -16.2714  -138.5244    12.2198
    58  818  595   -16.2753  -138.5242    12.2192
    59  817  595   -16.2421  -138.5134    12.2234
    60  816  595   -16.3214  -138.5346    12.2130
    61  815  595   -16.2326  -138.5079    12.2245
    62  814  595   -16.2459  -138.5104    12.2226
    63  813  595   -16.2529  -138.5110    12.2217
    64  812  595   -16.2691  -138.5143    12.2195
    65  811  595   -16.2620  -138.5109    12.2203
    66  810  595   -16.2676  -138.5111    12.2194
    67  809  595   -16.2554  -138.5063    12.2210
    68  808  595   -16.2303  -138.4978    12.2241
    69  807  595   -16.2003  -138.4879    12.2280
    70  806  595   -16.2066  -138.4883    12.2270
    71  805  595   -16.2137  -138.4890    12.2261
    72  804  595   -16.2127  -138.4874    12.2260
    73  803  595   -16.2151  -138.4867    12.2257
    74  802  595   -16.2403  -138.4925    12.2223
    75  801  595   -16.2610  -138.4970    12.2195
    76  800  595   -16.2349  -138.4882    12.2228
    77  799  595   -16.2683  -138.4964    12.2184
    78  799  596   -16.2656  -138.4954    12.2200
    79  798  596   -16.2692  -138.4951    12.2194
    80  793  597   -16.2158  -138.4730    12.2272
    81  794  597   -16.2264  -138.4774    12.2260
    82  791  597   -16.2172  -138.4707    12.2269
    83  796  597   -16.2755  -138.4940    12.2197
    84  797  597   -16.2656  -138.4926    12.2212
    85  798  597   -16.2804  -138.4981    12.2193
    86  795  597   -16.2285  -138.4794    12.2258
    87  792  597   -16.2275  -138.4750    12.2257
    88  790  598   -16.2195  -138.4698    12.2279
    89  789  598   -16.2025  -138.4637    12.2300
    90  788  598   -16.2055  -138.4632    12.2295
    91  787  598   -16.2140  -138.4642    12.2283
    92  786  598   -16.2015  -138.4594    12.2299
    93  785  598   -16.2086  -138.4600    12.2288
    94  784  598   -16.2043  -138.4574    12.2293
    95  783  598   -16.2154  -138.4592    12.2278
    96  782  598   -16.2103  -138.4564    12.2284
    97  781  598   -16.1868  -138.4484    12.2314
    98  780  598   -16.2050  -138.4522    12.2289
    99  779  598   -16.2279  -138.4573    12.2258
   100  778  598   -16.2613  -138.4654    12.2214
   101  777  598   -16.2534  -138.4618    12.2223
   102  715  598   -16.1969  -138.3621    12.2237
   103  716  598   -16.1948  -138.3628    12.2241
   104  717  598   -16.1965  -138.3647    12.2240
   105  714  598   -16.1923  -138.3595    12.2243
   106  773  599   -16.2192  -138.4466    12.2278
   107  772  599   -16.2431  -138.4520    12.2245
   108  771  599   -16.2361  -138.4486    12.2253
   109  770  599   -16.2616  -138.4545    12.2218
   110  769  599   -16.2952  -138.4626    12.2173
   111  768  599   -16.2970  -138.4617    12.2170
   112  767  599   -16.2860  -138.4573    12.2184
   113  766  599   -16.2924  -138.4577    12.2174
   114  765  599   -16.2969  -138.4576    12.2167
   115  764  599   -16.2859  -138.4532    12.2180
   116  763  599   -16.2929  -138.4538    12.2170
   117  762  599   -16.2826  -138.4495    12.2182
   118  761  599   -16.2873  -138.4495    12.2176
   119  760  599   -16.2240  -138.4303    12.2258
   120  759  599   -16.3048  -138.4517    12.2151
   121  758  599   -16.1990  -138.4206    12.2289
   122  757  599   -16.2009  -138.4198    12.2286
   123  756  599   -16.3046  -138.4476    12.2148
   124  755  599   -16.3948  -138.4715    12.2029
   125  754  599   -16.1955  -138.4142    12.2289
   126  753  599   -16.1794  -138.4084    12.2310
   127  774  599   -16.2242  -138.4493    12.2272
   128  751  599   -16.2084  -138.4138    12.2269
   129  750  599   -16.2050  -138.4115    12.2273
   130  749  599   -16.2149  -138.4129    12.2259
   131  748  599   -16.2223  -138.4136    12.2248
   132  747  599   -16.2183  -138.4111    12.2252
   133  746  599   -16.2593  -138.4213    12.2198
   134  745  599   -16.2376  -138.4138    12.2225
   135  744  599   -16.2508  -138.4162    12.2207
   136  743  599   -16.2815  -138.4234    12.2166
   137  742  599   -16.2880  -138.4239    12.2157
   138  741  599   -16.2801  -138.4203    12.2166
   139  740  599   -16.2648  -138.4147    12.2185
   140  739  599   -16.2805  -138.4177    12.2164
   141  738  599   -16.2799  -138.4162    12.2163
   142  737  599   -16.2780  -138.4143    12.2165
   143  736  599   -16.2829  -138.4143    12.2157
   144  735  599   -16.2432  -138.4019    12.2209
   145  734  599   -16.3030  -138.4172    12.2129
   146  733  599   -16.2425  -138.3990    12.2208
   147  732  599   -16.2961  -138.4126    12.2136
   148  731  599   -16.2945  -138.4107    12.2137
   149  730  599   -16.2736  -138.4036    12.2164
   150  729  599   -16.2728  -138.4020    12.2164
   151  728  599   -16.2753  -138.4013    12.2160
   152  727  599   -16.2703  -138.3986    12.2166
   153  726  599   -16.2494  -138.3914    12.2192
   154  725  599   -16.2751  -138.3972    12.2157
   155  724  599   -16.2505  -138.3890    12.2189
   156  723  599   -16.2546  -138.3888    12.2182
   157  722  599   -16.2298  -138.3805    12.2214
   158  721  599   -16.1978  -138.3703    12.2256
   159  720  599   -16.1812  -138.3643    12.2277
   160  719  599   -16.2212  -138.3741    12.2222
   161  718  599   -16.2085  -138.3692    12.2238
   162  775  599   -16.2443  -138.4564    12.2246
   163  776  599   -16.2393  -138.4563    12.2254
   164  777  599   -16.2550  -138.4621    12.2234
   165  752  599   -16.2074  -138.4149    12.2271

     1  876  548   -16.3871  -138.6426    12.1471
     2  869  548   -16.4114  -138.6400    12.1433
     3  870  548   -16.4066  -138.6400    12.1440
     4  871  548   -16.4239  -138.6464    12.1418
     5  872  548   -16.3952  -138.6395    12.1457
     6  873  548   -16.3966  -138.6413    12.1456
     7  874  548   -16.3841  -138.6390    12.1474
     8  875  548   -16.3873  -138.6413    12.1470
     9  867  548   -16.4307  -138.6429    12.1405
    10  866  548   -16.4364  -138.6432    12.1397
    11  865  548   -16.4232  -138.6380    12.1413
    12  864  548   -16.4115  -138.6332    12.1428
    13  863  548   -16.4285  -138.6367    12.1404
    14  862  548   -16.4360  -138.6375    12.1393
    15  861  548   -16.4133  -138.6296    12.1423
    16  868  548   -16.4216  -138.6416    12.1418
    17  860  549   -16.4003  -138.6243    12.1453
    18  855  550   -16.4662  -138.6364    12.1372
    19  859  550   -16.3853  -138.6185    12.1485
    20  857  550   -16.4448  -138.6329    12.1403
    21  856  550   -16.4617  -138.6364    12.1380
    22  840  550   -16.4518  -138.6115    12.1376
    23  841  550   -16.4406  -138.6097    12.1392
    24  842  550   -16.3830  -138.5945    12.1472
    25  843  550   -16.4267  -138.6084    12.1413
    26  844  550   -16.4511  -138.6169    12.1381
    27  845  550   -16.4075  -138.6057    12.1441
    28  846  550   -16.4273  -138.6128    12.1414
    29  847  550   -16.3107  -138.5805    12.1574
    30  848  550   -16.3373  -138.5895    12.1538
    31  849  550   -16.3983  -138.6085    12.1457
    32  850  550   -16.3628  -138.5996    12.1507
    33  851  550   -16.4215  -138.6179    12.1428
    34  852  550   -16.4506  -138.6277    12.1390
    35  853  550   -16.4590  -138.6315    12.1380
    36  858  550   -16.4176  -138.6264    12.1441
    37  854  550   -16.4620  -138.6337    12.1377
    38  830  551   -16.4078  -138.5850    12.1441
    39  829  551   -16.4017  -138.5818    12.1448
    40  828  551   -16.3968  -138.5791    12.1454
    41  831  551   -16.4039  -138.5853    12.1447
    42  826  552   -16.4100  -138.5800    12.1448
    43  825  552   -16.4006  -138.5759    12.1459
    44  824  552   -16.4005  -138.5745    12.1458
    45  823  552   -16.3922  -138.5708    12.1469
    46  822  552   -16.3818  -138.5664    12.1482
    47  821  552   -16.3960  -138.5691    12.1462
    48  820  552   -16.3768  -138.5622    12.1486
    49  819  552   -16.3809  -138.5621    12.1480
    50  818  552   -16.4125  -138.5697    12.1437
    51  817  552   -16.4127  -138.5684    12.1435
    52  816  552   -16.4103  -138.5663    12.1438
    53  815  552   -16.4018  -138.5625    12.1448
    54  809  553   -16.3802  -138.5480    12.1484
    55  810  553   -16.3731  -138.5474    12.1495
    56  811  553   -16.3749  -138.5492    12.1493
    57  812  553   -16.3797  -138.5520    12.1488
    58  814  553   -16.3886  -138.5573    12.1478
    59  815  553   -16.3997  -138.5618    12.1464
    60  808  553   -16.3734  -138.5447    12.1492
    61  807  553   -16.3879  -138.5475    12.1471
    62  806  553   -16.3896  -138.5466    12.1468
    63  805  553   -16.4270  -138.5559    12.1416
    64  765  553   -16.4371  -138.5038    12.1367
    65  766  553   -16.4454  -138.5075    12.1356
    66  767  553   -16.4156  -138.5005    12.1397
    67  768  553   -16.4311  -138.5062    12.1377
    68  769  553   -16.4316  -138.5077    12.1378
    69  770  553   -16.4371  -138.5107    12.1371
    70  771  553   -16.4488  -138.5154    12.1356
    71  772  553   -16.4501  -138.5171    12.1356
    72  773  553   -16.4592  -138.5210    12.1344
    73  774  553   -16.4492  -138.5196    12.1359
    74  775  553   -16.4264  -138.5145    12.1390
    75  778  553   -16.4370  -138.5216    12.1379
    76  764  553   -16.4438  -138.5043    12.1357
    77  763  553   -16.4449  -138.5032    12.1355
    78  762  553   -16.3996  -138.4891    12.1414
    79  760  553   -16.3825  -138.4816    12.1436
    80  759  553   -16.4146  -138.4892    12.1391
    81  758  553   -16.4037  -138.4848    12.1405
    82  757  553   -16.3935  -138.4806    12.1418
    83  756  553   -16.3817  -138.4759    12.1433
    84  755  553   -16.3711  -138.4715    12.1446
    85  754  553   -16.3609  -138.4673    12.1459
    86  753  553   -16.3559  -138.4645    12.1465
    87  752  553   -16.3389  -138.4584    12.1487
    88  751  553   -16.3392  -138.4571    12.1486
    89  750  553   -16.3261  -138.4521    12.1502
    90  779  553   -16.4006  -138.5127    12.1429
    91  749  553   -16.3267  -138.4509    12.1500
    92  802  554   -16.4354  -138.5540    12.1416
    93  801  554   -16.4268  -138.5502    12.1427
    94  800  554   -16.4458  -138.5542    12.1400
    95  797  554   -16.4298  -138.5455    12.1419
    96  796  554   -16.4462  -138.5488    12.1397
    97  795  554   -16.4504  -138.5486    12.1390
    98  794  554   -16.4764  -138.5546    12.1354
    99  793  554   -16.4413  -138.5433    12.1400
   100  792  554   -16.4126  -138.5338    12.1438
   101  791  554   -16.3872  -138.5252    12.1472
   102  790  554   -16.3897  -138.5245    12.1468
   103  789  554   -16.4347  -138.5359    12.1406
   104  788  554   -16.4386  -138.5356    12.1400
   105  787  554   -16.4623  -138.5410    12.1367
   106  786  554   -16.4172  -138.5268    12.1427
   107  785  554   -16.4275  -138.5284    12.1412
   108  783  554   -16.4470  -138.5312    12.1384
   109  782  554   -16.4269  -138.5241    12.1410
   110  781  554   -16.4302  -138.5237    12.1404
   111  780  554   -16.4351  -138.5237    12.1397
   112  803  554   -16.4074  -138.5474    12.1455

    1  381  628   -15.6976  -137.7849    12.2980
    2  382  628   -15.6981  -137.7863    12.2980
    3  383  628   -15.7062  -137.7897    12.2970
    4  384  628   -15.7045  -137.7905    12.2973
    5  385  628   -15.7071  -137.7925    12.2970
    6  387  628   -15.7101  -137.7958    12.2968
    7  388  628   -15.7160  -137.7986    12.2961
    8  380  628   -15.6942  -137.7828    12.2983
    9  389  629   -15.7042  -137.7968    12.2990
   10  390  629   -15.7281  -137.8041    12.2959
   11  391  629   -15.7107  -137.8010    12.2984
   12  392  629   -15.6966  -137.7988    12.3002
   13  393  629   -15.7085  -137.8031    12.2988
   14  394  629   -15.7320  -137.8102    12.2958
   15  395  629   -15.7081  -137.8055    12.2990
   16  396  629   -15.7049  -137.8060    12.2995
   17  397  629   -15.7038  -137.8071    12.2998
   18  398  629   -15.7215  -137.8128    12.2975
   19  399  629   -15.7286  -137.8159    12.2967
   20  399  630   -15.7025  -137.8092    12.3014
   21  400  630   -15.7115  -137.8127    12.3003
   22  401  630   -15.7103  -137.8137    12.3005
   23  402  630   -15.7065  -137.8141    12.3011
   24  403  630   -15.7057  -137.8151    12.3013
   25  404  630   -15.7058  -137.8165    12.3014
   26  405  630   -15.7081  -137.8183    12.3012
   27  406  630   -15.6912  -137.8154    12.3034
   28  407  630   -15.6921  -137.8169    12.3034
   29  408  630   -15.6834  -137.8160    12.3047
   30  409  630   -15.6780  -137.8159    12.3055
   31  411  631   -15.6887  -137.8211    12.3056
   32  410  631   -15.6811  -137.8178    12.3065
   33  413  632   -15.6917  -137.8242    12.3067
   34  412  632   -15.6882  -137.8221    12.3070
   35  414  633   -15.6897  -137.8249    12.3083
   36  413  633   -15.6830  -137.8219    12.3090
   37  416  634   -15.7085  -137.8321    12.3072
   38  415  634   -15.6832  -137.8244    12.3105
   39  417  635   -15.6925  -137.8292    12.3107
   40  419  636   -15.6754  -137.8273    12.3145
   41  420  636   -15.6750  -137.8285    12.3146
   42  421  636   -15.6741  -137.8296    12.3149
   43  418  636   -15.6809  -137.8275    12.3136
   44  421  637   -15.6553  -137.8247    12.3185
   45  422  637   -15.6590  -137.8269    12.3182
   46  423  637   -15.6551  -137.8272    12.3187
   47  424  637   -15.6656  -137.8312    12.3174
   48  425  637   -15.6667  -137.8328    12.3174
   49  426  637   -15.7168  -137.8468    12.3109
   50  427  637   -15.6966  -137.8429    12.3137
   51  428  637   -15.6920  -137.8431    12.3144
   52  429  637   -15.6813  -137.8416    12.3159
   53  430  637   -15.6837  -137.8435    12.3157
   54  431  637   -15.6714  -137.8417    12.3174
   55  432  637   -15.6811  -137.8455    12.3162
   56  433  637   -15.6867  -137.8482    12.3155
   57  434  637   -15.6901  -137.8503    12.3152
   58  435  637   -15.6895  -137.8515    12.3153
   59  437  637   -15.6933  -137.8550    12.3150
   60  438  637   -15.6947  -137.8567    12.3149
   61  439  637   -15.6929  -137.8575    12.3152
   62  440  637   -15.6959  -137.8596    12.3149
   63  441  637   -15.6947  -137.8606    12.3151
   64  442  637   -15.6996  -137.8631    12.3145
   65  443  637   -15.6972  -137.8638    12.3149
   66  444  637   -15.6990  -137.8656    12.3148
   67  444  638   -15.7006  -137.8658    12.3158
   68  445  638   -15.7030  -137.8678    12.3156
   69  446  638   -15.6940  -137.8668    12.3169
   70  447  638   -15.6896  -137.8669    12.3176
   71  448  638   -15.6915  -137.8687    12.3174
   72  449  638   -15.6936  -137.8705    12.3172
   73  450  638   -15.6899  -137.8708    12.3178
   74  452  639   -15.6861  -137.8724    12.3197
   75  453  639   -15.6915  -137.8750    12.3192
   76  454  639   -15.6845  -137.8745    12.3201
   77  455  639   -15.6758  -137.8736    12.3213
   78  451  639   -15.6904  -137.8722    12.3191

     1  530  682   -15.6104  -137.9478    12.3911
     2  531  682   -15.6073  -137.9483    12.3916
     3  534  682   -15.6259  -137.9571    12.3896
     4  535  682   -15.6420  -137.9626    12.3877
     5  536  682   -15.6266  -137.9598    12.3897
     6  538  682   -15.6577  -137.9706    12.3860
     7  539  682   -15.6599  -137.9724    12.3858
     8  540  682   -15.6697  -137.9763    12.3847
     9  541  682   -15.6941  -137.9840    12.3817
    10  542  682   -15.6862  -137.9833    12.3828
    11  543  682   -15.6815  -137.9833    12.3835
    12  544  682   -15.6898  -137.9868    12.3825
    13  545  682   -15.7038  -137.9918    12.3808
    14  546  682   -15.6986  -137.9917    12.3816
    15  547  682   -15.7112  -137.9963    12.3801
    16  548  682   -15.6940  -137.9931    12.3824
    17  549  682   -15.6621  -137.9860    12.3865
    18  552  682   -15.6584  -137.9889    12.3872
    19  553  682   -15.6716  -137.9937    12.3857
    20  554  682   -15.6956  -138.0013    12.3827
    21  555  682   -15.6890  -138.0009    12.3836
    22  556  682   -15.6817  -138.0002    12.3847
    23  557  682   -15.6952  -138.0051    12.3830
    24  558  682   -15.6759  -138.0013    12.3856
    25  559  682   -15.6645  -137.9996    12.3871
    26  560  682   -15.6606  -137.9999    12.3877
    27  561  682   -15.6605  -138.0011    12.3878
    28  562  682   -15.6587  -138.0020    12.3881
    29  563  682   -15.6553  -138.0024    12.3886
    30  565  682   -15.6510  -138.0038    12.3893
    31  566  682   -15.6553  -138.0062    12.3889
    32  567  682   -15.6484  -138.0057    12.3898
    33  568  682   -15.6561  -138.0091    12.3889
    34  569  682   -15.6499  -138.0087    12.3898
    35  570  682   -15.6499  -138.0100    12.3899
    36  571  682   -15.6867  -138.0211    12.3854
    37  572  682   -15.6868  -138.0224    12.3855
    38  573  682   -15.6581  -138.0161    12.3891
    39  574  682   -15.6484  -138.0148    12.3904
    40  575  682   -15.6165  -138.0077    12.3945
    41  576  682   -15.6144  -138.0084    12.3948
    42  577  682   -15.6314  -138.0142    12.3928
    43  578  683   -15.6300  -138.0150    12.3943
    44  579  683   -15.6292  -138.0161    12.3945
    45  580  683   -15.6208  -138.0151    12.3956
    46  581  683   -15.6273  -138.0182    12.3949
    47  582  683   -15.6350  -138.0215    12.3940
    48  584  683   -15.6425  -138.0261    12.3932
    49  585  683   -15.6391  -138.0265    12.3938
    50  577  683   -15.6153  -138.0098    12.3961
    51  585  684   -15.6393  -138.0264    12.3950
    52  586  684   -15.6012  -138.0176    12.3998
    53  587  684   -15.5977  -138.0179    12.4004
    54  588  684   -15.5731  -138.0127    12.4036
    55  589  684   -15.6042  -138.0223    12.3997
    56  590  684   -15.6165  -138.0268    12.3983
    57  591  684   -15.6221  -138.0296    12.3977
    58  592  684   -15.6280  -138.0325    12.3971
    59  593  684   -15.6085  -138.0286    12.3996
    60  594  684   -15.3801  -137.9689    12.4286
    61  595  684   -15.5400  -138.0129    12.4085
    62  596  684   -15.6412  -138.0412    12.3958
    63  597  684   -15.6147  -138.0354    12.3993
    64  598  684   -15.6087  -138.0351    12.4001
    65  678  684   -15.6388  -138.1471    12.4037
    66  677  684   -15.6431  -138.1470    12.4030
    67  676  684   -15.6380  -138.1443    12.4036
    68  675  684   -15.6484  -138.1459    12.4022
    69  674  684   -15.6294  -138.1394    12.4044
    70  673  684   -15.5956  -138.1288    12.4086
    71  672  684   -15.6626  -138.1458    12.4001
    72  671  684   -15.6613  -138.1442    12.4002
    73  679  684   -15.6438  -138.1498    12.4032
    74  670  684   -15.6538  -138.1408    12.4010
    75  669  684   -15.6510  -138.1388    12.4012
    76  668  684   -15.6869  -138.1473    12.3966
    77  667  684   -15.6975  -138.1488    12.3952
    78  666  684   -15.6949  -138.1468    12.3954
    79  665  684   -15.6902  -138.1442    12.3959
    80  664  684   -15.6785  -138.1398    12.3973
    81  663  684   -15.6671  -138.1353    12.3986
    82  662  684   -15.6651  -138.1335    12.3988
    83  661  684   -15.6489  -138.1278    12.4007
    84  660  684   -15.6523  -138.1274    12.4002
    85  659  684   -15.6582  -138.1277    12.3993
    86  658  684   -15.6729  -138.1304    12.3974
    87  657  684   -15.6636  -138.1266    12.3985
    88  656  684   -15.6652  -138.1257    12.3982
    89  655  684   -15.6757  -138.1273    12.3968
    90  654  684   -15.6755  -138.1259    12.3967
    91  653  684   -15.6852  -138.1272    12.3954
    92  652  684   -15.6848  -138.1258    12.3953
    93  651  684   -15.6715  -138.1209    12.3969
    94  650  684   -15.6546  -138.1150    12.3989
    95  649  684   -15.6790  -138.1203    12.3958
    96  648  684   -15.6655  -138.1154    12.3973
    97  647  684   -15.6602  -138.1126    12.3979
    98  632  684   -15.5782  -138.0710    12.4069
    99  634  684   -15.5853  -138.0755    12.4062
   100  635  684   -15.6062  -138.0824    12.4036
   101  636  684   -15.6083  -138.0843    12.4035
   102  637  684   -15.6187  -138.0884    12.4023
   103  638  684   -15.6238  -138.0911    12.4017
   104  639  684   -15.6341  -138.0952    12.4005
   105  640  684   -15.6404  -138.0982    12.3998
   106  641  684   -15.6474  -138.1014    12.3990
   107  642  684   -15.6535  -138.1043    12.3983
   108  643  684   -15.6589  -138.1071    12.3978
   109  644  684   -15.6608  -138.1089    12.3976
   110  645  684   -15.6639  -138.1110    12.3973
   111  646  684   -15.6650  -138.1126    12.3972
   112  631  685   -15.5899  -138.0727    12.4064
   113  630  685   -15.6031  -138.0750    12.4047
   114  629  685   -15.5830  -138.0683    12.4071
   115  628  685   -15.5822  -138.0668    12.4072
   116  627  685   -15.5694  -138.0620    12.4087
   117  626  685   -15.5567  -138.0573    12.4102
   118  625  685   -15.5882  -138.0645    12.4062
   119  624  685   -15.5882  -138.0632    12.4061
   120  623  685   -15.6139  -138.0688    12.4028
   121  622  685   -15.5975  -138.0631    12.4047
   122  621  685   -15.6309  -138.0708    12.4004
   123  620  685   -15.5414  -138.0454    12.4116
   124  619  685   -15.5635  -138.0501    12.4087
   125  618  685   -15.5993  -138.0584    12.4042
   126  617  685   -15.5882  -138.0541    12.4055
   127  616  685   -15.6666  -138.0739    12.3956
   128  615  685   -15.6606  -138.0709    12.3963
   129  613  685   -15.6728  -138.0716    12.3946
   130  612  685   -15.6809  -138.0725    12.3935
   131  611  685   -15.6886  -138.0733    12.3925
   132  610  685   -15.6730  -138.0678    12.3944
   133  609  685   -15.6508  -138.0605    12.3970
   134  608  685   -15.6601  -138.0617    12.3958
   135  607  685   -15.6604  -138.0605    12.3957
   136  605  685   -15.6445  -138.0536    12.3975
   137  604  685   -15.6511  -138.0541    12.3966
   138  603  685   -15.6440  -138.0509    12.3974
   139  602  685   -15.6205  -138.0433    12.4003
   140  601  685   -15.6063  -138.0382    12.4020
   141  600  685   -15.6124  -138.0386    12.4011
   142  599  685   -15.6023  -138.0345    12.4023
   143  598  685   -15.6196  -138.0379    12.4000
   144  606  685   -15.6490  -138.0561    12.3970

     1  1135  567   -16.3137  -138.9736    12.2065
     2  1136  567   -16.3171  -138.9760    12.2062
     3  1133  568   -16.3212  -138.9730    12.2066
     4  1133  569   -16.3197  -138.9724    12.2081
     5  1133  570   -16.3210  -138.9726    12.2093
     6  1132  570   -16.3207  -138.9712    12.2093
     7  1131  570   -16.3241  -138.9709    12.2087
     8  1130  570   -16.3168  -138.9672    12.2096
     9  1129  570   -16.3345  -138.9713    12.2072
    10  1128  570   -16.3263  -138.9674    12.2082
    11  1127  570   -16.3236  -138.9652    12.2084
    12  1126  570   -16.3397  -138.9688    12.2062
    13  1124  571   -16.3375  -138.9652    12.2077
    14  1123  571   -16.3421  -138.9653    12.2070
    15  1122  571   -16.3283  -138.9596    12.2087
    16  1121  571   -16.3421  -138.9625    12.2069
    17  1125  571   -16.3372  -138.9665    12.2078
    18  1119  572   -16.3501  -138.9621    12.2069
    19  1120  572   -16.3468  -138.9625    12.2075
    20  1118  573   -16.3312  -138.9547    12.2107
    21  1117  573   -16.3412  -138.9564    12.2092
    22  1116  573   -16.3249  -138.9500    12.2113
    23  1115  573   -16.3164  -138.9460    12.2124
    24  1115  574   -16.3217  -138.9475    12.2130
    25  1114  574   -16.3360  -138.9505    12.2110
    26  1113  574   -16.3100  -138.9411    12.2144
    27  1112  574   -16.3257  -138.9446    12.2122
    28  1111  574   -16.3194  -138.9413    12.2129
    29  1110  574   -16.3314  -138.9436    12.2113
    30  1109  574   -16.3189  -138.9384    12.2128
    31  1108  574   -16.3262  -138.9393    12.2118
    32  1107  574   -16.3261  -138.9379    12.2117
    33  1106  574   -16.3160  -138.9334    12.2129
    34  1105  574   -16.3394  -138.9392    12.2097
    35  1104  574   -16.3542  -138.9424    12.2077
    36  1103  574   -16.3412  -138.9370    12.2093
    37  1102  574   -16.3480  -138.9377    12.2084
    38  1101  574   -16.3447  -138.9353    12.2087
    39  1100  574   -16.3487  -138.9352    12.2081
    40  1099  574   -16.3448  -138.9326    12.2085
    41  1098  575   -16.3552  -138.9343    12.2084
    42  1097  575   -16.3502  -138.9314    12.2089
    43  1096  575   -16.3632  -138.9341    12.2071
    44  1093  576   -16.3404  -138.9227    12.2111
    45  1092  576   -16.3324  -138.9189    12.2120
    46  1091  576   -16.3448  -138.9214    12.2103
    47  1094  576   -16.3558  -138.9288    12.2092
    48  1090  577   -16.3436  -138.9194    12.2117
    49  1089  577   -16.3441  -138.9182    12.2116
    50  1088  577   -16.3742  -138.9261    12.2075
    51  1087  577   -16.3810  -138.9268    12.2066
    52  1086  577   -16.3777  -138.9244    12.2069
    53  1085  577   -16.3726  -138.9215    12.2075
    54  1084  577   -16.3868  -138.9245    12.2055
    55  1083  577   -16.3909  -138.9243    12.2049
    56  1081  578   -16.3734  -138.9161    12.2083
    57  1080  578   -16.3832  -138.9177    12.2069
    58  1079  578   -16.3933  -138.9194    12.2055
    59  1078  578   -16.3955  -138.9187    12.2051
    60  1077  578   -16.3928  -138.9165    12.2054
    61  1082  578   -16.3732  -138.9174    12.2084
    62  1077  579   -16.3878  -138.9148    12.2074
    63  1076  579   -16.3769  -138.9101    12.2087
    64  1075  579   -16.3668  -138.9056    12.2099
    65  1074  579   -16.3577  -138.9015    12.2110
    66  1073  580   -16.3370  -138.8936    12.2150
    67  1072  580   -16.3261  -138.8889    12.2163
    68  1074  580   -16.3645  -138.9034    12.2115
    69  1070  581   -16.3235  -138.8852    12.2178
    70  1069  581   -16.3319  -138.8864    12.2166
    71  1068  581   -16.3293  -138.8842    12.2169
    72  1071  581   -16.3333  -138.8896    12.2166
    73  1066  582   -16.3321  -138.8822    12.2177
    74  1065  582   -16.3190  -138.8768    12.2193
    75  1064  582   -16.2971  -138.8687    12.2220
    76  1062  582   -16.3224  -138.8737    12.2186
    77  1061  582   -16.2928  -138.8633    12.2223
    78  1060  582   -16.3026  -138.8649    12.2209
    79  1059  582   -16.2854  -138.8583    12.2231
    80  1058  582   -16.2989  -138.8611    12.2212
    81  1058  583   -16.2834  -138.8562    12.2246
    82  1057  583   -16.2880  -138.8562    12.2239
    83  1056  584   -16.2883  -138.8548    12.2251
    84  1055  585   -16.2677  -138.8470    12.2290
    85  1054  585   -16.2795  -138.8492    12.2274
    86  1053  585   -16.2926  -138.8518    12.2256
    87  1052  585   -16.2819  -138.8472    12.2269
    88  1051  585   -16.3011  -138.8517    12.2243
    89  1050  585   -16.2884  -138.8464    12.2259
    90  1049  585   -16.2824  -138.8432    12.2265
    91  1048  585   -16.2823  -138.8418    12.2265
    92  1047  585   -16.3187  -138.8515    12.2217
    93  1046  585   -16.3270  -138.8527    12.2205
    94  1045  585   -16.3087  -138.8457    12.2227
    95  1043  585   -16.3020  -138.8410    12.2234
    96  1042  585   -16.3050  -138.8405    12.2230
    97  1040  585   -16.3275  -138.8446    12.2199
    98  1040  586   -16.3478  -138.8506    12.2186
    99  1039  586   -16.3353  -138.8454    12.2201
   100  1038  586   -16.3199  -138.8394    12.2220
   101  1036  587   -16.2914  -138.8279    12.2269
   102  1035  587   -16.3003  -138.8292    12.2256
   103  1034  587   -16.2873  -138.8239    12.2272
   104  1037  587   -16.3129  -138.8358    12.2242
   105  1034  588   -16.2751  -138.8200    12.2301
   106  1033  588   -16.2319  -138.8056    12.2356
   107  1032  588   -16.2501  -138.8097    12.2332
   108  1031  588   -16.2652  -138.8129    12.2311
   109  1030  588   -16.2652  -138.8115    12.2311
   110  1029  588   -16.2858  -138.8164    12.2283
   111  1028  588   -16.2710  -138.8106    12.2301
   112  1027  588   -16.2859  -138.8137    12.2281
   113  1026  588   -16.2843  -138.8119    12.2282
   114  1025  588   -16.3032  -138.8162    12.2257
   115  1024  588   -16.2492  -138.7985    12.2325
   116  1023  588   -16.2566  -138.7994    12.2315
   117  1023  589   -16.2453  -138.7958    12.2343
   118  1022  589   -16.2516  -138.7964    12.2334
   119  1021  589   -16.2936  -138.8077    12.2279
   120  1020  589   -16.2545  -138.7945    12.2329
   121  1019  589   -16.2500  -138.7918    12.2333
   122  1018  589   -16.2694  -138.7962    12.2307
   123  1017  589   -16.2669  -138.7941    12.2309
   124  1015  590   -16.2759  -138.7940    12.2309
   125  1014  590   -16.2495  -138.7847    12.2342
   126  1013  590   -16.2445  -138.7818    12.2348
   127  1016  590   -16.2598  -138.7905    12.2331
   128  1013  591   -16.2598  -138.7862    12.2341
   129  1012  591   -16.2571  -138.7840    12.2344
   130  1011  591   -16.2744  -138.7879    12.2321
   131  1009  592   -16.2948  -138.7912    12.2306
   132  1007  592   -16.2930  -138.7879    12.2306
   133  1010  592   -16.2955  -138.7927    12.2306
   134  1002  593   -16.3048  -138.7845    12.2298
   135  1001  593   -16.3056  -138.7833    12.2296
   136  1007  593   -16.3041  -138.7911    12.2304
   137  1000  594   -16.3133  -138.7841    12.2299
   138   999  594   -16.3165  -138.7837    12.2293
   139   998  594   -16.3101  -138.7804    12.2301
   140   997  594   -16.2946  -138.7744    12.2320
   141   996  594   -16.2878  -138.7710    12.2328
   142   995  594   -16.2875  -138.7695    12.2327
   143   994  594   -16.2684  -138.7624    12.2351
   144   993  595   -16.2507  -138.7556    12.2387
   145   992  595   -16.2552  -138.7556    12.2380
   146   991  595   -16.2497  -138.7526    12.2386
   147   990  595   -16.2526  -138.7521    12.2382
   148   994  595   -16.2616  -138.7602    12.2374
   149   989  596   -16.2608  -138.7530    12.2384
   150   988  596   -16.2347  -138.7438    12.2416
   151   987  596   -16.2367  -138.7431    12.2413
   152   986  596   -16.2325  -138.7404    12.2418
   153   985  596   -16.2330  -138.7392    12.2416
   154   983  597   -16.2164  -138.7314    12.2449
   155   982  597   -16.2218  -138.7316    12.2441
   156   981  597   -16.2087  -138.7264    12.2457
   157   980  597   -16.2146  -138.7268    12.2448
   158   979  597   -16.2099  -138.7240    12.2453
   159   978  597   -16.2049  -138.7211    12.2459
   160   984  597   -16.2306  -138.7370    12.2431
   161   978  598   -16.2045  -138.7209    12.2473
   162   977  599   -16.2122  -138.7217    12.2475
   163   976  599   -16.2067  -138.7187    12.2481
   164   975  599   -16.2036  -138.7164    12.2484
   165   973  599   -16.1810  -138.7069    12.2511
   166   972  599   -16.1963  -138.7101    12.2490
   167   971  599   -16.1581  -138.6974    12.2538
   168   970  599   -16.1615  -138.6971    12.2533
   169   969  599   -16.2046  -138.7085    12.2477
   170   968  599   -16.2077  -138.7081    12.2472
   171   967  599   -16.2380  -138.7157    12.2431
   172   966  599   -16.2594  -138.7208    12.2402
   173   965  599   -16.2600  -138.7196    12.2401
   174   964  599   -16.2609  -138.7185    12.2399
   175   963  599   -16.2761  -138.7216    12.2379
   176   962  599   -16.2706  -138.7186    12.2385
   177   961  599   -16.2470  -138.7102    12.2415
   178   960  599   -16.2526  -138.7105    12.2407
   179   959  599   -16.2600  -138.7114    12.2396
   180   957  600   -16.2754  -138.7131    12.2387
   181   956  600   -16.2903  -138.7161    12.2367
   182   958  600   -16.2937  -138.7199    12.2365
   183   956  601   -16.3231  -138.7257    12.2338
   184   954  601   -16.2970  -138.7152    12.2371
   185   952  601   -16.2590  -138.7012    12.2418
   186   951  601   -16.2464  -138.6961    12.2433
   187   950  601   -16.2682  -138.7012    12.2404
   188   949  601   -16.2788  -138.7030    12.2390
   189   948  601   -16.2497  -138.6930    12.2427
   190   947  601   -16.2622  -138.6953    12.2409
   191   946  601   -16.2541  -138.6916    12.2419
   192   945  601   -16.2495  -138.6889    12.2424
   193   940  601   -16.2313  -138.6766    12.2443
   194   941  601   -16.2466  -138.6825    12.2424
   195   943  602   -16.2189  -138.6769    12.2475
   196   944  602   -16.2288  -138.6812    12.2463
   197   942  602   -16.2303  -138.6789    12.2459
   198   915  604   -16.2954  -138.6610    12.2378
   199   914  604   -16.2502  -138.6463    12.2435
   200   913  604   -16.2744  -138.6521    12.2403
   201   912  604   -16.2480  -138.6430    12.2436
   202   916  604   -16.2853  -138.6594    12.2391
   203   912  605   -16.2375  -138.6398    12.2463
   204   911  605   -16.2302  -138.6363    12.2471
   205   910  605   -16.2430  -138.6386    12.2454
   206   908  606   -16.2186  -138.6286    12.2496
   207   907  606   -16.2236  -138.6287    12.2489
   208   909  606   -16.2190  -138.6301    12.2497
   209   905  607   -16.2114  -138.6223    12.2517
   210   904  607   -16.2116  -138.6210    12.2515
   211   906  607   -16.2129  -138.6241    12.2516
   212   903  608   -16.2092  -138.6188    12.2531
   213   902  608   -16.1973  -138.6140    12.2545
   214   901  608   -16.1968  -138.6124    12.2545
   215   900  608   -16.1954  -138.6107    12.2546
   216   899  608   -16.1864  -138.6067    12.2557
   217   898  608   -16.1934  -138.6074    12.2547
   218   897  608   -16.1926  -138.6058    12.2547
   219   896  608   -16.1998  -138.6065    12.2536
   220   895  608   -16.1909  -138.6026    12.2547
   221   894  608   -16.1806  -138.5982    12.2559
   222   893  608   -16.1847  -138.5981    12.2553
   223   892  608   -16.1877  -138.5976    12.2548
   224   891  608   -16.1916  -138.5974    12.2542
   225   889  608   -16.1934  -138.5952    12.2538
   226   889  609   -16.2082  -138.5993    12.2532
   227   888  609   -16.1999  -138.5956    12.2542
   228   887  609   -16.2057  -138.5959    12.2533
   229   886  609   -16.2239  -138.5998    12.2509
   230   885  609   -16.1934  -138.5896    12.2547
   231   884  609   -16.1888  -138.5869    12.2552
   232   883  609   -16.1832  -138.5839    12.2558
   233   882  609   -16.1866  -138.5836    12.2553
   234   881  609   -16.1908  -138.5834    12.2547
   235   881  610   -16.1934  -138.5840    12.2556
   236   880  610   -16.2183  -138.5899    12.2523
   237   879  610   -16.2185  -138.5886    12.2522
   238   878  610   -16.2173  -138.5869    12.2522
   239   877  610   -16.2078  -138.5828    12.2534
   240   876  610   -16.2165  -138.5839    12.2522
   241   875  610   -16.2124  -138.5814    12.2526
   242   874  610   -16.2083  -138.5789    12.2530
   243   873  610   -16.2191  -138.5806    12.2515
   244   872  610   -16.2165  -138.5785    12.2518
   245   871  610   -16.2125  -138.5760    12.2522
   246   870  610   -16.2161  -138.5757    12.2516
   247   869  610   -16.2119  -138.5731    12.2521
   248   868  610   -16.2066  -138.5702    12.2526
   249   867  610   -16.2157  -138.5715    12.2514
   250   866  610   -16.2060  -138.5673    12.2526
   251   865  610   -16.2024  -138.5649    12.2529
   252   864  610   -16.2164  -138.5676    12.2510
   253   862  611   -16.2211  -138.5661    12.2516
   254   861  611   -16.2281  -138.5668    12.2505
   255   860  611   -16.2198  -138.5630    12.2516
   256   863  611   -16.2042  -138.5626    12.2539
   257   859  612   -16.2114  -138.5591    12.2539
   258   858  612   -16.2153  -138.5589    12.2533
   259   857  612   -16.2158  -138.5576    12.2532
   260   856  612   -16.2124  -138.5553    12.2535
   261   855  612   -16.2380  -138.5613    12.2501
   262   854  612   -16.2436  -138.5616    12.2492
   263   853  612   -16.2365  -138.5582    12.2501
   264   852  612   -16.2355  -138.5565    12.2501
   265   852  613   -16.2319  -138.5554    12.2519
   266   851  613   -16.2329  -138.5543    12.2517
   267   850  613   -16.2221  -138.5498    12.2529
   268   849  613   -16.2274  -138.5500    12.2522
   269   848  613   -16.2307  -138.5496    12.2516
   270   847  613   -16.2116  -138.5427    12.2540
   271   846  614   -16.2479  -138.5517    12.2506
   272   845  614   -16.2151  -138.5409    12.2547
   273   844  614   -16.2077  -138.5374    12.2556
   274   843  614   -16.2178  -138.5389    12.2542
   275   842  614   -16.1973  -138.5317    12.2567
   276   847  614   -16.2424  -138.5515    12.2514
   277   841  615   -16.1957  -138.5297    12.2582
   278   840  615   -16.1893  -138.5265    12.2590
   279   839  615   -16.1979  -138.5276    12.2577
   280   838  615   -16.1867  -138.5231    12.2591
   281   837  615   -16.1660  -138.5158    12.2617
   282   836  615   -16.1531  -138.5107    12.2632
   283   835  615   -16.1405  -138.5058    12.2648
   284   834  615   -16.1545  -138.5084    12.2629
   285   833  615   -16.1449  -138.5043    12.2640
   286   832  615   -16.1323  -138.4994    12.2655
   287   831  615   -16.1325  -138.4981    12.2654
   288   830  615   -16.1214  -138.4936    12.2667
   289   829  615   -16.1438  -138.4986    12.2637
   290   828  615   -16.1573  -138.5011    12.2618
   291   827  615   -16.1672  -138.5026    12.2605
   292   826  615   -16.1789  -138.5046    12.2589
   293   825  615   -16.1819  -138.5041    12.2584
   294   825  616   -16.1765  -138.5024    12.2604
   295   824  616   -16.1562  -138.4952    12.2630
   296   823  616   -16.1314  -138.4868    12.2661
   297   822  616   -16.1453  -138.4894    12.2642
   298   821  616   -16.1306  -138.4839    12.2661
   299   820  616   -16.1219  -138.4800    12.2671
   300   819  616   -16.1177  -138.4775    12.2675
   301   818  616   -16.1292  -138.4794    12.2660
   302   817  616   -16.0944  -138.4682    12.2704
   303   816  616   -16.1270  -138.4761    12.2661
   304   813  617   -16.2133  -138.4965    12.2559
   305   814  617   -16.1517  -138.4803    12.2640
   306   803  618   -16.1547  -138.4662    12.2639
   307   801  618   -16.1635  -138.4660    12.2625
   308   800  618   -16.1566  -138.4627    12.2633
   309   799  618   -16.1591  -138.4620    12.2629
   310   798  618   -16.1577  -138.4603    12.2630
   311   797  618   -16.1491  -138.4565    12.2640
   312   796  618   -16.1401  -138.4526    12.2650
   313   795  618   -16.1332  -138.4493    12.2659
   314   794  618   -16.1230  -138.4451    12.2671
   315   793  618   -16.1276  -138.4450    12.2664
   316   792  618   -16.1262  -138.4433    12.2665
   317   791  618   -16.1385  -138.4454    12.2648
   318   790  618   -16.1385  -138.4440    12.2647
   319   789  618   -16.1427  -138.4439    12.2641
   320   788  618   -16.1329  -138.4398    12.2653
   321   786  618   -16.1290  -138.4360    12.2656
   322   785  618   -16.1499  -138.4405    12.2628
   323   784  618   -16.1223  -138.4314    12.2662
   324   783  618   -16.1244  -138.4306    12.2659
   325   782  618   -16.1181  -138.4275    12.2666
   326   781  618   -16.1128  -138.4246    12.2672
   327   780  618   -16.0971  -138.4189    12.2692
   328   779  619   -16.1229  -138.4247    12.2671
   329   778  619   -16.1526  -138.4317    12.2632
   330   777  619   -16.1364  -138.4258    12.2652
   331   776  619   -16.1316  -138.4230    12.2657
   332   774  619   -16.1370  -138.4219    12.2648
   333   773  619   -16.1351  -138.4200    12.2649
   334   772  619   -16.1660  -138.4274    12.2608
   335   771  619   -16.1356  -138.4174    12.2646
   336   770  619   -16.1314  -138.4149    12.2651
   337   769  619   -16.1694  -138.4243    12.2601
   338   768  619   -16.1694  -138.4229    12.2600
   339   767  619   -16.1535  -138.4171    12.2620
   340   765  620   -16.1641  -138.4173    12.2617
   341   764  620   -16.1686  -138.4172    12.2610
   342   763  620   -16.1813  -138.4194    12.2593
   343   761  620   -16.1857  -138.4179    12.2585
   344   760  620   -16.1777  -138.4143    12.2594
   345   759  620   -16.1827  -138.4144    12.2587
   346   758  620   -16.2094  -138.4205    12.2551
   347   757  620   -16.1736  -138.4091    12.2597
   348   756  620   -16.1858  -138.4112    12.2580
   349   755  620   -16.1966  -138.4129    12.2565
   350   754  620   -16.2004  -138.4126    12.2559
   351   753  620   -16.2279  -138.4189    12.2523
   352   752  620   -16.2332  -138.4191    12.2515
   353   751  620   -16.2059  -138.4101    12.2549
   354   750  620   -16.1840  -138.4026    12.2577
   355   749  620   -16.1942  -138.4041    12.2563
   356   748  620   -16.1666  -138.3950    12.2597
   357   747  620   -16.1593  -138.3916    12.2606
   358   746  620   -16.1548  -138.3890    12.2611

     1  1259  559   -16.4090  -139.1760    12.1952
     2  1259  560   -16.4190  -139.1790    12.1952
     3  1258  561   -16.4186  -139.1773    12.1965
     4  1259  561   -16.4305  -139.1826    12.1951
     5  1258  562   -16.4193  -139.1774    12.1978
     6  1258  563   -16.4368  -139.1829    12.1968
     7  1258  564   -16.4260  -139.1793    12.1996
     8  1252  567   -16.4062  -139.1641    12.2056
     9  1251  567   -16.4038  -139.1620    12.2058
    10  1249  568   -16.4085  -139.1606    12.2064
    11  1250  568   -16.4121  -139.1631    12.2060
    12  1249  569   -16.3901  -139.1545    12.2101
    13  1247  570   -16.4154  -139.1597    12.2082
    14  1248  570   -16.3975  -139.1554    12.2104
    15  1246  571   -16.5011  -139.1855    12.1986
    16  1247  571   -16.3784  -139.1477    12.2140
    17  1246  572   -16.4732  -139.1765    12.2036
    18  1245  572   -16.4365  -139.1634    12.2080
    19  1244  572   -16.4220  -139.1573    12.2097
    20  1243  572   -16.3928  -139.1466    12.2133
    21  1242  573   -16.3770  -139.1400    12.2166
    22  1241  574   -16.3892  -139.1424    12.2163
    23  1242  574   -16.4531  -139.1642    12.2084
    24  1240  575   -16.5061  -139.1782    12.2029
    25  1241  575   -16.4776  -139.1705    12.2066
    26  1240  576   -16.3656  -139.1332    12.2219
    27  1240  577   -16.3509  -139.1283    12.2252
    28  1239  577   -16.3416  -139.1239    12.2262
    29  1238  578   -16.4646  -139.1617    12.2121
    30  1237  578   -16.3705  -139.1303    12.2237
    31  1239  578   -16.4399  -139.1552    12.2153
    32  1235  579   -16.4025  -139.1375    12.2209
    33  1236  579   -16.3599  -139.1253    12.2263
    34  1234  580   -16.3439  -139.1173    12.2295
    35  1234  581   -16.3644  -139.1237    12.2283
    36  1232  581   -16.3470  -139.1154    12.2303
    37  1231  582   -16.3692  -139.1209    12.2288
    38  1232  582   -16.3628  -139.1203    12.2297
    39  1231  583   -16.3562  -139.1166    12.2318
    40  1228  584   -16.3615  -139.1140    12.2321
    41  1229  584   -16.3499  -139.1117    12.2337
    42  1227  585   -16.3402  -139.1057    12.2360
    43  1228  585   -16.3277  -139.1031    12.2377
    44  1226  586   -16.3671  -139.1127    12.2339
    45  1225  586   -16.3668  -139.1113    12.2339
    46  1224  586   -16.3658  -139.1096    12.2339
    47  1223  587   -16.3493  -139.1028    12.2372
    48  1224  587   -16.3335  -139.0992    12.2393
    49  1221  588   -16.3258  -139.0924    12.2414
    50  1220  588   -16.3558  -139.1006    12.2374
    51  1222  588   -16.3321  -139.0958    12.2406
    52  1219  589   -16.3507  -139.0974    12.2393
    53  1218  589   -16.3570  -139.0980    12.2385
    54  1217  589   -16.3691  -139.1005    12.2368
    55  1215  590   -16.3453  -139.0900    12.2410
    56  1217  590   -16.3473  -139.0934    12.2409
    57  1214  591   -16.3652  -139.0948    12.2397
    58  1213  591   -16.3463  -139.0874    12.2420
    59  1212  591   -16.3514  -139.0877    12.2412
    60  1215  591   -16.3452  -139.0899    12.2423
    61  1209  592   -16.3196  -139.0733    12.2463
    62  1210  592   -16.3305  -139.0782    12.2450
    63  1209  593   -16.3468  -139.0818    12.2442
    64  1208  593   -16.3759  -139.0896    12.2404
    65  1206  594   -16.3899  -139.0912    12.2398
    66  1205  594   -16.3566  -139.0792    12.2439
    67  1207  594   -16.3938  -139.0938    12.2394
    68  1204  595   -16.2985  -139.0593    12.2526
    69  1203  595   -16.3055  -139.0602    12.2516
    70  1205  595   -16.3576  -139.0794    12.2452
    71  1202  596   -16.2996  -139.0567    12.2536
    72  1201  596   -16.3042  -139.0568    12.2529
    73  1199  596   -16.4602  -139.1034    12.2329
    74  1199  597   -16.4463  -139.0989    12.2360
    75  1181  600   -16.3824  -139.0534    12.2463
    76  1180  600   -16.5754  -139.1128    12.2216
    77  1179  600   -16.5344  -139.0985    12.2267
    78  1182  600   -16.2555  -139.0148    12.2626
    79  1176  601   -16.1004  -138.9577    12.2831
    80  1178  601   -16.4854  -139.0815    12.2342
    81  1176  602   -16.2926  -139.0179    12.2600
    82  1175  602   -16.2905  -139.0159    12.2602
    83  1174  602   -16.0787  -138.9480    12.2870
    84  1173  602   -16.0860  -138.9489    12.2860
    85  1172  602   -16.1230  -138.9592    12.2812
    86  1171  602   -16.2035  -138.9831    12.2708
    90  1168  604   -16.1013  -138.9466    12.2862
    91  1167  604   -16.2298  -138.9856    12.2698
    92  1166  604   -16.2415  -138.9879    12.2682
    94  1163  604   -16.5085  -139.0674    12.2340
    95  1162  604   -16.2354  -138.9805    12.2686
    96  1160  605   -16.2037  -138.9677    12.2738
    97  1159  605   -16.1632  -138.9536    12.2789
    98  1161  605   -16.1316  -138.9464    12.2831
    99  1158  606   -16.3520  -139.0112    12.2561
   100  1157  606   -16.1332  -138.9413    12.2839
   101  1156  606   -16.4216  -139.0302    12.2470
   102  1155  606   -16.4795  -139.0470    12.2395
   103  1154  606   -16.4036  -139.0218    12.2490
   104  1153  606   -16.3579  -139.0062    12.2548
   105  1152  607   -16.3449  -139.0006    12.2577
   106  1151  607   -16.3273  -138.9937    12.2598
   107  1153  607   -16.3225  -138.9949    12.2607
   108  1149  608   -16.2869  -138.9782    12.2662
   109  1148  608   -16.2796  -138.9745    12.2670
   110  1147  608   -16.2740  -138.9714    12.2676
   111  1146  608   -16.3174  -138.9836    12.2619
   112  1145  608   -16.3036  -138.9779    12.2636
   113  1144  608   -16.3325  -138.9855    12.2598
   114  1142  609   -16.3262  -138.9807    12.2618
   115  1141  609   -16.3258  -138.9792    12.2618
   116  1140  609   -16.3299  -138.9791    12.2612
   117  1139  609   -16.3358  -138.9796    12.2603
   118  1138  609   -16.3328  -138.9772    12.2606
   119  1137  609   -16.3204  -138.9720    12.2622
   120  1136  609   -16.2943  -138.9625    12.2654
   121  1135  609   -16.3091  -138.9657    12.2634
   122  1134  609   -16.3021  -138.9622    12.2642
   123  1133  609   -16.2916  -138.9576    12.2655
   124  1132  609   -16.2858  -138.9543    12.2661
   125  1131  610   -16.2867  -138.9531    12.2673
   126  1132  610   -16.2897  -138.9554    12.2670
   127  1131  611   -16.2945  -138.9554    12.2676
   128  1130  611   -16.3070  -138.9579    12.2659
   129  1129  611   -16.3010  -138.9547    12.2666
   130  1128  611   -16.3005  -138.9531    12.2666
   131  1127  611   -16.2982  -138.9510    12.2668
   132  1126  611   -16.2889  -138.9468    12.2679
   133  1125  611   -16.2915  -138.9462    12.2675
   134  1123  612   -16.2798  -138.9397    12.2702
   135  1122  612   -16.2777  -138.9377    12.2703
   136  1124  612   -16.2860  -138.9430    12.2695
   137  1122  613   -16.2688  -138.9347    12.2728
   138  1121  614   -16.2556  -138.9291    12.2757
   139  1121  615   -16.2551  -138.9288    12.2771
   140  1120  615   -16.2513  -138.9263    12.2775
   141  1119  615   -16.2504  -138.9247    12.2775
   142  1118  616   -16.2455  -138.9216    12.2793
   143  1119  616   -16.2455  -138.9230    12.2794
   144  1118  617   -16.2507  -138.9231    12.2800
   145  1117  618   -16.2572  -138.9236    12.2804
   146  1118  618   -16.2542  -138.9240    12.2808

     1  1178  641   -16.1504  -138.9700    12.3301
     2  1179  641   -16.1410  -138.9684    12.3314
     3  1178  642   -16.1641  -138.9742    12.3296
     4  1177  642   -16.1488  -138.9680    12.3315
     5  1176  642   -16.1609  -138.9704    12.3299
     6  1175  642   -16.1280  -138.9587    12.3339
     7  1174  642   -16.1096  -138.9516    12.3361
     8  1173  642   -16.1382  -138.9592    12.3324
     9  1172  642   -16.1231  -138.9531    12.3343
    10  1171  642   -16.1209  -138.9511    12.3344
    11  1170  642   -16.1386  -138.9553    12.3321
    12  1169  642   -16.1555  -138.9592    12.3299
    13  1168  642   -16.1650  -138.9608    12.3286
    14  1167  642   -16.1204  -138.9455    12.3341
    15  1165  642   -16.0968  -138.9354    12.3369
    16  1164  642   -16.0913  -138.9323    12.3374
    17  1162  642   -16.0913  -138.9296    12.3373
    18  1161  642   -16.0591  -138.9182    12.3412
    19  1160  642   -16.0637  -138.9183    12.3405
    20  1159  642   -16.0805  -138.9221    12.3383
    21  1158  642   -16.0657  -138.9162    12.3401
    22  1157  642   -16.0735  -138.9173    12.3390
    23  1156  642   -16.0698  -138.9147    12.3394
    24  1155  642   -16.1021  -138.9235    12.3352
    25  1154  642   -16.0774  -138.9144    12.3382
    26  1154  643   -16.0783  -138.9145    12.3394
    27  1153  643   -16.0828  -138.9146    12.3388
    28  1152  643   -16.0857  -138.9142    12.3383
    29  1151  643   -16.0873  -138.9133    12.3380
    30  1150  643   -16.1055  -138.9176    12.3356
    31  1149  643   -16.0799  -138.9082    12.3388
    32  1148  643   -16.0700  -138.9038    12.3399
    33  1147  643   -16.0711  -138.9028    12.3396
    34  1145  643   -16.1028  -138.9100    12.3355
    35  1144  643   -16.0760  -138.9003    12.3388
    36  1143  643   -16.0926  -138.9041    12.3366
    37  1142  643   -16.0944  -138.9033    12.3363
    38  1141  643   -16.1090  -138.9065    12.3344
    39  1140  643   -16.0902  -138.8993    12.3366
    40  1139  643   -16.1120  -138.9047    12.3338
    41  1138  643   -16.0835  -138.8945    12.3373
    42  1137  643   -16.1702  -138.9201    12.3263
    43  1136  644   -16.1220  -138.9036    12.3336
    44  1135  644   -16.1718  -138.9177    12.3273
    45  1133  644   -16.1439  -138.9063    12.3306
    46  1132  644   -16.1676  -138.9123    12.3275
    47  1131  644   -16.1291  -138.8990    12.3322
    48  1130  644   -16.1516  -138.9047    12.3293
    49  1129  644   -16.1091  -138.8901    12.3346
    50  1128  644   -16.1160  -138.8909    12.3336
    51  1127  644   -16.1014  -138.8850    12.3353
    52  1126  644   -16.1112  -138.8867    12.3341
    53  1125  644   -16.1014  -138.8823    12.3352
    54  1124  644   -16.1157  -138.8854    12.3333
    55  1123  644   -16.1147  -138.8837    12.3333
    56  1122  644   -16.1090  -138.8806    12.3340
    57  1121  644   -16.1130  -138.8804    12.3334
    58  1120  644   -16.1358  -138.8861    12.3305
    59  1119  645   -16.1411  -138.8863    12.3311
    60  1117  645   -16.1247  -138.8785    12.3329
    61  1116  645   -16.1422  -138.8825    12.3306
    62  1118  645   -16.1310  -138.8818    12.3322
    63  1116  646   -16.1292  -138.8784    12.3336
    64  1114  646   -16.1235  -138.8739    12.3340
    65  1115  646   -16.1317  -138.8778    12.3331
    66  1101  647   -16.1615  -138.8678    12.3293
    67  1102  647   -16.1478  -138.8650    12.3311
    68  1103  647   -16.1479  -138.8663    12.3312
    69  1104  647   -16.1398  -138.8652    12.3323
    70  1100  647   -16.1527  -138.8638    12.3303
    71  1106  647   -16.1429  -138.8689    12.3321
    72  1109  647   -16.1108  -138.8631    12.3364
    73  1110  647   -16.1164  -138.8661    12.3359
    74  1111  647   -16.1167  -138.8676    12.3359
    75  1112  647   -16.1164  -138.8689    12.3360
    76  1099  647   -16.1617  -138.8652    12.3291
    77  1105  647   -16.1527  -138.8706    12.3308
    78  1098  647   -16.1864  -138.8714    12.3259
    79  1096  647   -16.2195  -138.8789    12.3215
    80  1095  647   -16.1898  -138.8684    12.3252
    81  1097  647   -16.2297  -138.8834    12.3204
    82  1092  648   -16.1722  -138.8587    12.3284
    83  1091  648   -16.1683  -138.8562    12.3288
    84  1094  648   -16.1926  -138.8677    12.3260
    85  1089  649   -16.1700  -138.8538    12.3297
    86  1088  649   -16.1594  -138.8492    12.3309
    87  1087  649   -16.1467  -138.8439    12.3324
    88  1090  649   -16.1741  -138.8564    12.3293
    89  1086  650   -16.1517  -138.8440    12.3331
    90  1085  650   -16.1565  -138.8441    12.3324
    91  1084  650   -16.1556  -138.8425    12.3324
    92  1081  651   -16.1337  -138.8315    12.3361
    93  1084  651   -16.1368  -138.8366    12.3360
    94  1080  652   -16.1285  -138.8284    12.3380
    95  1079  652   -16.1096  -138.8213    12.3402
    96  1078  652   -16.1086  -138.8196    12.3403
    97  1081  652   -16.1291  -138.8300    12.3380
    98  1076  653   -16.1279  -138.8227    12.3390
    99  1075  653   -16.1755  -138.8359    12.3330
   100  1074  653   -16.1682  -138.8323    12.3338
   101  1073  653   -16.2017  -138.8412    12.3295
   102  1072  653   -16.1788  -138.8328    12.3322
   103  1071  653   -16.1693  -138.8286    12.3334
   104  1070  653   -16.1659  -138.8262    12.3337
   105  1069  653   -16.1590  -138.8227    12.3345
   106  1068  653   -16.2447  -138.8475    12.3237
   107  1067  653   -16.2681  -138.8533    12.3207
   108  1066  653   -16.1814  -138.8254    12.3314
   109  1065  653   -16.1956  -138.8284    12.3295
   110  1064  653   -16.1812  -138.8227    12.3312
   111  1063  653   -16.1685  -138.8174    12.3327
   112  1062  653   -16.1636  -138.8146    12.3332
   113  1061  653   -16.1591  -138.8118    12.3337
   114  1060  653   -16.1435  -138.8057    12.3355
   115  1058  654   -16.1181  -138.7951    12.3399
   116  1057  654   -16.1353  -138.7990    12.3376
   117  1056  654   -16.1289  -138.7957    12.3383
   118  1059  654   -16.1496  -138.8061    12.3360
   119  1055  655   -16.1298  -138.7945    12.3395
   120  1053  655   -16.1227  -138.7896    12.3401
   121  1052  655   -16.1173  -138.7866    12.3407
   122  1050  655   -16.1320  -138.7884    12.3387
   123  1049  655   -16.1390  -138.7891    12.3378
   124  1048  656   -16.1397  -138.7878    12.3389
   125  1047  656   -16.1465  -138.7885    12.3380
   126  1045  656   -16.1386  -138.7834    12.3388
   127  1044  656   -16.1433  -138.7835    12.3381
   128  1043  656   -16.1297  -138.7780    12.3397
   129  1042  656   -16.1425  -138.7805    12.3380
   130  1040  656   -16.1429  -138.7779    12.3378
   131  1039  656   -16.1514  -138.7792    12.3366
   132  1029  656   -16.1497  -138.7651    12.3360
   133  1030  656   -16.1535  -138.7676    12.3356
   134  1028  656   -16.1462  -138.7626    12.3363
   135  1032  657   -16.1562  -138.7710    12.3367
   136  1031  657   -16.1560  -138.7695    12.3367
   137  1036  657   -16.1571  -138.7767    12.3370
   138  1037  657   -16.1620  -138.7795    12.3365
   139  1034  657   -16.1538  -138.7730    12.3372
   140  1035  657   -16.1588  -138.7758    12.3367
