; ENVI Output of ROIs (5.4) [Tue Aug 06 17:42:30 2019]
; Number of ROIs: 10
; File Dimension: 1328 x 1184
;
; ROI name: Region #1
; ROI rgb value: {255, 0, 0}
; ROI npts: 122
;
; ROI name: Region #2
; ROI rgb value: {0, 255, 0}
; ROI npts: 83
;
; ROI name: Region #3
; ROI rgb value: {0, 0, 255}
; ROI npts: 94
;
; ROI name: Region #4
; ROI rgb value: {255, 255, 0}
; ROI npts: 165
;
; ROI name: Region #5
; ROI rgb value: {0, 255, 255}
; ROI npts: 112
;
; ROI name: Region #6
; ROI rgb value: {255, 0, 255}
; ROI npts: 78
;
; ROI name: Region #7
; ROI rgb value: {176, 48, 96}
; ROI npts: 144
;
; ROI name: Region #8
; ROI rgb value: {46, 139, 87}
; ROI npts: 358
;
; ROI name: Region #9
; ROI rgb value: {160, 32, 240}
; ROI npts: 146
;
; ROI name: Region #10
; ROI rgb value: {255, 127, 80}
; ROI npts: 140
;   ID    X    Y      B1      B2      B3
     1  945  670  0.1430  0.0425  0.0188
     2  944  670  0.1430  0.0425  0.0188
     3  943  670  0.1427  0.0424  0.0187
     4  942  670  0.1429  0.0425  0.0187
     5  946  670  0.1433  0.0426  0.0188
     6  942  671  0.1426  0.0424  0.0187
     7  941  671  0.1436  0.0427  0.0188
     8  940  671  0.1435  0.0426  0.0188
     9  939  671  0.1446  0.0429  0.0190
    10  938  671  0.1444  0.0428  0.0189
    11  937  671  0.1445  0.0428  0.0189
    12  936  672  0.1445  0.0428  0.0189
    13  935  672  0.1447  0.0429  0.0190
    14  934  672  0.1448  0.0429  0.0190
    15  932  672  0.1451  0.0430  0.0190
    16  931  672  0.1449  0.0429  0.0190
    17  930  672  0.1451  0.0430  0.0190
    18  929  672  0.1448  0.0429  0.0190
    19  928  672  0.1447  0.0428  0.0190
    20  927  672  0.1444  0.0427  0.0189
    21  926  672  0.1444  0.0427  0.0189
    22  926  673  0.1446  0.0427  0.0189
    23  925  673  0.1448  0.0428  0.0190
    24  924  673  0.1446  0.0427  0.0190
    25  923  673  0.1449  0.0428  0.0190
    26  922  673  0.1445  0.0427  0.0189
    27  921  673  0.1451  0.0429  0.0190
    28  920  673  0.1444  0.0427  0.0189
    29  919  673  0.1444  0.0426  0.0189
    30  918  673  0.1457  0.0430  0.0191
    31  917  673  0.1453  0.0429  0.0190
    32  916  673  0.1452  0.0428  0.0190
    33  915  673  0.1452  0.0428  0.0190
    34  914  673  0.1452  0.0428  0.0190
    35  913  673  0.1439  0.0424  0.0189
    36  912  673  0.1442  0.0425  0.0189
    37  911  673  0.1437  0.0423  0.0188
    38  910  673  0.1435  0.0423  0.0188
    39  909  673  0.1433  0.0422  0.0188
    40  908  673  0.1437  0.0423  0.0189
    41  907  673  0.1436  0.0422  0.0188
    42  906  673  0.1437  0.0423  0.0188
    43  905  673  0.1433  0.0421  0.0188
    44  904  673  0.1435  0.0422  0.0188
    45  903  673  0.1437  0.0422  0.0189
    46  902  673  0.1431  0.0420  0.0188
    47  901  674  0.1425  0.0418  0.0187
    48  900  674  0.1424  0.0418  0.0187
    49  899  674  0.1422  0.0417  0.0187
    50  898  674  0.1419  0.0416  0.0186
    51  902  674  0.1426  0.0419  0.0187
    52  897  675  0.1417  0.0416  0.0186
    53  879  675  0.1427  0.0417  0.0187
    54  880  675  0.1424  0.0416  0.0187
    55  881  675  0.1426  0.0416  0.0187
    56  882  675  0.1424  0.0416  0.0187
    57  883  675  0.1424  0.0416  0.0187
    58  884  675  0.1428  0.0417  0.0187
    59  885  675  0.1421  0.0416  0.0186
    60  886  675  0.1426  0.0417  0.0187
    61  887  675  0.1422  0.0416  0.0186
    62  888  675  0.1421  0.0416  0.0186
    63  889  675  0.1425  0.0417  0.0187
    64  890  675  0.1420  0.0416  0.0186
    65  891  675  0.1418  0.0415  0.0186
    66  892  675  0.1413  0.0414  0.0185
    67  893  675  0.1412  0.0414  0.0185
    68  894  675  0.1411  0.0414  0.0185
    69  895  675  0.1411  0.0414  0.0185
    70  896  675  0.1417  0.0416  0.0186
    71  878  676  0.1426  0.0416  0.0187
    72  877  676  0.1431  0.0417  0.0188
    73  876  676  0.1432  0.0418  0.0188
    74  875  676  0.1430  0.0417  0.0187
    75  874  676  0.1433  0.0418  0.0188
    76  873  676  0.1426  0.0416  0.0187
    77  872  676  0.1424  0.0415  0.0187
    78  871  676  0.1422  0.0414  0.0187
    79  870  676  0.1422  0.0414  0.0187
    80  869  676  0.1429  0.0416  0.0187
    81  868  676  0.1429  0.0416  0.0187
    82  867  676  0.1431  0.0416  0.0188
    83  866  676  0.1432  0.0416  0.0188
    84  865  676  0.1435  0.0417  0.0188
    85  864  676  0.1432  0.0416  0.0188
    86  864  677  0.1430  0.0416  0.0187
    87  863  677  0.1431  0.0416  0.0188
    88  862  677  0.1429  0.0415  0.0187
    89  861  677  0.1427  0.0415  0.0187
    90  860  677  0.1427  0.0414  0.0187
    91  859  677  0.1426  0.0414  0.0187
    92  858  677  0.1427  0.0414  0.0187
    93  857  677  0.1427  0.0414  0.0187
    94  856  677  0.1431  0.0415  0.0188
    95  855  677  0.1434  0.0416  0.0188
    96  854  677  0.1432  0.0415  0.0188
    97  853  677  0.1433  0.0415  0.0188
    98  852  677  0.1432  0.0415  0.0188
    99  851  677  0.1432  0.0415  0.0188
   100  851  678  0.1430  0.0414  0.0187
   101  850  678  0.1429  0.0414  0.0187
   102  849  678  0.1427  0.0413  0.0187
   103  848  678  0.1427  0.0413  0.0187
   104  847  678  0.1425  0.0412  0.0187
   105  846  678  0.1421  0.0411  0.0186
   106  845  678  0.1434  0.0415  0.0188
   107  844  678  0.1438  0.0416  0.0188
   108  843  678  0.1422  0.0411  0.0187
   109  842  678  0.1433  0.0414  0.0188
   110  841  678  0.1436  0.0415  0.0188
   111  840  678  0.1433  0.0414  0.0188
   112  839  678  0.1434  0.0414  0.0188
   113  838  678  0.1429  0.0412  0.0187
   114  837  678  0.1427  0.0411  0.0187
   115  836  678  0.1427  0.0412  0.0187
   116  835  678  0.1425  0.0411  0.0187
   117  834  678  0.1420  0.0409  0.0186
   118  833  678  0.1422  0.0410  0.0187
   119  832  678  0.1421  0.0409  0.0187
   120  831  678  0.1421  0.0409  0.0186
   121  830  679  0.1418  0.0408  0.0186
   122  831  679  0.1421  0.0409  0.0186

    1  894  667  0.1430  0.0419  0.0188
    2  893  667  0.1429  0.0419  0.0188
    3  892  667  0.1429  0.0419  0.0188
    4  891  667  0.1429  0.0419  0.0188
    5  890  667  0.1429  0.0418  0.0188
    6  889  667  0.1428  0.0418  0.0188
    7  888  667  0.1430  0.0418  0.0188
    8  887  667  0.1433  0.0419  0.0189
    9  886  667  0.1433  0.0419  0.0189
   10  885  667  0.1434  0.0419  0.0189
   11  884  668  0.1432  0.0419  0.0189
   12  883  668  0.1431  0.0418  0.0188
   13  882  668  0.1430  0.0418  0.0188
   14  881  668  0.1433  0.0419  0.0189
   15  885  668  0.1431  0.0418  0.0188
   16  879  669  0.1423  0.0416  0.0187
   17  880  669  0.1432  0.0418  0.0188
   18  879  670  0.1420  0.0415  0.0187
   19  878  670  0.1417  0.0414  0.0187
   20  877  670  0.1412  0.0412  0.0186
   21  877  671  0.1442  0.0421  0.0189
   22  876  671  0.1437  0.0419  0.0188
   23  875  671  0.1424  0.0415  0.0187
   24  874  671  0.1424  0.0415  0.0187
   25  873  671  0.1403  0.0409  0.0185
   26  872  671  0.1424  0.0415  0.0187
   27  871  671  0.1436  0.0418  0.0189
   28  870  671  0.1415  0.0412  0.0186
   29  869  671  0.1413  0.0411  0.0186
   30  868  671  0.1429  0.0416  0.0188
   31  867  671  0.1415  0.0412  0.0186
   32  866  671  0.1431  0.0416  0.0188
   33  865  671  0.1428  0.0415  0.0188
   34  864  671  0.1444  0.0420  0.0189
   35  863  671  0.1454  0.0423  0.0191
   36  862  671  0.1451  0.0422  0.0190
   37  861  672  0.1423  0.0413  0.0187
   38  860  672  0.1429  0.0415  0.0188
   39  859  672  0.1426  0.0414  0.0188
   40  854  672  0.1424  0.0413  0.0187
   41  855  672  0.1421  0.0412  0.0187
   42  856  672  0.1427  0.0414  0.0188
   43  857  672  0.1422  0.0413  0.0187
   44  858  672  0.1427  0.0414  0.0188
   45  853  673  0.1423  0.0412  0.0187
   46  852  673  0.1423  0.0412  0.0187
   47  851  673  0.1422  0.0412  0.0187
   48  850  673  0.1421  0.0411  0.0187
   49  849  673  0.1428  0.0413  0.0188
   50  848  673  0.1427  0.0413  0.0188
   51  847  673  0.1424  0.0412  0.0187
   52  846  673  0.1412  0.0408  0.0186
   53  845  673  0.1424  0.0412  0.0187
   54  844  673  0.1424  0.0411  0.0187
   55  843  673  0.1431  0.0414  0.0188
   56  842  673  0.1435  0.0415  0.0189
   57  841  673  0.1438  0.0415  0.0189
   58  839  673  0.1432  0.0414  0.0188
   59  838  673  0.1430  0.0413  0.0188
   60  837  673  0.1428  0.0412  0.0188
   61  836  673  0.1428  0.0412  0.0188
   62  835  673  0.1426  0.0411  0.0188
   63  834  673  0.1426  0.0411  0.0188
   64  833  673  0.1426  0.0411  0.0188
   65  832  673  0.1422  0.0410  0.0187
   66  831  673  0.1422  0.0409  0.0187
   67  830  673  0.1422  0.0409  0.0187
   68  829  673  0.1423  0.0410  0.0187
   69  828  673  0.1423  0.0410  0.0187
   70  827  673  0.1422  0.0409  0.0187
   71  826  673  0.1423  0.0409  0.0187
   72  825  673  0.1424  0.0410  0.0188
   73  824  673  0.1431  0.0411  0.0188
   74  823  674  0.1429  0.0411  0.0188
   75  822  674  0.1425  0.0409  0.0188
   76  821  674  0.1425  0.0409  0.0188
   77  820  674  0.1424  0.0409  0.0187
   78  819  674  0.1426  0.0409  0.0188
   79  818  674  0.1425  0.0409  0.0188
   80  817  674  0.1424  0.0409  0.0188
   81  816  674  0.1420  0.0407  0.0187
   82  815  674  0.1419  0.0407  0.0187
   83  814  674  0.1416  0.0406  0.0187

    1  887  662  0.1438  0.0421  0.0190
    2  885  662  0.1443  0.0422  0.0191
    3  884  662  0.1444  0.0422  0.0191
    4  883  662  0.1445  0.0423  0.0191
    5  882  662  0.1446  0.0423  0.0191
    6  881  662  0.1448  0.0423  0.0191
    7  880  662  0.1448  0.0423  0.0191
    8  886  662  0.1441  0.0422  0.0190
    9  879  663  0.1441  0.0421  0.0190
   10  878  663  0.1438  0.0420  0.0190
   11  877  663  0.1433  0.0418  0.0189
   12  876  663  0.1433  0.0418  0.0189
   13  880  663  0.1441  0.0421  0.0190
   14  874  664  0.1435  0.0418  0.0189
   15  873  664  0.1434  0.0418  0.0189
   16  875  664  0.1436  0.0419  0.0190
   17  872  665  0.1437  0.0419  0.0190
   18  871  665  0.1432  0.0417  0.0189
   19  870  665  0.1427  0.0416  0.0188
   20  869  665  0.1434  0.0418  0.0189
   21  868  665  0.1421  0.0414  0.0188
   22  867  665  0.1438  0.0418  0.0190
   23  865  665  0.1443  0.0420  0.0190
   24  864  665  0.1440  0.0419  0.0190
   25  863  665  0.1439  0.0418  0.0190
   26  862  665  0.1434  0.0417  0.0189
   27  860  665  0.1429  0.0415  0.0189
   28  861  665  0.1434  0.0417  0.0189
   29  866  665  0.1441  0.0419  0.0190
   30  856  666  0.1432  0.0416  0.0189
   31  857  666  0.1428  0.0414  0.0189
   32  855  666  0.1433  0.0416  0.0189
   33  859  666  0.1429  0.0415  0.0189
   34  858  666  0.1429  0.0415  0.0189
   35  831  667  0.1424  0.0410  0.0188
   36  832  667  0.1426  0.0411  0.0188
   37  830  667  0.1425  0.0410  0.0188
   38  834  667  0.1432  0.0413  0.0189
   39  835  667  0.1435  0.0414  0.0190
   40  836  667  0.1437  0.0414  0.0190
   41  837  667  0.1439  0.0415  0.0190
   42  829  667  0.1427  0.0411  0.0189
   43  828  667  0.1427  0.0411  0.0189
   44  827  667  0.1427  0.0411  0.0189
   45  826  667  0.1434  0.0413  0.0190
   46  825  667  0.1435  0.0413  0.0190
   47  824  667  0.1434  0.0412  0.0189
   48  846  667  0.1427  0.0413  0.0188
   49  823  667  0.1430  0.0411  0.0189
   50  845  667  0.1441  0.0417  0.0190
   51  822  667  0.1430  0.0411  0.0189
   52  847  667  0.1424  0.0412  0.0188
   53  848  667  0.1424  0.0412  0.0188
   54  849  667  0.1430  0.0414  0.0189
   55  850  667  0.1428  0.0414  0.0188
   56  851  667  0.1430  0.0414  0.0189
   57  852  667  0.1431  0.0415  0.0189
   58  853  667  0.1431  0.0415  0.0189
   59  854  667  0.1429  0.0414  0.0189
   60  855  667  0.1428  0.0414  0.0188
   61  821  667  0.1429  0.0410  0.0189
   62  820  667  0.1430  0.0411  0.0189
   63  819  667  0.1431  0.0411  0.0189
   64  833  667  0.1428  0.0412  0.0189
   65  805  668  0.1406  0.0402  0.0186
   66  844  668  0.1437  0.0415  0.0190
   67  804  668  0.1401  0.0400  0.0185
   68  841  668  0.1449  0.0419  0.0191
   69  840  668  0.1449  0.0418  0.0191
   70  839  668  0.1446  0.0417  0.0191
   71  838  668  0.1443  0.0416  0.0190
   72  837  668  0.1438  0.0415  0.0190
   73  818  668  0.1426  0.0409  0.0188
   74  817  668  0.1427  0.0409  0.0189
   75  816  668  0.1424  0.0409  0.0188
   76  815  668  0.1423  0.0408  0.0188
   77  814  668  0.1416  0.0406  0.0187
   78  813  668  0.1414  0.0405  0.0187
   79  812  668  0.1409  0.0404  0.0186
   80  811  668  0.1429  0.0409  0.0189
   81  810  668  0.1430  0.0410  0.0189
   82  809  668  0.1424  0.0408  0.0188
   83  808  668  0.1423  0.0407  0.0188
   84  807  668  0.1419  0.0406  0.0188
   85  806  668  0.1413  0.0404  0.0187
   86  843  668  0.1441  0.0417  0.0190
   87  803  668  0.1397  0.0399  0.0185
   88  802  668  0.1392  0.0398  0.0184
   89  801  668  0.1388  0.0397  0.0184
   90  800  668  0.1387  0.0396  0.0184
   91  798  668  0.1379  0.0394  0.0183
   92  797  668  0.1376  0.0393  0.0182
   93  842  668  0.1443  0.0417  0.0190
   94  796  668  0.1373  0.0392  0.0182

     1  877  588  0.1482  0.0433  0.0204
     2  876  588  0.1476  0.0432  0.0204
     3  875  588  0.1498  0.0438  0.0206
     4  874  588  0.1493  0.0436  0.0206
     5  873  588  0.1492  0.0436  0.0206
     6  872  588  0.1478  0.0432  0.0204
     7  871  588  0.1476  0.0431  0.0204
     8  870  588  0.1468  0.0429  0.0203
     9  869  588  0.1483  0.0433  0.0205
    10  868  588  0.1480  0.0432  0.0204
    11  867  588  0.1485  0.0433  0.0205
    12  865  589  0.1480  0.0431  0.0204
    13  864  589  0.1480  0.0431  0.0204
    14  863  589  0.1483  0.0432  0.0205
    15  862  589  0.1476  0.0430  0.0204
    16  866  589  0.1478  0.0431  0.0204
    17  860  590  0.1480  0.0431  0.0204
    18  859  590  0.1483  0.0431  0.0204
    19  858  590  0.1486  0.0432  0.0205
    20  857  590  0.1484  0.0432  0.0205
    21  855  590  0.1484  0.0431  0.0205
    22  854  591  0.1484  0.0431  0.0204
    23  853  591  0.1483  0.0431  0.0204
    24  852  591  0.1483  0.0431  0.0204
    25  855  591  0.1482  0.0431  0.0204
    26  850  592  0.1485  0.0431  0.0204
    27  849  592  0.1487  0.0431  0.0205
    28  848  592  0.1489  0.0432  0.0205
    29  847  592  0.1486  0.0431  0.0205
    30  846  592  0.1482  0.0430  0.0204
    31  845  592  0.1482  0.0430  0.0204
    32  843  593  0.1476  0.0428  0.0203
    33  842  593  0.1476  0.0428  0.0203
    34  841  593  0.1479  0.0428  0.0204
    35  840  593  0.1480  0.0428  0.0204
    36  839  593  0.1480  0.0428  0.0204
    37  838  593  0.1480  0.0428  0.0204
    38  837  593  0.1479  0.0428  0.0204
    39  844  593  0.1482  0.0429  0.0204
    40  837  594  0.1478  0.0427  0.0203
    41  836  594  0.1475  0.0427  0.0203
    42  835  594  0.1474  0.0426  0.0203
    43  834  594  0.1470  0.0425  0.0202
    44  833  594  0.1470  0.0425  0.0202
    45  832  594  0.1474  0.0426  0.0203
    46  831  594  0.1480  0.0427  0.0204
    47  830  594  0.1481  0.0427  0.0204
    48  829  594  0.1483  0.0428  0.0204
    49  828  594  0.1477  0.0426  0.0203
    50  827  594  0.1476  0.0426  0.0203
    51  826  594  0.1471  0.0424  0.0203
    52  825  594  0.1472  0.0424  0.0203
    53  824  594  0.1470  0.0424  0.0202
    54  822  595  0.1477  0.0425  0.0203
    55  821  595  0.1474  0.0424  0.0203
    56  820  595  0.1472  0.0424  0.0203
    57  819  595  0.1469  0.0423  0.0202
    58  818  595  0.1471  0.0423  0.0202
    59  817  595  0.1464  0.0421  0.0202
    60  816  595  0.1479  0.0425  0.0204
    61  815  595  0.1461  0.0420  0.0201
    62  814  595  0.1463  0.0420  0.0202
    63  813  595  0.1465  0.0421  0.0202
    64  812  595  0.1469  0.0422  0.0202
    65  811  595  0.1468  0.0421  0.0202
    66  810  595  0.1468  0.0421  0.0202
    67  809  595  0.1466  0.0421  0.0202
    68  808  595  0.1461  0.0419  0.0201
    69  807  595  0.1455  0.0417  0.0200
    70  806  595  0.1456  0.0417  0.0201
    71  805  595  0.1458  0.0418  0.0201
    72  804  595  0.1456  0.0417  0.0201
    73  803  595  0.1458  0.0418  0.0201
    74  802  595  0.1462  0.0419  0.0201
    75  801  595  0.1467  0.0420  0.0202
    76  800  595  0.1462  0.0418  0.0201
    77  799  595  0.1468  0.0420  0.0202
    78  799  596  0.1467  0.0420  0.0202
    79  798  596  0.1468  0.0420  0.0202
    80  793  597  0.1456  0.0416  0.0200
    81  794  597  0.1459  0.0417  0.0201
    82  791  597  0.1456  0.0416  0.0201
    83  796  597  0.1468  0.0420  0.0202
    84  797  597  0.1467  0.0420  0.0202
    85  798  597  0.1470  0.0420  0.0202
    86  795  597  0.1459  0.0417  0.0201
    87  792  597  0.1459  0.0417  0.0201
    88  790  598  0.1458  0.0416  0.0201
    89  789  598  0.1455  0.0415  0.0200
    90  788  598  0.1455  0.0415  0.0200
    91  787  598  0.1457  0.0415  0.0201
    92  786  598  0.1454  0.0415  0.0200
    93  785  598  0.1456  0.0415  0.0200
    94  784  598  0.1456  0.0415  0.0200
    95  783  598  0.1458  0.0415  0.0201
    96  782  598  0.1457  0.0415  0.0201
    97  781  598  0.1452  0.0413  0.0200
    98  780  598  0.1456  0.0414  0.0200
    99  779  598  0.1460  0.0415  0.0201
   100  778  598  0.1467  0.0417  0.0202
   101  777  598  0.1465  0.0417  0.0202
   102  715  598  0.1447  0.0404  0.0200
   103  716  598  0.1447  0.0404  0.0200
   104  717  598  0.1447  0.0404  0.0200
   105  714  598  0.1447  0.0404  0.0200
   106  773  599  0.1459  0.0414  0.0201
   107  772  599  0.1463  0.0415  0.0201
   108  771  599  0.1461  0.0415  0.0201
   109  770  599  0.1466  0.0416  0.0202
   110  769  599  0.1471  0.0417  0.0202
   111  768  599  0.1471  0.0417  0.0202
   112  767  599  0.1470  0.0417  0.0202
   113  766  599  0.1469  0.0416  0.0202
   114  765  599  0.1470  0.0417  0.0202
   115  764  599  0.1467  0.0416  0.0202
   116  763  599  0.1470  0.0416  0.0202
   117  762  599  0.1467  0.0415  0.0202
   118  761  599  0.1468  0.0415  0.0202
   119  760  599  0.1458  0.0412  0.0201
   120  759  599  0.1471  0.0416  0.0203
   121  758  599  0.1453  0.0411  0.0200
   122  757  599  0.1453  0.0411  0.0200
   123  756  599  0.1469  0.0415  0.0202
   124  755  599  0.1488  0.0420  0.0205
   125  754  599  0.1450  0.0410  0.0200
   126  753  599  0.1448  0.0409  0.0199
   127  774  599  0.1460  0.0415  0.0201
   128  751  599  0.1452  0.0410  0.0200
   129  750  599  0.1451  0.0409  0.0200
   130  749  599  0.1453  0.0410  0.0200
   131  748  599  0.1453  0.0410  0.0200
   132  747  599  0.1453  0.0410  0.0200
   133  746  599  0.1460  0.0411  0.0201
   134  745  599  0.1456  0.0410  0.0201
   135  744  599  0.1459  0.0411  0.0201
   136  743  599  0.1465  0.0412  0.0202
   137  742  599  0.1466  0.0413  0.0202
   138  741  599  0.1464  0.0412  0.0202
   139  740  599  0.1462  0.0411  0.0201
   140  739  599  0.1465  0.0412  0.0202
   141  738  599  0.1464  0.0412  0.0202
   142  737  599  0.1464  0.0411  0.0202
   143  736  599  0.1464  0.0411  0.0202
   144  735  599  0.1458  0.0410  0.0201
   145  734  599  0.1467  0.0412  0.0202
   146  733  599  0.1457  0.0409  0.0201
   147  732  599  0.1466  0.0411  0.0202
   148  731  599  0.1465  0.0411  0.0202
   149  730  599  0.1462  0.0410  0.0202
   150  729  599  0.1462  0.0410  0.0202
   151  728  599  0.1462  0.0410  0.0202
   152  727  599  0.1461  0.0409  0.0201
   153  726  599  0.1458  0.0408  0.0201
   154  725  599  0.1460  0.0409  0.0201
   155  724  599  0.1457  0.0408  0.0201
   156  723  599  0.1457  0.0408  0.0201
   157  722  599  0.1454  0.0407  0.0201
   158  721  599  0.1449  0.0405  0.0200
   159  720  599  0.1447  0.0405  0.0200
   160  719  599  0.1452  0.0406  0.0200
   161  718  599  0.1449  0.0405  0.0200
   162  775  599  0.1464  0.0416  0.0201
   163  776  599  0.1463  0.0416  0.0201
   164  777  599  0.1466  0.0417  0.0202
   165  752  599  0.1451  0.0410  0.0200

     1  876  548  0.1495  0.0438  0.0211
     2  869  548  0.1501  0.0439  0.0212
     3  870  548  0.1500  0.0438  0.0211
     4  871  548  0.1504  0.0440  0.0212
     5  872  548  0.1498  0.0438  0.0211
     6  873  548  0.1498  0.0438  0.0211
     7  874  548  0.1496  0.0438  0.0211
     8  875  548  0.1495  0.0438  0.0211
     9  867  548  0.1506  0.0440  0.0212
    10  866  548  0.1506  0.0440  0.0212
    11  865  548  0.1503  0.0439  0.0212
    12  864  548  0.1502  0.0438  0.0212
    13  863  548  0.1505  0.0439  0.0212
    14  862  548  0.1506  0.0439  0.0212
    15  861  548  0.1501  0.0438  0.0212
    16  868  548  0.1504  0.0439  0.0212
    17  860  549  0.1499  0.0437  0.0211
    18  855  550  0.1510  0.0439  0.0213
    19  859  550  0.1495  0.0436  0.0211
    20  857  550  0.1506  0.0439  0.0212
    21  856  550  0.1509  0.0439  0.0213
    22  840  550  0.1503  0.0436  0.0212
    23  841  550  0.1501  0.0435  0.0212
    24  842  550  0.1492  0.0433  0.0210
    25  843  550  0.1498  0.0435  0.0211
    26  844  550  0.1504  0.0436  0.0212
    27  845  550  0.1496  0.0434  0.0211
    28  846  550  0.1497  0.0435  0.0211
    29  847  550  0.1480  0.0430  0.0209
    30  848  550  0.1484  0.0431  0.0209
    31  849  550  0.1494  0.0434  0.0211
    32  850  550  0.1490  0.0433  0.0210
    33  851  550  0.1500  0.0436  0.0211
    34  852  550  0.1505  0.0438  0.0212
    35  853  550  0.1508  0.0439  0.0212
    36  858  550  0.1502  0.0437  0.0212
    37  854  550  0.1509  0.0439  0.0213
    38  830  551  0.1497  0.0433  0.0211
    39  829  551  0.1496  0.0432  0.0211
    40  828  551  0.1495  0.0432  0.0211
    41  831  551  0.1497  0.0433  0.0211
    42  826  552  0.1497  0.0432  0.0211
    43  825  552  0.1495  0.0431  0.0211
    44  824  552  0.1495  0.0431  0.0211
    45  823  552  0.1493  0.0431  0.0210
    46  822  552  0.1492  0.0430  0.0210
    47  821  552  0.1494  0.0431  0.0211
    48  820  552  0.1490  0.0429  0.0210
    49  819  552  0.1491  0.0430  0.0210
    50  818  552  0.1497  0.0431  0.0211
    51  817  552  0.1497  0.0431  0.0211
    52  816  552  0.1496  0.0431  0.0211
    53  815  552  0.1494  0.0430  0.0211
    54  809  553  0.1488  0.0427  0.0210
    55  810  553  0.1487  0.0427  0.0210
    56  811  553  0.1488  0.0428  0.0210
    57  812  553  0.1489  0.0428  0.0210
    58  814  553  0.1492  0.0429  0.0210
    59  815  553  0.1494  0.0430  0.0210
    60  808  553  0.1486  0.0427  0.0210
    61  807  553  0.1488  0.0427  0.0210
    62  806  553  0.1489  0.0427  0.0210
    63  805  553  0.1494  0.0429  0.0211
    64  765  553  0.1497  0.0425  0.0211
    65  766  553  0.1498  0.0425  0.0211
    66  767  553  0.1492  0.0424  0.0211
    67  768  553  0.1495  0.0425  0.0211
    68  769  553  0.1496  0.0425  0.0211
    69  770  553  0.1496  0.0425  0.0211
    70  771  553  0.1499  0.0426  0.0212
    71  772  553  0.1499  0.0426  0.0212
    72  773  553  0.1501  0.0427  0.0212
    73  774  553  0.1499  0.0426  0.0212
    74  775  553  0.1495  0.0425  0.0211
    75  778  553  0.1497  0.0426  0.0211
    76  764  553  0.1498  0.0425  0.0211
    77  763  553  0.1498  0.0425  0.0211
    78  762  553  0.1489  0.0422  0.0210
    79  760  553  0.1486  0.0421  0.0210
    80  759  553  0.1492  0.0423  0.0211
    81  758  553  0.1490  0.0422  0.0210
    82  757  553  0.1487  0.0421  0.0210
    83  756  553  0.1485  0.0420  0.0210
    84  755  553  0.1484  0.0420  0.0210
    85  754  553  0.1481  0.0419  0.0209
    86  753  553  0.1480  0.0419  0.0209
    87  752  553  0.1478  0.0418  0.0209
    88  751  553  0.1477  0.0417  0.0209
    89  750  553  0.1474  0.0416  0.0208
    90  779  553  0.1491  0.0425  0.0210
    91  749  553  0.1473  0.0416  0.0208
    92  802  554  0.1497  0.0429  0.0211
    93  801  554  0.1496  0.0429  0.0211
    94  800  554  0.1498  0.0429  0.0211
    95  797  554  0.1496  0.0428  0.0211
    96  796  554  0.1500  0.0429  0.0211
    97  795  554  0.1500  0.0429  0.0211
    98  794  554  0.1505  0.0430  0.0212
    99  793  554  0.1498  0.0429  0.0211
   100  792  554  0.1494  0.0427  0.0211
   101  791  554  0.1489  0.0426  0.0210
   102  790  554  0.1491  0.0426  0.0210
   103  789  554  0.1498  0.0428  0.0211
   104  788  554  0.1499  0.0428  0.0211
   105  787  554  0.1503  0.0429  0.0212
   106  786  554  0.1495  0.0427  0.0211
   107  785  554  0.1497  0.0427  0.0211
   108  783  554  0.1500  0.0428  0.0211
   109  782  554  0.1496  0.0427  0.0211
   110  781  554  0.1496  0.0426  0.0211
   111  780  554  0.1497  0.0426  0.0211
   112  803  554  0.1492  0.0428  0.0210

    1  381  628  0.1344  0.0339  0.0185
    2  382  628  0.1344  0.0339  0.0185
    3  383  628  0.1345  0.0340  0.0185
    4  384  628  0.1345  0.0340  0.0185
    5  385  628  0.1345  0.0340  0.0185
    6  387  628  0.1345  0.0340  0.0185
    7  388  628  0.1346  0.0340  0.0185
    8  380  628  0.1344  0.0339  0.0185
    9  389  629  0.1344  0.0340  0.0185
   10  390  629  0.1347  0.0341  0.0185
   11  391  629  0.1346  0.0341  0.0185
   12  392  629  0.1342  0.0340  0.0185
   13  393  629  0.1344  0.0340  0.0185
   14  394  629  0.1349  0.0342  0.0186
   15  395  629  0.1344  0.0341  0.0185
   16  396  629  0.1344  0.0341  0.0185
   17  397  629  0.1344  0.0341  0.0185
   18  398  629  0.1346  0.0342  0.0185
   19  399  629  0.1348  0.0342  0.0186
   20  399  630  0.1343  0.0341  0.0185
   21  400  630  0.1345  0.0341  0.0185
   22  401  630  0.1345  0.0341  0.0185
   23  402  630  0.1344  0.0341  0.0185
   24  403  630  0.1344  0.0342  0.0185
   25  404  630  0.1344  0.0342  0.0185
   26  405  630  0.1344  0.0342  0.0185
   27  406  630  0.1341  0.0341  0.0184
   28  407  630  0.1341  0.0341  0.0184
   29  408  630  0.1340  0.0341  0.0184
   30  409  630  0.1340  0.0341  0.0184
   31  411  631  0.1343  0.0342  0.0185
   32  410  631  0.1342  0.0342  0.0184
   33  413  632  0.1344  0.0343  0.0185
   34  412  632  0.1343  0.0342  0.0184
   35  414  633  0.1344  0.0343  0.0184
   36  413  633  0.1342  0.0342  0.0184
   37  416  634  0.1346  0.0343  0.0185
   38  415  634  0.1342  0.0342  0.0184
   39  417  635  0.1345  0.0343  0.0184
   40  419  636  0.1343  0.0343  0.0184
   41  420  636  0.1343  0.0343  0.0184
   42  421  636  0.1344  0.0343  0.0184
   43  418  636  0.1343  0.0343  0.0184
   44  421  637  0.1339  0.0342  0.0183
   45  422  637  0.1341  0.0343  0.0183
   46  423  637  0.1339  0.0342  0.0183
   47  424  637  0.1341  0.0343  0.0184
   48  425  637  0.1341  0.0343  0.0183
   49  426  637  0.1350  0.0345  0.0185
   50  427  637  0.1347  0.0345  0.0184
   51  428  637  0.1346  0.0345  0.0184
   52  429  637  0.1345  0.0344  0.0184
   53  430  637  0.1345  0.0345  0.0184
   54  431  637  0.1345  0.0345  0.0184
   55  432  637  0.1345  0.0345  0.0184
   56  433  637  0.1346  0.0345  0.0184
   57  434  637  0.1346  0.0345  0.0184
   58  435  637  0.1346  0.0345  0.0184
   59  437  637  0.1346  0.0346  0.0184
   60  438  637  0.1346  0.0346  0.0184
   61  439  637  0.1345  0.0346  0.0184
   62  440  637  0.1346  0.0346  0.0184
   63  441  637  0.1345  0.0346  0.0184
   64  442  637  0.1346  0.0346  0.0184
   65  443  637  0.1345  0.0346  0.0184
   66  444  637  0.1346  0.0346  0.0184
   67  444  638  0.1345  0.0346  0.0184
   68  445  638  0.1346  0.0346  0.0184
   69  446  638  0.1345  0.0346  0.0184
   70  447  638  0.1345  0.0346  0.0184
   71  448  638  0.1346  0.0347  0.0184
   72  449  638  0.1346  0.0347  0.0184
   73  450  638  0.1345  0.0347  0.0184
   74  452  639  0.1344  0.0347  0.0184
   75  453  639  0.1346  0.0347  0.0184
   76  454  639  0.1344  0.0347  0.0184
   77  455  639  0.1342  0.0347  0.0183
   78  451  639  0.1345  0.0347  0.0184

     1  530  682  0.1337  0.0353  0.0178
     2  531  682  0.1337  0.0353  0.0177
     3  534  682  0.1341  0.0354  0.0178
     4  535  682  0.1344  0.0355  0.0178
     5  536  682  0.1341  0.0355  0.0178
     6  538  682  0.1348  0.0356  0.0179
     7  539  682  0.1348  0.0357  0.0179
     8  540  682  0.1351  0.0357  0.0179
     9  541  682  0.1354  0.0358  0.0180
    10  542  682  0.1353  0.0358  0.0179
    11  543  682  0.1352  0.0358  0.0179
    12  544  682  0.1353  0.0359  0.0179
    13  545  682  0.1357  0.0359  0.0180
    14  546  682  0.1356  0.0359  0.0180
    15  547  682  0.1359  0.0360  0.0180
    16  548  682  0.1355  0.0359  0.0180
    17  549  682  0.1350  0.0358  0.0179
    18  552  682  0.1350  0.0358  0.0179
    19  553  682  0.1352  0.0359  0.0179
    20  554  682  0.1356  0.0360  0.0180
    21  555  682  0.1355  0.0360  0.0180
    22  556  682  0.1354  0.0360  0.0179
    23  557  682  0.1356  0.0361  0.0180
    24  558  682  0.1353  0.0360  0.0179
    25  559  682  0.1351  0.0360  0.0179
    26  560  682  0.1350  0.0360  0.0179
    27  561  682  0.1350  0.0359  0.0179
    28  562  682  0.1350  0.0360  0.0179
    29  563  682  0.1349  0.0360  0.0179
    30  565  682  0.1349  0.0360  0.0179
    31  566  682  0.1349  0.0360  0.0179
    32  567  682  0.1348  0.0360  0.0179
    33  568  682  0.1349  0.0360  0.0179
    34  569  682  0.1348  0.0360  0.0179
    35  570  682  0.1349  0.0360  0.0179
    36  571  682  0.1355  0.0362  0.0179
    37  572  682  0.1355  0.0362  0.0179
    38  573  682  0.1348  0.0360  0.0179
    39  574  682  0.1347  0.0360  0.0178
    40  575  682  0.1342  0.0359  0.0178
    41  576  682  0.1341  0.0359  0.0178
    42  577  682  0.1344  0.0359  0.0178
    43  578  683  0.1344  0.0360  0.0178
    44  579  683  0.1344  0.0360  0.0178
    45  580  683  0.1342  0.0359  0.0178
    46  581  683  0.1343  0.0360  0.0178
    47  582  683  0.1344  0.0360  0.0178
    48  584  683  0.1346  0.0361  0.0178
    49  585  683  0.1345  0.0361  0.0178
    50  577  683  0.1341  0.0359  0.0178
    51  585  684  0.1344  0.0361  0.0178
    52  586  684  0.1337  0.0359  0.0177
    53  587  684  0.1337  0.0359  0.0177
    54  588  684  0.1333  0.0358  0.0176
    55  589  684  0.1338  0.0359  0.0177
    56  590  684  0.1341  0.0360  0.0177
    57  591  684  0.1342  0.0361  0.0177
    58  592  684  0.1344  0.0361  0.0178
    59  593  684  0.1341  0.0360  0.0177
    60  594  684  0.1305  0.0351  0.0173
    61  595  684  0.1330  0.0358  0.0176
    62  596  684  0.1346  0.0362  0.0178
    63  597  684  0.1344  0.0362  0.0178
    64  598  684  0.1343  0.0361  0.0177
    65  678  684  0.1353  0.0373  0.0178
    66  677  684  0.1353  0.0373  0.0178
    67  676  684  0.1352  0.0372  0.0178
    68  675  684  0.1353  0.0373  0.0178
    69  674  684  0.1350  0.0372  0.0178
    70  673  684  0.1344  0.0370  0.0177
    71  672  684  0.1355  0.0373  0.0179
    72  671  684  0.1355  0.0373  0.0179
    73  679  684  0.1355  0.0373  0.0178
    74  670  684  0.1353  0.0372  0.0178
    75  669  684  0.1352  0.0372  0.0178
    76  668  684  0.1358  0.0373  0.0179
    77  667  684  0.1359  0.0373  0.0179
    78  666  684  0.1359  0.0373  0.0179
    79  665  684  0.1357  0.0373  0.0179
    80  664  684  0.1355  0.0372  0.0179
    81  663  684  0.1353  0.0371  0.0178
    82  662  684  0.1353  0.0371  0.0178
    83  661  684  0.1349  0.0370  0.0178
    84  660  684  0.1350  0.0370  0.0178
    85  659  684  0.1350  0.0370  0.0178
    86  658  684  0.1353  0.0371  0.0178
    87  657  684  0.1351  0.0370  0.0178
    88  656  684  0.1352  0.0370  0.0178
    89  655  684  0.1353  0.0371  0.0179
    90  654  684  0.1353  0.0370  0.0179
    91  653  684  0.1355  0.0371  0.0179
    92  652  684  0.1355  0.0371  0.0179
    93  651  684  0.1352  0.0370  0.0178
    94  650  684  0.1349  0.0369  0.0178
    95  649  684  0.1353  0.0370  0.0179
    96  648  684  0.1350  0.0369  0.0178
    97  647  684  0.1349  0.0369  0.0178
    98  632  684  0.1335  0.0363  0.0176
    99  634  684  0.1337  0.0364  0.0177
   100  635  684  0.1340  0.0365  0.0177
   101  636  684  0.1341  0.0365  0.0177
   102  637  684  0.1343  0.0366  0.0177
   103  638  684  0.1344  0.0366  0.0177
   104  639  684  0.1345  0.0367  0.0178
   105  640  684  0.1346  0.0367  0.0178
   106  641  684  0.1347  0.0367  0.0178
   107  642  684  0.1349  0.0368  0.0178
   108  643  684  0.1349  0.0368  0.0178
   109  644  684  0.1350  0.0368  0.0178
   110  645  684  0.1350  0.0368  0.0178
   111  646  684  0.1350  0.0369  0.0178
   112  631  685  0.1334  0.0363  0.0176
   113  630  685  0.1337  0.0363  0.0177
   114  629  685  0.1333  0.0362  0.0176
   115  628  685  0.1334  0.0362  0.0176
   116  627  685  0.1332  0.0362  0.0176
   117  626  685  0.1330  0.0361  0.0176
   118  625  685  0.1336  0.0363  0.0176
   119  624  685  0.1336  0.0362  0.0176
   120  623  685  0.1339  0.0363  0.0177
   121  622  685  0.1336  0.0362  0.0177
   122  621  685  0.1342  0.0364  0.0177
   123  620  685  0.1327  0.0360  0.0175
   124  619  685  0.1331  0.0360  0.0176
   125  618  685  0.1337  0.0362  0.0177
   126  617  685  0.1337  0.0362  0.0177
   127  616  685  0.1350  0.0365  0.0178
   128  615  685  0.1349  0.0365  0.0178
   129  613  685  0.1351  0.0365  0.0178
   130  612  685  0.1353  0.0366  0.0179
   131  611  685  0.1355  0.0366  0.0179
   132  610  685  0.1352  0.0365  0.0179
   133  609  685  0.1349  0.0364  0.0178
   134  608  685  0.1350  0.0365  0.0178
   135  607  685  0.1350  0.0364  0.0178
   136  605  685  0.1348  0.0364  0.0178
   137  604  685  0.1349  0.0364  0.0178
   138  603  685  0.1348  0.0364  0.0178
   139  602  685  0.1344  0.0362  0.0178
   140  601  685  0.1342  0.0361  0.0177
   141  600  685  0.1342  0.0362  0.0177
   142  599  685  0.1341  0.0361  0.0177
   143  598  685  0.1343  0.0362  0.0177
   144  606  685  0.1349  0.0364  0.0178

     1  1135  567  0.1495  0.0469  0.0206
     2  1136  567  0.1495  0.0469  0.0207
     3  1133  568  0.1494  0.0468  0.0206
     4  1133  569  0.1494  0.0468  0.0206
     5  1133  570  0.1495  0.0469  0.0206
     6  1132  570  0.1495  0.0468  0.0206
     7  1131  570  0.1495  0.0468  0.0206
     8  1130  570  0.1493  0.0468  0.0206
     9  1129  570  0.1497  0.0469  0.0206
    10  1128  570  0.1495  0.0468  0.0206
    11  1127  570  0.1494  0.0468  0.0206
    12  1126  570  0.1498  0.0469  0.0207
    13  1124  571  0.1498  0.0468  0.0207
    14  1123  571  0.1499  0.0469  0.0207
    15  1122  571  0.1497  0.0468  0.0206
    16  1121  571  0.1500  0.0469  0.0207
    17  1125  571  0.1498  0.0469  0.0207
    18  1119  572  0.1501  0.0469  0.0207
    19  1120  572  0.1500  0.0469  0.0207
    20  1118  573  0.1497  0.0467  0.0206
    21  1117  573  0.1498  0.0468  0.0206
    22  1116  573  0.1496  0.0467  0.0206
    23  1115  573  0.1495  0.0466  0.0206
    24  1115  574  0.1497  0.0467  0.0206
    25  1114  574  0.1499  0.0467  0.0206
    26  1113  574  0.1494  0.0466  0.0206
    27  1112  574  0.1497  0.0467  0.0206
    28  1111  574  0.1496  0.0466  0.0206
    29  1110  574  0.1498  0.0467  0.0206
    30  1109  574  0.1495  0.0466  0.0206
    31  1108  574  0.1497  0.0466  0.0206
    32  1107  574  0.1496  0.0466  0.0206
    33  1106  574  0.1495  0.0465  0.0206
    34  1105  574  0.1499  0.0466  0.0206
    35  1104  574  0.1502  0.0467  0.0207
    36  1103  574  0.1499  0.0466  0.0206
    37  1102  574  0.1501  0.0467  0.0207
    38  1101  574  0.1500  0.0466  0.0207
    39  1100  574  0.1501  0.0466  0.0207
    40  1099  574  0.1500  0.0466  0.0207
    41  1098  575  0.1502  0.0466  0.0207
    42  1097  575  0.1501  0.0466  0.0207
    43  1096  575  0.1502  0.0466  0.0207
    44  1093  576  0.1497  0.0464  0.0206
    45  1092  576  0.1495  0.0463  0.0206
    46  1091  576  0.1498  0.0464  0.0206
    47  1094  576  0.1500  0.0465  0.0206
    48  1090  577  0.1497  0.0464  0.0206
    49  1089  577  0.1497  0.0464  0.0206
    50  1088  577  0.1503  0.0466  0.0207
    51  1087  577  0.1505  0.0466  0.0207
    52  1086  577  0.1504  0.0466  0.0207
    53  1085  577  0.1503  0.0465  0.0207
    54  1084  577  0.1505  0.0466  0.0207
    55  1083  577  0.1506  0.0466  0.0207
    56  1081  578  0.1503  0.0464  0.0207
    57  1080  578  0.1504  0.0465  0.0207
    58  1079  578  0.1506  0.0465  0.0207
    59  1078  578  0.1507  0.0465  0.0207
    60  1077  578  0.1506  0.0465  0.0207
    61  1082  578  0.1502  0.0465  0.0207
    62  1077  579  0.1505  0.0465  0.0207
    63  1076  579  0.1502  0.0464  0.0207
    64  1075  579  0.1500  0.0463  0.0206
    65  1074  579  0.1498  0.0462  0.0206
    66  1073  580  0.1495  0.0461  0.0205
    67  1072  580  0.1492  0.0460  0.0205
    68  1074  580  0.1500  0.0463  0.0206
    69  1070  581  0.1492  0.0460  0.0205
    70  1069  581  0.1494  0.0460  0.0205
    71  1068  581  0.1494  0.0460  0.0205
    72  1071  581  0.1494  0.0461  0.0205
    73  1066  582  0.1494  0.0460  0.0205
    74  1065  582  0.1491  0.0459  0.0205
    75  1064  582  0.1487  0.0457  0.0204
    76  1062  582  0.1492  0.0459  0.0205
    77  1061  582  0.1486  0.0457  0.0204
    78  1060  582  0.1487  0.0457  0.0204
    79  1059  582  0.1484  0.0456  0.0204
    80  1058  582  0.1486  0.0457  0.0204
    81  1058  583  0.1483  0.0456  0.0204
    82  1057  583  0.1484  0.0456  0.0204
    83  1056  584  0.1484  0.0456  0.0204
    84  1055  585  0.1480  0.0454  0.0203
    85  1054  585  0.1483  0.0455  0.0203
    86  1053  585  0.1486  0.0456  0.0204
    87  1052  585  0.1483  0.0455  0.0203
    88  1051  585  0.1487  0.0456  0.0204
    89  1050  585  0.1484  0.0455  0.0204
    90  1049  585  0.1483  0.0455  0.0204
    91  1048  585  0.1484  0.0455  0.0204
    92  1047  585  0.1491  0.0457  0.0205
    93  1046  585  0.1492  0.0457  0.0205
    94  1045  585  0.1487  0.0455  0.0204
    95  1043  585  0.1486  0.0455  0.0204
    96  1042  585  0.1488  0.0455  0.0204
    97  1040  585  0.1493  0.0456  0.0205
    98  1040  586  0.1497  0.0458  0.0205
    99  1039  586  0.1494  0.0457  0.0205
   100  1038  586  0.1492  0.0456  0.0205
   101  1036  587  0.1485  0.0454  0.0204
   102  1035  587  0.1487  0.0454  0.0204
   103  1034  587  0.1485  0.0453  0.0204
   104  1037  587  0.1490  0.0455  0.0204
   105  1034  588  0.1482  0.0452  0.0203
   106  1033  588  0.1473  0.0450  0.0202
   107  1032  588  0.1477  0.0451  0.0202
   108  1031  588  0.1480  0.0452  0.0203
   109  1030  588  0.1480  0.0451  0.0203
   110  1029  588  0.1484  0.0452  0.0203
   111  1028  588  0.1481  0.0451  0.0203
   112  1027  588  0.1484  0.0452  0.0203
   113  1026  588  0.1484  0.0452  0.0203
   114  1025  588  0.1488  0.0453  0.0204
   115  1024  588  0.1476  0.0449  0.0202
   116  1023  588  0.1478  0.0450  0.0203
   117  1023  589  0.1475  0.0449  0.0202
   118  1022  589  0.1478  0.0450  0.0202
   119  1021  589  0.1486  0.0452  0.0204
   120  1020  589  0.1478  0.0449  0.0203
   121  1019  589  0.1476  0.0449  0.0202
   122  1018  589  0.1480  0.0450  0.0203
   123  1017  589  0.1479  0.0450  0.0203
   124  1015  590  0.1481  0.0449  0.0203
   125  1014  590  0.1475  0.0448  0.0202
   126  1013  590  0.1474  0.0447  0.0202
   127  1016  590  0.1478  0.0449  0.0202
   128  1013  591  0.1478  0.0449  0.0202
   129  1012  591  0.1477  0.0448  0.0202
   130  1011  591  0.1481  0.0449  0.0203
   131  1009  592  0.1484  0.0450  0.0203
   132  1007  592  0.1483  0.0449  0.0203
   133  1010  592  0.1485  0.0450  0.0203
   134  1002  593  0.1484  0.0449  0.0203
   135  1001  593  0.1484  0.0449  0.0203
   136  1007  593  0.1485  0.0450  0.0203
   137  1000  594  0.1485  0.0449  0.0203
   138   999  594  0.1485  0.0449  0.0203
   139   998  594  0.1485  0.0449  0.0203
   140   997  594  0.1481  0.0448  0.0203
   141   996  594  0.1480  0.0447  0.0202
   142   995  594  0.1480  0.0447  0.0202
   143   994  594  0.1475  0.0446  0.0202
   144   993  595  0.1473  0.0445  0.0201
   145   992  595  0.1474  0.0445  0.0202
   146   991  595  0.1473  0.0444  0.0201
   147   990  595  0.1474  0.0444  0.0202
   148   994  595  0.1475  0.0445  0.0202
   149   989  596  0.1476  0.0445  0.0202
   150   988  596  0.1470  0.0443  0.0201
   151   987  596  0.1471  0.0443  0.0201
   152   986  596  0.1470  0.0443  0.0201
   153   985  596  0.1470  0.0443  0.0201
   154   983  597  0.1466  0.0441  0.0200
   155   982  597  0.1467  0.0441  0.0201
   156   981  597  0.1464  0.0440  0.0200
   157   980  597  0.1465  0.0441  0.0200
   158   979  597  0.1465  0.0440  0.0200
   159   978  597  0.1464  0.0440  0.0200
   160   984  597  0.1469  0.0442  0.0201
   161   978  598  0.1464  0.0440  0.0200
   162   977  599  0.1465  0.0440  0.0200
   163   976  599  0.1464  0.0440  0.0200
   164   975  599  0.1463  0.0439  0.0200
   165   973  599  0.1458  0.0438  0.0199
   166   972  599  0.1460  0.0438  0.0199
   167   971  599  0.1452  0.0436  0.0198
   168   970  599  0.1453  0.0436  0.0199
   169   969  599  0.1461  0.0438  0.0200
   170   968  599  0.1462  0.0438  0.0200
   171   967  599  0.1467  0.0440  0.0201
   172   966  599  0.1471  0.0441  0.0201
   173   965  599  0.1472  0.0441  0.0201
   174   964  599  0.1472  0.0441  0.0201
   175   963  599  0.1476  0.0442  0.0202
   176   962  599  0.1476  0.0442  0.0202
   177   961  599  0.1470  0.0440  0.0201
   178   960  599  0.1472  0.0440  0.0201
   179   959  599  0.1473  0.0440  0.0201
   180   957  600  0.1475  0.0441  0.0201
   181   956  600  0.1478  0.0442  0.0202
   182   958  600  0.1479  0.0442  0.0202
   183   956  601  0.1485  0.0444  0.0203
   184   954  601  0.1481  0.0442  0.0202
   185   952  601  0.1473  0.0440  0.0201
   186   951  601  0.1471  0.0439  0.0201
   187   950  601  0.1475  0.0440  0.0201
   188   949  601  0.1479  0.0441  0.0202
   189   948  601  0.1472  0.0439  0.0201
   190   947  601  0.1475  0.0439  0.0201
   191   946  601  0.1473  0.0439  0.0201
   192   945  601  0.1472  0.0438  0.0201
   193   940  601  0.1469  0.0437  0.0201
   194   941  601  0.1472  0.0438  0.0201
   195   943  602  0.1466  0.0436  0.0200
   196   944  602  0.1467  0.0437  0.0200
   197   942  602  0.1468  0.0437  0.0200
   198   915  604  0.1483  0.0438  0.0202
   199   914  604  0.1473  0.0435  0.0201
   200   913  604  0.1477  0.0436  0.0202
   201   912  604  0.1472  0.0434  0.0201
   202   916  604  0.1480  0.0437  0.0202
   203   912  605  0.1470  0.0434  0.0200
   204   911  605  0.1469  0.0433  0.0200
   205   910  605  0.1471  0.0434  0.0201
   206   908  606  0.1466  0.0432  0.0200
   207   907  606  0.1467  0.0433  0.0200
   208   909  606  0.1467  0.0433  0.0200
   209   905  607  0.1465  0.0432  0.0200
   210   904  607  0.1465  0.0431  0.0200
   211   906  607  0.1466  0.0432  0.0200
   212   903  608  0.1465  0.0431  0.0199
   213   902  608  0.1462  0.0430  0.0199
   214   901  608  0.1462  0.0430  0.0199
   215   900  608  0.1462  0.0430  0.0199
   216   899  608  0.1460  0.0429  0.0199
   217   898  608  0.1461  0.0430  0.0199
   218   897  608  0.1461  0.0430  0.0199
   219   896  608  0.1463  0.0430  0.0199
   220   895  608  0.1461  0.0429  0.0199
   221   894  608  0.1459  0.0428  0.0199
   222   893  608  0.1460  0.0428  0.0199
   223   892  608  0.1460  0.0428  0.0199
   224   891  608  0.1460  0.0428  0.0199
   225   889  608  0.1461  0.0428  0.0199
   226   889  609  0.1463  0.0429  0.0199
   227   888  609  0.1462  0.0428  0.0199
   228   887  609  0.1463  0.0429  0.0199
   229   886  609  0.1466  0.0429  0.0200
   230   885  609  0.1460  0.0428  0.0199
   231   884  609  0.1458  0.0427  0.0199
   232   883  609  0.1457  0.0427  0.0199
   233   882  609  0.1458  0.0427  0.0199
   234   881  609  0.1458  0.0427  0.0199
   235   881  610  0.1458  0.0427  0.0199
   236   880  610  0.1462  0.0428  0.0199
   237   879  610  0.1463  0.0428  0.0199
   238   878  610  0.1462  0.0428  0.0199
   239   877  610  0.1461  0.0427  0.0199
   240   876  610  0.1462  0.0427  0.0199
   241   875  610  0.1461  0.0427  0.0199
   242   874  610  0.1460  0.0426  0.0199
   243   873  610  0.1462  0.0427  0.0199
   244   872  610  0.1462  0.0427  0.0199
   245   871  610  0.1461  0.0426  0.0199
   246   870  610  0.1461  0.0426  0.0199
   247   869  610  0.1460  0.0426  0.0199
   248   868  610  0.1459  0.0425  0.0199
   249   867  610  0.1460  0.0426  0.0199
   250   866  610  0.1459  0.0425  0.0199
   251   865  610  0.1458  0.0425  0.0199
   252   864  610  0.1461  0.0426  0.0199
   253   862  611  0.1462  0.0425  0.0199
   254   861  611  0.1462  0.0426  0.0199
   255   860  611  0.1462  0.0425  0.0199
   256   863  611  0.1459  0.0425  0.0199
   257   859  612  0.1461  0.0425  0.0199
   258   858  612  0.1462  0.0425  0.0199
   259   857  612  0.1462  0.0425  0.0199
   260   856  612  0.1461  0.0425  0.0199
   261   855  612  0.1465  0.0425  0.0199
   262   854  612  0.1466  0.0426  0.0200
   263   853  612  0.1465  0.0425  0.0199
   264   852  612  0.1464  0.0425  0.0199
   265   852  613  0.1464  0.0425  0.0199
   266   851  613  0.1464  0.0425  0.0199
   267   850  613  0.1461  0.0424  0.0199
   268   849  613  0.1462  0.0424  0.0199
   269   848  613  0.1462  0.0424  0.0199
   270   847  613  0.1458  0.0423  0.0199
   271   846  614  0.1466  0.0425  0.0199
   272   845  614  0.1460  0.0423  0.0199
   273   844  614  0.1458  0.0422  0.0198
   274   843  614  0.1461  0.0423  0.0199
   275   842  614  0.1456  0.0421  0.0198
   276   847  614  0.1466  0.0425  0.0199
   277   841  615  0.1457  0.0422  0.0198
   278   840  615  0.1456  0.0421  0.0198
   279   839  615  0.1457  0.0421  0.0198
   280   838  615  0.1455  0.0421  0.0198
   281   837  615  0.1450  0.0419  0.0197
   282   836  615  0.1448  0.0418  0.0197
   283   835  615  0.1446  0.0418  0.0197
   284   834  615  0.1448  0.0418  0.0197
   285   833  615  0.1446  0.0417  0.0197
   286   832  615  0.1443  0.0417  0.0196
   287   831  615  0.1443  0.0416  0.0196
   288   830  615  0.1440  0.0415  0.0196
   289   829  615  0.1444  0.0416  0.0197
   290   828  615  0.1446  0.0417  0.0197
   291   827  615  0.1448  0.0417  0.0197
   292   826  615  0.1450  0.0418  0.0197
   293   825  615  0.1451  0.0418  0.0198
   294   825  616  0.1450  0.0418  0.0197
   295   824  616  0.1447  0.0417  0.0197
   296   823  616  0.1442  0.0415  0.0196
   297   822  616  0.1445  0.0416  0.0197
   298   821  616  0.1443  0.0415  0.0196
   299   820  616  0.1441  0.0415  0.0196
   300   819  616  0.1440  0.0414  0.0196
   301   818  616  0.1443  0.0415  0.0196
   302   817  616  0.1437  0.0413  0.0196
   303   816  616  0.1443  0.0415  0.0196
   304   813  617  0.1458  0.0418  0.0198
   305   814  617  0.1447  0.0416  0.0197
   306   803  618  0.1446  0.0414  0.0197
   307   801  618  0.1447  0.0414  0.0197
   308   800  618  0.1445  0.0413  0.0197
   309   799  618  0.1445  0.0413  0.0197
   310   798  618  0.1445  0.0413  0.0197
   311   797  618  0.1443  0.0412  0.0196
   312   796  618  0.1441  0.0412  0.0196
   313   795  618  0.1440  0.0411  0.0196
   314   794  618  0.1438  0.0411  0.0196
   315   793  618  0.1439  0.0411  0.0196
   316   792  618  0.1439  0.0411  0.0196
   317   791  618  0.1441  0.0411  0.0196
   318   790  618  0.1441  0.0411  0.0196
   319   789  618  0.1442  0.0411  0.0196
   320   788  618  0.1440  0.0410  0.0196
   321   786  618  0.1440  0.0410  0.0196
   322   785  618  0.1444  0.0411  0.0197
   323   784  618  0.1438  0.0409  0.0196
   324   783  618  0.1439  0.0409  0.0196
   325   782  618  0.1437  0.0409  0.0196
   326   781  618  0.1436  0.0409  0.0196
   327   780  618  0.1433  0.0408  0.0195
   328   779  619  0.1438  0.0409  0.0196
   329   778  619  0.1445  0.0411  0.0197
   330   777  619  0.1441  0.0410  0.0196
   331   776  619  0.1440  0.0409  0.0196
   332   774  619  0.1441  0.0409  0.0196
   333   773  619  0.1440  0.0409  0.0196
   334   772  619  0.1446  0.0410  0.0197
   335   771  619  0.1439  0.0408  0.0196
   336   770  619  0.1438  0.0408  0.0196
   337   769  619  0.1446  0.0410  0.0197
   338   768  619  0.1446  0.0410  0.0197
   339   767  619  0.1443  0.0409  0.0196
   340   765  620  0.1444  0.0409  0.0197
   341   764  620  0.1445  0.0409  0.0197
   342   763  620  0.1447  0.0410  0.0197
   343   761  620  0.1447  0.0409  0.0197
   344   760  620  0.1446  0.0409  0.0197
   345   759  620  0.1447  0.0409  0.0197
   346   758  620  0.1451  0.0410  0.0197
   347   757  620  0.1444  0.0408  0.0197
   348   756  620  0.1446  0.0408  0.0197
   349   755  620  0.1448  0.0409  0.0197
   350   754  620  0.1449  0.0409  0.0197
   351   753  620  0.1454  0.0410  0.0198
   352   752  620  0.1455  0.0410  0.0198
   353   751  620  0.1450  0.0409  0.0197
   354   750  620  0.1446  0.0408  0.0197
   355   749  620  0.1448  0.0408  0.0197
   356   748  620  0.1442  0.0406  0.0196
   357   747  620  0.1441  0.0406  0.0196
   358   746  620  0.1440  0.0405  0.0196

     1  1259  559  0.1525  0.0494  0.0210
     2  1259  560  0.1526  0.0494  0.0210
     3  1258  561  0.1526  0.0494  0.0210
     4  1259  561  0.1529  0.0495  0.0211
     5  1258  562  0.1527  0.0494  0.0210
     6  1258  563  0.1530  0.0495  0.0211
     7  1258  564  0.1528  0.0495  0.0210
     8  1252  567  0.1523  0.0492  0.0209
     9  1251  567  0.1522  0.0492  0.0209
    10  1249  568  0.1524  0.0492  0.0209
    11  1250  568  0.1524  0.0492  0.0209
    12  1249  569  0.1518  0.0490  0.0208
    13  1247  570  0.1529  0.0493  0.0210
    14  1248  570  0.1520  0.0491  0.0209
    15  1246  571  0.1555  0.0502  0.0213
    16  1247  571  0.1514  0.0489  0.0208
    17  1246  572  0.1548  0.0499  0.0212
    18  1245  572  0.1534  0.0495  0.0210
    19  1244  572  0.1531  0.0494  0.0210
    20  1243  572  0.1521  0.0490  0.0208
    21  1242  573  0.1518  0.0489  0.0208
    22  1241  574  0.1522  0.0490  0.0208
    23  1242  574  0.1541  0.0497  0.0211
    24  1240  575  0.1559  0.0502  0.0213
    25  1241  575  0.1550  0.0500  0.0212
    26  1240  576  0.1514  0.0488  0.0207
    27  1240  577  0.1512  0.0487  0.0207
    28  1239  577  0.1508  0.0486  0.0206
    29  1238  578  0.1548  0.0498  0.0211
    30  1237  578  0.1517  0.0488  0.0207
    31  1239  578  0.1539  0.0496  0.0210
    32  1235  579  0.1526  0.0491  0.0208
    33  1236  579  0.1513  0.0487  0.0207
    34  1234  580  0.1509  0.0485  0.0206
    35  1234  581  0.1516  0.0488  0.0207
    36  1232  581  0.1511  0.0486  0.0206
    37  1231  582  0.1518  0.0488  0.0207
    38  1232  582  0.1517  0.0487  0.0207
    39  1231  583  0.1515  0.0487  0.0206
    40  1228  584  0.1516  0.0487  0.0206
    41  1229  584  0.1513  0.0486  0.0206
    42  1227  585  0.1509  0.0484  0.0205
    43  1228  585  0.1506  0.0483  0.0205
    44  1226  586  0.1518  0.0487  0.0206
    45  1225  586  0.1517  0.0487  0.0206
    46  1224  586  0.1517  0.0486  0.0206
    47  1223  587  0.1512  0.0485  0.0206
    48  1224  587  0.1508  0.0483  0.0205
    49  1221  588  0.1506  0.0483  0.0205
    50  1220  588  0.1513  0.0485  0.0206
    51  1222  588  0.1508  0.0483  0.0205
    52  1219  589  0.1512  0.0484  0.0205
    53  1218  589  0.1514  0.0485  0.0206
    54  1217  589  0.1516  0.0485  0.0206
    55  1215  590  0.1511  0.0483  0.0205
    56  1217  590  0.1511  0.0484  0.0205
    57  1214  591  0.1515  0.0485  0.0206
    58  1213  591  0.1510  0.0483  0.0205
    59  1212  591  0.1511  0.0483  0.0205
    60  1215  591  0.1510  0.0483  0.0205
    61  1209  592  0.1503  0.0480  0.0204
    62  1210  592  0.1506  0.0481  0.0204
    63  1209  593  0.1511  0.0482  0.0205
    64  1208  593  0.1517  0.0484  0.0206
    65  1206  594  0.1521  0.0485  0.0206
    66  1205  594  0.1512  0.0483  0.0205
    67  1207  594  0.1521  0.0486  0.0206
    68  1204  595  0.1498  0.0478  0.0203
    69  1203  595  0.1500  0.0479  0.0203
    70  1205  595  0.1512  0.0483  0.0205
    71  1202  596  0.1499  0.0478  0.0203
    72  1201  596  0.1500  0.0478  0.0203
    73  1199  596  0.1535  0.0489  0.0208
    74  1199  597  0.1533  0.0488  0.0207
    75  1181  600  0.1512  0.0479  0.0204
    76  1180  600  0.1555  0.0493  0.0210
    77  1179  600  0.1547  0.0490  0.0209
    78  1182  600  0.1486  0.0471  0.0201
    79  1176  601  0.1452  0.0460  0.0197
    80  1178  601  0.1535  0.0486  0.0207
    81  1176  602  0.1494  0.0473  0.0202
    82  1175  602  0.1495  0.0473  0.0202
    83  1174  602  0.1447  0.0458  0.0196
    84  1173  602  0.1449  0.0458  0.0196
    85  1172  602  0.1457  0.0461  0.0197
    86  1171  602  0.1473  0.0466  0.0199
    90  1168  604  0.1453  0.0459  0.0196
    91  1167  604  0.1481  0.0468  0.0200
    92  1166  604  0.1483  0.0468  0.0200
    94  1163  604  0.1541  0.0486  0.0208
    95  1162  604  0.1481  0.0467  0.0200
    96  1160  605  0.1475  0.0465  0.0199
    97  1159  605  0.1466  0.0462  0.0198
    98  1161  605  0.1460  0.0461  0.0197
    99  1158  606  0.1508  0.0475  0.0203
   100  1157  606  0.1461  0.0460  0.0197
   101  1156  606  0.1521  0.0479  0.0205
   102  1155  606  0.1531  0.0482  0.0206
   103  1154  606  0.1515  0.0477  0.0204
   104  1153  606  0.1505  0.0474  0.0203
   105  1152  607  0.1503  0.0473  0.0203
   106  1151  607  0.1499  0.0472  0.0202
   107  1153  607  0.1500  0.0472  0.0202
   108  1149  608  0.1492  0.0469  0.0201
   109  1148  608  0.1490  0.0468  0.0201
   110  1147  608  0.1489  0.0468  0.0201
   111  1146  608  0.1496  0.0470  0.0202
   112  1145  608  0.1494  0.0469  0.0201
   113  1144  608  0.1500  0.0471  0.0202
   114  1142  609  0.1499  0.0470  0.0202
   115  1141  609  0.1499  0.0470  0.0202
   116  1140  609  0.1500  0.0471  0.0202
   117  1139  609  0.1502  0.0471  0.0202
   118  1138  609  0.1501  0.0470  0.0202
   119  1137  609  0.1499  0.0470  0.0202
   120  1136  609  0.1494  0.0468  0.0201
   121  1135  609  0.1497  0.0469  0.0202
   122  1134  609  0.1496  0.0469  0.0202
   123  1133  609  0.1494  0.0468  0.0201
   124  1132  609  0.1493  0.0467  0.0201
   125  1131  610  0.1493  0.0467  0.0201
   126  1132  610  0.1494  0.0468  0.0201
   127  1131  611  0.1495  0.0468  0.0201
   128  1130  611  0.1498  0.0469  0.0202
   129  1129  611  0.1497  0.0468  0.0202
   130  1128  611  0.1497  0.0468  0.0201
   131  1127  611  0.1497  0.0468  0.0202
   132  1126  611  0.1496  0.0467  0.0201
   133  1125  611  0.1496  0.0467  0.0201
   134  1123  612  0.1494  0.0466  0.0201
   135  1122  612  0.1493  0.0466  0.0201
   136  1124  612  0.1495  0.0467  0.0201
   137  1122  613  0.1493  0.0466  0.0201
   138  1121  614  0.1490  0.0465  0.0200
   139  1121  615  0.1489  0.0465  0.0200
   140  1120  615  0.1488  0.0464  0.0200
   141  1119  615  0.1488  0.0464  0.0200
   142  1118  616  0.1485  0.0463  0.0200
   143  1119  616  0.1486  0.0464  0.0200
   144  1118  617  0.1486  0.0463  0.0199
   145  1117  618  0.1487  0.0463  0.0199
   146  1118  618  0.1486  0.0463  0.0199

     1  1178  641  0.1469  0.0465  0.0194
     2  1179  641  0.1467  0.0464  0.0194
     3  1178  642  0.1469  0.0465  0.0194
     4  1177  642  0.1467  0.0464  0.0194
     5  1176  642  0.1469  0.0465  0.0194
     6  1175  642  0.1463  0.0463  0.0193
     7  1174  642  0.1460  0.0461  0.0193
     8  1173  642  0.1464  0.0463  0.0193
     9  1172  642  0.1463  0.0462  0.0193
    10  1171  642  0.1461  0.0462  0.0193
    11  1170  642  0.1466  0.0463  0.0194
    12  1169  642  0.1469  0.0464  0.0194
    13  1168  642  0.1470  0.0464  0.0194
    14  1167  642  0.1461  0.0461  0.0193
    15  1165  642  0.1457  0.0460  0.0193
    16  1164  642  0.1455  0.0459  0.0192
    17  1162  642  0.1456  0.0459  0.0192
    18  1161  642  0.1450  0.0457  0.0192
    19  1160  642  0.1450  0.0457  0.0192
    20  1159  642  0.1453  0.0458  0.0192
    21  1158  642  0.1450  0.0457  0.0192
    22  1157  642  0.1451  0.0457  0.0192
    23  1156  642  0.1451  0.0456  0.0192
    24  1155  642  0.1457  0.0458  0.0193
    25  1154  642  0.1451  0.0457  0.0192
    26  1154  643  0.1452  0.0457  0.0192
    27  1153  643  0.1452  0.0457  0.0192
    28  1152  643  0.1453  0.0457  0.0192
    29  1151  643  0.1453  0.0457  0.0192
    30  1150  643  0.1456  0.0457  0.0193
    31  1149  643  0.1452  0.0456  0.0192
    32  1148  643  0.1450  0.0455  0.0192
    33  1147  643  0.1450  0.0455  0.0192
    34  1145  643  0.1456  0.0457  0.0192
    35  1144  643  0.1451  0.0455  0.0192
    36  1143  643  0.1454  0.0456  0.0192
    37  1142  643  0.1454  0.0456  0.0192
    38  1141  643  0.1457  0.0457  0.0193
    39  1140  643  0.1454  0.0456  0.0192
    40  1139  643  0.1457  0.0456  0.0193
    41  1138  643  0.1452  0.0455  0.0192
    42  1137  643  0.1468  0.0460  0.0194
    43  1136  644  0.1459  0.0457  0.0193
    44  1135  644  0.1469  0.0460  0.0194
    45  1133  644  0.1464  0.0458  0.0193
    46  1132  644  0.1468  0.0459  0.0194
    47  1131  644  0.1461  0.0457  0.0193
    48  1130  644  0.1464  0.0458  0.0194
    49  1129  644  0.1457  0.0455  0.0193
    50  1128  644  0.1458  0.0456  0.0193
    51  1127  644  0.1455  0.0454  0.0192
    52  1126  644  0.1458  0.0455  0.0193
    53  1125  644  0.1456  0.0454  0.0193
    54  1124  644  0.1458  0.0455  0.0193
    55  1123  644  0.1459  0.0455  0.0193
    56  1122  644  0.1458  0.0455  0.0193
    57  1121  644  0.1459  0.0455  0.0193
    58  1120  644  0.1463  0.0456  0.0193
    59  1119  645  0.1465  0.0457  0.0194
    60  1117  645  0.1462  0.0455  0.0193
    61  1116  645  0.1465  0.0456  0.0194
    62  1118  645  0.1463  0.0456  0.0193
    63  1116  646  0.1463  0.0455  0.0193
    64  1114  646  0.1460  0.0455  0.0193
    65  1115  646  0.1462  0.0455  0.0193
    66  1101  647  0.1466  0.0455  0.0194
    67  1102  647  0.1463  0.0454  0.0193
    68  1103  647  0.1463  0.0454  0.0193
    69  1104  647  0.1462  0.0454  0.0193
    70  1100  647  0.1464  0.0454  0.0193
    71  1106  647  0.1462  0.0454  0.0193
    72  1109  647  0.1457  0.0453  0.0192
    73  1110  647  0.1458  0.0453  0.0193
    74  1111  647  0.1458  0.0453  0.0193
    75  1112  647  0.1458  0.0454  0.0193
    76  1099  647  0.1465  0.0454  0.0193
    77  1105  647  0.1464  0.0455  0.0193
    78  1098  647  0.1470  0.0455  0.0194
    79  1096  647  0.1475  0.0457  0.0195
    80  1095  647  0.1469  0.0455  0.0194
    81  1097  647  0.1477  0.0458  0.0195
    82  1092  648  0.1465  0.0453  0.0193
    83  1091  648  0.1464  0.0453  0.0193
    84  1094  648  0.1469  0.0455  0.0194
    85  1089  649  0.1466  0.0453  0.0193
    86  1088  649  0.1463  0.0452  0.0193
    87  1087  649  0.1460  0.0451  0.0193
    88  1090  649  0.1466  0.0453  0.0194
    89  1086  650  0.1462  0.0452  0.0193
    90  1085  650  0.1463  0.0452  0.0193
    91  1084  650  0.1462  0.0451  0.0193
    92  1081  651  0.1457  0.0449  0.0192
    93  1084  651  0.1458  0.0450  0.0192
    94  1080  652  0.1457  0.0449  0.0192
    95  1079  652  0.1452  0.0448  0.0191
    96  1078  652  0.1452  0.0448  0.0192
    97  1081  652  0.1456  0.0449  0.0192
    98  1076  653  0.1456  0.0448  0.0192
    99  1075  653  0.1465  0.0451  0.0193
   100  1074  653  0.1463  0.0451  0.0193
   101  1073  653  0.1469  0.0452  0.0194
   102  1072  653  0.1464  0.0450  0.0193
   103  1071  653  0.1463  0.0450  0.0193
   104  1070  653  0.1462  0.0450  0.0193
   105  1069  653  0.1461  0.0449  0.0193
   106  1068  653  0.1479  0.0455  0.0195
   107  1067  653  0.1483  0.0456  0.0195
   108  1066  653  0.1466  0.0450  0.0193
   109  1065  653  0.1467  0.0451  0.0193
   110  1064  653  0.1465  0.0450  0.0193
   111  1063  653  0.1462  0.0449  0.0193
   112  1062  653  0.1461  0.0449  0.0193
   113  1061  653  0.1461  0.0448  0.0193
   114  1060  653  0.1457  0.0447  0.0192
   115  1058  654  0.1453  0.0445  0.0192
   116  1057  654  0.1456  0.0446  0.0192
   117  1056  654  0.1455  0.0446  0.0192
   118  1059  654  0.1459  0.0447  0.0192
   119  1055  655  0.1455  0.0446  0.0192
   120  1053  655  0.1454  0.0445  0.0192
   121  1052  655  0.1453  0.0445  0.0191
   122  1050  655  0.1456  0.0445  0.0192
   123  1049  655  0.1457  0.0446  0.0192
   124  1048  656  0.1457  0.0446  0.0192
   125  1047  656  0.1459  0.0446  0.0192
   126  1045  656  0.1457  0.0445  0.0192
   127  1044  656  0.1458  0.0445  0.0192
   128  1043  656  0.1456  0.0445  0.0192
   129  1042  656  0.1458  0.0445  0.0192
   130  1040  656  0.1458  0.0445  0.0192
   131  1039  656  0.1460  0.0445  0.0192
   132  1029  656  0.1461  0.0444  0.0192
   133  1030  656  0.1461  0.0445  0.0192
   134  1028  656  0.1460  0.0444  0.0192
   135  1032  657  0.1461  0.0445  0.0192
   136  1031  657  0.1461  0.0445  0.0192
   137  1036  657  0.1461  0.0445  0.0192
   138  1037  657  0.1462  0.0446  0.0192
   139  1034  657  0.1461  0.0445  0.0192
   140  1035  657  0.1462  0.0445  0.0192
