; ENVI Output of ROIs (5.4) [Thu Aug 08 12:05:08 2019]
; Number of ROIs: 8
; File Dimension: 1328 x 1184
;
; ROI name: Region #1
; ROI rgb value: {255, 0, 0}
; ROI npts: 157
;
; ROI name: Region #2
; ROI rgb value: {0, 255, 0}
; ROI npts: 326
;
; ROI name: Region #3
; ROI rgb value: {0, 0, 255}
; ROI npts: 219
;
; ROI name: Region #4
; ROI rgb value: {255, 255, 0}
; ROI npts: 114
;
; ROI name: Region #5
; ROI rgb value: {0, 255, 255}
; ROI npts: 283
;
; ROI name: Region #6
; ROI rgb value: {255, 0, 255}
; ROI npts: 138
;
; ROI name: Region #7
; ROI rgb value: {176, 48, 96}
; ROI npts: 92
;
; ROI name: Region #8
; ROI rgb value: {46, 139, 87}
; ROI npts: 157
;   ID    X    Y      B1      B2      B3
     1  739  696  0.1521  0.0555  0.0188
     2  738  696  0.1523  0.0555  0.0188
     3  741  696  0.1522  0.0555  0.0188
     4  737  697  0.1522  0.0555  0.0188
     5  736  697  0.1517  0.0553  0.0187
     6  735  697  0.1515  0.0552  0.0187
     7  734  697  0.1517  0.0552  0.0187
     8  733  697  0.1515  0.0552  0.0187
     9  732  697  0.1519  0.0553  0.0188
    10  731  697  0.1520  0.0553  0.0188
    11  730  697  0.1520  0.0553  0.0188
    12  729  697  0.1519  0.0553  0.0188
    13  728  697  0.1521  0.0553  0.0188
    14  727  697  0.1521  0.0553  0.0188
    15  726  697  0.1518  0.0552  0.0187
    16  725  697  0.1519  0.0552  0.0188
    17  724  697  0.1518  0.0552  0.0187
    18  723  698  0.1518  0.0551  0.0187
    19  722  698  0.1516  0.0551  0.0187
    20  721  698  0.1515  0.0550  0.0187
    21  720  698  0.1516  0.0551  0.0187
    22  719  698  0.1514  0.0550  0.0187
    23  718  698  0.1512  0.0549  0.0187
    24  717  698  0.1512  0.0549  0.0187
    25  716  698  0.1513  0.0549  0.0187
    26  715  698  0.1516  0.0550  0.0187
    27  714  698  0.1518  0.0550  0.0187
    28  698  698  0.1531  0.0553  0.0189
    29  699  698  0.1529  0.0552  0.0189
    30  700  698  0.1526  0.0552  0.0189
    31  701  698  0.1528  0.0552  0.0189
    32  702  698  0.1518  0.0549  0.0187
    33  703  698  0.1518  0.0549  0.0188
    34  706  698  0.1523  0.0551  0.0188
    35  705  698  0.1521  0.0550  0.0188
    36  704  698  0.1518  0.0549  0.0188
    37  697  698  0.1524  0.0550  0.0188
    38  709  699  0.1529  0.0554  0.0189
    39  710  699  0.1529  0.0554  0.0189
    40  711  699  0.1528  0.0554  0.0188
    41  712  699  0.1524  0.0552  0.0188
    42  713  699  0.1520  0.0551  0.0188
    43  694  699  0.1529  0.0552  0.0189
    44  695  699  0.1536  0.0555  0.0190
    45  696  699  0.1534  0.0554  0.0189
    46  697  699  0.1534  0.0554  0.0189
    47  708  699  0.1528  0.0553  0.0189
    48  690  700  0.1544  0.0557  0.0190
    49  689  700  0.1534  0.0553  0.0189
    50  691  700  0.1538  0.0555  0.0190
    51  692  700  0.1532  0.0552  0.0189
    52  693  700  0.1532  0.0553  0.0189
    53  688  701  0.1548  0.0558  0.0191
    54  686  701  0.1559  0.0561  0.0192
    55  685  701  0.1543  0.0556  0.0190
    56  684  701  0.1561  0.0562  0.0192
    57  683  701  0.1552  0.0559  0.0191
    58  682  701  0.1557  0.0560  0.0192
    59  681  701  0.1552  0.0558  0.0191
    60  680  701  0.1551  0.0558  0.0191
    61  679  701  0.1551  0.0558  0.0191
    62  687  701  0.1556  0.0561  0.0192
    63  679  702  0.1546  0.0556  0.0190
    64  643  702  0.1528  0.0545  0.0189
    65  644  702  0.1527  0.0544  0.0189
    66  676  702  0.1548  0.0556  0.0191
    67  675  702  0.1551  0.0557  0.0191
    68  669  702  0.1554  0.0557  0.0192
    69  668  702  0.1546  0.0555  0.0191
    70  667  702  0.1554  0.0557  0.0192
    71  666  702  0.1548  0.0555  0.0191
    72  665  702  0.1546  0.0554  0.0191
    73  678  702  0.1544  0.0555  0.0190
    74  653  703  0.1530  0.0547  0.0189
    75  654  703  0.1530  0.0547  0.0189
    76  655  703  0.1533  0.0548  0.0189
    77  622  703  0.1540  0.0547  0.0190
    78  657  703  0.1537  0.0550  0.0190
    79  652  703  0.1525  0.0545  0.0188
    80  659  703  0.1536  0.0550  0.0189
    81  660  703  0.1541  0.0551  0.0190
    82  661  703  0.1539  0.0551  0.0190
    83  662  703  0.1541  0.0552  0.0190
    84  663  703  0.1539  0.0551  0.0190
    85  664  703  0.1537  0.0551  0.0189
    86  665  703  0.1544  0.0553  0.0190
    87  651  703  0.1529  0.0546  0.0189
    88  650  703  0.1532  0.0547  0.0189
    89  649  703  0.1530  0.0546  0.0189
    90  648  703  0.1530  0.0546  0.0189
    91  647  703  0.1523  0.0544  0.0188
    92  646  703  0.1522  0.0543  0.0188
    93  645  703  0.1526  0.0544  0.0188
    94  635  703  0.1529  0.0544  0.0189
    95  636  703  0.1527  0.0544  0.0189
    96  634  703  0.1528  0.0544  0.0189
    97  633  703  0.1530  0.0544  0.0189
    98  632  703  0.1535  0.0546  0.0190
    99  623  703  0.1541  0.0547  0.0190
   100  620  703  0.1551  0.0550  0.0192
   101  619  703  0.1549  0.0549  0.0191
   102  616  703  0.1554  0.0551  0.0192
   103  617  703  0.1556  0.0551  0.0192
   104  658  703  0.1536  0.0550  0.0189
   105  618  703  0.1554  0.0551  0.0192
   106  656  703  0.1534  0.0549  0.0189
   107  621  703  0.1547  0.0549  0.0191
   108  631  704  0.1532  0.0545  0.0189
   109  630  704  0.1539  0.0547  0.0190
   110  629  704  0.1548  0.0550  0.0191
   111  628  704  0.1547  0.0550  0.0191
   112  627  704  0.1548  0.0550  0.0191
   113  626  704  0.1542  0.0548  0.0190
   114  624  704  0.1536  0.0545  0.0190
   115  623  704  0.1536  0.0545  0.0190
   116  615  704  0.1551  0.0549  0.0192
   117  614  704  0.1549  0.0548  0.0191
   118  613  704  0.1545  0.0547  0.0191
   119  612  704  0.1538  0.0544  0.0190
   120  611  704  0.1539  0.0544  0.0190
   121  610  704  0.1530  0.0541  0.0189
   122  609  704  0.1541  0.0545  0.0190
   123  608  704  0.1529  0.0541  0.0189
   124  607  704  0.1523  0.0538  0.0188
   125  606  705  0.1519  0.0537  0.0188
   126  605  705  0.1514  0.0535  0.0187
   127  604  705  0.1539  0.0544  0.0190
   128  603  705  0.1533  0.0541  0.0189
   129  602  705  0.1545  0.0546  0.0191
   130  601  705  0.1532  0.0541  0.0189
   131  607  705  0.1521  0.0538  0.0188
   132  600  706  0.1527  0.0539  0.0189
   133  599  706  0.1522  0.0537  0.0188
   134  598  706  0.1524  0.0537  0.0188
   135  596  707  0.1521  0.0536  0.0188
   136  595  707  0.1523  0.0537  0.0188
   137  597  707  0.1524  0.0537  0.0188
   138  594  708  0.1523  0.0537  0.0188
   139  593  708  0.1533  0.0540  0.0189
   140  592  708  0.1527  0.0538  0.0188
   141  590  708  0.1547  0.0545  0.0191
   142  588  709  0.1522  0.0536  0.0188
   143  589  709  0.1523  0.0536  0.0188
   144  587  710  0.1531  0.0539  0.0189
   145  586  710  0.1529  0.0538  0.0188
   146  585  710  0.1526  0.0537  0.0188
   147  584  710  0.1523  0.0536  0.0188
   148  583  710  0.1523  0.0535  0.0188
   149  582  710  0.1525  0.0536  0.0188
   150  581  710  0.1518  0.0533  0.0187
   151  580  710  0.1516  0.0533  0.0187
   152  579  710  0.1515  0.0532  0.0187
   153  578  710  0.1516  0.0532  0.0187
   154  577  710  0.1514  0.0531  0.0187
   155  576  710  0.1516  0.0532  0.0187
   156  575  710  0.1513  0.0531  0.0187
   157  574  710  0.1513  0.0531  0.0187

     1  617  547  0.1605  0.0571  0.0218
     2  616  547  0.1609  0.0572  0.0219
     3  615  547  0.1610  0.0573  0.0219
     4  618  547  0.1610  0.0573  0.0219
     5  615  548  0.1601  0.0570  0.0217
     6  614  548  0.1604  0.0570  0.0218
     7  612  548  0.1609  0.0572  0.0219
     8  621  548  0.1600  0.0570  0.0217
     9  611  549  0.1615  0.0574  0.0219
    10  610  549  0.1616  0.0574  0.0219
    11  609  549  0.1613  0.0573  0.0219
    12  612  549  0.1601  0.0569  0.0217
    13  607  549  0.1606  0.0570  0.0218
    14  606  549  0.1606  0.0570  0.0218
    15  605  549  0.1603  0.0569  0.0218
    16  604  549  0.1608  0.0571  0.0218
    17  603  549  0.1605  0.0569  0.0218
    18  602  549  0.1606  0.0569  0.0218
    19  601  549  0.1606  0.0569  0.0218
    20  608  549  0.1613  0.0573  0.0219
    21  599  550  0.1607  0.0569  0.0218
    22  600  550  0.1605  0.0569  0.0218
    23  601  550  0.1607  0.0570  0.0218
    24  599  551  0.1605  0.0569  0.0218
    25  598  551  0.1604  0.0568  0.0218
    26  595  552  0.1598  0.0566  0.0217
    27  596  552  0.1601  0.0567  0.0217
    28  593  553  0.1600  0.0566  0.0217
    29  592  554  0.1595  0.0564  0.0216
    30  591  554  0.1594  0.0564  0.0216
    31  590  554  0.1594  0.0564  0.0216
    32  593  554  0.1599  0.0566  0.0217
    33  590  555  0.1593  0.0563  0.0216
    34  589  555  0.1593  0.0563  0.0216
    35  588  556  0.1599  0.0565  0.0216
    36  587  556  0.1598  0.0565  0.0216
    37  589  556  0.1594  0.0563  0.0216
    38  584  557  0.1607  0.0567  0.0217
    39  583  557  0.1601  0.0565  0.0217
    40  582  557  0.1603  0.0566  0.0217
    41  581  557  0.1601  0.0565  0.0217
    42  585  557  0.1602  0.0566  0.0217
    43  580  558  0.1602  0.0565  0.0217
    44  578  558  0.1599  0.0564  0.0216
    45  578  559  0.1597  0.0563  0.0216
    46  577  559  0.1596  0.0563  0.0216
    47  576  559  0.1595  0.0562  0.0216
    48  537  559  0.1587  0.0554  0.0215
    49  538  559  0.1574  0.0550  0.0213
    50  541  559  0.1574  0.0550  0.0213
    51  542  559  0.1580  0.0552  0.0214
    52  543  559  0.1582  0.0553  0.0214
    53  544  559  0.1589  0.0556  0.0215
    54  571  559  0.1596  0.0562  0.0216
    55  570  559  0.1591  0.0560  0.0215
    56  569  559  0.1591  0.0560  0.0215
    57  568  559  0.1592  0.0560  0.0215
    58  567  559  0.1593  0.0560  0.0215
    59  566  559  0.1594  0.0560  0.0216
    60  565  559  0.1595  0.0560  0.0216
    61  564  559  0.1593  0.0560  0.0215
    62  563  559  0.1596  0.0561  0.0216
    63  562  559  0.1594  0.0560  0.0216
    64  561  559  0.1592  0.0559  0.0215
    65  560  559  0.1593  0.0559  0.0216
    66  559  559  0.1596  0.0560  0.0216
    67  558  559  0.1595  0.0560  0.0216
    68  557  559  0.1594  0.0559  0.0216
    69  556  559  0.1594  0.0559  0.0216
    70  555  559  0.1596  0.0560  0.0216
    71  554  559  0.1593  0.0559  0.0216
    72  553  559  0.1590  0.0557  0.0215
    73  552  559  0.1596  0.0559  0.0216
    74  551  559  0.1595  0.0559  0.0216
    75  550  559  0.1589  0.0556  0.0215
    76  549  559  0.1584  0.0554  0.0214
    77  548  559  0.1595  0.0558  0.0216
    78  547  559  0.1579  0.0553  0.0214
    79  546  559  0.1594  0.0558  0.0216
    80  545  559  0.1591  0.0557  0.0215
    81  536  559  0.1578  0.0551  0.0214
    82  573  560  0.1592  0.0561  0.0215
    83  574  560  0.1596  0.0562  0.0216
    84  575  560  0.1595  0.0562  0.0215
    85  576  560  0.1589  0.0560  0.0215
    86  572  560  0.1590  0.0560  0.0215
    87  571  560  0.1595  0.0561  0.0216
    88  535  560  0.1569  0.0548  0.0213
    89  534  560  0.1580  0.0551  0.0214
    90  533  560  0.1573  0.0549  0.0213
    91  533  561  0.1577  0.0550  0.0213
    92  532  561  0.1575  0.0549  0.0213
    93  531  561  0.1569  0.0547  0.0212
    94  530  561  0.1563  0.0545  0.0212
    95  529  561  0.1570  0.0547  0.0213
    96  528  561  0.1575  0.0548  0.0213
    97  527  561  0.1579  0.0550  0.0214
    98  526  561  0.1578  0.0549  0.0214
    99  525  561  0.1579  0.0549  0.0214
   100  524  561  0.1576  0.0548  0.0213
   101  523  561  0.1580  0.0550  0.0214
   102  521  561  0.1587  0.0552  0.0215
   103  519  561  0.1593  0.0554  0.0216
   104  518  561  0.1595  0.0554  0.0216
   105  517  561  0.1593  0.0553  0.0216
   106  516  561  0.1588  0.0552  0.0215
   107  515  561  0.1591  0.0553  0.0215
   108  514  561  0.1593  0.0553  0.0216
   109  513  561  0.1592  0.0552  0.0215
   110  512  561  0.1585  0.0550  0.0215
   111  511  561  0.1587  0.0551  0.0215
   112  510  561  0.1595  0.0553  0.0216
   113  504  563  0.1594  0.0552  0.0216
   114  503  563  0.1595  0.0552  0.0216
   115  502  563  0.1612  0.0558  0.0218
   116  482  563  0.1603  0.0552  0.0217
   117  483  563  0.1604  0.0553  0.0217
   118  484  563  0.1606  0.0553  0.0217
   119  485  563  0.1608  0.0554  0.0218
   120  486  563  0.1618  0.0558  0.0219
   121  487  563  0.1620  0.0559  0.0219
   122  488  563  0.1613  0.0556  0.0218
   123  489  563  0.1606  0.0554  0.0217
   124  490  563  0.1605  0.0554  0.0217
   125  494  563  0.1605  0.0554  0.0217
   126  493  563  0.1603  0.0554  0.0217
   127  492  563  0.1600  0.0553  0.0217
   128  491  563  0.1599  0.0552  0.0216
   129  494  564  0.1602  0.0553  0.0217
   130  495  564  0.1602  0.0553  0.0217
   131  496  564  0.1598  0.0552  0.0216
   132  497  564  0.1608  0.0556  0.0217
   133  498  564  0.1594  0.0551  0.0216
   134  499  564  0.1598  0.0553  0.0216
   135  500  564  0.1603  0.0554  0.0217
   136  501  564  0.1604  0.0555  0.0217
   137  502  564  0.1609  0.0557  0.0217
   138  482  564  0.1599  0.0551  0.0216
   139  481  564  0.1602  0.0552  0.0217
   140  480  564  0.1600  0.0551  0.0217
   141  479  564  0.1598  0.0550  0.0216
   142  478  564  0.1597  0.0549  0.0216
   143  472  565  0.1611  0.0554  0.0218
   144  471  565  0.1610  0.0553  0.0218
   145  470  565  0.1607  0.0552  0.0217
   146  469  565  0.1606  0.0552  0.0217
   147  468  565  0.1601  0.0550  0.0217
   148  467  565  0.1598  0.0548  0.0216
   149  466  565  0.1592  0.0546  0.0215
   150  464  565  0.1590  0.0545  0.0215
   151  463  565  0.1588  0.0544  0.0215
   152  462  565  0.1575  0.0540  0.0213
   153  465  565  0.1593  0.0546  0.0216
   154  461  565  0.1569  0.0538  0.0213
   155  460  565  0.1556  0.0533  0.0211
   156  459  565  0.1555  0.0533  0.0211
   157  458  565  0.1560  0.0534  0.0211
   158  457  565  0.1560  0.0534  0.0211
   159  456  565  0.1566  0.0536  0.0212
   160  455  565  0.1571  0.0537  0.0213
   161  451  565  0.1575  0.0538  0.0213
   162  447  566  0.1575  0.0538  0.0213
   163  448  566  0.1573  0.0537  0.0213
   164  449  566  0.1572  0.0537  0.0213
   165  450  566  0.1572  0.0537  0.0213
   166  446  566  0.1572  0.0537  0.0213
   167  445  566  0.1579  0.0539  0.0214
   168  444  566  0.1585  0.0541  0.0215
   169  443  566  0.1586  0.0541  0.0215
   170  442  566  0.1588  0.0541  0.0215
   171  441  566  0.1584  0.0540  0.0215
   172  440  566  0.1587  0.0541  0.0215
   173  439  566  0.1582  0.0539  0.0214
   174  437  566  0.1573  0.0536  0.0213
   175  436  566  0.1577  0.0537  0.0214
   176  435  566  0.1580  0.0538  0.0214
   177  438  566  0.1577  0.0537  0.0214
   178  423  569  0.1635  0.0555  0.0221
   179  422  569  0.1621  0.0550  0.0219
   180  421  569  0.1592  0.0540  0.0215
   181  420  569  0.1592  0.0540  0.0215
   182  424  569  0.1654  0.0562  0.0223
   183  419  570  0.1587  0.0538  0.0215
   184  418  570  0.1579  0.0535  0.0214
   185  417  570  0.1583  0.0536  0.0214
   186  416  570  0.1582  0.0536  0.0214
   187  415  570  0.1582  0.0536  0.0214
   188  414  570  0.1583  0.0536  0.0214
   189  413  570  0.1583  0.0536  0.0214
   190  412  570  0.1587  0.0537  0.0215
   191  411  570  0.1583  0.0536  0.0214
   192  410  570  0.1581  0.0535  0.0214
   193  409  570  0.1591  0.0538  0.0215
   194  408  570  0.1580  0.0535  0.0214
   195  407  571  0.1566  0.0530  0.0212
   196  406  571  0.1563  0.0529  0.0211
   197  405  571  0.1581  0.0534  0.0214
   198  282  571  0.1577  0.0517  0.0214
   199  283  571  0.1571  0.0515  0.0214
   200  284  571  0.1571  0.0515  0.0214
   201  285  571  0.1571  0.0515  0.0214
   202  286  571  0.1570  0.0515  0.0213
   203  401  571  0.1594  0.0538  0.0216
   204  400  571  0.1600  0.0540  0.0216
   205  399  571  0.1583  0.0534  0.0214
   206  398  571  0.1584  0.0534  0.0214
   207  397  571  0.1590  0.0536  0.0215
   208  396  571  0.1594  0.0538  0.0216
   209  395  571  0.1598  0.0539  0.0216
   210  394  571  0.1598  0.0539  0.0216
   211  393  571  0.1596  0.0538  0.0216
   212  392  571  0.1589  0.0535  0.0215
   213  391  571  0.1585  0.0534  0.0214
   214  390  571  0.1583  0.0533  0.0214
   215  389  571  0.1578  0.0531  0.0214
   216  388  571  0.1581  0.0532  0.0214
   217  387  571  0.1576  0.0530  0.0213
   218  386  571  0.1576  0.0530  0.0213
   219  385  571  0.1573  0.0529  0.0213
   220  384  571  0.1571  0.0528  0.0213
   221  383  571  0.1573  0.0529  0.0213
   222  382  571  0.1574  0.0529  0.0213
   223  381  571  0.1581  0.0531  0.0214
   224  380  571  0.1580  0.0531  0.0214
   225  287  571  0.1574  0.0516  0.0214
   226  288  571  0.1574  0.0517  0.0214
   227  289  571  0.1576  0.0518  0.0214
   228  290  571  0.1575  0.0517  0.0214
   229  291  571  0.1573  0.0517  0.0214
   230  292  571  0.1572  0.0516  0.0214
   231  293  571  0.1556  0.0512  0.0212
   232  294  571  0.1558  0.0512  0.0212
   233  295  571  0.1558  0.0512  0.0212
   234  296  571  0.1566  0.0515  0.0213
   235  281  571  0.1579  0.0518  0.0215
   236  405  572  0.1582  0.0534  0.0214
   237  403  572  0.1586  0.0536  0.0214
   238  402  572  0.1581  0.0534  0.0214
   239  401  572  0.1594  0.0538  0.0215
   240  380  572  0.1577  0.0530  0.0213
   241  379  572  0.1579  0.0530  0.0214
   242  378  572  0.1576  0.0529  0.0213
   243  296  572  0.1559  0.0513  0.0212
   244  297  572  0.1560  0.0513  0.0212
   245  298  572  0.1559  0.0513  0.0212
   246  299  572  0.1560  0.0514  0.0212
   247  300  572  0.1561  0.0514  0.0212
   248  301  572  0.1563  0.0515  0.0212
   249  302  572  0.1566  0.0516  0.0213
   250  303  572  0.1567  0.0516  0.0213
   251  304  572  0.1566  0.0516  0.0213
   252  305  572  0.1565  0.0516  0.0213
   253  306  572  0.1566  0.0516  0.0213
   254  307  572  0.1568  0.0517  0.0213
   255  308  572  0.1569  0.0518  0.0213
   256  309  572  0.1571  0.0518  0.0213
   257  310  572  0.1571  0.0519  0.0213
   258  311  572  0.1568  0.0518  0.0213
   259  312  572  0.1580  0.0522  0.0214
   260  313  572  0.1555  0.0514  0.0211
   261  314  572  0.1562  0.0516  0.0212
   262  315  572  0.1566  0.0518  0.0213
   263  316  572  0.1565  0.0517  0.0212
   264  317  572  0.1569  0.0519  0.0213
   265  318  572  0.1567  0.0518  0.0213
   266  319  572  0.1565  0.0518  0.0212
   267  320  572  0.1565  0.0518  0.0212
   268  321  572  0.1562  0.0517  0.0212
   269  322  572  0.1563  0.0518  0.0212
   270  323  572  0.1566  0.0519  0.0213
   271  404  572  0.1588  0.0536  0.0215
   272  334  573  0.1575  0.0523  0.0213
   273  333  573  0.1576  0.0523  0.0214
   274  332  573  0.1578  0.0524  0.0214
   275  331  573  0.1578  0.0524  0.0214
   276  330  573  0.1580  0.0524  0.0214
   277  329  573  0.1577  0.0523  0.0214
   278  328  573  0.1578  0.0523  0.0214
   279  327  573  0.1578  0.0523  0.0214
   280  335  573  0.1570  0.0522  0.0213
   281  324  573  0.1567  0.0519  0.0212
   282  323  573  0.1564  0.0518  0.0212
   283  336  573  0.1570  0.0522  0.0213
   284  337  573  0.1569  0.0521  0.0213
   285  338  573  0.1567  0.0521  0.0212
   286  339  573  0.1569  0.0522  0.0213
   287  340  573  0.1573  0.0523  0.0213
   288  341  573  0.1571  0.0523  0.0213
   289  342  573  0.1571  0.0523  0.0213
   290  343  573  0.1568  0.0522  0.0212
   291  344  573  0.1568  0.0522  0.0212
   292  345  573  0.1571  0.0523  0.0213
   293  346  573  0.1572  0.0524  0.0213
   294  347  573  0.1573  0.0524  0.0213
   295  348  573  0.1577  0.0525  0.0214
   296  349  573  0.1573  0.0524  0.0213
   297  350  573  0.1571  0.0524  0.0213
   298  351  573  0.1575  0.0525  0.0213
   299  352  573  0.1574  0.0525  0.0213
   300  353  573  0.1576  0.0526  0.0213
   301  371  573  0.1560  0.0523  0.0211
   302  355  573  0.1572  0.0525  0.0213
   303  356  573  0.1572  0.0525  0.0213
   304  357  573  0.1577  0.0527  0.0213
   305  358  573  0.1569  0.0524  0.0212
   306  359  573  0.1570  0.0525  0.0213
   307  360  573  0.1573  0.0526  0.0213
   308  361  573  0.1573  0.0526  0.0213
   309  362  573  0.1576  0.0527  0.0213
   310  363  573  0.1572  0.0526  0.0213
   311  372  573  0.1562  0.0523  0.0211
   312  373  573  0.1566  0.0525  0.0212
   313  374  573  0.1577  0.0529  0.0213
   314  375  573  0.1578  0.0529  0.0213
   315  376  573  0.1581  0.0530  0.0214
   316  377  573  0.1581  0.0530  0.0214
   317  378  573  0.1580  0.0530  0.0214
   318  364  573  0.1572  0.0526  0.0213
   319  365  573  0.1571  0.0526  0.0213
   320  366  573  0.1569  0.0525  0.0212
   321  367  573  0.1566  0.0524  0.0212
   322  368  573  0.1564  0.0524  0.0212
   323  369  573  0.1561  0.0523  0.0211
   324  325  573  0.1574  0.0521  0.0213
   325  370  573  0.1563  0.0523  0.0212
   326  354  573  0.1573  0.0525  0.0213

     1  1059  601  0.1587  0.0623  0.0205
     2  1107  601  0.1595  0.0633  0.0205
     3  1106  601  0.1596  0.0634  0.0205
     4  1105  601  0.1595  0.0633  0.0205
     5  1104  601  0.1596  0.0633  0.0205
     6  1103  601  0.1590  0.0631  0.0205
     7  1102  601  0.1592  0.0632  0.0205
     8  1101  601  0.1591  0.0631  0.0205
     9  1100  601  0.1586  0.0629  0.0204
    10  1099  601  0.1584  0.0628  0.0204
    11  1098  601  0.1580  0.0626  0.0203
    12  1097  601  0.1582  0.0627  0.0204
    13  1096  601  0.1586  0.0628  0.0204
    14  1095  601  0.1587  0.0628  0.0204
    15  1094  601  0.1585  0.0627  0.0204
    16  1093  601  0.1586  0.0628  0.0204
    17  1092  601  0.1585  0.0627  0.0204
    18  1091  601  0.1595  0.0631  0.0205
    19  1090  601  0.1592  0.0630  0.0205
    20  1089  601  0.1588  0.0628  0.0204
    21  1088  601  0.1590  0.0629  0.0205
    22  1087  601  0.1587  0.0627  0.0204
    23  1077  601  0.1596  0.0629  0.0206
    24  1076  601  0.1602  0.0632  0.0206
    25  1075  601  0.1595  0.0629  0.0206
    26  1074  601  0.1596  0.0629  0.0206
    27  1073  601  0.1594  0.0628  0.0205
    28  1072  601  0.1591  0.0627  0.0205
    29  1071  601  0.1586  0.0625  0.0204
    30  1070  601  0.1579  0.0622  0.0204
    31  1065  601  0.1589  0.0625  0.0205
    32  1064  601  0.1589  0.0625  0.0205
    33  1063  601  0.1593  0.0626  0.0205
    34  1062  601  0.1591  0.0626  0.0205
    35  1061  601  0.1589  0.0625  0.0205
    36  1060  601  0.1588  0.0624  0.0205
    37  1058  601  0.1587  0.0623  0.0205
    38  1057  601  0.1589  0.0624  0.0205
    39  1056  601  0.1588  0.0624  0.0205
    40  1055  601  0.1589  0.0624  0.0205
    41  1054  601  0.1594  0.0626  0.0206
    42  1053  601  0.1591  0.0624  0.0205
    43  1052  601  0.1585  0.0622  0.0204
    44  1051  601  0.1587  0.0623  0.0205
    45  1050  601  0.1588  0.0623  0.0205
    46  1049  601  0.1589  0.0623  0.0205
    47  1048  601  0.1596  0.0626  0.0206
    48  1046  601  0.1596  0.0625  0.0206
    49  1045  601  0.1596  0.0625  0.0206
    50  1044  601  0.1589  0.0622  0.0205
    51  1043  601  0.1588  0.0622  0.0205
    52  1042  601  0.1593  0.0624  0.0206
    53  1041  601  0.1594  0.0624  0.0206
    54  1040  601  0.1591  0.0623  0.0205
    55  1108  601  0.1592  0.0632  0.0205
    56  1120  602  0.1599  0.0637  0.0205
    57  1119  602  0.1597  0.0636  0.0205
    58  1118  602  0.1594  0.0634  0.0205
    59  1117  602  0.1594  0.0634  0.0205
    60  1116  602  0.1590  0.0633  0.0204
    61  1115  602  0.1587  0.0631  0.0204
    62  1114  602  0.1586  0.0631  0.0204
    63  1113  602  0.1591  0.0632  0.0204
    64  1112  602  0.1585  0.0630  0.0204
    65  1111  602  0.1593  0.0633  0.0205
    66  1110  602  0.1594  0.0633  0.0205
    67  1109  602  0.1597  0.0634  0.0205
    68  1154  602  0.1608  0.0645  0.0206
    69  1153  602  0.1609  0.0645  0.0206
    70  1019  602  0.1580  0.0615  0.0204
    71  1020  602  0.1586  0.0618  0.0205
    72  1021  602  0.1573  0.0613  0.0203
    73  1022  602  0.1576  0.0614  0.0203
    74  1023  602  0.1583  0.0617  0.0204
    75  1024  602  0.1567  0.0611  0.0202
    76  1025  602  0.1579  0.0616  0.0204
    77  1121  602  0.1595  0.0635  0.0205
    78  1027  602  0.1589  0.0620  0.0205
    79  1028  602  0.1593  0.0622  0.0206
    80  1029  602  0.1594  0.0622  0.0206
    81  1030  602  0.1584  0.0618  0.0204
    82  1031  602  0.1583  0.0618  0.0204
    83  1032  602  0.1586  0.0619  0.0205
    84  1033  602  0.1595  0.0623  0.0206
    85  1034  602  0.1595  0.0623  0.0206
    86  1035  602  0.1594  0.0623  0.0206
    87  1036  602  0.1595  0.0623  0.0206
    88  1037  602  0.1588  0.0621  0.0205
    89  1038  602  0.1587  0.0621  0.0205
    90  1039  602  0.1587  0.0621  0.0205
    91  1040  602  0.1588  0.0621  0.0205
    92  1122  602  0.1598  0.0637  0.0205
    93  1123  602  0.1591  0.0634  0.0204
    94  1124  602  0.1589  0.0633  0.0204
    95  1125  602  0.1587  0.0633  0.0204
    96  1126  602  0.1587  0.0632  0.0204
    97  1127  602  0.1588  0.0633  0.0204
    98  1128  602  0.1588  0.0633  0.0204
    99  1129  602  0.1592  0.0635  0.0204
   100  1130  602  0.1590  0.0634  0.0204
   101  1131  602  0.1588  0.0634  0.0204
   102  1132  602  0.1586  0.0633  0.0204
   103  1133  602  0.1582  0.0632  0.0203
   104  1134  602  0.1584  0.0632  0.0203
   105  1135  602  0.1583  0.0632  0.0203
   106  1136  602  0.1588  0.0635  0.0204
   107  1137  602  0.1586  0.0634  0.0204
   108  1138  602  0.1587  0.0634  0.0204
   109  1139  602  0.1588  0.0635  0.0204
   110  1152  602  0.1600  0.0641  0.0205
   111  1140  602  0.1589  0.0635  0.0204
   112  1141  602  0.1587  0.0634  0.0204
   113  1142  602  0.1590  0.0636  0.0204
   114  1143  602  0.1591  0.0637  0.0204
   115  1144  602  0.1596  0.0639  0.0205
   116  1145  602  0.1597  0.0639  0.0205
   117  1065  602  0.1587  0.0624  0.0204
   118  1066  602  0.1590  0.0626  0.0205
   119  1067  602  0.1589  0.0625  0.0205
   120  1068  602  0.1576  0.0621  0.0203
   121  1069  602  0.1569  0.0618  0.0202
   122  1070  602  0.1579  0.0622  0.0203
   123  1146  602  0.1599  0.0640  0.0205
   124  1147  602  0.1599  0.0640  0.0205
   125  1148  602  0.1601  0.0641  0.0205
   126  1149  602  0.1598  0.0640  0.0205
   127  1150  602  0.1594  0.0639  0.0205
   128  1151  602  0.1601  0.0642  0.0205
   129  1026  602  0.1582  0.0617  0.0204
   130  1019  603  0.1577  0.0614  0.0204
   131  1018  603  0.1577  0.0614  0.0203
   132  1154  603  0.1609  0.0645  0.0206
   133  1155  603  0.1609  0.0646  0.0206
   134  1156  603  0.1613  0.0647  0.0207
   135  1157  603  0.1611  0.0646  0.0206
   136  1158  603  0.1611  0.0647  0.0207
   137  1159  603  0.1617  0.0649  0.0207
   138  1160  603  0.1614  0.0648  0.0207
   139  1161  603  0.1624  0.0652  0.0208
   140  1162  603  0.1625  0.0653  0.0208
   141  1163  603  0.1622  0.0652  0.0208
   142  1164  603  0.1622  0.0652  0.0208
   143  1165  603  0.1626  0.0653  0.0208
   144  1166  603  0.1622  0.0652  0.0208
   145  1167  603  0.1617  0.0650  0.0207
   146  1168  603  0.1618  0.0651  0.0207
   147  1169  603  0.1605  0.0646  0.0206
   148  1170  603  0.1600  0.0644  0.0205
   149  1171  603  0.1598  0.0643  0.0205
   150  1172  603  0.1593  0.0641  0.0204
   151  1173  603  0.1618  0.0651  0.0207
   152  1174  603  0.1602  0.0645  0.0205
   153  1016  604  0.1576  0.0613  0.0203
   154  1015  604  0.1579  0.0614  0.0204
   155  1014  604  0.1592  0.0619  0.0205
   156  1013  604  0.1598  0.0621  0.0206
   157  1017  604  0.1574  0.0613  0.0203
   158  1012  605  0.1606  0.0624  0.0207
   159  1012  606  0.1591  0.0619  0.0205
   160  1011  606  0.1594  0.0619  0.0205
   161  1010  606  0.1593  0.0619  0.0205
   162  1009  606  0.1616  0.0628  0.0208
   163  1008  606  0.1595  0.0620  0.0205
   164  1007  606  0.1612  0.0626  0.0207
   165  1006  606  0.1589  0.0617  0.0205
   166  1004  607  0.1590  0.0617  0.0205
   167   991  607  0.1590  0.0615  0.0205
   168   990  607  0.1594  0.0617  0.0205
   169   992  607  0.1593  0.0617  0.0205
   170   993  607  0.1583  0.0613  0.0204
   171  1001  607  0.1581  0.0613  0.0204
   172  1000  607  0.1588  0.0616  0.0204
   173   999  607  0.1572  0.0610  0.0203
   174   998  607  0.1585  0.0614  0.0204
   175   997  607  0.1588  0.0616  0.0205
   176   996  607  0.1572  0.0609  0.0203
   177   995  607  0.1569  0.0608  0.0202
   178   994  607  0.1588  0.0615  0.0205
   179  1002  608  0.1603  0.0622  0.0206
   180  1004  608  0.1600  0.0621  0.0206
   181  1003  608  0.1601  0.0621  0.0206
   182  1001  608  0.1581  0.0613  0.0204
   183   989  608  0.1583  0.0613  0.0204
   184   988  608  0.1578  0.0610  0.0203
   185   987  608  0.1573  0.0608  0.0203
   186   986  608  0.1571  0.0607  0.0202
   187   985  608  0.1566  0.0605  0.0202
   188   984  609  0.1568  0.0606  0.0202
   189   983  609  0.1571  0.0607  0.0202
   190   982  609  0.1573  0.0608  0.0203
   191   981  609  0.1556  0.0601  0.0201
   192   985  609  0.1566  0.0605  0.0202
   193   980  610  0.1576  0.0608  0.0203
   194   979  610  0.1575  0.0608  0.0203
   195   976  611  0.1578  0.0609  0.0203
   196   975  611  0.1581  0.0610  0.0203
   197   974  611  0.1584  0.0611  0.0204
   198   973  611  0.1581  0.0609  0.0203
   199   972  611  0.1582  0.0610  0.0204
   200   977  611  0.1575  0.0608  0.0203
   201   972  612  0.1586  0.0611  0.0204
   202   971  612  0.1581  0.0609  0.0203
   203   970  612  0.1572  0.0606  0.0202
   204   969  612  0.1589  0.0612  0.0204
   205   968  612  0.1587  0.0611  0.0204
   206   967  612  0.1583  0.0609  0.0204
   207   966  612  0.1579  0.0608  0.0203
   208   965  612  0.1579  0.0608  0.0203
   209   964  612  0.1574  0.0606  0.0203
   210   963  612  0.1577  0.0606  0.0203
   211   962  612  0.1573  0.0605  0.0202
   212   960  613  0.1570  0.0604  0.0202
   213   959  613  0.1560  0.0600  0.0201
   214   958  613  0.1568  0.0602  0.0202
   215   957  613  0.1561  0.0600  0.0201
   216   956  613  0.1559  0.0599  0.0201
   217   961  613  0.1563  0.0601  0.0201
   218   955  614  0.1555  0.0597  0.0200
   219   956  614  0.1557  0.0598  0.0200

     1  1003  683  0.1533  0.0594  0.0188
     2  1002  683  0.1535  0.0594  0.0189
     3  1001  683  0.1541  0.0597  0.0189
     4  1000  683  0.1537  0.0595  0.0189
     5  1004  683  0.1536  0.0595  0.0189
     6   999  684  0.1545  0.0598  0.0190
     7   998  684  0.1565  0.0606  0.0192
     8   997  684  0.1542  0.0597  0.0189
     9   996  684  0.1545  0.0598  0.0190
    10   995  684  0.1546  0.0598  0.0190
    11   994  684  0.1537  0.0594  0.0189
    12   993  685  0.1522  0.0588  0.0187
    13   992  685  0.1535  0.0593  0.0188
    14   991  685  0.1528  0.0590  0.0188
    15   990  685  0.1532  0.0591  0.0188
    16   994  685  0.1528  0.0590  0.0188
    17   989  686  0.1534  0.0592  0.0188
    18   988  686  0.1528  0.0590  0.0187
    19   987  686  0.1528  0.0590  0.0187
    20   986  686  0.1532  0.0591  0.0188
    21   985  686  0.1538  0.0593  0.0189
    22   984  687  0.1550  0.0598  0.0190
    23   983  687  0.1551  0.0598  0.0190
    24   982  687  0.1559  0.0601  0.0191
    25   981  687  0.1555  0.0599  0.0190
    26   980  687  0.1553  0.0598  0.0190
    27   979  687  0.1552  0.0598  0.0190
    28   978  687  0.1553  0.0598  0.0190
    29   977  687  0.1554  0.0598  0.0190
    30   976  688  0.1557  0.0599  0.0191
    31   975  688  0.1553  0.0598  0.0190
    32   974  688  0.1546  0.0595  0.0189
    33   973  688  0.1549  0.0596  0.0190
    34   972  688  0.1543  0.0593  0.0189
    35   971  688  0.1547  0.0595  0.0190
    36   970  688  0.1536  0.0591  0.0188
    37   977  688  0.1557  0.0600  0.0191
    38   970  689  0.1540  0.0592  0.0189
    39   969  689  0.1540  0.0592  0.0189
    40   968  689  0.1540  0.0592  0.0189
    41   967  689  0.1540  0.0592  0.0189
    42   966  689  0.1541  0.0592  0.0189
    43   965  689  0.1543  0.0593  0.0189
    44   964  689  0.1547  0.0594  0.0189
    45   963  689  0.1548  0.0594  0.0190
    46   962  689  0.1544  0.0593  0.0189
    47   961  689  0.1544  0.0592  0.0189
    48   960  690  0.1543  0.0592  0.0189
    49   959  690  0.1545  0.0592  0.0189
    50   958  690  0.1544  0.0592  0.0189
    51   957  690  0.1542  0.0591  0.0189
    52   956  690  0.1542  0.0591  0.0189
    53   961  690  0.1544  0.0592  0.0189
    54   956  691  0.1534  0.0588  0.0188
    55   955  691  0.1537  0.0589  0.0188
    56   954  691  0.1536  0.0588  0.0188
    57   953  691  0.1540  0.0590  0.0189
    58   952  691  0.1542  0.0591  0.0189
    59   951  691  0.1536  0.0588  0.0188
    60   950  691  0.1538  0.0588  0.0188
    61   949  691  0.1532  0.0586  0.0188
    62   948  691  0.1533  0.0586  0.0188
    63   947  691  0.1531  0.0586  0.0188
    64   946  691  0.1531  0.0585  0.0188
    65   945  691  0.1530  0.0585  0.0187
    66   944  691  0.1527  0.0584  0.0187
    67   943  691  0.1532  0.0585  0.0188
    68   942  692  0.1532  0.0585  0.0188
    69   943  692  0.1532  0.0585  0.0188
    70   941  693  0.1524  0.0582  0.0187
    71   940  693  0.1520  0.0581  0.0186
    72   939  693  0.1520  0.0580  0.0186
    73   938  693  0.1519  0.0580  0.0186
    74   937  693  0.1511  0.0576  0.0185
    75   936  693  0.1522  0.0581  0.0186
    76   935  693  0.1528  0.0583  0.0187
    77   934  693  0.1522  0.0580  0.0186
    78   933  694  0.1526  0.0582  0.0187
    79   932  694  0.1526  0.0582  0.0187
    80   931  694  0.1533  0.0584  0.0188
    81   930  694  0.1534  0.0585  0.0188
    82   929  694  0.1533  0.0584  0.0188
    83   928  694  0.1531  0.0583  0.0187
    84   927  694  0.1528  0.0582  0.0187
    85   934  694  0.1522  0.0580  0.0186
    86   927  695  0.1527  0.0581  0.0187
    87   926  695  0.1528  0.0581  0.0187
    88   925  695  0.1529  0.0582  0.0187
    89   924  695  0.1534  0.0584  0.0188
    90   923  695  0.1531  0.0582  0.0187
    91   922  695  0.1533  0.0583  0.0188
    92   921  695  0.1529  0.0581  0.0187
    93   920  695  0.1533  0.0583  0.0188
    94   919  695  0.1535  0.0583  0.0188
    95   918  695  0.1540  0.0585  0.0188
    96   917  695  0.1542  0.0586  0.0189
    97   916  696  0.1541  0.0585  0.0188
    98   915  696  0.1542  0.0586  0.0188
    99   914  696  0.1538  0.0584  0.0188
   100   917  696  0.1542  0.0586  0.0188
   101   914  697  0.1539  0.0584  0.0188
   102   913  697  0.1539  0.0584  0.0188
   103   912  697  0.1537  0.0583  0.0188
   104   911  697  0.1537  0.0583  0.0188
   105   910  697  0.1535  0.0582  0.0188
   106   910  698  0.1537  0.0583  0.0188
   107   909  698  0.1534  0.0582  0.0187
   108   908  698  0.1532  0.0581  0.0187
   109   907  698  0.1530  0.0580  0.0187
   110   906  698  0.1530  0.0579  0.0187
   111   905  698  0.1527  0.0579  0.0187
   112   904  698  0.1529  0.0579  0.0187
   113   903  698  0.1529  0.0579  0.0187
   114   902  698  0.1524  0.0577  0.0186

     1  741  563  0.1604  0.0587  0.0215
     2  740  564  0.1603  0.0587  0.0214
     3  739  564  0.1604  0.0587  0.0214
     4  741  564  0.1604  0.0587  0.0214
     5  739  565  0.1603  0.0587  0.0214
     6  738  565  0.1603  0.0587  0.0214
     7  737  565  0.1602  0.0586  0.0214
     8  736  565  0.1599  0.0585  0.0214
     9  735  565  0.1600  0.0585  0.0214
    10  734  565  0.1597  0.0584  0.0214
    11  733  565  0.1599  0.0585  0.0214
    12  732  565  0.1600  0.0585  0.0214
    13  713  569  0.1591  0.0579  0.0212
    14  714  569  0.1601  0.0583  0.0214
    15  712  570  0.1599  0.0582  0.0213
    16  713  570  0.1604  0.0584  0.0214
    17  711  571  0.1590  0.0578  0.0212
    18  710  571  0.1590  0.0578  0.0212
    19  709  571  0.1591  0.0578  0.0212
    20  708  571  0.1594  0.0579  0.0213
    21  707  572  0.1598  0.0580  0.0213
    22  706  572  0.1593  0.0579  0.0212
    23  708  572  0.1601  0.0582  0.0213
    24  705  573  0.1590  0.0577  0.0212
    25  706  573  0.1598  0.0581  0.0213
    26  705  574  0.1594  0.0579  0.0212
    27  688  577  0.1575  0.0570  0.0210
    28  688  578  0.1574  0.0569  0.0209
    29  687  578  0.1575  0.0569  0.0210
    30  686  578  0.1572  0.0568  0.0209
    31  685  578  0.1571  0.0568  0.0209
    32  684  578  0.1572  0.0568  0.0209
    33  683  578  0.1564  0.0565  0.0208
    34  682  578  0.1560  0.0563  0.0208
    35  682  579  0.1559  0.0563  0.0207
    36  681  579  0.1549  0.0559  0.0206
    37  680  579  0.1561  0.0563  0.0208
    38  679  579  0.1565  0.0565  0.0208
    39  678  579  0.1568  0.0566  0.0209
    40  677  580  0.1570  0.0566  0.0209
    41  676  580  0.1572  0.0567  0.0209
    42  675  580  0.1572  0.0567  0.0209
    43  678  580  0.1567  0.0565  0.0208
    44  673  581  0.1572  0.0566  0.0209
    45  675  581  0.1566  0.0564  0.0208
    46  673  582  0.1571  0.0566  0.0209
    47  672  582  0.1578  0.0568  0.0210
    48  671  582  0.1579  0.0569  0.0210
    49  670  582  0.1578  0.0568  0.0210
    50  669  583  0.1586  0.0571  0.0210
    51  668  584  0.1590  0.0572  0.0211
    52  667  584  0.1577  0.0568  0.0209
    53  666  584  0.1565  0.0563  0.0208
    54  669  584  0.1597  0.0575  0.0212
    55  666  585  0.1558  0.0561  0.0207
    56  665  585  0.1549  0.0557  0.0206
    57  664  585  0.1549  0.0557  0.0206
    58  662  586  0.1555  0.0559  0.0206
    59  661  586  0.1560  0.0561  0.0207
    60  663  586  0.1547  0.0556  0.0205
    61  660  587  0.1577  0.0567  0.0209
    62  659  587  0.1586  0.0569  0.0210
    63  661  587  0.1565  0.0562  0.0207
    64  658  588  0.1585  0.0569  0.0210
    65  657  588  0.1588  0.0570  0.0210
    66  656  588  0.1596  0.0573  0.0211
    67  655  588  0.1576  0.0565  0.0209
    68  654  589  0.1588  0.0569  0.0210
    69  655  589  0.1581  0.0567  0.0209
    70  644  590  0.1588  0.0568  0.0210
    71  643  590  0.1592  0.0569  0.0211
    72  642  590  0.1583  0.0566  0.0209
    73  641  590  0.1583  0.0566  0.0209
    74  640  590  0.1579  0.0564  0.0209
    75  639  590  0.1578  0.0564  0.0209
    76  638  590  0.1580  0.0564  0.0209
    77  637  590  0.1580  0.0564  0.0209
    78  636  591  0.1578  0.0564  0.0209
    79  637  591  0.1578  0.0564  0.0209
    80  634  592  0.1583  0.0565  0.0209
    81  633  592  0.1572  0.0561  0.0208
    82  632  592  0.1565  0.0558  0.0207
    83  631  592  0.1572  0.0561  0.0208
    84  635  592  0.1578  0.0563  0.0209
    85  630  593  0.1578  0.0563  0.0209
    86  629  593  0.1572  0.0560  0.0208
    87  628  593  0.1569  0.0559  0.0207
    88  627  593  0.1564  0.0557  0.0207
    89  626  594  0.1574  0.0561  0.0208
    90  625  594  0.1588  0.0565  0.0210
    91  624  594  0.1572  0.0560  0.0208
    92  623  594  0.1564  0.0557  0.0207
    94  621  594  0.1572  0.0559  0.0208
    95  620  594  0.1582  0.0563  0.0209
    96  619  594  0.1621  0.0576  0.0214
    97  618  595  0.1588  0.0565  0.0210
    98  619  595  0.1622  0.0577  0.0214
    99  618  596  0.1571  0.0558  0.0207
   100  617  596  0.1581  0.0562  0.0209
   101  616  596  0.1609  0.0572  0.0212
   102  615  596  0.1563  0.0555  0.0206
   103  614  596  0.1560  0.0554  0.0206
   104  613  596  0.1558  0.0553  0.0206
   105  612  596  0.1563  0.0555  0.0206
   106  611  596  0.1590  0.0564  0.0210
   107  610  596  0.1607  0.0570  0.0212
   108  609  596  0.1566  0.0555  0.0207
   109  608  596  0.1584  0.0562  0.0209
   110  607  596  0.1580  0.0560  0.0209
   111  606  596  0.1580  0.0560  0.0209
   112  605  596  0.1550  0.0549  0.0205
   113  604  596  0.1553  0.0550  0.0205
   114  603  596  0.1598  0.0566  0.0211
   115  602  596  0.1584  0.0561  0.0209
   116  601  596  0.1551  0.0549  0.0205
   117  600  596  0.1578  0.0558  0.0208
   118  599  596  0.1575  0.0557  0.0208
   119  598  596  0.1573  0.0556  0.0208
   120  597  596  0.1578  0.0558  0.0208
   121  596  596  0.1575  0.0557  0.0208
   122  596  597  0.1579  0.0558  0.0208
   123  595  597  0.1580  0.0559  0.0209
   124  594  597  0.1569  0.0555  0.0207
   125  593  597  0.1570  0.0555  0.0207
   126  592  597  0.1569  0.0555  0.0207
   127  591  597  0.1569  0.0554  0.0207
   128  590  597  0.1566  0.0553  0.0207
   129  589  597  0.1558  0.0550  0.0206
   130  588  597  0.1569  0.0554  0.0207
   131  587  597  0.1571  0.0554  0.0208
   132  572  597  0.1571  0.0552  0.0208
   133  571  597  0.1572  0.0553  0.0208
   134  569  597  0.1568  0.0551  0.0207
   135  570  597  0.1569  0.0552  0.0208
   136  573  597  0.1566  0.0551  0.0207
   137  587  598  0.1570  0.0554  0.0207
   138  586  598  0.1568  0.0553  0.0207
   139  574  598  0.1564  0.0550  0.0207
   140  575  598  0.1564  0.0550  0.0207
   141  576  598  0.1563  0.0550  0.0207
   142  577  598  0.1564  0.0550  0.0207
   143  578  598  0.1560  0.0549  0.0206
   144  579  598  0.1561  0.0550  0.0206
   145  580  598  0.1564  0.0551  0.0207
   146  581  598  0.1566  0.0552  0.0207
   147  582  598  0.1564  0.0551  0.0207
   148  583  598  0.1573  0.0555  0.0208
   149  584  598  0.1572  0.0554  0.0208
   150  585  598  0.1569  0.0554  0.0207
   151  569  599  0.1572  0.0552  0.0208
   152  568  599  0.1567  0.0550  0.0207
   153  567  599  0.1573  0.0552  0.0208
   154  566  599  0.1580  0.0555  0.0209
   155  565  599  0.1584  0.0556  0.0209
   156  564  599  0.1582  0.0555  0.0209
   157  563  599  0.1580  0.0554  0.0209
   158  562  599  0.1581  0.0555  0.0209
   159  561  599  0.1577  0.0553  0.0208
   160  560  599  0.1572  0.0551  0.0208
   161  559  599  0.1574  0.0552  0.0208
   162  558  599  0.1573  0.0551  0.0208
   163  556  600  0.1576  0.0552  0.0208
   164  554  600  0.1581  0.0553  0.0209
   165  553  600  0.1588  0.0556  0.0210
   166  552  600  0.1589  0.0556  0.0210
   167  551  600  0.1587  0.0555  0.0209
   168  550  600  0.1587  0.0555  0.0209
   169  549  600  0.1584  0.0554  0.0209
   170  548  600  0.1582  0.0553  0.0209
   171  547  600  0.1572  0.0549  0.0208
   172  546  600  0.1571  0.0549  0.0208
   173  545  600  0.1568  0.0548  0.0207
   174  544  601  0.1566  0.0547  0.0207
   175  543  601  0.1560  0.0545  0.0206
   176  542  601  0.1578  0.0551  0.0208
   177  541  601  0.1560  0.0545  0.0206
   178  540  601  0.1584  0.0553  0.0209
   179  545  601  0.1562  0.0546  0.0206
   180  537  603  0.1599  0.0558  0.0211
   181  536  603  0.1600  0.0558  0.0211
   182  535  603  0.1598  0.0557  0.0211
   183  534  603  0.1596  0.0556  0.0210
   184  533  604  0.1552  0.0541  0.0205
   185  532  604  0.1554  0.0541  0.0205
   186  531  604  0.1578  0.0549  0.0208
   187  530  604  0.1573  0.0547  0.0207
   188  513  604  0.1576  0.0546  0.0208
   189  514  604  0.1574  0.0546  0.0208
   190  515  604  0.1575  0.0546  0.0208
   191  516  604  0.1573  0.0546  0.0208
   192  517  604  0.1575  0.0547  0.0208
   193  518  604  0.1576  0.0547  0.0208
   194  519  604  0.1578  0.0548  0.0208
   195  512  604  0.1577  0.0546  0.0208
   196  523  605  0.1585  0.0551  0.0209
   197  521  605  0.1585  0.0551  0.0209
   198  520  605  0.1588  0.0551  0.0209
   199  519  605  0.1581  0.0549  0.0208
   200  524  605  0.1536  0.0534  0.0203
   201  525  605  0.1588  0.0552  0.0209
   202  526  605  0.1553  0.0540  0.0205
   203  527  605  0.1551  0.0539  0.0205
   204  528  605  0.1565  0.0544  0.0206
   205  529  605  0.1565  0.0545  0.0206
   206  530  605  0.1547  0.0538  0.0204
   207  522  605  0.1532  0.0532  0.0202
   208  511  605  0.1578  0.0547  0.0208
   209  510  605  0.1581  0.0548  0.0208
   210  510  606  0.1580  0.0547  0.0208
   211  509  606  0.1579  0.0547  0.0208
   212  508  606  0.1578  0.0546  0.0208
   213  507  606  0.1574  0.0545  0.0208
   214  506  606  0.1573  0.0544  0.0207
   215  505  606  0.1572  0.0544  0.0207
   216  504  606  0.1570  0.0543  0.0207
   217  503  606  0.1571  0.0543  0.0207
   218  502  607  0.1568  0.0542  0.0207
   219  501  607  0.1566  0.0541  0.0206
   220  500  607  0.1570  0.0543  0.0207
   221  499  607  0.1573  0.0543  0.0207
   222  498  607  0.1569  0.0542  0.0207
   223  497  607  0.1576  0.0544  0.0208
   224  496  607  0.1582  0.0546  0.0208
   225  495  607  0.1572  0.0542  0.0207
   226  494  607  0.1575  0.0543  0.0208
   227  493  607  0.1571  0.0542  0.0207
   228  492  607  0.1579  0.0545  0.0208
   229  491  607  0.1583  0.0546  0.0209
   230  490  607  0.1575  0.0543  0.0208
   231  489  607  0.1591  0.0548  0.0210
   232  488  607  0.1595  0.0550  0.0210
   233  487  608  0.1592  0.0548  0.0210
   234  486  608  0.1590  0.0547  0.0209
   235  485  608  0.1588  0.0547  0.0209
   236  484  608  0.1589  0.0547  0.0209
   237  483  608  0.1588  0.0546  0.0209
   238  482  608  0.1588  0.0546  0.0209
   239  481  608  0.1589  0.0547  0.0210
   240  480  608  0.1587  0.0546  0.0209
   241  479  608  0.1583  0.0544  0.0209
   242  478  608  0.1579  0.0543  0.0208
   243  477  608  0.1581  0.0543  0.0209
   244  476  608  0.1571  0.0540  0.0207
   245  475  609  0.1551  0.0533  0.0205
   246  474  609  0.1536  0.0527  0.0203
   247  473  609  0.1557  0.0534  0.0205
   253  467  609  0.1588  0.0544  0.0209
   254  466  609  0.1582  0.0542  0.0209
   255  466  610  0.1562  0.0535  0.0206
   256  465  610  0.1554  0.0532  0.0205
   266  455  610  0.1567  0.0536  0.0207
   267  454  610  0.1567  0.0535  0.0207
   268  453  610  0.1568  0.0535  0.0207
   269  452  610  0.1601  0.0547  0.0211
   270  451  610  0.1581  0.0540  0.0208
   271  450  610  0.1578  0.0539  0.0208
   272  448  610  0.1561  0.0532  0.0206
   273  447  610  0.1572  0.0536  0.0207
   274  446  610  0.1576  0.0537  0.0208
   275  445  610  0.1571  0.0536  0.0207
   276  444  610  0.1571  0.0535  0.0207
   277  443  610  0.1568  0.0534  0.0207
   278  442  610  0.1569  0.0534  0.0207
   279  441  610  0.1566  0.0533  0.0207
   280  440  610  0.1567  0.0534  0.0207
   281  439  610  0.1561  0.0531  0.0206
   282  437  610  0.1557  0.0530  0.0206
   283  436  610  0.1549  0.0527  0.0205

     1  775  490  0.1712  0.0633  0.0238
     2  775  491  0.1710  0.0632  0.0238
     3  775  492  0.1705  0.0630  0.0237
     4  775  493  0.1702  0.0629  0.0237
     5  775  494  0.1699  0.0628  0.0236
     6  778  495  0.1697  0.0628  0.0236
     7  778  496  0.1695  0.0627  0.0235
     8  779  496  0.1697  0.0628  0.0236
     9  780  496  0.1698  0.0628  0.0236
    10  780  497  0.1696  0.0628  0.0235
    11  781  497  0.1695  0.0628  0.0235
    12  781  498  0.1694  0.0627  0.0235
    13  782  498  0.1696  0.0628  0.0235
    14  782  499  0.1694  0.0627  0.0235
    15  782  500  0.1694  0.0627  0.0234
    16  782  501  0.1691  0.0626  0.0234
    17  639  501  0.1655  0.0593  0.0231
    18  638  501  0.1653  0.0592  0.0230
    19  640  502  0.1650  0.0591  0.0230
    20  641  502  0.1651  0.0592  0.0230
    21  639  502  0.1654  0.0593  0.0230
    22  641  503  0.1648  0.0591  0.0229
    23  642  503  0.1648  0.0591  0.0229
    24  643  503  0.1647  0.0590  0.0229
    25  644  503  0.1645  0.0590  0.0229
    26  645  503  0.1644  0.0590  0.0229
    27  646  503  0.1643  0.0590  0.0229
    28  647  503  0.1649  0.0592  0.0229
    29  648  503  0.1649  0.0592  0.0229
    30  649  503  0.1652  0.0593  0.0230
    31  650  503  0.1658  0.0595  0.0231
    32  763  503  0.1684  0.0621  0.0233
    33  762  503  0.1704  0.0628  0.0236
    34  761  503  0.1702  0.0627  0.0236
    35  760  503  0.1702  0.0627  0.0236
    36  759  503  0.1704  0.0627  0.0236
    37  758  503  0.1702  0.0627  0.0236
    38  757  503  0.1701  0.0626  0.0236
    39  756  503  0.1700  0.0626  0.0235
    40  755  503  0.1687  0.0621  0.0234
    41  754  503  0.1702  0.0626  0.0236
    42  753  503  0.1695  0.0623  0.0235
    43  752  503  0.1702  0.0626  0.0236
    44  722  503  0.1677  0.0612  0.0232
    45  721  503  0.1674  0.0611  0.0232
    46  720  503  0.1669  0.0609  0.0231
    47  719  503  0.1669  0.0609  0.0231
    48  717  503  0.1663  0.0607  0.0231
    49  716  503  0.1666  0.0607  0.0231
    50  715  503  0.1665  0.0607  0.0231
    51  713  503  0.1664  0.0606  0.0231
    52  712  503  0.1674  0.0610  0.0232
    53  711  503  0.1668  0.0608  0.0231
    54  710  503  0.1662  0.0605  0.0231
    55  709  503  0.1665  0.0606  0.0231
    56  718  503  0.1668  0.0608  0.0231
    57  694  504  0.1665  0.0604  0.0231
    58  695  504  0.1663  0.0604  0.0231
    59  696  504  0.1663  0.0604  0.0231
    60  697  504  0.1659  0.0602  0.0230
    61  698  504  0.1661  0.0603  0.0230
    62  699  504  0.1663  0.0604  0.0231
    63  700  504  0.1667  0.0605  0.0231
    64  701  504  0.1661  0.0604  0.0230
    65  702  504  0.1663  0.0605  0.0231
    66  703  504  0.1667  0.0606  0.0231
    67  704  504  0.1665  0.0606  0.0231
    68  705  504  0.1662  0.0605  0.0231
    69  706  504  0.1663  0.0605  0.0231
    70  653  504  0.1656  0.0595  0.0230
    71  692  504  0.1668  0.0605  0.0231
    72  691  504  0.1667  0.0604  0.0231
    73  690  504  0.1665  0.0603  0.0231
    74  689  504  0.1670  0.0605  0.0232
    75  688  504  0.1666  0.0604  0.0231
    76  687  504  0.1673  0.0606  0.0232
    77  686  504  0.1672  0.0605  0.0232
    78  685  504  0.1673  0.0606  0.0232
    79  654  504  0.1654  0.0594  0.0230
    80  684  504  0.1678  0.0608  0.0233
    81  683  504  0.1665  0.0603  0.0231
    82  682  504  0.1666  0.0603  0.0231
    83  681  504  0.1662  0.0601  0.0231
    84  723  504  0.1685  0.0615  0.0233
    85  724  504  0.1687  0.0616  0.0234
    86  725  504  0.1687  0.0616  0.0234
    87  726  504  0.1690  0.0618  0.0234
    88  727  504  0.1690  0.0618  0.0234
    89  728  504  0.1687  0.0617  0.0234
    90  729  504  0.1688  0.0618  0.0234
    91  731  504  0.1694  0.0620  0.0235
    92  732  504  0.1697  0.0621  0.0235
    93  733  504  0.1688  0.0618  0.0234
    94  734  504  0.1682  0.0616  0.0233
    95  735  504  0.1680  0.0615  0.0233
    96  736  504  0.1678  0.0615  0.0232
    97  737  504  0.1682  0.0616  0.0233
    98  738  504  0.1682  0.0617  0.0233
    99  739  504  0.1680  0.0616  0.0233
   100  740  504  0.1685  0.0618  0.0233
   101  741  504  0.1682  0.0617  0.0233
   102  742  504  0.1682  0.0617  0.0233
   103  743  504  0.1683  0.0617  0.0233
   104  745  504  0.1694  0.0622  0.0235
   105  746  504  0.1696  0.0623  0.0235
   106  747  504  0.1692  0.0622  0.0234
   107  748  504  0.1695  0.0623  0.0235
   108  749  504  0.1699  0.0624  0.0235
   109  750  504  0.1698  0.0624  0.0235
   110  751  504  0.1696  0.0623  0.0235
   111  680  504  0.1662  0.0601  0.0231
   112  679  504  0.1675  0.0606  0.0232
   113  677  504  0.1656  0.0599  0.0230
   114  676  504  0.1658  0.0599  0.0230
   115  675  504  0.1660  0.0599  0.0230
   116  674  504  0.1670  0.0603  0.0232
   117  673  504  0.1666  0.0602  0.0231
   118  672  504  0.1665  0.0601  0.0231
   119  671  504  0.1661  0.0599  0.0231
   120  670  504  0.1652  0.0596  0.0229
   121  669  504  0.1650  0.0595  0.0229
   122  668  504  0.1652  0.0596  0.0229
   123  652  504  0.1650  0.0593  0.0229
   124  651  504  0.1646  0.0591  0.0229
   125  667  504  0.1650  0.0595  0.0229
   126  665  504  0.1648  0.0594  0.0229
   127  664  504  0.1646  0.0593  0.0229
   128  663  504  0.1644  0.0592  0.0228
   129  662  504  0.1643  0.0592  0.0228
   130  661  504  0.1648  0.0593  0.0229
   131  660  504  0.1650  0.0594  0.0229
   132  659  504  0.1647  0.0593  0.0229
   133  658  504  0.1646  0.0592  0.0229
   134  657  504  0.1646  0.0592  0.0229
   135  656  504  0.1651  0.0594  0.0229
   136  655  504  0.1660  0.0597  0.0231
   137  693  504  0.1660  0.0602  0.0230
   138  707  504  0.1662  0.0605  0.0230

    1  286  530  0.1586  0.0521  0.0221
    2  285  530  0.1585  0.0521  0.0221
    3  287  531  0.1588  0.0522  0.0221
    4  288  531  0.1591  0.0523  0.0221
    5  289  531  0.1592  0.0523  0.0221
    6  286  531  0.1589  0.0522  0.0221
    7  289  532  0.1590  0.0523  0.0221
    8  290  532  0.1590  0.0523  0.0221
    9  291  532  0.1595  0.0524  0.0222
   10  292  532  0.1595  0.0525  0.0222
   11  293  532  0.1595  0.0525  0.0222
   12  294  532  0.1597  0.0526  0.0222
   13  294  533  0.1596  0.0525  0.0222
   14  295  533  0.1597  0.0526  0.0222
   15  296  533  0.1597  0.0526  0.0222
   16  297  533  0.1597  0.0526  0.0222
   17  298  533  0.1599  0.0527  0.0222
   18  299  533  0.1600  0.0527  0.0222
   19  300  533  0.1600  0.0527  0.0222
   20  301  534  0.1595  0.0526  0.0221
   21  302  534  0.1591  0.0525  0.0221
   22  303  534  0.1589  0.0524  0.0220
   23  304  534  0.1590  0.0524  0.0221
   24  305  534  0.1589  0.0524  0.0220
   25  306  534  0.1581  0.0522  0.0219
   26  300  534  0.1596  0.0526  0.0221
   27  306  535  0.1586  0.0524  0.0220
   28  307  535  0.1585  0.0523  0.0220
   29  308  536  0.1587  0.0524  0.0220
   30  309  536  0.1588  0.0525  0.0220
   31  307  536  0.1584  0.0523  0.0219
   32  309  537  0.1587  0.0524  0.0220
   33  310  537  0.1588  0.0525  0.0220
   34  311  537  0.1589  0.0525  0.0220
   35  312  537  0.1590  0.0526  0.0220
   36  313  537  0.1590  0.0526  0.0220
   37  314  537  0.1590  0.0526  0.0220
   38  315  538  0.1589  0.0526  0.0220
   39  316  538  0.1587  0.0525  0.0220
   40  317  538  0.1587  0.0525  0.0220
   41  318  538  0.1588  0.0526  0.0220
   42  319  538  0.1584  0.0524  0.0219
   43  320  538  0.1582  0.0524  0.0219
   44  321  538  0.1583  0.0524  0.0219
   45  367  538  0.1590  0.0533  0.0220
   46  322  539  0.1581  0.0524  0.0219
   47  323  539  0.1580  0.0524  0.0219
   48  324  539  0.1576  0.0522  0.0218
   49  325  539  0.1579  0.0524  0.0218
   50  326  539  0.1579  0.0524  0.0218
   51  366  539  0.1590  0.0533  0.0219
   52  367  539  0.1590  0.0533  0.0219
   53  321  539  0.1581  0.0524  0.0219
   54  330  540  0.1574  0.0523  0.0218
   55  328  540  0.1581  0.0525  0.0218
   56  327  540  0.1580  0.0524  0.0218
   57  366  540  0.1588  0.0532  0.0219
   58  329  540  0.1579  0.0524  0.0218
   59  335  541  0.1574  0.0523  0.0217
   60  332  541  0.1575  0.0523  0.0217
   61  331  541  0.1574  0.0523  0.0217
   62  330  541  0.1579  0.0524  0.0218
   63  334  541  0.1575  0.0523  0.0217
   64  333  541  0.1575  0.0523  0.0218
   65  365  541  0.1588  0.0532  0.0219
   66  364  541  0.1588  0.0532  0.0219
   67  363  541  0.1586  0.0531  0.0219
   68  362  541  0.1586  0.0531  0.0219
   69  361  541  0.1583  0.0530  0.0218
   70  360  541  0.1580  0.0528  0.0218
   71  359  541  0.1578  0.0528  0.0218
   72  348  541  0.1576  0.0526  0.0217
   73  349  541  0.1577  0.0526  0.0218
   74  350  541  0.1577  0.0526  0.0218
   75  351  541  0.1577  0.0526  0.0218
   76  352  541  0.1578  0.0527  0.0218
   77  353  541  0.1578  0.0527  0.0218
   78  355  541  0.1578  0.0527  0.0218
   79  356  541  0.1578  0.0527  0.0218
   80  358  541  0.1579  0.0528  0.0218
   81  366  541  0.1587  0.0532  0.0219
   82  347  542  0.1574  0.0525  0.0217
   83  346  542  0.1574  0.0525  0.0217
   84  345  542  0.1573  0.0524  0.0217
   85  344  542  0.1572  0.0524  0.0217
   86  343  542  0.1573  0.0524  0.0217
   87  341  542  0.1577  0.0525  0.0218
   88  340  542  0.1576  0.0525  0.0218
   89  339  542  0.1577  0.0525  0.0218
   90  338  542  0.1576  0.0524  0.0217
   91  337  542  0.1575  0.0524  0.0217
   92  348  542  0.1575  0.0525  0.0217