; ENVI Output of ROIs (5.4) [Sun Aug 18 00:48:20 2019]
; Number of ROIs: 9
; File Dimension: 1328 x 1184
;
; ROI name: Region #1
; ROI rgb value: {255, 0, 0}
; ROI npts: 157
;
; ROI name: Region #2
; ROI rgb value: {0, 255, 0}
; ROI npts: 326
;
; ROI name: Region #3
; ROI rgb value: {0, 0, 255}
; ROI npts: 219
;
; ROI name: Region #4
; ROI rgb value: {255, 255, 0}
; ROI npts: 114
;
; ROI name: Region #5
; ROI rgb value: {0, 255, 255}
; ROI npts: 283
;
; ROI name: Region #6
; ROI rgb value: {255, 0, 255}
; ROI npts: 138
;
; ROI name: Region #7
; ROI rgb value: {176, 48, 96}
; ROI npts: 92
;
; ROI name: Region #8
; ROI rgb value: {46, 139, 87}
; ROI npts: 157
;
; ROI name: Region #9
; ROI rgb value: {160, 32, 240}
; ROI npts: 148
;   ID    X    Y         B1         B2         B3
     1  739  696   -16.4003  -139.8697    12.4451
     2  738  696   -16.4172  -139.8744    12.4429
     3  741  696   -16.3933  -139.8700    12.4462
     4  737  697   -16.4109  -139.8706    12.4449
     5  736  697   -16.3806  -139.8581    12.4484
     6  735  697   -16.3788  -139.8561    12.4485
     7  734  697   -16.3871  -139.8577    12.4474
     8  733  697   -16.3827  -139.8546    12.4478
     9  732  697   -16.4053  -139.8614    12.4450
    10  731  697   -16.4063  -139.8603    12.4448
    11  730  697   -16.4091  -139.8599    12.4444
    12  729  697   -16.4029  -139.8562    12.4450
    13  728  697   -16.4136  -139.8587    12.4436
    14  727  697   -16.4079  -139.8552    12.4442
    15  726  697   -16.3962  -139.8495    12.4454
    16  725  697   -16.4035  -139.8507    12.4445
    17  724  697   -16.4002  -139.8481    12.4447
    18  723  698   -16.4006  -139.8466    12.4459
    19  722  698   -16.3983  -139.8444    12.4460
    20  721  698   -16.3931  -139.8410    12.4465
    21  720  698   -16.3992  -139.8418    12.4457
    22  719  698   -16.3878  -139.8363    12.4469
    23  718  698   -16.3814  -139.8326    12.4475
    24  717  698   -16.3804  -139.8308    12.4476
    25  716  698   -16.3879  -139.8320    12.4466
    26  715  698   -16.3975  -139.8341    12.4454
    27  714  698   -16.4076  -139.8363    12.4441
    28  698  698   -16.4731  -139.8369    12.4348
    29  699  698   -16.4620  -139.8344    12.4362
    30  700  698   -16.4533  -139.8327    12.4373
    31  701  698   -16.4639  -139.8379    12.4361
    32  702  698   -16.4107  -139.8202    12.4424
    33  703  698   -16.4162  -139.8236    12.4419
    34  706  698   -16.4401  -139.8365    12.4394
    35  705  698   -16.4284  -139.8309    12.4407
    36  704  698   -16.4151  -139.8247    12.4421
    37  697  698   -16.4387  -139.8231    12.4387
    38  709  699   -16.4630  -139.8489    12.4385
    39  710  699   -16.4596  -139.8491    12.4390
    40  711  699   -16.4579  -139.8499    12.4393
    41  712  699   -16.4409  -139.8452    12.4414
    42  713  699   -16.4170  -139.8380    12.4443
    43  694  699   -16.4681  -139.8292    12.4363
    44  695  699   -16.4997  -139.8420    12.4327
    45  696  699   -16.4895  -139.8397    12.4340
    46  697  699   -16.4885  -139.8408    12.4342
    47  708  699   -16.4574  -139.8454    12.4390
    48  690  700   -16.5339  -139.8468    12.4296
    49  689  700   -16.4837  -139.8274    12.4353
    50  691  700   -16.5100  -139.8397    12.4325
    51  692  700   -16.4744  -139.8284    12.4367
    52  693  700   -16.4790  -139.8315    12.4363
    53  688  701   -16.5561  -139.8518    12.4282
    54  686  701   -16.6063  -139.8669    12.4221
    55  685  701   -16.5303  -139.8382    12.4308
    56  684  701   -16.6175  -139.8680    12.4206
    57  683  701   -16.5761  -139.8517    12.4253
    58  682  701   -16.6004  -139.8590    12.4223
    59  681  701   -16.5782  -139.8496    12.4248
    60  680  701   -16.5758  -139.8473    12.4250
    61  679  701   -16.5751  -139.8456    12.4249
    62  687  701   -16.5977  -139.8652    12.4232
    63  679  702   -16.5509  -139.8368    12.4291
    64  643  702   -16.4782  -139.7592    12.4336
    65  644  702   -16.4702  -139.7578    12.4347
    66  676  702   -16.5638  -139.8370    12.4273
    67  675  702   -16.5768  -139.8402    12.4257
    68  669  702   -16.5984  -139.8393    12.4225
    69  668  702   -16.5595  -139.8240    12.4269
    70  667  702   -16.6003  -139.8371    12.4220
    71  666  702   -16.5714  -139.8254    12.4253
    72  665  702   -16.5565  -139.8186    12.4269
    73  678  702   -16.5441  -139.8329    12.4298
    74  653  703   -16.4828  -139.7750    12.4356
    75  654  703   -16.4776  -139.7746    12.4363
    76  655  703   -16.4920  -139.7811    12.4347
    77  622  703   -16.5423  -139.7516    12.4252
    78  657  703   -16.5160  -139.7925    12.4321
    79  652  703   -16.4497  -139.7618    12.4394
    80  659  703   -16.5103  -139.7934    12.4330
    81  660  703   -16.5312  -139.8022    12.4307
    82  661  703   -16.5278  -139.8025    12.4312
    83  662  703   -16.5324  -139.8055    12.4308
    84  663  703   -16.5251  -139.8044    12.4317
    85  664  703   -16.5112  -139.8008    12.4335
    86  665  703   -16.5491  -139.8158    12.4292
    87  651  703   -16.4764  -139.7699    12.4361
    88  650  703   -16.4965  -139.7756    12.4336
    89  649  703   -16.4854  -139.7702    12.4348
    90  648  703   -16.4849  -139.7686    12.4348
    91  647  703   -16.4472  -139.7538    12.4391
    92  646  703   -16.4378  -139.7490    12.4401
    93  645  703   -16.4625  -139.7563    12.4371
    94  635  703   -16.4780  -139.7475    12.4342
    95  636  703   -16.4711  -139.7465    12.4351
    96  634  703   -16.4708  -139.7435    12.4349
    97  633  703   -16.4856  -139.7473    12.4331
    98  632  703   -16.5067  -139.7534    12.4305
    99  623  703   -16.5448  -139.7539    12.4251
   100  620  703   -16.6031  -139.7701    12.4179
   101  619  703   -16.5916  -139.7647    12.4191
   102  616  703   -16.6289  -139.7735    12.4144
   103  617  703   -16.6364  -139.7776    12.4136
   104  658  703   -16.5086  -139.7913    12.4331
   105  618  703   -16.6208  -139.7735    12.4156
   106  656  703   -16.4994  -139.7852    12.4340
   107  621  703   -16.5773  -139.7625    12.4210
   108  631  704   -16.4901  -139.7459    12.4337
   109  630  704   -16.5248  -139.7567    12.4296
   110  629  704   -16.5670  -139.7702    12.4246
   111  628  704   -16.5677  -139.7690    12.4244
   112  627  704   -16.5745  -139.7700    12.4234
   113  626  704   -16.5486  -139.7594    12.4263
   114  624  704   -16.5188  -139.7460    12.4296
   115  623  704   -16.5192  -139.7447    12.4294
   116  615  704   -16.6158  -139.7673    12.4171
   117  614  704   -16.6087  -139.7633    12.4178
   118  613  704   -16.5872  -139.7543    12.4202
   119  612  704   -16.5533  -139.7410    12.4241
   120  611  704   -16.5523  -139.7392    12.4241
   121  610  704   -16.5101  -139.7229    12.4289
   122  609  704   -16.5617  -139.7396    12.4228
   123  608  704   -16.4970  -139.7154    12.4303
   124  607  704   -16.4713  -139.7050    12.4332
   125  606  705   -16.4483  -139.6953    12.4371
   126  605  705   -16.4244  -139.6855    12.4398
   127  604  705   -16.5508  -139.7284    12.4249
   128  603  705   -16.5153  -139.7145    12.4290
   129  602  705   -16.5760  -139.7344    12.4218
   130  601  705   -16.5152  -139.7116    12.4288
   131  607  705   -16.4607  -139.7011    12.4358
   132  600  706   -16.4941  -139.7026    12.4325
   133  599  706   -16.4694  -139.6926    12.4352
   134  598  706   -16.4723  -139.6921    12.4348
   135  596  707   -16.4571  -139.6838    12.4377
   136  595  707   -16.4711  -139.6873    12.4360
   137  597  707   -16.4746  -139.6913    12.4358
   138  594  708   -16.4691  -139.6850    12.4375
   139  593  708   -16.5175  -139.7005    12.4318
   140  592  708   -16.4878  -139.6886    12.4351
   141  590  708   -16.5838  -139.7194    12.4238
   142  588  709   -16.4711  -139.6769    12.4379
   143  589  709   -16.4730  -139.6790    12.4378
   144  587  710   -16.5173  -139.6915    12.4338
   145  586  710   -16.5057  -139.6860    12.4351
   146  585  710   -16.4946  -139.6807    12.4362
   147  584  710   -16.4791  -139.6739    12.4379
   148  583  710   -16.4786  -139.6723    12.4379
   149  582  710   -16.4856  -139.6733    12.4370
   150  581  710   -16.4573  -139.6620    12.4401
   151  580  710   -16.4475  -139.6571    12.4412
   152  579  710   -16.4419  -139.6537    12.4417
   153  578  710   -16.4483  -139.6545    12.4408
   154  577  710   -16.4408  -139.6505    12.4416
   155  576  710   -16.4485  -139.6518    12.4406
   156  575  710   -16.4398  -139.6473    12.4415
   157  574  710   -16.4397  -139.6459    12.4413

     1  617  547   -16.8806  -139.8911    12.1666
     2  616  547   -16.8964  -139.8952    12.1645
     3  615  547   -16.9045  -139.8966    12.1633
     4  618  547   -16.8975  -139.8986    12.1646
     5  615  548   -16.8653  -139.8826    12.1697
     6  614  548   -16.8839  -139.8877    12.1672
     7  612  548   -16.9106  -139.8942    12.1635
     8  621  548   -16.8631  -139.8906    12.1706
     9  611  549   -16.9454  -139.9049    12.1603
    10  610  549   -16.9507  -139.9053    12.1595
    11  609  549   -16.9337  -139.8978    12.1616
    12  612  549   -16.8732  -139.8808    12.1697
    13  607  549   -16.9003  -139.8831    12.1657
    14  606  549   -16.9016  -139.8821    12.1654
    15  605  549   -16.8849  -139.8747    12.1675
    16  604  549   -16.9103  -139.8822    12.1641
    17  603  549   -16.8903  -139.8737    12.1666
    18  602  549   -16.8922  -139.8729    12.1663
    19  601  549   -16.8913  -139.8711    12.1663
    20  608  549   -16.9318  -139.8957    12.1617
    21  599  550   -16.8951  -139.8693    12.1670
    22  600  550   -16.8897  -139.8689    12.1678
    23  601  550   -16.9016  -139.8745    12.1664
    24  599  551   -16.8933  -139.8685    12.1686
    25  598  551   -16.8805  -139.8625    12.1702
    26  595  552   -16.8500  -139.8472    12.1752
    27  596  552   -16.8686  -139.8553    12.1729
    28  593  553   -16.8579  -139.8469    12.1754
    29  592  554   -16.8334  -139.8366    12.1799
    30  591  554   -16.8251  -139.8323    12.1809
    31  590  554   -16.8281  -139.8319    12.1803
    32  593  554   -16.8536  -139.8452    12.1774
    33  590  555   -16.8254  -139.8307    12.1821
    34  589  555   -16.8205  -139.8276    12.1826
    35  588  556   -16.8527  -139.8372    12.1798
    36  587  556   -16.8474  -139.8339    12.1804
    37  589  556   -16.8266  -139.8295    12.1832
    38  584  557   -16.9016  -139.8484    12.1744
    39  583  557   -16.8732  -139.8369    12.1779
    40  582  557   -16.8847  -139.8395    12.1763
    41  581  557   -16.8775  -139.8355    12.1772
    42  585  557   -16.8773  -139.8413    12.1776
    43  580  558   -16.8851  -139.8365    12.1774
    44  578  558   -16.8718  -139.8290    12.1789
    45  578  559   -16.8646  -139.8263    12.1812
    46  577  559   -16.8608  -139.8235    12.1816
    47  576  559   -16.8570  -139.8207    12.1820
    48  537  559   -16.8225  -139.7518    12.1823
    49  538  559   -16.7578  -139.7308    12.1908
    50  541  559   -16.7508  -139.7327    12.1920
    51  542  559   -16.7844  -139.7458    12.1878
    52  543  559   -16.7918  -139.7499    12.1870
    53  544  559   -16.8263  -139.7633    12.1826
    54  571  559   -16.8673  -139.8170    12.1801
    55  570  559   -16.8390  -139.8056    12.1837
    56  569  559   -16.8385  -139.8040    12.1836
    57  568  559   -16.8441  -139.8045    12.1828
    58  567  559   -16.8473  -139.8042    12.1823
    59  566  559   -16.8549  -139.8054    12.1812
    60  565  559   -16.8584  -139.8051    12.1807
    61  564  559   -16.8505  -139.8009    12.1816
    62  563  559   -16.8629  -139.8038    12.1799
    63  562  559   -16.8534  -139.7990    12.1810
    64  561  559   -16.8470  -139.7953    12.1817
    65  560  559   -16.8537  -139.7962    12.1807
    66  559  559   -16.8686  -139.7999    12.1787
    67  558  559   -16.8658  -139.7975    12.1789
    68  557  559   -16.8594  -139.7938    12.1796
    69  556  559   -16.8609  -139.7928    12.1794
    70  555  559   -16.8672  -139.7936    12.1785
    71  554  559   -16.8534  -139.7873    12.1801
    72  553  559   -16.8387  -139.7808    12.1819
    73  552  559   -16.8665  -139.7890    12.1782
    74  551  559   -16.8567  -139.7841    12.1794
    75  550  559   -16.8297  -139.7732    12.1828
    76  549  559   -16.8039  -139.7628    12.1860
    77  548  559   -16.8624  -139.7817    12.1783
    78  547  559   -16.7845  -139.7531    12.1883
    79  546  559   -16.8564  -139.7767    12.1789
    80  545  559   -16.8416  -139.7701    12.1807
    81  536  559   -16.7803  -139.7357    12.1877
    82  573  560   -16.8501  -139.8137    12.1839
    83  574  560   -16.8646  -139.8203    12.1822
    84  575  560   -16.8555  -139.8186    12.1835
    85  576  560   -16.8270  -139.8100    12.1872
    86  572  560   -16.8414  -139.8092    12.1849
    87  571  560   -16.8606  -139.8145    12.1824
    88  535  560   -16.7369  -139.7190    12.1945
    89  534  560   -16.7907  -139.7362    12.1875
    90  533  560   -16.7565  -139.7229    12.1918
    91  533  561   -16.7766  -139.7297    12.1906
    92  532  561   -16.7636  -139.7238    12.1922
    93  531  561   -16.7337  -139.7120    12.1959
    94  530  561   -16.7052  -139.7006    12.1995
    95  529  561   -16.7423  -139.7120    12.1946
    96  528  561   -16.7662  -139.7189    12.1914
    97  527  561   -16.7905  -139.7258    12.1882
    98  526  561   -16.7870  -139.7232    12.1885
    99  525  561   -16.7909  -139.7231    12.1879
   100  524  561   -16.7757  -139.7164    12.1897
   101  523  561   -16.7994  -139.7231    12.1866
   102  521  561   -16.8362  -139.7329    12.1816
   103  519  561   -16.8669  -139.7406    12.1775
   104  518  561   -16.8722  -139.7410    12.1767
   105  517  561   -16.8612  -139.7357    12.1780
   106  516  561   -16.8426  -139.7279    12.1803
   107  515  561   -16.8577  -139.7316    12.1782
   108  514  561   -16.8626  -139.7318    12.1775
   109  513  561   -16.8559  -139.7281    12.1783
   110  512  561   -16.8245  -139.7158    12.1822
   111  511  561   -16.8373  -139.7187    12.1805
   112  510  561   -16.8725  -139.7294    12.1758
   113  504  563   -16.8748  -139.7211    12.1776
   114  503  563   -16.8817  -139.7220    12.1766
   115  502  563   -16.9648  -139.7491    12.1659
   116  482  563   -16.9245  -139.7061    12.1689
   117  483  563   -16.9269  -139.7084    12.1687
   118  484  563   -16.9371  -139.7133    12.1675
   119  485  563   -16.9455  -139.7177    12.1666
   120  486  563   -17.0010  -139.7381    12.1595
   121  487  563   -17.0097  -139.7426    12.1585
   122  488  563   -16.9732  -139.7316    12.1633
   123  489  563   -16.9347  -139.7198    12.1684
   124  490  563   -16.9324  -139.7205    12.1687
   125  494  563   -16.9328  -139.7265    12.1691
   126  493  563   -16.9251  -139.7224    12.1700
   127  492  563   -16.9124  -139.7165    12.1715
   128  491  563   -16.9052  -139.7126    12.1723
   129  494  564   -16.9183  -139.7213    12.1724
   130  495  564   -16.9164  -139.7221    12.1727
   131  496  564   -16.8981  -139.7173    12.1752
   132  497  564   -16.9469  -139.7355    12.1690
   133  498  564   -16.8773  -139.7131    12.1781
   134  499  564   -16.8971  -139.7213    12.1756
   135  500  564   -16.9237  -139.7319    12.1723
   136  501  564   -16.9274  -139.7347    12.1719
   137  502  564   -16.9478  -139.7431    12.1695
   138  482  564   -16.9002  -139.6976    12.1735
   139  481  564   -16.9161  -139.7016    12.1713
   140  480  564   -16.9084  -139.6975    12.1722
   141  479  564   -16.8996  -139.6930    12.1732
   142  478  564   -16.8907  -139.6885    12.1743
   143  472  565   -16.9550  -139.7016    12.1668
   144  471  565   -16.9542  -139.6998    12.1668
   145  470  565   -16.9409  -139.6938    12.1684
   146  469  565   -16.9387  -139.6916    12.1686
   147  468  565   -16.9160  -139.6824    12.1714
   148  467  565   -16.8995  -139.6754    12.1734
   149  466  565   -16.8702  -139.6639    12.1771
   150  464  565   -16.8669  -139.6599    12.1772
   151  463  565   -16.8568  -139.6550    12.1784
   152  462  565   -16.7908  -139.6310    12.1868
   153  465  565   -16.8754  -139.6642    12.1763
   154  461  565   -16.7621  -139.6198    12.1904
   155  460  565   -16.6947  -139.5954    12.1990
   156  459  565   -16.6883  -139.5918    12.1998
   157  458  565   -16.7227  -139.6021    12.1952
   158  457  565   -16.7133  -139.5974    12.1963
   159  456  565   -16.7517  -139.6091    12.1912
   160  455  565   -16.7712  -139.6142    12.1886
   161  451  565   -16.7994  -139.6181    12.1845
   162  447  566   -16.8023  -139.6131    12.1851
   163  448  566   -16.7941  -139.6118    12.1863
   164  449  566   -16.7848  -139.6100    12.1876
   165  450  566   -16.7847  -139.6115    12.1877
   166  446  566   -16.7865  -139.6063    12.1870
   167  445  566   -16.8242  -139.6176    12.1821
   168  444  566   -16.8539  -139.6263    12.1782
   169  443  566   -16.8611  -139.6273    12.1771
   170  442  566   -16.8725  -139.6297    12.1755
   171  441  566   -16.8527  -139.6215    12.1780
   172  440  566   -16.8668  -139.6248    12.1761
   173  439  566   -16.8407  -139.6145    12.1793
   174  437  566   -16.8003  -139.5980    12.1843
   175  436  566   -16.8133  -139.6009    12.1826
   176  435  566   -16.8274  -139.6042    12.1807
   177  438  566   -16.8189  -139.6057    12.1820
   178  423  569   -17.0793  -139.6713    12.1513
   179  422  569   -17.0171  -139.6489    12.1592
   180  421  569   -16.8821  -139.6019    12.1764
   181  420  569   -16.8805  -139.5999    12.1765
   182  424  569   -17.1696  -139.7032    12.1398
   183  419  570   -16.8629  -139.5924    12.1800
   184  418  570   -16.8243  -139.5779    12.1848
   185  417  570   -16.8442  -139.5832    12.1822
   186  416  570   -16.8401  -139.5803    12.1826
   187  415  570   -16.8364  -139.5777    12.1830
   188  414  570   -16.8428  -139.5784    12.1821
   189  413  570   -16.8406  -139.5762    12.1823
   190  412  570   -16.8588  -139.5809    12.1798
   191  411  570   -16.8452  -139.5748    12.1814
   192  410  570   -16.8293  -139.5680    12.1834
   193  409  570   -16.8760  -139.5823    12.1773
   194  408  570   -16.8314  -139.5659    12.1829
   195  407  571   -16.7611  -139.5406    12.1932
   196  406  571   -16.7487  -139.5350    12.1947
   197  405  571   -16.8364  -139.5630    12.1833
   198  282  571   -16.8720  -139.3976    12.1657
   199  283  571   -16.8227  -139.3829    12.1724
   200  284  571   -16.8276  -139.3860    12.1718
   201  285  571   -16.8289  -139.3878    12.1717
   202  286  571   -16.8219  -139.3869    12.1727
   203  401  571   -16.8967  -139.5774    12.1752
   204  400  571   -16.9302  -139.5872    12.1708
   205  399  571   -16.8448  -139.5572    12.1816
   206  398  571   -16.8483  -139.5569    12.1811
   207  397  571   -16.8840  -139.5674    12.1764
   208  396  571   -16.9028  -139.5723    12.1738
   209  395  571   -16.9177  -139.5758    12.1719
   210  394  571   -16.9210  -139.5754    12.1713
   211  393  571   -16.9129  -139.5713    12.1722
   212  392  571   -16.8776  -139.5580    12.1767
   213  391  571   -16.8573  -139.5498    12.1792
   214  390  571   -16.8467  -139.5448    12.1804
   215  389  571   -16.8291  -139.5375    12.1826
   216  388  571   -16.8425  -139.5405    12.1807
   217  387  571   -16.8173  -139.5306    12.1839
   218  386  571   -16.8221  -139.5308    12.1832
   219  385  571   -16.8078  -139.5246    12.1849
   220  384  571   -16.8004  -139.5207    12.1857
   221  383  571   -16.8077  -139.5217    12.1847
   222  382  571   -16.8202  -139.5244    12.1829
   223  381  571   -16.8594  -139.5360    12.1777
   224  380  571   -16.8588  -139.5344    12.1777
   225  287  571   -16.8509  -139.3979    12.1690
   226  288  571   -16.8497  -139.3989    12.1693
   227  289  571   -16.8630  -139.4047    12.1676
   228  290  571   -16.8615  -139.4057    12.1679
   229  291  571   -16.8481  -139.4027    12.1698
   230  292  571   -16.8404  -139.4016    12.1708
   231  293  571   -16.7446  -139.3717    12.1835
   232  294  571   -16.7533  -139.3760    12.1825
   233  295  571   -16.7567  -139.3786    12.1821
   234  296  571   -16.8052  -139.3958    12.1759
   235  281  571   -16.8820  -139.3994    12.1643
   236  405  572   -16.8430  -139.5651    12.1839
   237  403  572   -16.8651  -139.5696    12.1808
   238  402  572   -16.8371  -139.5587    12.1843
   239  401  572   -16.9006  -139.5786    12.1761
   240  380  572   -16.8431  -139.5290    12.1811
   241  379  572   -16.8540  -139.5312    12.1796
   242  378  572   -16.8357  -139.5236    12.1818
   243  296  572   -16.7588  -139.3805    12.1833
   244  297  572   -16.7644  -139.3838    12.1827
   245  298  572   -16.7619  -139.3844    12.1831
   246  299  572   -16.7610  -139.3855    12.1834
   247  300  572   -16.7696  -139.3898    12.1824
   248  301  572   -16.7821  -139.3953    12.1808
   249  302  572   -16.8005  -139.4027    12.1785
   250  303  572   -16.8046  -139.4055    12.1781
   251  304  572   -16.8012  -139.4058    12.1786
   252  305  572   -16.7993  -139.4067    12.1789
   253  306  572   -16.8051  -139.4100    12.1783
   254  307  572   -16.8157  -139.4149    12.1770
   255  308  572   -16.8236  -139.4189    12.1760
   256  309  572   -16.8319  -139.4231    12.1751
   257  310  572   -16.8337  -139.4251    12.1750
   258  311  572   -16.8128  -139.4197    12.1778
   259  312  572   -16.8716  -139.4404    12.1703
   260  313  572   -16.7519  -139.4026    12.1859
   261  314  572   -16.7865  -139.4154    12.1815
   262  315  572   -16.8042  -139.4226    12.1793
   263  316  572   -16.8036  -139.4238    12.1795
   264  317  572   -16.8203  -139.4308    12.1774
   265  318  572   -16.8142  -139.4302    12.1783
   266  319  572   -16.7965  -139.4258    12.1807
   267  320  572   -16.7964  -139.4272    12.1809
   268  321  572   -16.7797  -139.4231    12.1831
   269  322  572   -16.7872  -139.4270    12.1823
   270  323  572   -16.8002  -139.4328    12.1807
   271  404  572   -16.8725  -139.5735    12.1800
   272  334  573   -16.8349  -139.4598    12.1788
   273  333  573   -16.8419  -139.4607    12.1778
   274  332  573   -16.8506  -139.4621    12.1766
   275  331  573   -16.8513  -139.4609    12.1764
   276  330  573   -16.8612  -139.4627    12.1750
   277  329  573   -16.8496  -139.4575    12.1764
   278  328  573   -16.8521  -139.4568    12.1759
   279  327  573   -16.8520  -139.4554    12.1759
   280  335  573   -16.8089  -139.4527    12.1823
   281  324  573   -16.7989  -139.4336    12.1824
   282  323  573   -16.7840  -139.4272    12.1842
   283  336  573   -16.8074  -139.4536    12.1826
   284  337  573   -16.7991  -139.4523    12.1838
   285  338  573   -16.7921  -139.4514    12.1848
   286  339  573   -16.8007  -139.4557    12.1837
   287  340  573   -16.8215  -139.4640    12.1812
   288  341  573   -16.8112  -139.4620    12.1826
   289  342  573   -16.8063  -139.4619    12.1834
   290  343  573   -16.7904  -139.4580    12.1855
   291  344  573   -16.7872  -139.4584    12.1861
   292  345  573   -16.8048  -139.4657    12.1839
   293  346  573   -16.8089  -139.4684    12.1835
   294  347  573   -16.8146  -139.4718    12.1828
   295  348  573   -16.8329  -139.4793    12.1806
   296  349  573   -16.8246  -139.4780    12.1817
   297  350  573   -16.8154  -139.4764    12.1830
   298  351  573   -16.8334  -139.4838    12.1807
   299  352  573   -16.8318  -139.4847    12.1810
   300  353  573   -16.8406  -139.4891    12.1800
   301  371  573   -16.7689  -139.4911    12.1910
   302  355  573   -16.8274  -139.4876    12.1819
   303  356  573   -16.8245  -139.4881    12.1823
   304  357  573   -16.8485  -139.4975    12.1794
   305  358  573   -16.8131  -139.4871    12.1840
   306  359  573   -16.8202  -139.4909    12.1832
   307  360  573   -16.8374  -139.4981    12.1810
   308  361  573   -16.8369  -139.4994    12.1812
   309  362  573   -16.8585  -139.5080    12.1785
   310  363  573   -16.8390  -139.5030    12.1811
   311  372  573   -16.7729  -139.4939    12.1906
   312  373  573   -16.7957  -139.5030    12.1878
   313  374  573   -16.8513  -139.5229    12.1807
   314  375  573   -16.8559  -139.5259    12.1802
   315  376  573   -16.8679  -139.5313    12.1788
   316  377  573   -16.8667  -139.5324    12.1791
   317  378  573   -16.8585  -139.5311    12.1803
   318  364  573   -16.8389  -139.5044    12.1812
   319  365  573   -16.8317  -139.5034    12.1822
   320  366  573   -16.8231  -139.5020    12.1834
   321  367  573   -16.8084  -139.4986    12.1854
   322  368  573   -16.8010  -139.4975    12.1865
   323  369  573   -16.7746  -139.4902    12.1900
   324  325  573   -16.8353  -139.4470    12.1778
   325  370  573   -16.7862  -139.4955    12.1886
   326  354  573   -16.8276  -139.4862    12.1818

     1  1059  601   -16.6216  -140.4345    12.3226
     2  1107  601   -16.6599  -140.5202    12.3231
     3  1106  601   -16.6644  -140.5205    12.3224
     4  1105  601   -16.6569  -140.5161    12.3232
     5  1104  601   -16.6632  -140.5171    12.3224
     6  1103  601   -16.6323  -140.5034    12.3260
     7  1102  601   -16.6463  -140.5074    12.3242
     8  1101  601   -16.6432  -140.5048    12.3244
     9  1100  601   -16.6132  -140.4915    12.3280
    10  1099  601   -16.6043  -140.4865    12.3290
    11  1098  601   -16.5833  -140.4767    12.3315
    12  1097  601   -16.5884  -140.4773    12.3308
    13  1096  601   -16.6130  -140.4855    12.3276
    14  1095  601   -16.6195  -140.4866    12.3267
    15  1094  601   -16.6082  -140.4807    12.3280
    16  1093  601   -16.6163  -140.4824    12.3269
    17  1092  601   -16.6079  -140.4776    12.3278
    18  1091  601   -16.6597  -140.4965    12.3214
    19  1090  601   -16.6458  -140.4896    12.3230
    20  1089  601   -16.6249  -140.4799    12.3254
    21  1088  601   -16.6416  -140.4850    12.3232
    22  1087  601   -16.6284  -140.4783    12.3247
    23  1077  601   -16.6766  -140.4825    12.3177
    24  1076  601   -16.7118  -140.4949    12.3133
    25  1075  601   -16.6735  -140.4783    12.3179
    26  1074  601   -16.6803  -140.4796    12.3169
    27  1073  601   -16.6702  -140.4741    12.3180
    28  1072  601   -16.6489  -140.4643    12.3206
    29  1071  601   -16.6244  -140.4532    12.3235
    30  1070  601   -16.5878  -140.4374    12.3278
    31  1065  601   -16.6401  -140.4505    12.3209
    32  1064  601   -16.6396  -140.4489    12.3209
    33  1063  601   -16.6601  -140.4554    12.3182
    34  1062  601   -16.6480  -140.4492    12.3196
    35  1061  601   -16.6336  -140.4421    12.3213
    36  1060  601   -16.6280  -140.4384    12.3219
    37  1058  601   -16.6230  -140.4335    12.3223
    38  1057  601   -16.6317  -140.4355    12.3211
    39  1056  601   -16.6245  -140.4312    12.3219
    40  1055  601   -16.6323  -140.4328    12.3208
    41  1054  601   -16.6571  -140.4410    12.3177
    42  1053  601   -16.6423  -140.4337    12.3194
    43  1052  601   -16.6146  -140.4214    12.3227
    44  1051  601   -16.6259  -140.4244    12.3212
    45  1050  601   -16.6351  -140.4265    12.3199
    46  1049  601   -16.6345  -140.4248    12.3199
    47  1048  601   -16.6705  -140.4374    12.3154
    48  1046  601   -16.6682  -140.4335    12.3155
    49  1045  601   -16.6715  -140.4333    12.3150
    50  1044  601   -16.6361  -140.4181    12.3192
    51  1043  601   -16.6344  -140.4160    12.3193
    52  1042  601   -16.6618  -140.4251    12.3158
    53  1041  601   -16.6718  -140.4276    12.3144
    54  1040  601   -16.6566  -140.4202    12.3162
    55  1108  601   -16.6441  -140.5155    12.3251
    56  1120  602   -16.6693  -140.5429    12.3248
    57  1119  602   -16.6562  -140.5363    12.3263
    58  1118  602   -16.6418  -140.5291    12.3279
    59  1117  602   -16.6406  -140.5271    12.3280
    60  1116  602   -16.6235  -140.5189    12.3300
    61  1115  602   -16.6061  -140.5105    12.3320
    62  1114  602   -16.6008  -140.5070    12.3325
    63  1113  602   -16.6223  -140.5140    12.3298
    64  1112  602   -16.5954  -140.5019    12.3330
    65  1111  602   -16.6387  -140.5175    12.3275
    66  1110  602   -16.6456  -140.5188    12.3266
    67  1109  602   -16.6610  -140.5234    12.3246
    68  1154  602   -16.7116  -140.6100    12.3233
    69  1153  602   -16.7175  -140.6109    12.3225
    70  1019  602   -16.5965  -140.3658    12.3227
    71  1020  602   -16.6269  -140.3790    12.3191
    72  1021  602   -16.5675  -140.3575    12.3264
    73  1022  602   -16.5805  -140.3640    12.3250
    74  1023  602   -16.6126  -140.3779    12.3212
    75  1024  602   -16.5417  -140.3519    12.3299
    76  1025  602   -16.5934  -140.3734    12.3237
    77  1121  602   -16.6533  -140.5381    12.3268
    78  1027  602   -16.6382  -140.3937    12.3185
    79  1028  602   -16.6615  -140.4042    12.3157
    80  1029  602   -16.6649  -140.4070    12.3154
    81  1030  602   -16.6129  -140.3883    12.3219
    82  1031  602   -16.6090  -140.3882    12.3225
    83  1032  602   -16.6245  -140.3957    12.3207
    84  1033  602   -16.6691  -140.4145    12.3153
    85  1034  602   -16.6715  -140.4169    12.3152
    86  1035  602   -16.6638  -140.4154    12.3162
    87  1036  602   -16.6695  -140.4191    12.3156
    88  1037  602   -16.6354  -140.4073    12.3199
    89  1038  602   -16.6295  -140.4065    12.3207
    90  1039  602   -16.6324  -140.4091    12.3205
    91  1040  602   -16.6391  -140.4132    12.3197
    92  1122  602   -16.6680  -140.5454    12.3251
    93  1123  602   -16.6320  -140.5326    12.3296
    94  1124  602   -16.6268  -140.5320    12.3303
    95  1125  602   -16.6190  -140.5304    12.3314
    96  1126  602   -16.6135  -140.5297    12.3322
    97  1127  602   -16.6201  -140.5338    12.3315
    98  1128  602   -16.6170  -140.5340    12.3320
    99  1129  602   -16.6394  -140.5444    12.3293
   100  1130  602   -16.6274  -140.5411    12.3309
   101  1131  602   -16.6214  -140.5402    12.3318
   102  1132  602   -16.6075  -140.5361    12.3336
   103  1133  602   -16.5898  -140.5306    12.3358
   104  1134  602   -16.5986  -140.5355    12.3349
   105  1135  602   -16.5965  -140.5362    12.3352
   106  1136  602   -16.6202  -140.5471    12.3324
   107  1137  602   -16.6076  -140.5435    12.3341
   108  1138  602   -16.6155  -140.5481    12.3332
   109  1139  602   -16.6171  -140.5502    12.3332
   110  1152  602   -16.6696  -140.5903    12.3282
   111  1140  602   -16.6214  -140.5534    12.3327
   112  1141  602   -16.6118  -140.5511    12.3340
   113  1142  602   -16.6262  -140.5583    12.3324
   114  1143  602   -16.6311  -140.5617    12.3319
   115  1144  602   -16.6568  -140.5734    12.3289
   116  1145  602   -16.6598  -140.5761    12.3286
   117  1065  602   -16.6279  -140.4456    12.3238
   118  1066  602   -16.6449  -140.4537    12.3218
   119  1067  602   -16.6363  -140.4518    12.3230
   120  1068  602   -16.5775  -140.4303    12.3303
   121  1069  602   -16.5330  -140.4143    12.3359
   122  1070  602   -16.5869  -140.4369    12.3294
   123  1146  602   -16.6676  -140.5807    12.3278
   124  1147  602   -16.6699  -140.5830    12.3276
   125  1148  602   -16.6764  -140.5871    12.3269
   126  1149  602   -16.6642  -140.5837    12.3285
   127  1150  602   -16.6387  -140.5751    12.3318
   128  1151  602   -16.6746  -140.5908    12.3275
   129  1026  602   -16.6083  -140.3806    12.3220
   130  1019  603   -16.5846  -140.3610    12.3256
   131  1018  603   -16.5837  -140.3592    12.3255
   132  1154  603   -16.7094  -140.6090    12.3250
   133  1155  603   -16.7154  -140.6129    12.3244
   134  1156  603   -16.7334  -140.6215    12.3223
   135  1157  603   -16.7212  -140.6181    12.3239
   136  1158  603   -16.7235  -140.6205    12.3237
   137  1159  603   -16.7513  -140.6331    12.3204
   138  1160  603   -16.7360  -140.6285    12.3224
   139  1161  603   -16.7895  -140.6514    12.3160
   140  1162  603   -16.7970  -140.6558    12.3152
   141  1163  603   -16.7818  -140.6512    12.3172
   142  1164  603   -16.7794  -140.6518    12.3176
   143  1165  603   -16.7982  -140.6608    12.3154
   144  1166  603   -16.7796  -140.6548    12.3178
   145  1167  603   -16.7492  -140.6442    12.3216
   146  1168  603   -16.7570  -140.6488    12.3207
   147  1169  603   -16.6865  -140.6220    12.3294
   148  1170  603   -16.6573  -140.6118    12.3331
   149  1171  603   -16.6523  -140.6113    12.3338
   150  1172  603   -16.6219  -140.6006    12.3376
   151  1173  603   -16.7456  -140.6516    12.3227
   152  1174  603   -16.6655  -140.6210    12.3326
   153  1016  604   -16.5809  -140.3550    12.3271
   154  1015  604   -16.5906  -140.3573    12.3258
   155  1014  604   -16.6457  -140.3771    12.3190
   156  1013  604   -16.6742  -140.3867    12.3155
   157  1017  604   -16.5726  -140.3533    12.3282
   158  1012  605   -16.7018  -140.3957    12.3135
   159  1012  606   -16.6410  -140.3720    12.3222
   160  1011  606   -16.6525  -140.3750    12.3207
   161  1010  606   -16.6497  -140.3724    12.3209
   162  1009  606   -16.7528  -140.4108    12.3083
   163  1008  606   -16.6637  -140.3749    12.3190
   164  1007  606   -16.7463  -140.4053    12.3088
   165  1006  606   -16.6393  -140.3625    12.3217
   166  1004  607   -16.6326  -140.3568    12.3238
   167   991  607   -16.6612  -140.3488    12.3187
   168   990  607   -16.6827  -140.3556    12.3159
   169   992  607   -16.6757  -140.3558    12.3170
   170   993  607   -16.6303  -140.3398    12.3227
   171  1001  607   -16.6059  -140.3421    12.3266
   172  1000  607   -16.6324  -140.3509    12.3233
   173   999  607   -16.5607  -140.3217    12.3319
   174   998  607   -16.6214  -140.3437    12.3244
   175   997  607   -16.6412  -140.3499    12.3219
   176   996  607   -16.5707  -140.3212    12.3303
   177   995  607   -16.5577  -140.3148    12.3317
   178   994  607   -16.6534  -140.3502    12.3200
   179  1002  608   -16.7024  -140.3806    12.3164
   180  1004  608   -16.6930  -140.3799    12.3177
   181  1003  608   -16.6978  -140.3803    12.3170
   182  1001  608   -16.6126  -140.3445    12.3271
   183   989  608   -16.6349  -140.3355    12.3230
   184   988  608   -16.6049  -140.3225    12.3266
   185   987  608   -16.5806  -140.3117    12.3295
   186   986  608   -16.5741  -140.3078    12.3301
   187   985  608   -16.5447  -140.2950    12.3337
   188   984  609   -16.5571  -140.2981    12.3334
   189   983  609   -16.5793  -140.3052    12.3305
   190   982  609   -16.5896  -140.3077    12.3292
   191   981  609   -16.5094  -140.2754    12.3388
   192   985  609   -16.5500  -140.2968    12.3343
   193   980  610   -16.5994  -140.3083    12.3292
   194   979  610   -16.5999  -140.3071    12.3290
   195   976  611   -16.6108  -140.3067    12.3287
   196   975  611   -16.6247  -140.3105    12.3269
   197   974  611   -16.6331  -140.3123    12.3259
   198   973  611   -16.6168  -140.3046    12.3277
   199   972  611   -16.6264  -140.3068    12.3264
   200   977  611   -16.5982  -140.3033    12.3304
   201   972  612   -16.6453  -140.3139    12.3255
   202   971  612   -16.6241  -140.3043    12.3280
   203   970  612   -16.5854  -140.2880    12.3326
   204   969  612   -16.6635  -140.3164    12.3230
   205   968  612   -16.6533  -140.3110    12.3241
   206   967  612   -16.6376  -140.3036    12.3259
   207   966  612   -16.6213  -140.2959    12.3277
   208   965  612   -16.6242  -140.2955    12.3273
   209   964  612   -16.6053  -140.2868    12.3294
   210   963  612   -16.6116  -140.2878    12.3286
   211   962  612   -16.5894  -140.2778    12.3312
   212   960  613   -16.5764  -140.2697    12.3340
   213   959  613   -16.5308  -140.2508    12.3394
   214   958  613   -16.5629  -140.2616    12.3354
   215   957  613   -16.5299  -140.2476    12.3393
   216   956  613   -16.5148  -140.2403    12.3411
   217   961  613   -16.5436  -140.2586    12.3380
   218   955  614   -16.4898  -140.2291    12.3455
   219   956  614   -16.5046  -140.2363    12.3437

     1  1003  683   -16.3672  -140.2393    12.4601
     2  1002  683   -16.3786  -140.2422    12.4586
     3  1001  683   -16.4039  -140.2505    12.4556
     4  1000  683   -16.3878  -140.2429    12.4574
     5  1004  683   -16.3778  -140.2448    12.4590
     6   999  684   -16.4249  -140.2555    12.4543
     7   998  684   -16.5043  -140.2846    12.4452
     8   997  684   -16.4117  -140.2476    12.4557
     9   996  684   -16.4264  -140.2518    12.4539
    10   995  684   -16.4293  -140.2514    12.4534
    11   994  684   -16.3953  -140.2369    12.4572
    12   993  685   -16.3290  -140.2098    12.4660
    13   992  685   -16.3801  -140.2280    12.4601
    14   991  685   -16.3538  -140.2165    12.4630
    15   990  685   -16.3681  -140.2205    12.4613
    16   994  685   -16.3463  -140.2179    12.4642
    17   989  686   -16.3714  -140.2202    12.4622
    18   988  686   -16.3459  -140.2089    12.4650
    19   987  686   -16.3433  -140.2065    12.4652
    20   986  686   -16.3608  -140.2117    12.4631
    21   985  686   -16.3881  -140.2208    12.4599
    22   984  687   -16.4372  -140.2380    12.4555
    23   983  687   -16.4497  -140.2413    12.4539
    24   982  687   -16.4804  -140.2516    12.4503
    25   981  687   -16.4632  -140.2436    12.4522
    26   980  687   -16.4593  -140.2406    12.4525
    27   979  687   -16.4520  -140.2364    12.4533
    28   978  687   -16.4509  -140.2345    12.4533
    29   977  687   -16.4679  -140.2396    12.4512
    30   976  688   -16.4763  -140.2411    12.4515
    31   975  688   -16.4581  -140.2327    12.4535
    32   974  688   -16.4270  -140.2194    12.4569
    33   973  688   -16.4408  -140.2232    12.4552
    34   972  688   -16.4209  -140.2142    12.4574
    35   971  688   -16.4349  -140.2181    12.4557
    36   970  688   -16.3857  -140.1978    12.4612
    37   977  688   -16.4765  -140.2427    12.4516
    38   970  689   -16.4032  -140.2043    12.4606
    39   969  689   -16.4064  -140.2041    12.4601
    40   968  689   -16.4029  -140.2013    12.4604
    41   967  689   -16.3994  -140.1985    12.4607
    42   966  689   -16.4036  -140.1987    12.4601
    43   965  689   -16.4121  -140.2005    12.4591
    44   964  689   -16.4318  -140.2066    12.4567
    45   963  689   -16.4391  -140.2079    12.4557
    46   962  689   -16.4254  -140.2012    12.4572
    47   961  689   -16.4231  -140.1989    12.4573
    48   960  690   -16.4237  -140.1975    12.4585
    49   959  690   -16.4286  -140.1980    12.4578
    50   958  690   -16.4234  -140.1945    12.4583
    51   957  690   -16.4129  -140.1890    12.4594
    52   956  690   -16.4159  -140.1888    12.4590
    53   961  690   -16.4216  -140.1982    12.4589
    54   956  691   -16.3783  -140.1743    12.4646
    55   955  691   -16.3988  -140.1806    12.4622
    56   954  691   -16.3917  -140.1765    12.4629
    57   953  691   -16.4085  -140.1814    12.4609
    58   952  691   -16.4208  -140.1847    12.4593
    59   951  691   -16.3917  -140.1721    12.4626
    60   950  691   -16.3984  -140.1732    12.4617
    61   949  691   -16.3768  -140.1636    12.4640
    62   948  691   -16.3809  -140.1637    12.4634
    63   947  691   -16.3714  -140.1587    12.4644
    64   946  691   -16.3662  -140.1552    12.4650
    65   945  691   -16.3687  -140.1548    12.4645
    66   944  691   -16.3549  -140.1481    12.4660
    67   943  691   -16.3755  -140.1544    12.4635
    68   942  692   -16.3803  -140.1547    12.4642
    69   943  692   -16.3775  -140.1550    12.4646
    70   941  693   -16.3442  -140.1394    12.4696
    71   940  693   -16.3283  -140.1319    12.4713
    72   939  693   -16.3299  -140.1311    12.4710
    73   938  693   -16.3202  -140.1259    12.4720
    74   937  693   -16.2864  -140.1117    12.4758
    75   936  693   -16.3360  -140.1291    12.4700
    76   935  693   -16.3626  -140.1377    12.4669
    77   934  693   -16.3350  -140.1258    12.4699
    78   933  694   -16.3504  -140.1300    12.4694
    79   932  694   -16.3519  -140.1291    12.4691
    80   931  694   -16.3815  -140.1389    12.4656
    81   930  694   -16.3878  -140.1398    12.4648
    82   929  694   -16.3821  -140.1363    12.4654
    83   928  694   -16.3760  -140.1325    12.4659
    84   927  694   -16.3666  -140.1275    12.4669
    85   934  694   -16.3340  -140.1252    12.4714
    86   927  695   -16.3604  -140.1250    12.4690
    87   926  695   -16.3630  -140.1245    12.4686
    88   925  695   -16.3720  -140.1265    12.4674
    89   924  695   -16.3990  -140.1353    12.4642
    90   923  695   -16.3857  -140.1288    12.4656
    91   922  695   -16.3940  -140.1305    12.4645
    92   921  695   -16.3757  -140.1221    12.4665
    93   920  695   -16.3905  -140.1263    12.4647
    94   919  695   -16.3975  -140.1275    12.4638
    95   918  695   -16.4156  -140.1329    12.4617
    96   917  695   -16.4228  -140.1341    12.4608
    97   916  696   -16.4174  -140.1305    12.4627
    98   915  696   -16.4201  -140.1300    12.4623
    99   914  696   -16.4016  -140.1216    12.4643
   100   917  696   -16.4242  -140.1345    12.4620
   101   914  697   -16.4088  -140.1242    12.4648
   102   913  697   -16.4088  -140.1227    12.4647
   103   912  697   -16.4018  -140.1186    12.4654
   104   911  697   -16.3969  -140.1154    12.4659
   105   910  697   -16.3953  -140.1133    12.4659
   106   910  698   -16.4046  -140.1166    12.4662
   107   909  698   -16.3921  -140.1105    12.4675
   108   908  698   -16.3847  -140.1063    12.4682
   109   907  698   -16.3802  -140.1031    12.4686
   110   906  698   -16.3764  -140.1003    12.4689
   111   905  698   -16.3671  -140.0953    12.4699
   112   904  698   -16.3759  -140.0972    12.4688
   113   903  698   -16.3782  -140.0966    12.4684
   114   902  698   -16.3494  -140.0843    12.4716

     1  741  563   -16.8143  -140.0465    12.2109
     2  740  564   -16.8082  -140.0426    12.2130
     3  739  564   -16.8123  -140.0427    12.2124
     4  741  564   -16.8121  -140.0455    12.2126
     5  739  565   -16.8089  -140.0412    12.2142
     6  738  565   -16.8091  -140.0398    12.2141
     7  737  565   -16.8135  -140.0400    12.2134
     8  736  565   -16.7972  -140.0326    12.2154
     9  735  565   -16.8031  -140.0333    12.2145
    10  734  565   -16.7910  -140.0274    12.2159
    11  733  565   -16.8014  -140.0297    12.2145
    12  732  565   -16.8082  -140.0307    12.2135
    13  713  569   -16.7623  -139.9855    12.2229
    14  714  569   -16.8184  -140.0073    12.2159
    15  712  570   -16.8026  -139.9984    12.2191
    16  713  570   -16.8242  -140.0077    12.2165
    17  711  571   -16.7556  -139.9798    12.2264
    18  710  571   -16.7640  -139.9814    12.2251
    19  709  571   -16.7666  -139.9809    12.2247
    20  708  571   -16.7765  -139.9830    12.2234
    21  707  572   -16.7965  -139.9886    12.2221
    22  706  572   -16.7801  -139.9812    12.2241
    23  708  572   -16.8102  -139.9950    12.2205
    24  705  573   -16.7486  -139.9682    12.2295
    25  706  573   -16.7904  -139.9847    12.2243
    26  705  574   -16.7788  -139.9789    12.2270
    27  688  577   -16.7030  -139.9263    12.2388
    28  688  578   -16.6948  -139.9231    12.2413
    29  687  578   -16.7037  -139.9249    12.2400
    30  686  578   -16.6867  -139.9173    12.2421
    31  685  578   -16.6866  -139.9158    12.2419
    32  684  578   -16.6895  -139.9154    12.2415
    33  683  578   -16.6483  -139.8991    12.2466
    34  682  578   -16.6249  -139.8893    12.2495
    35  682  579   -16.6213  -139.8878    12.2513
    36  681  579   -16.5796  -139.8714    12.2564
    37  680  579   -16.6442  -139.8932    12.2481
    38  679  579   -16.6491  -139.8934    12.2475
    39  678  579   -16.6697  -139.8994    12.2448
    40  677  580   -16.6761  -139.9001    12.2452
    41  676  580   -16.6878  -139.9028    12.2436
    42  675  580   -16.6901  -139.9022    12.2432
    43  678  580   -16.6629  -139.8968    12.2470
    44  673  581   -16.6887  -139.8986    12.2446
    45  675  581   -16.6623  -139.8920    12.2481
    46  673  582   -16.6803  -139.8954    12.2471
    47  672  582   -16.7135  -139.9058    12.2428
    48  671  582   -16.7150  -139.9049    12.2425
    49  670  582   -16.7129  -139.9027    12.2427
    50  669  583   -16.7483  -139.9137    12.2395
    51  668  584   -16.7651  -139.9181    12.2387
    52  667  584   -16.7135  -139.8982    12.2450
    53  666  584   -16.6618  -139.8783    12.2514
    54  669  584   -16.7877  -139.9276    12.2361
    55  666  585   -16.6283  -139.8661    12.2570
    56  665  585   -16.5906  -139.8512    12.2615
    57  664  585   -16.5932  -139.8507    12.2611
    58  662  586   -16.6214  -139.8577    12.2588
    59  661  586   -16.6427  -139.8639    12.2560
    60  663  586   -16.5877  -139.8471    12.2630
    61  660  587   -16.7109  -139.8866    12.2488
    62  659  587   -16.7455  -139.8974    12.2444
    63  661  587   -16.6607  -139.8701    12.2552
    64  658  588   -16.7419  -139.8945    12.2462
    65  657  588   -16.7530  -139.8970    12.2447
    66  656  588   -16.7836  -139.9065    12.2408
    67  655  588   -16.7026  -139.8761    12.2508
    68  654  589   -16.7526  -139.8923    12.2458
    69  655  589   -16.7268  -139.8846    12.2491
    70  644  590   -16.7674  -139.8828    12.2442
    71  643  590   -16.7906  -139.8896    12.2411
    72  642  590   -16.7536  -139.8750    12.2456
    73  641  590   -16.7520  -139.8730    12.2457
    74  640  590   -16.7375  -139.8664    12.2474
    75  639  590   -16.7327  -139.8633    12.2479
    76  638  590   -16.7356  -139.8628    12.2475
    77  637  590   -16.7359  -139.8615    12.2473
    78  636  591   -16.7406  -139.8615    12.2479
    79  637  591   -16.7355  -139.8612    12.2487
    80  634  592   -16.7634  -139.8665    12.2463
    81  633  592   -16.7042  -139.8440    12.2537
    82  632  592   -16.6671  -139.8295    12.2582
    83  631  592   -16.6999  -139.8396    12.2540
    84  635  592   -16.7326  -139.8570    12.2503
    85  630  593   -16.7270  -139.8476    12.2519
    86  629  593   -16.6976  -139.8357    12.2555
    87  628  593   -16.6777  -139.8272    12.2579
    88  627  593   -16.6699  -139.8230    12.2587
    89  626  594   -16.7038  -139.8334    12.2558
    90  625  594   -16.7693  -139.8551    12.2475
    91  624  594   -16.7011  -139.8295    12.2559
    92  623  594   -16.6710  -139.8174    12.2595
    94  621  594   -16.7089  -139.8280    12.2545
    95  620  594   -16.7572  -139.8436    12.2484
    96  619  594   -16.9008  -139.8928    12.2306
    97  618  595   -16.7748  -139.8467    12.2474
    98  619  595   -16.9507  -139.9103    12.2254
    99  618  596   -16.6955  -139.8185    12.2587
   100  617  596   -16.7516  -139.8369    12.2516
   101  616  596   -16.8359  -139.8651    12.2413
   102  615  596   -16.6633  -139.8028    12.2624
   103  614  596   -16.6482  -139.7960    12.2642
   104  613  596   -16.6393  -139.7914    12.2652
   105  612  596   -16.6599  -139.7973    12.2625
   106  611  596   -16.8019  -139.8459    12.2446
   107  610  596   -16.8882  -139.8749    12.2336
   108  609  596   -16.6860  -139.8021    12.2589
   109  608  596   -16.7710  -139.8306    12.2481
   110  607  596   -16.7652  -139.8271    12.2487
   111  606  596   -16.7740  -139.8288    12.2474
   112  605  596   -16.6068  -139.7684    12.2684
   113  604  596   -16.6146  -139.7697    12.2674
   114  603  596   -16.8495  -139.8510    12.2377
   115  602  596   -16.7780  -139.8244    12.2466
   116  601  596   -16.6103  -139.7639    12.2676
   117  600  596   -16.7473  -139.8107    12.2502
   118  599  596   -16.7307  -139.8034    12.2522
   119  598  596   -16.7177  -139.7973    12.2538
   120  597  596   -16.7466  -139.8060    12.2500
   121  596  596   -16.7339  -139.8001    12.2515
   122  596  597   -16.7444  -139.8036    12.2516
   123  595  597   -16.7393  -139.8004    12.2523
   124  594  597   -16.6924  -139.7825    12.2580
   125  593  597   -16.6939  -139.7815    12.2577
   126  592  597   -16.7088  -139.7854    12.2556
   127  591  597   -16.7018  -139.7814    12.2564
   128  590  597   -16.6883  -139.7752    12.2580
   129  589  597   -16.6582  -139.7632    12.2616
   130  588  597   -16.7073  -139.7790    12.2554
   131  587  597   -16.7128  -139.7795    12.2546
   132  572  597   -16.7298  -139.7637    12.2507
   133  571  597   -16.7395  -139.7657    12.2494
   134  569  597   -16.7208  -139.7562    12.2515
   135  570  597   -16.7257  -139.7594    12.2510
   136  573  597   -16.7002  -139.7548    12.2546
   137  587  598   -16.6999  -139.7748    12.2576
   138  586  598   -16.6904  -139.7700    12.2587
   139  574  598   -16.6900  -139.7525    12.2574
   140  575  598   -16.6833  -139.7516    12.2584
   141  576  598   -16.6859  -139.7540    12.2581
   142  577  598   -16.6814  -139.7538    12.2588
   143  578  598   -16.6636  -139.7491    12.2611
   144  579  598   -16.6718  -139.7534    12.2602
   145  580  598   -16.6770  -139.7566    12.2597
   146  581  598   -16.6927  -139.7636    12.2578
   147  582  598   -16.6755  -139.7590    12.2601
   148  583  598   -16.7173  -139.7751    12.2550
   149  584  598   -16.7173  -139.7766    12.2551
   150  585  598   -16.6970  -139.7709    12.2578
   151  569  599   -16.7306  -139.7593    12.2531
   152  568  599   -16.7101  -139.7507    12.2556
   153  567  599   -16.7388  -139.7593    12.2519
   154  566  599   -16.7682  -139.7681    12.2481
   155  565  599   -16.7920  -139.7749    12.2450
   156  564  599   -16.7779  -139.7686    12.2467
   157  563  599   -16.7679  -139.7636    12.2479
   158  562  599   -16.7726  -139.7638    12.2472
   159  561  599   -16.7472  -139.7535    12.2503
   160  560  599   -16.7303  -139.7462    12.2523
   161  559  599   -16.7405  -139.7482    12.2509
   162  558  599   -16.7346  -139.7448    12.2515
   163  556  600   -16.7515  -139.7475    12.2506
   164  554  600   -16.7751  -139.7529    12.2474
   165  553  600   -16.8096  -139.7634    12.2430
   166  552  600   -16.8130  -139.7631    12.2424
   167  551  600   -16.8033  -139.7583    12.2435
   168  550  600   -16.8034  -139.7569    12.2434
   169  549  600   -16.7910  -139.7511    12.2449
   170  548  600   -16.7768  -139.7447    12.2466
   171  547  600   -16.7368  -139.7294    12.2514
   172  546  600   -16.7335  -139.7268    12.2517
   173  545  600   -16.7197  -139.7206    12.2533
   174  544  601   -16.7174  -139.7182    12.2548
   175  543  601   -16.6909  -139.7075    12.2580
   176  542  601   -16.7690  -139.7332    12.2482
   177  541  601   -16.6885  -139.7038    12.2581
   178  540  601   -16.8003  -139.7411    12.2441
   179  545  601   -16.6970  -139.7125    12.2575
   180  537  603   -16.8748  -139.7622    12.2372
   181  536  603   -16.8834  -139.7637    12.2360
   182  535  603   -16.8761  -139.7598    12.2368
   183  534  603   -16.8694  -139.7560    12.2375
   184  533  604   -16.6628  -139.6829    12.2646
   185  532  604   -16.6700  -139.6839    12.2636
   186  531  604   -16.7873  -139.7231    12.2488
   187  530  604   -16.7632  -139.7133    12.2517
   188  513  604   -16.7785  -139.6939    12.2480
   189  514  604   -16.7717  -139.6930    12.2490
   190  515  604   -16.7735  -139.6951    12.2488
   191  516  604   -16.7641  -139.6933    12.2501
   192  517  604   -16.7781  -139.6996    12.2485
   193  518  604   -16.7837  -139.7029    12.2478
   194  519  604   -16.7958  -139.7086    12.2464
   195  512  604   -16.7775  -139.6921    12.2481
   196  523  605   -16.8230  -139.7236    12.2449
   197  521  605   -16.8203  -139.7197    12.2450
   198  520  605   -16.8371  -139.7241    12.2428
   199  519  605   -16.8027  -139.7108    12.2470
   200  524  605   -16.5817  -139.6417    12.2752
   201  525  605   -16.8403  -139.7325    12.2429
   202  526  605   -16.6671  -139.6741    12.2647
   203  527  605   -16.6562  -139.6718    12.2661
   204  528  605   -16.7264  -139.6975    12.2575
   205  529  605   -16.7235  -139.6979    12.2580
   206  530  605   -16.6374  -139.6696    12.2688
   207  522  605   -16.5630  -139.6324    12.2773
   208  511  605   -16.7820  -139.6920    12.2488
   209  510  605   -16.7928  -139.6943    12.2474
   210  510  606   -16.7870  -139.6921    12.2495
   211  509  606   -16.7826  -139.6892    12.2500
   212  508  606   -16.7794  -139.6866    12.2502
   213  507  606   -16.7547  -139.6767    12.2533
   214  506  606   -16.7561  -139.6757    12.2529
   215  505  606   -16.7539  -139.6735    12.2531
   216  504  606   -16.7461  -139.6694    12.2539
   217  503  606   -16.7521  -139.6700    12.2531
   218  502  607   -16.7333  -139.6619    12.2567
   219  501  607   -16.7237  -139.6572    12.2578
   220  500  607   -16.7451  -139.6631    12.2550
   221  499  607   -16.7621  -139.6675    12.2528
   222  498  607   -16.7394  -139.6582    12.2555
   223  497  607   -16.7767  -139.6696    12.2507
   224  496  607   -16.7995  -139.6760    12.2478
   225  495  607   -16.7562  -139.6597    12.2531
   226  494  607   -16.7694  -139.6627    12.2514
   227  493  607   -16.7555  -139.6566    12.2530
   228  492  607   -16.7957  -139.6689    12.2478
   229  491  607   -16.8138  -139.6736    12.2455
   230  490  607   -16.7766  -139.6594    12.2500
   231  489  607   -16.8551  -139.6849    12.2401
   232  488  607   -16.8811  -139.6923    12.2367
   233  487  608   -16.8588  -139.6831    12.2408
   234  486  608   -16.8499  -139.6785    12.2418
   235  485  608   -16.8429  -139.6747    12.2425
   236  484  608   -16.8486  -139.6752    12.2417
   237  483  608   -16.8418  -139.6714    12.2425
   238  482  608   -16.8473  -139.6719    12.2417
   239  481  608   -16.8521  -139.6721    12.2410
   240  480  608   -16.8389  -139.6661    12.2425
   241  479  608   -16.8200  -139.6582    12.2448
   242  478  608   -16.8035  -139.6511    12.2467
   243  477  608   -16.8195  -139.6551    12.2446
   244  476  608   -16.7703  -139.6369    12.2506
   245  475  609   -16.6763  -139.6032    12.2636
   246  474  609   -16.5969  -139.5747    12.2734
   247  473  609   -16.7028  -139.6094    12.2601
   253  467  609   -16.8431  -139.6485    12.2420
   254  466  609   -16.8181  -139.6385    12.2450
   255  466  610   -16.7282  -139.6078    12.2576
   256  465  610   -16.6841  -139.5913    12.2630
   266  455  610   -16.7395  -139.5957    12.2551
   267  454  610   -16.7437  -139.5957    12.2545
   268  453  610   -16.7462  -139.5951    12.2541
   269  452  610   -16.9001  -139.6459    12.2348
   270  451  610   -16.8104  -139.6140    12.2458
   271  450  610   -16.7857  -139.6042    12.2489
   272  448  610   -16.7042  -139.5737    12.2589
   273  447  610   -16.7738  -139.5958    12.2499
   274  446  610   -16.7978  -139.6025    12.2468
   275  445  610   -16.7751  -139.5934    12.2495
   276  444  610   -16.7788  -139.5932    12.2489
   277  443  610   -16.7620  -139.5861    12.2509
   278  442  610   -16.7599  -139.5839    12.2511
   279  441  610   -16.7532  -139.5802    12.2518
   280  440  610   -16.7548  -139.5793    12.2515
   281  439  610   -16.7234  -139.5672    12.2554
   282  437  610   -16.7119  -139.5605    12.2565
   283  436  610   -16.6746  -139.5464    12.2611

     1  775  490   -17.3582  -140.3096    12.0396
     2  775  491   -17.3549  -140.3083    12.0414
     3  775  492   -17.3318  -140.2996    12.0459
     4  775  493   -17.3267  -140.2975    12.0480
     5  775  494   -17.3074  -140.2902    12.0520
     6  778  495   -17.2956  -140.2902    12.0554
     7  778  496   -17.2813  -140.2848    12.0587
     8  779  496   -17.2932  -140.2907    12.0573
     9  780  496   -17.2936  -140.2924    12.0573
    10  780  497   -17.2770  -140.2861    12.0610
    11  781  497   -17.2710  -140.2854    12.0620
    12  781  498   -17.2659  -140.2833    12.0641
    13  782  498   -17.2713  -140.2868    12.0635
    14  782  499   -17.2636  -140.2838    12.0660
    15  782  500   -17.2652  -140.2842    12.0672
    16  782  501   -17.2483  -140.2778    12.0708
    17  639  501   -17.1449  -140.0257    12.0690
    18  638  501   -17.1326  -140.0199    12.0705
    19  640  502   -17.1148  -140.0163    12.0746
    20  641  502   -17.1210  -140.0200    12.0738
    21  639  502   -17.1400  -140.0238    12.0711
    22  641  503   -17.1029  -140.0134    12.0777
    23  642  503   -17.1042  -140.0153    12.0776
    24  643  503   -17.0934  -140.0130    12.0792
    25  644  503   -17.0860  -140.0118    12.0803
    26  645  503   -17.0760  -140.0097    12.0817
    27  646  503   -17.0703  -140.0092    12.0826
    28  647  503   -17.1019  -140.0219    12.0785
    29  648  503   -17.1024  -140.0236    12.0785
    30  649  503   -17.1152  -140.0296    12.0770
    31  650  503   -17.1476  -140.0427    12.0727
    32  763  503   -17.2587  -140.2526    12.0700
    33  762  503   -17.3498  -140.2844    12.0579
    34  761  503   -17.3531  -140.2842    12.0573
    35  760  503   -17.3521  -140.2823    12.0573
    36  759  503   -17.3579  -140.2829    12.0565
    37  758  503   -17.3546  -140.2802    12.0567
    38  757  503   -17.3591  -140.2803    12.0560
    39  756  503   -17.3461  -140.2740    12.0577
    40  755  503   -17.2880  -140.2513    12.0652
    41  754  503   -17.3565  -140.2748    12.0561
    42  753  503   -17.3276  -140.2627    12.0597
    43  752  503   -17.3509  -140.2697    12.0566
    44  722  503   -17.2157  -140.1751    12.0715
    45  721  503   -17.1989  -140.1675    12.0736
    46  720  503   -17.1750  -140.1573    12.0766
    47  719  503   -17.1775  -140.1567    12.0762
    48  717  503   -17.1555  -140.1458    12.0788
    49  716  503   -17.1642  -140.1474    12.0776
    50  715  503   -17.1709  -140.1483    12.0765
    51  713  503   -17.1641  -140.1429    12.0772
    52  712  503   -17.2249  -140.1634    12.0690
    53  711  503   -17.1935  -140.1506    12.0730
    54  710  503   -17.1591  -140.1366    12.0775
    55  709  503   -17.1725  -140.1399    12.0757
    56  718  503   -17.1786  -140.1556    12.0759
    57  694  504   -17.1755  -140.1184    12.0751
    58  695  504   -17.1658  -140.1164    12.0765
    59  696  504   -17.1637  -140.1171    12.0769
    60  697  504   -17.1483  -140.1131    12.0790
    61  698  504   -17.1629  -140.1198    12.0771
    62  699  504   -17.1701  -140.1239    12.0763
    63  700  504   -17.1876  -140.1317    12.0741
    64  701  504   -17.1593  -140.1230    12.0780
    65  702  504   -17.1699  -140.1283    12.0767
    66  703  504   -17.1869  -140.1360    12.0745
    67  704  504   -17.1779  -140.1342    12.0758
    68  705  504   -17.1606  -140.1295    12.0782
    69  706  504   -17.1636  -140.1320    12.0780
    70  653  504   -17.1268  -140.0396    12.0773
    71  692  504   -17.1876  -140.1197    12.0733
    72  691  504   -17.1756  -140.1139    12.0749
    73  690  504   -17.1627  -140.1077    12.0765
    74  689  504   -17.1930  -140.1172    12.0723
    75  688  504   -17.1760  -140.1095    12.0744
    76  687  504   -17.2134  -140.1215    12.0694
    77  686  504   -17.2046  -140.1169    12.0704
    78  685  504   -17.2082  -140.1166    12.0699
    79  654  504   -17.1132  -140.0362    12.0793
    80  684  504   -17.2353  -140.1249    12.0662
    81  683  504   -17.1680  -140.0992    12.0750
    82  682  504   -17.1706  -140.0986    12.0746
    83  681  504   -17.1542  -140.0912    12.0766
    84  723  504   -17.2531  -140.1900    12.0680
    85  724  504   -17.2635  -140.1953    12.0668
    86  725  504   -17.2640  -140.1970    12.0668
    87  726  504   -17.2832  -140.2055    12.0643
    88  727  504   -17.2864  -140.2081    12.0640
    89  728  504   -17.2691  -140.2034    12.0664
    90  729  504   -17.2760  -140.2074    12.0656
    91  731  504   -17.3046  -140.2208    12.0620
    92  732  504   -17.3169  -140.2268    12.0605
    93  733  504   -17.2858  -140.2170    12.0646
    94  734  504   -17.2531  -140.2066    12.0691
    95  735  504   -17.2533  -140.2082    12.0691
    96  736  504   -17.2421  -140.2056    12.0707
    97  737  504   -17.2679  -140.2166    12.0673
    98  738  504   -17.2864  -140.2248    12.0649
    99  739  504   -17.2389  -140.2090    12.0715
   100  740  504   -17.2935  -140.2304    12.0642
   101  741  504   -17.2747  -140.2251    12.0668
   102  742  504   -17.2687  -140.2244    12.0678
   103  743  504   -17.2673  -140.2254    12.0681
   104  745  504   -17.3288  -140.2508    12.0601
   105  746  504   -17.3298  -140.2527    12.0601
   106  747  504   -17.3143  -140.2486    12.0623
   107  748  504   -17.3320  -140.2565    12.0600
   108  749  504   -17.3471  -140.2636    12.0582
   109  750  504   -17.3327  -140.2598    12.0603
   110  751  504   -17.3264  -140.2590    12.0612
   111  680  504   -17.1528  -140.0892    12.0767
   112  679  504   -17.2122  -140.1091    12.0688
   113  677  504   -17.1222  -140.0737    12.0805
   114  676  504   -17.1307  -140.0753    12.0793
   115  675  504   -17.1382  -140.0765    12.0782
   116  674  504   -17.1892  -140.0933    12.0713
   117  673  504   -17.1725  -140.0858    12.0734
   118  672  504   -17.1677  -140.0826    12.0739
   119  671  504   -17.1474  -140.0738    12.0765
   120  670  504   -17.1029  -140.0564    12.0823
   121  669  504   -17.0941  -140.0517    12.0833
   122  668  504   -17.1050  -140.0541    12.0818
   123  652  504   -17.0999  -140.0285    12.0808
   124  651  504   -17.0809  -140.0202    12.0832
   125  667  504   -17.0981  -140.0502    12.0826
   126  665  504   -17.0887  -140.0438    12.0836
   127  664  504   -17.0747  -140.0373    12.0854
   128  663  504   -17.0704  -140.0343    12.0858
   129  662  504   -17.0599  -140.0291    12.0871
   130  661  504   -17.0851  -140.0366    12.0837
   131  660  504   -17.0963  -140.0391    12.0821
   132  659  504   -17.0796  -140.0316    12.0842
   133  658  504   -17.0773  -140.0293    12.0844
   134  657  504   -17.0773  -140.0278    12.0843
   135  656  504   -17.1047  -140.0361    12.0806
   136  655  504   -17.1466  -140.0496    12.0749
   137  693  504   -17.1491  -140.1073    12.0785
   138  707  504   -17.1529  -140.1297    12.0795

    1  286  530   -16.8981  -139.4188    12.1058
    2  285  530   -16.8971  -139.4170    12.1059
    3  287  531   -16.9147  -139.4255    12.1051
    4  288  531   -16.9286  -139.4314    12.1033
    5  289  531   -16.9293  -139.4331    12.1034
    6  286  531   -16.9200  -139.4258    12.1043
    7  289  532   -16.9250  -139.4315    12.1053
    8  290  532   -16.9204  -139.4315    12.1061
    9  291  532   -16.9420  -139.4400    12.1033
   10  292  532   -16.9421  -139.4415    12.1034
   11  293  532   -16.9444  -139.4437    12.1032
   12  294  532   -16.9511  -139.4473    12.1024
   13  294  533   -16.9482  -139.4462    12.1042
   14  295  533   -16.9553  -139.4499    12.1033
   15  296  533   -16.9588  -139.4525    12.1030
   16  297  533   -16.9584  -139.4539    12.1031
   17  298  533   -16.9706  -139.4593    12.1016
   18  299  533   -16.9782  -139.4632    12.1006
   19  300  533   -16.9777  -139.4645    12.1008
   20  301  534   -16.9509  -139.4570    12.1059
   21  302  534   -16.9303  -139.4517    12.1087
   22  303  534   -16.9179  -139.4491    12.1105
   23  304  534   -16.9195  -139.4511    12.1104
   24  305  534   -16.9147  -139.4509    12.1111
   25  306  534   -16.8676  -139.4369    12.1175
   26  300  534   -16.9567  -139.4575    12.1050
   27  306  535   -16.8952  -139.4458    12.1152
   28  307  535   -16.8884  -139.4450    12.1162
   29  308  536   -16.9011  -139.4504    12.1160
   30  309  536   -16.9063  -139.4536    12.1154
   31  307  536   -16.8812  -139.4425    12.1186
   32  309  537   -16.9025  -139.4522    12.1173
   33  310  537   -16.9098  -139.4560    12.1165
   34  311  537   -16.9141  -139.4589    12.1160
   35  312  537   -16.9164  -139.4611    12.1158
   36  313  537   -16.9159  -139.4624    12.1160
   37  314  537   -16.9151  -139.4635    12.1162
   38  315  538   -16.9142  -139.4645    12.1178
   39  316  538   -16.9045  -139.4628    12.1192
   40  317  538   -16.9049  -139.4643    12.1192
   41  318  538   -16.9070  -139.4665    12.1190
   42  319  538   -16.8902  -139.4624    12.1213
   43  320  538   -16.8853  -139.4622    12.1220
   44  321  538   -16.8900  -139.4652    12.1215
   45  367  538   -16.8930  -139.5327    12.1261
   46  322  539   -16.8792  -139.4630    12.1244
   47  323  539   -16.8752  -139.4631    12.1251
   48  324  539   -16.8623  -139.4603    12.1268
   49  325  539   -16.8723  -139.4650    12.1256
   50  326  539   -16.8743  -139.4671    12.1255
   51  366  539   -16.8990  -139.5331    12.1265
   52  367  539   -16.9032  -139.5359    12.1260
   53  321  539   -16.8814  -139.4622    12.1240
   54  330  540   -16.8439  -139.4627    12.1313
   55  328  540   -16.8772  -139.4708    12.1267
   56  327  540   -16.8747  -139.4685    12.1269
   57  366  540   -16.8915  -139.5304    12.1289
   58  329  540   -16.8702  -139.4699    12.1277
   59  335  541   -16.8478  -139.4710    12.1326
   60  332  541   -16.8537  -139.4686    12.1315
   61  331  541   -16.8498  -139.4659    12.1320
   62  330  541   -16.8733  -139.4722    12.1288
   63  334  541   -16.8508  -139.4706    12.1321
   64  333  541   -16.8558  -139.4708    12.1314
   65  365  541   -16.8900  -139.5283    12.1303
   66  364  541   -16.8870  -139.5258    12.1307
   67  363  541   -16.8813  -139.5225    12.1313
   68  362  541   -16.8805  -139.5208    12.1313
   69  361  541   -16.8661  -139.5145    12.1331
   70  360  541   -16.8471  -139.5068    12.1355
   71  359  541   -16.8398  -139.5029    12.1363
   72  348  541   -16.8386  -139.4866    12.1353
   73  349  541   -16.8409  -139.4888    12.1351
   74  350  541   -16.8434  -139.4911    12.1349
   75  351  541   -16.8363  -139.4902    12.1360
   76  352  541   -16.8462  -139.4949    12.1348
   77  353  541   -16.8401  -139.4944    12.1357
   78  355  541   -16.8417  -139.4978    12.1357
   79  356  541   -16.8411  -139.4990    12.1359
   80  358  541   -16.8407  -139.5018    12.1361
   81  366  541   -16.8842  -139.5278    12.1312
   82  347  542   -16.8351  -139.4839    12.1370
   83  346  542   -16.8357  -139.4826    12.1368
   84  345  542   -16.8363  -139.4814    12.1366
   85  344  542   -16.8306  -139.4781    12.1373
   86  343  542   -16.8350  -139.4781    12.1366
   87  341  542   -16.8559  -139.4821    12.1336
   88  340  542   -16.8545  -139.4802    12.1337
   89  339  542   -16.8604  -139.4808    12.1328
   90  338  542   -16.8573  -139.4783    12.1331
   91  337  542   -16.8506  -139.4746    12.1339
   92  348  542   -16.8375  -139.4861    12.1368

     1  230  552   -16.7730  -139.2943    12.1469
     2  230  553   -16.7711  -139.2936    12.1486
     3  230  554   -16.7608  -139.2901    12.1513
     4  230  555   -16.7546  -139.2879    12.1535
     5  230  556   -16.7605  -139.2897    12.1541
     6  230  557   -16.7589  -139.2890    12.1557
     7  230  558   -16.7613  -139.2896    12.1568
     8  229  559   -16.7522  -139.2851    12.1593
     9  228  559   -16.7397  -139.2796    12.1608
    10  227  559   -16.7398  -139.2782    12.1607
    11  226  559   -16.7416  -139.2774    12.1604
    12  225  559   -16.7319  -139.2729    12.1615
    13  224  559   -16.7392  -139.2738    12.1605
    14  223  560   -16.7348  -139.2708    12.1623
    15  223  561   -16.7162  -139.2646    12.1661
    16  222  562   -16.7311  -139.2678    12.1656
    17  221  563   -16.7184  -139.2622    12.1685
    18  220  564   -16.7324  -139.2650    12.1680
    19  219  564   -16.7069  -139.2555    12.1712
    20  218  565   -16.7113  -139.2553    12.1719
    21  216  566   -16.7031  -139.2497    12.1741
    22  217  566   -16.7187  -139.2561    12.1722
    23  215  567   -16.7334  -139.2577    12.1716
    24  213  568   -16.7150  -139.2489    12.1751
    25  214  568   -16.7204  -139.2520    12.1746
    26  212  569   -16.7205  -139.2490    12.1758
    27  211  570   -16.6690  -139.2310    12.1835
    28  210  570   -16.6610  -139.2271    12.1844
    29  209  571   -16.6720  -139.2290    12.1843
    30  207  572   -16.6826  -139.2294    12.1841
    31  208  572   -16.6440  -139.2185    12.1890
    32  206  573   -16.6396  -139.2141    12.1908
    33  204  574   -16.6669  -139.2198    12.1886
    34  205  574   -16.6504  -139.2159    12.1907
    35  203  575   -16.6548  -139.2143    12.1914
    36  202  576   -16.6710  -139.2179    12.1907
    37  200  577   -16.6418  -139.2057    12.1955
    38  201  577   -16.6522  -139.2104    12.1943
    39  199  578   -16.6429  -139.2044    12.1966
    40  198  579   -16.6343  -139.2001    12.1990
    41  196  580   -16.6300  -139.1958    12.2007
    42  197  580   -16.6058  -139.1895    12.2038
    43  194  581   -16.6229  -139.1905    12.2027
    44  195  581   -16.6223  -139.1917    12.2029
    45  193  582   -16.6182  -139.1875    12.2045
    46  192  582   -16.6596  -139.1992    12.1992
    47  190  583   -16.6542  -139.1945    12.2011
    48  191  583   -16.6581  -139.1971    12.2008
    49  188  584   -16.6964  -139.2049    12.1969
    50  189  584   -16.6818  -139.2017    12.1989
    51  186  585   -16.6740  -139.1948    12.2009
    52  185  585   -16.6630  -139.1899    12.2022
    53  187  585   -16.6862  -139.2001    12.1995
    54  184  586   -16.6759  -139.1924    12.2018
    55  183  586   -16.6310  -139.1768    12.2074
    56  182  586   -16.6935  -139.1952    12.1994
    57  180  587   -16.7294  -139.2036    12.1959
    58  179  587   -16.7159  -139.1979    12.1976
    59  178  587   -16.7328  -139.2018    12.1953
    60  181  587   -16.7235  -139.2031    12.1968
    61  176  588   -16.7271  -139.1970    12.1972
    62  175  588   -16.7209  -139.1936    12.1979
    63  177  588   -16.6944  -139.1881    12.2015
    64  174  589   -16.6757  -139.1777    12.2050
    65  173  589   -16.6902  -139.1809    12.2030
    66  172  589   -16.7824  -139.2087    12.1912
    67  170  590   -16.7518  -139.1960    12.1963
    68  169  590   -16.7090  -139.1810    12.2016
    69  171  590   -16.7213  -139.1878    12.2003
    70  167  591   -16.6589  -139.1623    12.2091
    71  168  591   -16.6999  -139.1766    12.2040
    72  166  592   -16.5692  -139.1324    12.2218
    73  165  592   -16.6008  -139.1410    12.2176
    74  164  592   -16.4925  -139.1054    12.2313
    75  162  593   -16.7822  -139.1938    12.1955
    76  161  593   -16.8075  -139.2003    12.1922
    77  160  593   -16.5564  -139.1198    12.2241
    78  163  593   -16.6105  -139.1410    12.2175
    79  159  594   -16.7020  -139.1641    12.2068
    80  158  594   -16.7025  -139.1628    12.2066
    81  157  594   -16.7625  -139.1803    12.1989
    82  156  594   -16.6904  -139.1562    12.2079
    83  155  594   -16.7514  -139.1740    12.2001
    84  154  594   -16.7311  -139.1662    12.2025
    85  153  595   -16.6481  -139.1385    12.2144
    88  150  595   -16.7183  -139.1564    12.2051
    89  149  595   -16.7193  -139.1553    12.2049
    90  148  595   -16.7157  -139.1528    12.2052
    91  146  596   -16.7000  -139.1448    12.2084
    92  145  596   -16.7269  -139.1519    12.2048
    93  144  596   -16.7239  -139.1495    12.2051
    94  143  596   -16.7201  -139.1469    12.2055
    95  142  596   -16.7097  -139.1422    12.2067
    96  147  596   -16.7164  -139.1514    12.2064
    97  141  597   -16.6982  -139.1371    12.2094
    98  140  597   -16.6933  -139.1341    12.2099
    99  139  597   -16.6905  -139.1318    12.2102
   100  138  597   -16.6863  -139.1291    12.2106
   101  137  597   -16.7027  -139.1328    12.2084
   102  135  598   -16.6851  -139.1243    12.2119
   103  134  598   -16.6663  -139.1171    12.2141
   104  136  598   -16.6738  -139.1222    12.2134
   105  133  599   -16.6582  -139.1130    12.2164
   106  132  599   -16.6297  -139.1026    12.2199
   107  131  599   -16.6432  -139.1055    12.2182
   108  121  599   -16.6088  -139.0807    12.2215
   109  122  599   -16.6018  -139.0799    12.2225
   110  119  600   -16.5981  -139.0744    12.2240
   111  120  600   -16.5808  -139.0704    12.2263
   112  130  600   -16.5346  -139.0699    12.2332
   113  124  600   -16.6352  -139.0930    12.2198
   114  123  600   -16.5881  -139.0769    12.2257
   115  129  600   -16.5464  -139.0722    12.2316
   116  128  600   -16.5559  -139.0738    12.2303
   117  126  601   -16.6086  -139.0873    12.2248
   118  127  601   -16.5488  -139.0700    12.2325
   119  125  601   -16.5410  -139.0648    12.2332
   120  118  601   -16.5863  -139.0692    12.2268
   121  117  601   -16.6037  -139.0732    12.2245
   122  116  601   -16.5733  -139.0623    12.2283
   123  115  601   -16.5982  -139.0687    12.2250
   124  114  601   -16.5655  -139.0571    12.2290
   125  113  601   -16.5684  -139.0566    12.2286
   126  111  602   -16.6057  -139.0653    12.2250
   127  110  602   -16.6061  -139.0640    12.2248
   128  109  602   -16.6215  -139.0674    12.2227
   129  108  602   -16.6128  -139.0633    12.2237
   130  112  602   -16.5612  -139.0528    12.2307
   131  107  603   -16.6353  -139.0687    12.2221
   132  106  603   -16.6157  -139.0612    12.2245
   133  105  603   -16.6262  -139.0631    12.2230
   134  104  603   -16.6127  -139.0575    12.2246
   135  103  603   -16.6088  -139.0549    12.2250
   136  102  603   -16.6153  -139.0555    12.2240
   137  101  603   -16.6009  -139.0497    12.2257
   138  100  603   -16.5899  -139.0449    12.2270
   139   99  603   -16.5911  -139.0439    12.2268
   140   97  604   -16.5901  -139.0406    12.2280
   141   98  604   -16.6062  -139.0470    12.2261
   142   96  605   -16.5843  -139.0372    12.2301
   143   95  606   -16.5784  -139.0338    12.2321
   144   94  607   -16.5556  -139.0252    12.2364
   145   93  608   -16.5512  -139.0223    12.2382
   146   92  609   -16.5540  -139.0216    12.2390
   147   91  610   -16.5610  -139.0222    12.2393
   148   90  611   -16.5461  -139.0161    12.2425
