; ENVI Output of ROIs (5.4) [Mon Aug 05 11:33:17 2019]
; Number of ROIs: 13
; File Dimension: 1328 x 1184
;
; ROI name: Region #1
; ROI rgb value: {255, 0, 0}
; ROI npts: 166
;
; ROI name: Region #2
; ROI rgb value: {0, 255, 0}
; ROI npts: 172
;
; ROI name: Region #3
; ROI rgb value: {0, 0, 255}
; ROI npts: 167
;
; ROI name: Region #4
; ROI rgb value: {255, 255, 0}
; ROI npts: 75
;
; ROI name: Region #5
; ROI rgb value: {0, 255, 255}
; ROI npts: 91
;
; ROI name: Region #6
; ROI rgb value: {255, 0, 255}
; ROI npts: 100
;
; ROI name: Region #7
; ROI rgb value: {176, 48, 96}
; ROI npts: 118
;
; ROI name: Region #8
; ROI rgb value: {46, 139, 87}
; ROI npts: 61
;
; ROI name: Region #9
; ROI rgb value: {160, 32, 240}
; ROI npts: 65
;
; ROI name: Region #10
; ROI rgb value: {255, 127, 80}
; ROI npts: 91
;
; ROI name: Region #11
; ROI rgb value: {127, 255, 212}
; ROI npts: 145
;
; ROI name: Region #12
; ROI rgb value: {218, 112, 214}
; ROI npts: 122
;
; ROI name: Region #13
; ROI rgb value: {160, 82, 45}
; ROI npts: 53
;   ID    X    Y         B1         B2         B3
     1  437  965  -175.1514    52.4283   -27.4526
     2  438  965  -175.1545    52.4281   -27.4527
     3  437  966  -175.1448    52.4271   -27.4515
     4  436  966  -175.1450    52.4280   -27.4516
     5  435  966  -175.1580    52.4315   -27.4522
     6  434  966  -175.1573    52.4322   -27.4523
     7  433  967  -175.1537    52.4324   -27.4514
     8  431  968  -175.1487    52.4331   -27.4504
     9  432  968  -175.1514    52.4328   -27.4505
    10  430  969  -175.1443    52.4332   -27.4495
    11  429  969  -175.1454    52.4342   -27.4496
    12  428  969  -175.1444    52.4349   -27.4496
    13  427  969  -175.1517    52.4372   -27.4500
    14  426  969  -175.1519    52.4381   -27.4501
    15  425  969  -175.1487    52.4383   -27.4501
    16  424  969  -175.1504    52.4395   -27.4502
    17  423  969  -175.1491    52.4401   -27.4502
    18  422  969  -175.1453    52.4402   -27.4501
    19  421  969  -175.1451    52.4410   -27.4502
    20  419  969  -175.1422    52.4421   -27.4502
    21  418  969  -175.1412    52.4428   -27.4502
    22  408  969  -175.1241    52.4478   -27.4501
    23  409  969  -175.1249    52.4472   -27.4501
    24  407  970  -175.1208    52.4481   -27.4492
    25  406  970  -175.1147    52.4477   -27.4490
    26  405  970  -175.1161    52.4488   -27.4492
    27  408  970  -175.1239    52.4479   -27.4493
    28  403  971  -175.1259    52.4526   -27.4490
    29  402  971  -175.1233    52.4529   -27.4489
    30  401  971  -175.1316    52.4555   -27.4494
    31  387  971  -175.1251    52.4661   -27.4502
    32  397  972  -175.1202    52.4566   -27.4483
    33  396  972  -175.1248    52.4585   -27.4486
    34  400  972  -175.1217    52.4544   -27.4481
    35  387  972  -175.1208    52.4653   -27.4491
    36  398  972  -175.1258    52.4569   -27.4485
    37  387  973  -175.1291    52.4671   -27.4487
    38  386  973  -175.1358    52.4693   -27.4491
    39  385  973  -175.1311    52.4692   -27.4489
    40  384  973  -175.1277    52.4694   -27.4488
    41  383  973  -175.1307    52.4708   -27.4491
    42  382  973  -175.1275    52.4710   -27.4490
    43  381  973  -175.1238    52.4711   -27.4489
    44  380  973  -175.1247    52.4722   -27.4490
    45  378  974  -175.1249    52.4740   -27.4483
    46  377  974  -175.1197    52.4738   -27.4482
    47  376  974  -175.1218    52.4750   -27.4483
    48  375  974  -175.1207    52.4757   -27.4483
    49  380  974  -175.1196    52.4712   -27.4479
    50  374  975  -175.1156    52.4755   -27.4473
    51  373  975  -175.1140    52.4761   -27.4473
    52  372  975  -175.1096    52.4760   -27.4472
    53  371  975  -175.1095    52.4768   -27.4473
    54  370  975  -175.1093    52.4776   -27.4473
    55  369  975  -175.1075    52.4781   -27.4473
    56  368  976  -175.1029    52.4781   -27.4463
    57  367  976  -175.1013    52.4786   -27.4463
    58  366  976  -175.1012    52.4794   -27.4464
    59  365  976  -175.1011    52.4803   -27.4465
    60  364  976  -175.1007    52.4810   -27.4465
    61  363  976  -175.0976    52.4813   -27.4465
    62  362  976  -175.0971    52.4820   -27.4465
    63  361  976  -175.0982    52.4831   -27.4466
    64  360  976  -175.0994    52.4842   -27.4468
    65  358  976  -175.1016    52.4863   -27.4471
    66  356  976  -175.0993    52.4876   -27.4471
    67  355  976  -175.0972    52.4880   -27.4471
    68  343  978  -175.0894    52.4967   -27.4459
    69  342  979  -175.0935    52.4985   -27.4454
    70  340  979  -175.0913    52.4997   -27.4454
    71  339  979  -175.0907    52.5005   -27.4455
    72  338  979  -175.0886    52.5009   -27.4454
    73  337  979  -175.0883    52.5016   -27.4455
    74  336  979  -175.0865    52.5021   -27.4455
    75  335  979  -175.0857    52.5028   -27.4455
    76  334  979  -175.0849    52.5035   -27.4456
    77  333  979  -175.0841    52.5042   -27.4456
    78  332  979  -175.0812    52.5044   -27.4456
    79  325  979  -175.0835    52.5109   -27.4462
    80  324  979  -175.0826    52.5115   -27.4463
    81  322  980  -175.0746    52.5116   -27.4452
    82  323  980  -175.0780    52.5115   -27.4453
    83  322  981  -175.0780    52.5124   -27.4445
    84  321  981  -175.0760    52.5128   -27.4445
    85  320  981  -175.0759    52.5136   -27.4446
    86  319  982  -175.0751    52.5144   -27.4438
    87  317  982  -175.0723    52.5155   -27.4438
    88  316  982  -175.0698    52.5158   -27.4437
    89  315  982  -175.0697    52.5166   -27.4438
    90  314  982  -175.0670    52.5169   -27.4438
    91  313  982  -175.0650    52.5174   -27.4438
    92  311  982  -175.0612    52.5183   -27.4438
    93  310  982  -175.0588    52.5186   -27.4437
    94  309  982  -175.0570    52.5191   -27.4437
    95  291  982  -175.0834    52.5400   -27.4464
    96  292  982  -175.0837    52.5392   -27.4463
    97  293  982  -175.0842    52.5385   -27.4462
    98  294  982  -175.0914    52.5392   -27.4465
    99  295  982  -175.0826    52.5364   -27.4460
   100  290  982  -175.0830    52.5408   -27.4464
   101  302  983  -175.0684    52.5275   -27.4440
   102  301  983  -175.0717    52.5290   -27.4442
   103  300  983  -175.0749    52.5306   -27.4444
   104  299  983  -175.0806    52.5327   -27.4448
   105  298  983  -175.0791    52.5332   -27.4448
   106  297  983  -175.0800    52.5342   -27.4449
   107  296  983  -175.0794    52.5350   -27.4449
   108  304  983  -175.0655    52.5252   -27.4437
   109  305  983  -175.0644    52.5241   -27.4435
   110  306  983  -175.0617    52.5227   -27.4433
   111  307  983  -175.0559    52.5206   -27.4430
   112  308  983  -175.0614    52.5209   -27.4432
   113  303  983  -175.0715    52.5273   -27.4440
   114  262  986  -175.0736    52.5629   -27.4448
   115  264  986  -175.1039    52.5677   -27.4461
   116  280  986  -175.0725    52.5473   -27.4433
   117  279  986  -175.0697    52.5475   -27.4433
   118  278  986  -175.0745    52.5494   -27.4436
   119  277  986  -175.0833    52.5522   -27.4441
   120  276  986  -175.0801    52.5523   -27.4440
   121  275  986  -175.0848    52.5542   -27.4443
   122  274  986  -175.0848    52.5551   -27.4444
   123  273  986  -175.0869    52.5564   -27.4446
   124  272  986  -175.0925    52.5584   -27.4449
   125  271  986  -175.0879    52.5583   -27.4448
   126  270  986  -175.0874    52.5590   -27.4448
   127  269  986  -175.0952    52.5615   -27.4453
   128  268  986  -175.0952    52.5624   -27.4453
   129  267  986  -175.0890    52.5619   -27.4451
   130  266  986  -175.0879    52.5625   -27.4452
   131  265  986  -175.0904    52.5639   -27.4453
   132  281  987  -175.0753    52.5471   -27.4425
   133  282  987  -175.0753    52.5463   -27.4424
   134  262  987  -175.0993    52.5685   -27.4452
   135  261  987  -175.1052    52.5706   -27.4455
   136  229  987  -175.1422    52.6060   -27.4498
   137  228  987  -175.1423    52.6069   -27.4499
   138  258  988  -175.1035    52.5729   -27.4448
   139  257  988  -175.0797    52.5686   -27.4437
   140  231  988  -175.1268    52.6010   -27.4480
   141  232  988  -175.1452    52.6042   -27.4489
   142  233  988  -175.1208    52.5980   -27.4476
   143  234  988  -175.1302    52.5992   -27.4480
   144  235  988  -175.1387    52.6002   -27.4483
   145  236  988  -175.1132    52.5938   -27.4470
   146  237  988  -175.1172    52.5938   -27.4471
   147  260  988  -175.0825    52.5666   -27.4436
   148  259  988  -175.1047    52.5723   -27.4448
   149  247  989  -175.1029    52.5822   -27.4448
   150  245  989  -175.1097    52.5854   -27.4453
   151  244  989  -175.0955    52.5831   -27.4447
   152  248  989  -175.1153    52.5840   -27.4453
   153  242  989  -175.1367    52.5938   -27.4469
   154  241  989  -175.1389    52.5952   -27.4470
   155  240  989  -175.1351    52.5952   -27.4469
   156  239  989  -175.1400    52.5971   -27.4473
   157  238  989  -175.1390    52.5977   -27.4473
   158  249  989  -175.0818    52.5759   -27.4436
   159  250  989  -175.1115    52.5815   -27.4450
   160  251  989  -175.1058    52.5794   -27.4446
   161  252  989  -175.0770    52.5723   -27.4431
   162  253  989  -175.0723    52.5704   -27.4429
   163  254  989  -175.0674    52.5685   -27.4425
   164  255  989  -175.0657    52.5673   -27.4424
   165  243  989  -175.1275    52.5910   -27.4463
   166  246  989  -175.1177    52.5863   -27.4456

     1  471   983  -175.1578    52.4018   -27.4352
     2  470   983  -175.1516    52.4014   -27.4350
     3  469   983  -175.1475    52.4014   -27.4349
     4  468   983  -175.1425    52.4013   -27.4347
     5  467   983  -175.1389    52.4014   -27.4346
     6  466   983  -175.1363    52.4018   -27.4346
     7  465   983  -175.1346    52.4023   -27.4346
     8  464   983  -175.1441    52.4050   -27.4351
     9  463   983  -175.1419    52.4055   -27.4351
    10  462   983  -175.1499    52.4079   -27.4355
    11  461   983  -175.1373    52.4062   -27.4350
    12  460   983  -175.1503    52.4097   -27.4357
    13  459   984  -175.1471    52.4100   -27.4348
    14  458   984  -175.1504    52.4115   -27.4350
    15  460   984  -175.1463    52.4090   -27.4347
    16  457   985  -175.1514    52.4126   -27.4343
    17  456   985  -175.1438    52.4119   -27.4340
    18  458   985  -175.1369    52.4089   -27.4336
    19  455   986  -175.1437    52.4128   -27.4332
    20  454   986  -175.1414    52.4133   -27.4332
    21  453   986  -175.1409    52.4140   -27.4333
    22  452   986  -175.1399    52.4146   -27.4333
    23  451   986  -175.1391    52.4153   -27.4333
    24  450   986  -175.1384    52.4161   -27.4334
    25  449   986  -175.1382    52.4169   -27.4335
    26  448   986  -175.1303    52.4161   -27.4332
    27  447   986  -175.1287    52.4167   -27.4332
    28  446   986  -175.1310    52.4180   -27.4334
    29  445   986  -175.1283    52.4183   -27.4333
    30  444   986  -175.1300    52.4195   -27.4335
    31  443   986  -175.1293    52.4202   -27.4335
    32  442   987  -175.1292    52.4211   -27.4327
    33  441   987  -175.1288    52.4219   -27.4328
    34  440   987  -175.1304    52.4230   -27.4329
    35  439   987  -175.1306    52.4239   -27.4330
    36  438   987  -175.1285    52.4244   -27.4330
    37  443   987  -175.1277    52.4199   -27.4326
    38  438   988  -175.1301    52.4248   -27.4322
    39  437   988  -175.1290    52.4254   -27.4322
    40  436   988  -175.1260    52.4256   -27.4322
    41  435   988  -175.1264    52.4266   -27.4322
    42  434   988  -175.1254    52.4272   -27.4323
    43  427   988  -175.1170    52.4315   -27.4324
    44  426   988  -175.1140    52.4317   -27.4324
    45  425   989  -175.1118    52.4322   -27.4315
    46  423   989  -175.1029    52.4321   -27.4312
    47  422   989  -175.0982    52.4320   -27.4311
    48  421   989  -175.1033    52.4339   -27.4314
    49  419   989  -175.0981    52.4345   -27.4313
    50  426   989  -175.1116    52.4313   -27.4314
    51  419   990  -175.0969    52.4344   -27.4304
    52  418   990  -175.0967    52.4352   -27.4305
    53  417   990  -175.0929    52.4352   -27.4304
    54  415   991  -175.1089    52.4403   -27.4304
    55  416   991  -175.1059    52.4388   -27.4302
    56  414   992  -175.1061    52.4406   -27.4296
    57  412   993  -175.0984    52.4408   -27.4285
    58  410   993  -175.0980    52.4425   -27.4287
    59  413   993  -175.1010    52.4405   -27.4286
    60  410   994  -175.0931    52.4415   -27.4276
    61  409   994  -175.0916    52.4421   -27.4276
    62  408   994  -175.0924    52.4431   -27.4277
    63  407   994  -175.0907    52.4436   -27.4277
    64  406   994  -175.0920    52.4447   -27.4279
    65  405   994  -175.0907    52.4453   -27.4279
    66  403   995  -175.0895    52.4468   -27.4271
    67  402   995  -175.0918    52.4481   -27.4273
    68  401   995  -175.0923    52.4491   -27.4274
    69  404   995  -175.0878    52.4456   -27.4270
    70  399   996  -175.0862    52.4496   -27.4264
    71  400   996  -175.0882    52.4492   -27.4264
    72  396   997  -175.0884    52.4527   -27.4259
    73  395   997  -175.0857    52.4530   -27.4259
    74  392   998  -175.0810    52.4546   -27.4251
    75  391   998  -175.0786    52.4550   -27.4250
    76  390   998  -175.0770    52.4555   -27.4250
    77  393   998  -175.0847    52.4545   -27.4251
    78  390   999  -175.0746    52.4551   -27.4241
    79  389   999  -175.0712    52.4552   -27.4240
    80  388   999  -175.0616    52.4541   -27.4237
    81  387   999  -175.0640    52.4554   -27.4239
    82  375   999  -175.0663    52.4661   -27.4248
    83  377   999  -175.0577    52.4626   -27.4243
    84  378   999  -175.0630    52.4629   -27.4245
    85  379   999  -175.0643    52.4623   -27.4245
    86  380   999  -175.0655    52.4617   -27.4244
    87  381   999  -175.0610    52.4599   -27.4242
    88  382   999  -175.0587    52.4586   -27.4240
    89  383   999  -175.0606    52.4581   -27.4240
    90  384   999  -175.0588    52.4569   -27.4238
    91  386   999  -175.0609    52.4556   -27.4238
    92  373  1000  -175.0696    52.4686   -27.4243
    93  372  1000  -175.0639    52.4682   -27.4241
    94  371  1000  -175.0586    52.4680   -27.4240
    95  374  1000  -175.0732    52.4685   -27.4244
    96  369  1001  -175.0585    52.4697   -27.4233
    97  368  1001  -175.0522    52.4693   -27.4231
    98  367  1001  -175.0508    52.4698   -27.4231
    99  366  1001  -175.0487    52.4702   -27.4231
   100  365  1001  -175.0491    52.4711   -27.4231
   101  362  1002  -175.0515    52.4743   -27.4226
   102  361  1002  -175.0516    52.4751   -27.4227
   103  360  1002  -175.0513    52.4759   -27.4228
   104  364  1002  -175.0522    52.4727   -27.4225
   105  359  1003  -175.0503    52.4766   -27.4220
   106  358  1003  -175.0465    52.4767   -27.4219
   107  360  1003  -175.0507    52.4759   -27.4219
   108  356  1004  -175.0392    52.4769   -27.4209
   109  354  1005  -175.0387    52.4786   -27.4202
   110  353  1005  -175.0397    52.4796   -27.4203
   111  352  1005  -175.0401    52.4806   -27.4204
   112  351  1005  -175.0431    52.4820   -27.4206
   113  348  1005  -175.0489    52.4858   -27.4211
   114  347  1005  -175.0492    52.4867   -27.4212
   115  346  1005  -175.0537    52.4885   -27.4215
   116  345  1005  -175.0541    52.4894   -27.4216
   117  344  1005  -175.0611    52.4917   -27.4220
   118  343  1006  -175.0513    52.4906   -27.4208
   119  342  1006  -175.0510    52.4914   -27.4209
   120  341  1006  -175.0477    52.4915   -27.4208
   121  344  1006  -175.0524    52.4900   -27.4208
   122  334  1007  -175.0359    52.4951   -27.4199
   123  332  1008  -175.0312    52.4958   -27.4190
   124  331  1008  -175.0320    52.4969   -27.4191
   125  330  1008  -175.0396    52.4993   -27.4196
   126  328  1009  -175.0373    52.5006   -27.4187
   127  329  1009  -175.0356    52.4994   -27.4186
   128  326  1010  -175.0432    52.5036   -27.4183
   129  327  1010  -175.0459    52.5033   -27.4184
   130  325  1011  -175.0458    52.5051   -27.4177
   131  324  1011  -175.0405    52.5048   -27.4175
   132  323  1011  -175.0456    52.5067   -27.4179
   133  322  1011  -175.0355    52.5054   -27.4175
   134  321  1011  -175.0373    52.5067   -27.4177
   135  320  1011  -175.0434    52.5088   -27.4180
   136  319  1011  -175.0478    52.5106   -27.4183
   137  318  1011  -175.0399    52.5098   -27.4180
   138  317  1011  -175.0392    52.5105   -27.4181
   139  315  1011  -175.0381    52.5119   -27.4182
   140  314  1011  -175.0366    52.5124   -27.4182
   141  313  1011  -175.0329    52.5125   -27.4181
   142  312  1011  -175.0320    52.5132   -27.4181
   143  311  1011  -175.0320    52.5140   -27.4182
   144  310  1011  -175.0339    52.5153   -27.4184
   145  309  1011  -175.0337    52.5161   -27.4184
   146  307  1011  -175.0485    52.5209   -27.4193
   147  306  1011  -175.0470    52.5214   -27.4193
   148  305  1011  -175.0394    52.5207   -27.4190
   149  304  1011  -175.0396    52.5216   -27.4191
   150  303  1011  -175.0392    52.5223   -27.4191
   151  302  1011  -175.0335    52.5220   -27.4190
   152  301  1011  -175.0291    52.5219   -27.4188
   153  300  1011  -175.0284    52.5226   -27.4189
   154  298  1012  -175.0121    52.5209   -27.4174
   155  296  1012  -175.0339    52.5272   -27.4186
   156  295  1012  -175.0372    52.5288   -27.4188
   157  280  1012  -175.0546    52.5452   -27.4208
   158  282  1012  -175.0517    52.5429   -27.4205
   159  283  1012  -175.0569    52.5432   -27.4207
   160  284  1012  -175.0398    52.5386   -27.4198
   161  285  1012  -175.0361    52.5370   -27.4195
   162  279  1012  -175.0499    52.5450   -27.4206
   163  289  1013  -175.0275    52.5318   -27.4180
   164  287  1013  -175.0630    52.5411   -27.4198
   165  286  1013  -175.0481    52.5388   -27.4192
   166  285  1013  -175.0605    52.5423   -27.4198
   167  292  1013  -175.0470    52.5335   -27.4187
   168  288  1013  -175.0426    52.5359   -27.4188
   169  292  1014  -175.0139    52.5265   -27.4163
   170  289  1014  -175.0244    52.5312   -27.4170
   171  290  1014  -175.0339    52.5324   -27.4174
   172  291  1014  -175.0319    52.5312   -27.4172

     1  380  911  -175.2703    52.4979   -27.5088
     2  382  911  -175.2723    52.4966   -27.5088
     3  383  911  -175.2613    52.4935   -27.5081
     4  384  911  -175.2624    52.4928   -27.5081
     5  381  911  -175.2702    52.4970   -27.5087
     6  387  912  -175.2604    52.4899   -27.5069
     7  384  912  -175.2623    52.4929   -27.5072
     8  388  912  -175.2601    52.4890   -27.5068
     9  389  912  -175.2631    52.4887   -27.5069
    10  390  912  -175.2670    52.4887   -27.5070
    11  385  912  -175.2613    52.4918   -27.5071
    12  386  912  -175.2633    52.4914   -27.5071
    13  391  912  -175.2706    52.4885   -27.5071
    14  379  912  -175.2579    52.4963   -27.5074
    15  376  912  -175.2669    52.5008   -27.5081
    16  374  912  -175.2661    52.5023   -27.5082
    17  373  913  -175.2571    52.5014   -27.5070
    18  359  913  -175.2144    52.5046   -27.5058
    19  360  913  -175.2180    52.5045   -27.5059
    20  361  913  -175.2170    52.5035   -27.5058
    21  362  913  -175.2172    52.5026   -27.5057
    22  363  913  -175.2216    52.5027   -27.5058
    23  366  913  -175.2485    52.5057   -27.5070
    24  365  913  -175.2362    52.5040   -27.5065
    25  364  913  -175.2210    52.5017   -27.5058
    26  358  913  -175.2314    52.5090   -27.5068
    27  370  914  -175.2367    52.4999   -27.5053
    28  371  914  -175.2380    52.4993   -27.5052
    29  372  914  -175.2454    52.4999   -27.5056
    30  369  914  -175.2255    52.4984   -27.5047
    31  368  914  -175.2291    52.5000   -27.5050
    32  357  914  -175.2161    52.5068   -27.5052
    33  356  914  -175.2129    52.5070   -27.5051
    34  355  914  -175.2269    52.5108   -27.5059
    35  354  914  -175.2295    52.5122   -27.5061
    36  353  914  -175.2314    52.5134   -27.5063
    37  353  915  -175.2343    52.5141   -27.5056
    38  350  916  -175.2318    52.5162   -27.5048
    39  349  916  -175.2346    52.5177   -27.5051
    40  351  916  -175.2299    52.5150   -27.5047
    41  348  917  -175.2285    52.5173   -27.5040
    42  347  917  -175.2256    52.5176   -27.5039
    43  346  917  -175.2229    52.5179   -27.5038
    44  345  917  -175.2189    52.5179   -27.5037
    45  344  917  -175.2208    52.5192   -27.5039
    46  343  917  -175.2220    52.5203   -27.5040
    47  342  917  -175.2225    52.5213   -27.5042
    48  341  917  -175.2243    52.5225   -27.5043
    49  339  917  -175.2260    52.5246   -27.5046
    50  338  917  -175.2250    52.5252   -27.5046
    51  337  917  -175.2257    52.5262   -27.5047
    52  335  917  -175.2261    52.5280   -27.5050
    53  334  917  -175.2223    52.5281   -27.5048
    54  333  917  -175.2189    52.5282   -27.5047
    55  332  917  -175.2189    52.5291   -27.5048
    56  331  918  -175.2140    52.5290   -27.5038
    57  328  918  -175.2127    52.5313   -27.5039
    58  327  918  -175.2136    52.5324   -27.5041
    59  326  918  -175.2153    52.5336   -27.5042
    60  325  918  -175.2200    52.5355   -27.5046
    61  324  918  -175.2237    52.5371   -27.5048
    62  323  918  -175.2240    52.5380   -27.5049
    63  322  918  -175.2301    52.5402   -27.5053
    64  321  918  -175.2307    52.5412   -27.5054
    65  320  918  -175.2311    52.5421   -27.5055
    66  319  918  -175.2263    52.5420   -27.5053
    67  318  918  -175.2286    52.5433   -27.5055
    68  317  919  -175.2269    52.5439   -27.5047
    69  316  919  -175.2284    52.5451   -27.5048
    70  318  919  -175.2251    52.5427   -27.5045
    71  316  920  -175.2234    52.5441   -27.5037
    72  315  920  -175.2216    52.5446   -27.5037
    73  314  920  -175.2211    52.5453   -27.5037
    74  313  920  -175.2184    52.5456   -27.5037
    75  312  920  -175.2200    52.5468   -27.5038
    76  311  920  -175.2207    52.5478   -27.5039
    77  310  920  -175.2204    52.5486   -27.5040
    78  309  920  -175.2198    52.5494   -27.5041
    79  308  920  -175.2217    52.5506   -27.5042
    80  307  920  -175.2225    52.5517   -27.5043
    81  306  920  -175.2225    52.5525   -27.5044
    82  305  920  -175.2219    52.5533   -27.5045
    83  301  920  -175.2129    52.5548   -27.5044
    84  302  920  -175.2164    52.5547   -27.5045
    85  303  920  -175.2172    52.5540   -27.5044
    86  299  921  -175.2101    52.5560   -27.5035
    87  298  921  -175.2141    52.5577   -27.5038
    88  297  921  -175.2183    52.5595   -27.5041
    89  296  921  -175.2218    52.5611   -27.5044
    90  295  921  -175.2228    52.5621   -27.5045
    91  294  921  -175.2199    52.5624   -27.5044
    92  300  921  -175.2108    52.5553   -27.5035
    93  294  922  -175.2245    52.5634   -27.5038
    94  293  922  -175.2250    52.5644   -27.5039
    95  290  923  -175.2198    52.5660   -27.5030
    96  289  923  -175.2168    52.5662   -27.5030
    97  291  923  -175.2243    52.5661   -27.5032
    98  279  924  -175.2206    52.5757   -27.5031
    99  278  924  -175.2199    52.5764   -27.5031
   100  280  924  -175.2214    52.5750   -27.5031
   101  277  925  -175.2172    52.5768   -27.5022
   102  278  925  -175.2194    52.5764   -27.5023
   103  276  926  -175.2146    52.5771   -27.5013
   104  275  926  -175.2145    52.5780   -27.5014
   105  274  926  -175.2128    52.5785   -27.5014
   106  273  926  -175.2087    52.5784   -27.5012
   107  272  926  -175.2083    52.5792   -27.5013
   108  270  926  -175.2099    52.5813   -27.5015
   109  269  926  -175.2092    52.5820   -27.5016
   110  268  926  -175.2100    52.5830   -27.5017
   111  267  926  -175.2090    52.5837   -27.5018
   112  266  926  -175.2098    52.5847   -27.5019
   113  265  926  -175.2060    52.5848   -27.5018
   114  264  926  -175.2048    52.5854   -27.5018
   115  263  926  -175.2007    52.5853   -27.5016
   116  262  926  -175.2069    52.5875   -27.5021
   117  261  926  -175.1999    52.5869   -27.5018
   118  260  926  -175.2022    52.5882   -27.5020
   119  259  926  -175.2229    52.5936   -27.5031
   120  256  927  -175.2116    52.5938   -27.5019
   121  257  927  -175.2091    52.5924   -27.5017
   122  255  928  -175.2075    52.5938   -27.5009
   123  254  928  -175.2081    52.5948   -27.5010
   124  253  928  -175.2069    52.5954   -27.5010
   125  252  928  -175.2066    52.5962   -27.5011
   126  251  928  -175.2066    52.5971   -27.5012
   127  250  928  -175.2236    52.6017   -27.5021
   128  249  928  -175.2235    52.6025   -27.5022
   129  248  929  -175.2209    52.6029   -27.5013
   130  247  929  -175.2152    52.6025   -27.5011
   131  246  929  -175.2251    52.6055   -27.5017
   132  245  929  -175.2256    52.6065   -27.5017
   133  249  929  -175.2227    52.6024   -27.5013
   134  245  930  -175.2204    52.6054   -27.5006
   135  244  930  -175.2250    52.6073   -27.5009
   136  243  930  -175.2215    52.6074   -27.5009
   137  242  930  -175.2177    52.6074   -27.5007
   138  241  930  -175.2127    52.6072   -27.5005
   139  240  930  -175.2042    52.6062   -27.5002
   140  239  930  -175.2075    52.6078   -27.5004
   141  238  930  -175.2014    52.6073   -27.5002
   142  237  930  -175.2009    52.6081   -27.5003
   143  236  930  -175.2016    52.6091   -27.5004
   144  235  930  -175.2023    52.6101   -27.5005
   145  234  930  -175.2018    52.6109   -27.5005
   146  233  930  -175.2006    52.6115   -27.5006
   147  231  930  -175.2000    52.6130   -27.5007
   148  230  930  -175.2005    52.6140   -27.5008
   149  229  930  -175.1978    52.6143   -27.5007
   150  228  930  -175.1963    52.6148   -27.5007
   151  226  930  -175.1913    52.6155   -27.5006
   152  225  930  -175.1907    52.6162   -27.5007
   153  223  931  -175.1896    52.6177   -27.4999
   154  222  931  -175.1887    52.6184   -27.5000
   155  221  931  -175.1889    52.6193   -27.5001
   156  220  931  -175.1893    52.6203   -27.5002
   157  219  931  -175.1906    52.6214   -27.5003
   158  218  931  -175.1901    52.6222   -27.5004
   159  217  931  -175.1903    52.6231   -27.5004
   160  216  931  -175.1880    52.6234   -27.5004
   161  214  932  -175.1913    52.6259   -27.4999
   162  213  932  -175.1922    52.6270   -27.5000
   163  212  932  -175.1923    52.6279   -27.5001
   164  211  932  -175.1903    52.6283   -27.5001
   165  210  932  -175.1909    52.6293   -27.5002
   166  209  932  -175.1890    52.6297   -27.5002
   167  215  932  -175.1891    52.6246   -27.4997

    1  392  925  -175.2569    52.4858   -27.4953
    2  393  925  -175.2580    52.4851   -27.4953
    3  392  926  -175.2536    52.4851   -27.4943
    4  391  926  -175.2532    52.4859   -27.4944
    5  390  926  -175.2542    52.4870   -27.4945
    6  389  926  -175.2503    52.4871   -27.4944
    7  388  926  -175.2475    52.4873   -27.4943
    8  387  926  -175.2396    52.4866   -27.4940
    9  386  926  -175.2355    52.4866   -27.4938
   10  385  927  -175.2336    52.4872   -27.4930
   11  384  927  -175.2347    52.4882   -27.4931
   12  383  927  -175.2268    52.4875   -27.4927
   13  382  927  -175.2235    52.4877   -27.4926
   14  381  927  -175.2210    52.4880   -27.4926
   15  380  927  -175.2189    52.4884   -27.4925
   16  379  927  -175.2115    52.4878   -27.4922
   17  364  927  -175.2182    52.5021   -27.4937
   18  365  927  -175.2191    52.5014   -27.4937
   19  366  927  -175.2166    52.5000   -27.4935
   20  367  927  -175.2185    52.4996   -27.4935
   21  369  927  -175.2218    52.4985   -27.4935
   22  353  927  -175.2121    52.5103   -27.4943
   23  370  928  -175.1998    52.4932   -27.4915
   24  369  928  -175.2116    52.4965   -27.4922
   25  374  928  -175.2035    52.4905   -27.4913
   26  375  928  -175.1929    52.4874   -27.4907
   27  376  928  -175.1967    52.4874   -27.4908
   28  373  928  -175.1979    52.4902   -27.4911
   29  377  928  -175.2025    52.4877   -27.4911
   30  378  928  -175.2080    52.4880   -27.4913
   31  371  928  -175.1993    52.4922   -27.4913
   32  353  928  -175.2120    52.5103   -27.4934
   33  352  928  -175.2130    52.5114   -27.4936
   34  351  928  -175.2133    52.5123   -27.4936
   35  350  929  -175.2153    52.5137   -27.4930
   36  349  929  -175.2163    52.5148   -27.4931
   37  351  929  -175.2135    52.5124   -27.4928
   38  349  930  -175.2163    52.5148   -27.4923
   39  348  930  -175.2173    52.5159   -27.4924
   40  347  930  -175.2166    52.5166   -27.4924
   41  346  930  -175.2157    52.5173   -27.4925
   42  345  930  -175.2129    52.5176   -27.4924
   43  344  930  -175.2115    52.5181   -27.4924
   44  343  930  -175.2121    52.5191   -27.4925
   45  342  930  -175.2109    52.5197   -27.4925
   46  341  930  -175.2103    52.5205   -27.4926
   47  340  930  -175.2106    52.5214   -27.4927
   48  338  930  -175.2112    52.5232   -27.4929
   49  336  930  -175.2115    52.5250   -27.4930
   50  333  930  -175.2109    52.5275   -27.4932
   51  331  930  -175.2115    52.5293   -27.4934
   52  330  930  -175.2102    52.5299   -27.4934
   53  329  930  -175.2117    52.5311   -27.4936
   54  339  930  -175.2108    52.5223   -27.4928
   55  328  931  -175.2096    52.5316   -27.4927
   56  327  931  -175.2133    52.5332   -27.4930
   57  326  931  -175.2124    52.5339   -27.4930
   58  325  931  -175.2108    52.5344   -27.4930
   59  324  931  -175.2113    52.5354   -27.4931
   60  329  931  -175.2088    52.5306   -27.4926
   61  322  932  -175.2071    52.5363   -27.4922
   62  323  932  -175.2091    52.5359   -27.4922
   63  321  933  -175.2058    52.5369   -27.4914
   64  320  933  -175.2082    52.5383   -27.4916
   65  319  933  -175.2106    52.5397   -27.4918
   66  318  933  -175.2140    52.5413   -27.4920
   67  317  933  -175.2109    52.5415   -27.4920
   68  316  933  -175.2123    52.5426   -27.4921
   69  315  933  -175.2135    52.5438   -27.4923
   70  314  933  -175.2124    52.5444   -27.4923
   71  313  933  -175.2159    52.5460   -27.4925
   72  312  933  -175.2134    52.5463   -27.4925
   73  311  933  -175.2070    52.5458   -27.4922
   74  310  933  -175.2079    52.5469   -27.4924
   75  309  933  -175.2037    52.5468   -27.4922

    1  266  736  -175.5131    52.6366   -27.6833
    2  265  736  -175.5096    52.6367   -27.6832
    3  264  736  -175.5074    52.6371   -27.6831
    4  267  736  -175.5212    52.6374   -27.6838
    5  263  737  -175.5070    52.6380   -27.6824
    6  262  737  -175.5073    52.6389   -27.6825
    7  261  737  -175.5084    52.6400   -27.6826
    8  260  737  -175.5104    52.6414   -27.6829
    9  259  737  -175.5112    52.6424   -27.6830
   10  258  737  -175.5167    52.6445   -27.6835
   11  257  737  -175.5159    52.6452   -27.6835
   12  256  737  -175.5145    52.6458   -27.6835
   13  255  737  -175.5154    52.6469   -27.6836
   14  254  737  -175.5156    52.6478   -27.6837
   15  253  738  -175.5077    52.6471   -27.6824
   16  252  738  -175.5056    52.6475   -27.6824
   17  254  738  -175.5105    52.6468   -27.6825
   18  250  739  -175.5061    52.6494   -27.6817
   19  249  739  -175.5106    52.6513   -27.6821
   20  248  739  -175.5116    52.6524   -27.6822
   21  251  739  -175.5036    52.6480   -27.6815
   22  247  740  -175.5211    52.6554   -27.6821
   23  246  740  -175.5145    52.6549   -27.6817
   24  245  740  -175.5114    52.6551   -27.6816
   25  244  740  -175.5056    52.6547   -27.6813
   26  243  740  -175.5051    52.6555   -27.6813
   27  242  740  -175.5029    52.6559   -27.6813
   28  241  740  -175.4975    52.6557   -27.6810
   29  240  740  -175.5000    52.6571   -27.6813
   30  239  741  -175.5039    52.6589   -27.6807
   31  238  741  -175.5165    52.6625   -27.6816
   32  240  741  -175.5002    52.6572   -27.6804
   33  236  742  -175.5187    52.6648   -27.6810
   34  235  742  -175.5102    52.6639   -27.6805
   35  237  742  -175.5077    52.6615   -27.6802
   36  235  743  -175.5005    52.6618   -27.6790
   37  234  743  -175.5069    52.6641   -27.6795
   38  232  743  -175.5098    52.6665   -27.6798
   39  231  743  -175.5055    52.6665   -27.6797
   40  233  743  -175.5114    52.6660   -27.6799
   41  221  744  -175.5271    52.6801   -27.6810
   42  220  744  -175.5234    52.6802   -27.6808
   43  223  744  -175.5131    52.6753   -27.6800
   44  224  744  -175.5142    52.6746   -27.6799
   45  225  744  -175.5090    52.6726   -27.6795
   46  226  744  -175.5076    52.6714   -27.6794
   47  227  744  -175.5047    52.6699   -27.6791
   48  228  744  -175.5004    52.6681   -27.6787
   49  229  744  -175.4993    52.6670   -27.6786
   50  230  744  -175.4993    52.6661   -27.6785
   51  231  744  -175.5005    52.6655   -27.6785
   52  219  744  -175.5155    52.6794   -27.6804
   53  218  744  -175.5134    52.6798   -27.6804
   54  222  744  -175.5222    52.6782   -27.6806
   55  218  745  -175.5047    52.6780   -27.6789
   56  217  745  -175.5044    52.6788   -27.6790
   57  216  745  -175.5031    52.6794   -27.6790
   58  215  745  -175.5024    52.6801   -27.6790
   59  214  745  -175.5037    52.6813   -27.6792
   60  213  745  -175.4982    52.6810   -27.6789
   61  212  745  -175.4932    52.6808   -27.6787
   62  211  745  -175.4936    52.6817   -27.6788
   63  210  745  -175.4877    52.6813   -27.6785
   64  209  745  -175.4793    52.6804   -27.6781
   65  208  746  -175.4689    52.6791   -27.6766
   66  207  746  -175.4634    52.6787   -27.6763
   67  206  746  -175.4606    52.6790   -27.6762
   68  205  746  -175.4592    52.6796   -27.6762
   69  209  746  -175.4762    52.6798   -27.6770
   70  205  747  -175.4541    52.6785   -27.6750
   71  204  747  -175.4471    52.6779   -27.6746
   72  203  747  -175.4573    52.6810   -27.6753
   73  202  747  -175.4536    52.6811   -27.6751
   74  201  747  -175.4512    52.6815   -27.6751
   75  200  747  -175.4475    52.6815   -27.6749
   76  199  747  -175.4434    52.6815   -27.6747
   77  198  747  -175.4409    52.6818   -27.6746
   78  198  748  -175.4350    52.6806   -27.6733
   79  197  748  -175.4398    52.6825   -27.6737
   80  196  748  -175.4338    52.6821   -27.6734
   81  195  748  -175.4325    52.6827   -27.6734
   82  194  748  -175.4305    52.6831   -27.6734
   83  193  748  -175.4285    52.6836   -27.6734
   84  192  748  -175.4277    52.6843   -27.6734
   85  191  748  -175.4263    52.6849   -27.6734
   86  190  748  -175.4256    52.6856   -27.6734
   87  189  748  -175.4235    52.6860   -27.6734
   88  188  748  -175.4252    52.6873   -27.6736
   89  187  748  -175.4470    52.6929   -27.6751
   90  186  748  -175.5800    52.7231   -27.6843
   91  185  748  -175.5157    52.7094   -27.6855

     1  283  742  -175.5508    52.6299   -27.6794
     2  282  742  -175.5509    52.6308   -27.6795
     3  281  742  -175.5520    52.6319   -27.6797
     4  280  742  -175.5503    52.6325   -27.6797
     5  279  742  -175.5603    52.6355   -27.6805
     6  277  743  -175.5370    52.6324   -27.6782
     7  276  743  -175.5323    52.6323   -27.6780
     8  275  743  -175.5283    52.6323   -27.6778
     9  278  743  -175.5426    52.6327   -27.6785
    10  274  744  -175.5137    52.6301   -27.6760
    11  273  744  -175.5178    52.6319   -27.6763
    12  272  744  -175.5199    52.6333   -27.6765
    13  271  744  -175.5192    52.6340   -27.6766
    14  271  745  -175.5160    52.6334   -27.6755
    15  270  745  -175.5078    52.6325   -27.6750
    16  269  745  -175.5076    52.6333   -27.6751
    17  268  745  -175.5052    52.6337   -27.6750
    18  267  745  -175.5072    52.6350   -27.6752
    19  266  745  -175.5008    52.6345   -27.6749
    20  265  745  -175.4949    52.6342   -27.6746
    21  264  745  -175.4956    52.6352   -27.6747
    22  263  745  -175.4897    52.6348   -27.6744
    23  262  745  -175.4919    52.6362   -27.6746
    24  262  746  -175.4911    52.6361   -27.6737
    25  261  746  -175.4853    52.6357   -27.6734
    26  260  746  -175.4859    52.6368   -27.6735
    27  259  747  -175.4763    52.6356   -27.6721
    28  258  747  -175.4723    52.6357   -27.6719
    29  257  747  -175.4715    52.6364   -27.6719
    30  256  747  -175.4696    52.6369   -27.6719
    31  255  747  -175.4663    52.6370   -27.6717
    32  260  747  -175.4767    52.6348   -27.6720
    33  254  748  -175.4667    52.6381   -27.6710
    34  255  748  -175.4606    52.6359   -27.6705
    35  254  749  -175.4920    52.6436   -27.6717
    36  253  749  -175.4620    52.6380   -27.6699
    37  252  749  -175.4650    52.6395   -27.6702
    38  251  749  -175.4705    52.6416   -27.6706
    39  250  749  -175.4709    52.6426   -27.6707
    40  249  749  -175.4782    52.6450   -27.6713
    41  248  749  -175.4713    52.6444   -27.6709
    42  247  749  -175.4765    52.6464   -27.6713
    43  246  749  -175.4712    52.6462   -27.6711
    44  245  749  -175.4698    52.6468   -27.6711
    45  242  750  -175.4603    52.6474   -27.6698
    46  243  750  -175.4627    52.6471   -27.6699
    47  242  751  -175.4438    52.6439   -27.6679
    48  241  751  -175.4456    52.6452   -27.6681
    49  240  751  -175.4497    52.6470   -27.6685
    50  239  751  -175.4542    52.6488   -27.6689
    51  238  752  -175.4518    52.6492   -27.6679
    52  237  752  -175.4388    52.6473   -27.6671
    53  236  752  -175.4384    52.6481   -27.6672
    54  235  752  -175.4482    52.6511   -27.6679
    55  234  752  -175.4527    52.6530   -27.6683
    56  239  752  -175.4447    52.6468   -27.6673
    57  234  753  -175.4512    52.6527   -27.6673
    58  233  753  -175.4532    52.6540   -27.6675
    59  232  753  -175.4549    52.6553   -27.6677
    60  231  753  -175.4574    52.6567   -27.6679
    61  230  753  -175.4630    52.6588   -27.6684
    62  229  753  -175.4637    52.6599   -27.6685
    63  228  753  -175.4627    52.6605   -27.6686
    64  228  754  -175.4677    52.6617   -27.6680
    65  227  754  -175.4673    52.6625   -27.6681
    66  226  754  -175.4692    52.6638   -27.6683
    67  225  754  -175.4700    52.6648   -27.6684
    68  224  754  -175.4709    52.6659   -27.6685
    69  223  754  -175.4657    52.6657   -27.6683
    70  222  754  -175.4688    52.6672   -27.6685
    71  221  754  -175.4640    52.6671   -27.6683
    72  220  754  -175.4552    52.6660   -27.6678
    73  219  754  -175.4611    52.6682   -27.6683
    74  218  754  -175.4587    52.6686   -27.6682
    75  217  754  -175.4560    52.6689   -27.6681
    76  216  754  -175.4529    52.6691   -27.6680
    77  215  755  -175.4526    52.6699   -27.6672
    78  214  755  -175.4536    52.6710   -27.6673
    79  216  755  -175.4488    52.6682   -27.6669
    80  213  756  -175.4545    52.6722   -27.6666
    81  212  756  -175.4530    52.6728   -27.6666
    82  211  756  -175.4538    52.6738   -27.6667
    83  210  756  -175.4474    52.6733   -27.6664
    84  209  756  -175.4508    52.6749   -27.6667
    85  207  757  -175.4466    52.6758   -27.6657
    86  208  757  -175.4483    52.6753   -27.6657
    87  207  758  -175.4523    52.6772   -27.6652
    88  206  758  -175.4450    52.6764   -27.6648
    89  205  758  -175.4498    52.6784   -27.6652
    90  204  758  -175.4478    52.6788   -27.6652
    91  203  758  -175.4414    52.6783   -27.6648
    92  202  758  -175.4414    52.6792   -27.6649
    93  201  758  -175.4424    52.6803   -27.6651
    94  200  758  -175.4440    52.6815   -27.6653
    95  199  758  -175.4485    52.6834   -27.6657
    96  198  758  -175.4460    52.6837   -27.6656
    97  197  758  -175.4492    52.6853   -27.6659
    98  196  758  -175.4500    52.6864   -27.6660
    99  195  758  -175.4509    52.6874   -27.6662
   100  194  758  -175.4529    52.6888   -27.6664

     1  362  772  -175.6417    52.5806   -27.6524
     2  361  772  -175.6303    52.5792   -27.6518
     3  360  772  -175.6143    52.5768   -27.6508
     4  359  772  -175.6043    52.5756   -27.6502
     5  358  772  -175.5927    52.5741   -27.6496
     6  357  772  -175.5730    52.5709   -27.6484
     7  356  772  -175.5541    52.5678   -27.6473
     8  355  772  -175.5561    52.5691   -27.6475
     9  354  772  -175.5491    52.5686   -27.6471
    10  353  772  -175.5317    52.5659   -27.6461
    11  352  772  -175.5066    52.5615   -27.6445
    12  351  772  -175.5142    52.5640   -27.6451
    13  350  772  -175.5013    52.5622   -27.6444
    14  350  773  -175.4901    52.5600   -27.6428
    15  349  773  -175.4707    52.5568   -27.6416
    16  348  773  -175.4799    52.5596   -27.6423
    17  347  773  -175.5007    52.5648   -27.6438
    18  346  773  -175.4944    52.5644   -27.6435
    19  345  773  -175.4962    52.5656   -27.6437
    20  344  773  -175.5089    52.5692   -27.6445
    21  343  773  -175.5078    52.5698   -27.6445
    22  342  773  -175.5013    52.5693   -27.6442
    23  341  774  -175.4917    52.5683   -27.6428
    24  340  774  -175.4863    52.5681   -27.6425
    25  339  774  -175.5016    52.5722   -27.6436
    26  338  774  -175.5036    52.5734   -27.6439
    27  337  774  -175.5013    52.5738   -27.6438
    28  336  774  -175.4949    52.5734   -27.6435
    29  335  774  -175.4966    52.5746   -27.6437
    30  334  774  -175.4937    52.5749   -27.6436
    31  333  774  -175.4869    52.5744   -27.6432
    32  332  774  -175.4842    52.5747   -27.6432
    33  331  774  -175.4817    52.5750   -27.6431
    34  330  774  -175.4776    52.5751   -27.6429
    35  329  774  -175.4751    52.5754   -27.6428
    36  327  775  -175.4796    52.5782   -27.6424
    37  328  775  -175.4792    52.5773   -27.6423
    38  326  776  -175.4760    52.5784   -27.6413
    39  324  776  -175.4762    52.5802   -27.6415
    40  303  776  -175.4706    52.5976   -27.6429
    41  304  776  -175.4701    52.5966   -27.6428
    42  305  776  -175.4674    52.5951   -27.6425
    43  320  777  -175.4658    52.5816   -27.6403
    44  319  777  -175.4619    52.5817   -27.6401
    45  318  777  -175.4611    52.5824   -27.6402
    46  317  777  -175.4574    52.5825   -27.6400
    47  316  777  -175.4547    52.5828   -27.6399
    48  315  777  -175.4546    52.5837   -27.6400
    49  314  777  -175.4619    52.5861   -27.6406
    50  313  777  -175.4629    52.5872   -27.6407
    51  312  777  -175.4648    52.5885   -27.6409
    52  311  777  -175.4653    52.5895   -27.6410
    53  310  777  -175.4671    52.5907   -27.6412
    54  309  777  -175.4606    52.5903   -27.6409
    55  308  777  -175.4621    52.5915   -27.6411
    56  307  777  -175.4605    52.5920   -27.6410
    57  306  777  -175.4624    52.5933   -27.6413
    58  305  777  -175.4623    52.5942   -27.6413
    59  321  777  -175.4730    52.5823   -27.6407
    60  322  777  -175.4701    52.5808   -27.6404
    61  323  777  -175.4710    52.5801   -27.6404
    62  302  777  -175.4682    52.5980   -27.6420
    63  301  777  -175.4645    52.5982   -27.6418
    64  300  777  -175.4650    52.5991   -27.6419
    65  298  778  -175.4626    52.6005   -27.6410
    66  297  778  -175.4618    52.6012   -27.6411
    67  299  778  -175.4613    52.5993   -27.6409
    68  295  779  -175.4619    52.6030   -27.6404
    69  296  779  -175.4632    52.6024   -27.6404
    70  295  780  -175.4586    52.6024   -27.6393
    71  294  780  -175.4560    52.6027   -27.6392
    72  293  780  -175.4552    52.6035   -27.6392
    73  291  781  -175.4593    52.6062   -27.6387
    74  290  781  -175.4577    52.6067   -27.6387
    75  289  781  -175.4555    52.6071   -27.6387
    76  288  781  -175.4551    52.6079   -27.6387
    77  292  781  -175.4586    52.6051   -27.6386
    78  286  782  -175.4510    52.6089   -27.6377
    79  285  783  -175.4501    52.6096   -27.6369
    80  284  783  -175.4554    52.6117   -27.6373
    81  283  783  -175.4542    52.6123   -27.6373
    82  282  783  -175.4560    52.6135   -27.6375
    83  281  783  -175.4550    52.6142   -27.6375
    84  280  783  -175.4515    52.6143   -27.6374
    85  279  783  -175.4495    52.6148   -27.6373
    86  278  783  -175.4501    52.6158   -27.6374
    87  277  783  -175.4472    52.6161   -27.6374
    88  276  784  -175.4453    52.6166   -27.6365
    89  277  784  -175.4469    52.6161   -27.6365
    90  276  785  -175.4425    52.6161   -27.6354
    91  275  785  -175.4446    52.6174   -27.6356
    92  274  785  -175.4454    52.6185   -27.6358
    93  273  785  -175.4371    52.6176   -27.6353
    94  272  785  -175.4307    52.6171   -27.6350
    95  271  785  -175.4253    52.6168   -27.6348
    96  270  785  -175.4344    52.6196   -27.6354
    97  269  786  -175.4351    52.6207   -27.6347
    98  268  786  -175.4355    52.6217   -27.6348
    99  267  786  -175.4358    52.6227   -27.6349
   100  270  786  -175.4359    52.6200   -27.6346
   101  265  787  -175.4281    52.6228   -27.6337
   102  267  787  -175.4331    52.6221   -27.6339
   103  264  788  -175.4271    52.6236   -27.6329
   104  262  788  -175.4252    52.6249   -27.6329
   105  261  788  -175.4246    52.6257   -27.6330
   106  260  788  -175.4243    52.6265   -27.6330
   107  259  788  -175.4242    52.6273   -27.6331
   108  258  788  -175.4236    52.6281   -27.6332
   109  257  788  -175.4236    52.6290   -27.6332
   110  256  788  -175.4206    52.6292   -27.6331
   111  255  788  -175.4213    52.6302   -27.6333
   112  254  788  -175.4216    52.6312   -27.6334
   113  253  788  -175.4233    52.6324   -27.6336
   114  252  788  -175.4240    52.6335   -27.6337
   115  251  788  -175.4274    52.6351   -27.6340
   116  250  788  -175.4266    52.6358   -27.6341
   117  249  788  -175.4251    52.6363   -27.6341
   118  248  788  -175.4214    52.6364   -27.6339

    1  296  725  -175.7103    52.6509   -27.7042
    2  295  725  -175.7067    52.6510   -27.7040
    3  298  726  -175.7043    52.6479   -27.7027
    4  299  726  -175.7056    52.6473   -27.7027
    5  300  726  -175.7046    52.6461   -27.7026
    6  301  726  -175.7051    52.6453   -27.7025
    7  302  726  -175.7032    52.6440   -27.7023
    8  297  726  -175.6968    52.6472   -27.7023
    9  303  727  -175.6912    52.6407   -27.7005
   10  304  727  -175.6941    52.6404   -27.7006
   11  305  727  -175.6875    52.6381   -27.7000
   12  306  727  -175.6826    52.6362   -27.6996
   13  307  727  -175.6809    52.6349   -27.6994
   14  308  728  -175.6826    52.6344   -27.6986
   15  309  728  -175.6815    52.6333   -27.6984
   16  310  728  -175.6831    52.6327   -27.6984
   17  311  728  -175.6615    52.6273   -27.6968
   18  312  728  -175.6625    52.6266   -27.6968
   19  313  728  -175.6743    52.6282   -27.6976
   20  314  728  -175.6828    52.6291   -27.6981
   21  315  728  -175.6831    52.6283   -27.6980
   22  316  728  -175.6897    52.6287   -27.6984
   23  316  729  -175.6978    52.6305   -27.6981
   24  317  729  -175.7021    52.6305   -27.6983
   25  318  729  -175.7041    52.6300   -27.6984
   26  319  729  -175.7084    52.6300   -27.6986
   27  320  729  -175.7103    52.6295   -27.6986
   28  351  729  -175.6909    52.5976   -27.6947
   29  350  729  -175.6880    52.5979   -27.6946
   30  349  729  -175.6842    52.5979   -27.6944
   31  352  729  -175.6928    52.5970   -27.6947
   32  348  729  -175.6832    52.5986   -27.6944
   33  347  729  -175.6826    52.5994   -27.6944
   34  346  729  -175.6852    52.6009   -27.6947
   35  345  729  -175.6819    52.6011   -27.6946
   36  344  729  -175.6837    52.6024   -27.6947
   37  343  729  -175.6746    52.6014   -27.6942
   38  342  729  -175.6767    52.6027   -27.6944
   39  341  729  -175.6771    52.6037   -27.6945
   40  340  729  -175.6784    52.6048   -27.6947
   41  339  729  -175.6805    52.6062   -27.6950
   42  334  729  -175.6877    52.6122   -27.6959
   43  335  729  -175.6846    52.6106   -27.6956
   44  336  729  -175.6906    52.6110   -27.6959
   45  337  729  -175.6849    52.6089   -27.6954
   46  338  729  -175.6826    52.6075   -27.6952
   47  333  730  -175.6932    52.6143   -27.6955
   48  332  730  -175.7002    52.6167   -27.6960
   49  331  730  -175.6990    52.6173   -27.6960
   50  330  730  -175.7035    52.6191   -27.6964
   51  329  730  -175.7041    52.6202   -27.6966
   52  328  730  -175.7061    52.6215   -27.6968
   53  327  730  -175.7009    52.6213   -27.6965
   54  326  730  -175.7074    52.6236   -27.6970
   55  325  730  -175.7092    52.6248   -27.6972
   56  324  730  -175.7127    52.6265   -27.6976
   57  322  730  -175.7144    52.6286   -27.6979
   58  321  730  -175.7199    52.6307   -27.6983
   59  320  730  -175.7145    52.6305   -27.6981
   60  323  730  -175.7130    52.6275   -27.6977
   61  353  730  -175.6929    52.5962   -27.6938

    1  302  713  -175.7195    52.6465   -27.7150
    2  303  714  -175.7050    52.6426   -27.7130
    3  305  714  -175.7020    52.6402   -27.7126
    4  306  714  -175.7038    52.6397   -27.7127
    5  302  714  -175.7039    52.6433   -27.7130
    6  307  715  -175.7000    52.6381   -27.7114
    7  309  715  -175.7002    52.6363   -27.7112
    8  310  715  -175.7034    52.6361   -27.7114
    9  311  715  -175.7133    52.6372   -27.7120
   10  312  715  -175.7139    52.6365   -27.7119
   11  313  715  -175.7099    52.6347   -27.7116
   12  314  715  -175.7080    52.6334   -27.7113
   13  315  715  -175.7054    52.6320   -27.7111
   14  316  715  -175.6978    52.6295   -27.7105
   15  317  715  -175.7021    52.6295   -27.7107
   16  318  715  -175.6989    52.6279   -27.7104
   17  320  716  -175.7067    52.6278   -27.7099
   18  319  716  -175.6985    52.6270   -27.7094
   19  323  717  -175.6990    52.6236   -27.7082
   20  322  717  -175.7106    52.6269   -27.7091
   21  323  718  -175.6989    52.6236   -27.7073
   22  324  718  -175.7009    52.6231   -27.7073
   23  325  718  -175.7031    52.6227   -27.7074
   24  326  718  -175.7029    52.6218   -27.7073
   25  327  718  -175.7062    52.6216   -27.7074
   26  367  718  -175.6918    52.5825   -27.7031
   27  328  719  -175.7041    52.6203   -27.7063
   28  329  719  -175.6890    52.6162   -27.7052
   29  330  719  -175.6968    52.6169   -27.7057
   30  365  719  -175.6853    52.5831   -27.7019
   31  366  719  -175.6847    52.5821   -27.7018
   32  364  719  -175.6862    52.5842   -27.7020
   33  327  719  -175.7030    52.6210   -27.7063
   34  334  720  -175.7046    52.6150   -27.7050
   35  335  720  -175.7066    52.6146   -27.7050
   36  336  720  -175.7110    52.6146   -27.7053
   37  337  720  -175.7124    52.6140   -27.7053
   38  332  720  -175.7016    52.6162   -27.7049
   39  339  720  -175.7012    52.6098   -27.7044
   40  340  720  -175.7008    52.6089   -27.7042
   41  341  720  -175.7100    52.6099   -27.7048
   42  342  720  -175.7071    52.6084   -27.7045
   43  343  720  -175.6991    52.6058   -27.7039
   44  345  720  -175.7024    52.6047   -27.7039
   45  331  720  -175.7024    52.6173   -27.7051
   46  333  720  -175.7036    52.6157   -27.7050
   47  330  720  -175.6929    52.6162   -27.7045
   48  338  720  -175.7143    52.6135   -27.7053
   49  364  720  -175.6902    52.5851   -27.7015
   50  351  721  -175.6963    52.5981   -27.7021
   51  352  721  -175.6941    52.5967   -27.7019
   52  353  721  -175.6936    52.5957   -27.7017
   53  354  721  -175.6899    52.5941   -27.7014
   54  355  721  -175.6973    52.5947   -27.7018
   55  357  721  -175.6954    52.5925   -27.7015
   56  358  721  -175.6939    52.5913   -27.7013
   57  359  721  -175.6956    52.5907   -27.7014
   58  360  721  -175.6960    52.5899   -27.7013
   59  361  721  -175.6972    52.5893   -27.7013
   60  362  721  -175.6905    52.5870   -27.7008
   61  350  721  -175.6927    52.5983   -27.7020
   62  349  721  -175.6925    52.5991   -27.7020
   63  348  721  -175.6947    52.6004   -27.7023
   64  346  721  -175.7003    52.6034   -27.7028
   65  347  721  -175.6972    52.6019   -27.7025

    1  307  702  -175.7664    52.6511   -27.7277
    2  306  702  -175.7664    52.6520   -27.7277
    3  308  703  -175.7587    52.6486   -27.7262
    4  309  704  -175.7544    52.6469   -27.7249
    5  308  704  -175.7540    52.6477   -27.7249
    6  309  705  -175.7506    52.6462   -27.7237
    7  310  705  -175.7507    52.6453   -27.7236
    8  311  705  -175.7502    52.6443   -27.7235
    9  312  705  -175.7515    52.6436   -27.7235
   10  313  705  -175.7529    52.6430   -27.7235
   11  314  705  -175.7579    52.6432   -27.7238
   12  315  705  -175.7554    52.6417   -27.7235
   13  316  705  -175.7541    52.6406   -27.7233
   14  316  706  -175.7522    52.6403   -27.7223
   15  317  706  -175.7467    52.6382   -27.7218
   16  318  706  -175.7432    52.6365   -27.7215
   17  319  706  -175.7404    52.6351   -27.7212
   18  320  706  -175.7410    52.6343   -27.7212
   19  321  706  -175.7499    52.6352   -27.7217
   20  322  706  -175.7451    52.6333   -27.7213
   21  323  706  -175.7441    52.6322   -27.7211
   22  324  706  -175.7560    52.6338   -27.7219
   23  325  706  -175.7573    52.6332   -27.7219
   24  326  706  -175.7576    52.6323   -27.7218
   25  328  706  -175.7577    52.6305   -27.7216
   26  329  706  -175.7515    52.6283   -27.7211
   27  330  706  -175.7417    52.6254   -27.7203
   28  331  707  -175.7370    52.6236   -27.7190
   29  332  707  -175.7353    52.6223   -27.7188
   30  333  707  -175.7358    52.6215   -27.7188
   31  334  707  -175.7419    52.6219   -27.7191
   32  335  707  -175.7346    52.6195   -27.7185
   33  336  707  -175.7378    52.6192   -27.7186
   34  337  707  -175.7390    52.6186   -27.7186
   35  338  707  -175.7395    52.6178   -27.7186
   36  339  707  -175.7426    52.6175   -27.7188
   37  340  707  -175.7453    52.6172   -27.7189
   38  341  707  -175.7537    52.6180   -27.7194
   39  342  707  -175.7569    52.6178   -27.7195
   40  343  707  -175.7532    52.6161   -27.7192
   41  344  707  -175.7564    52.6158   -27.7193
   42  359  707  -175.7120    52.5931   -27.7149
   43  359  708  -175.7155    52.5939   -27.7143
   44  360  708  -175.7150    52.5929   -27.7142
   45  361  708  -175.7166    52.5923   -27.7142
   46  362  708  -175.7135    52.5908   -27.7139
   47  363  709  -175.7083    52.5889   -27.7126
   48  364  709  -175.7103    52.5884   -27.7126
   49  365  709  -175.7079    52.5870   -27.7124
   50  366  709  -175.7117    52.5869   -27.7126
   51  368  709  -175.7133    52.5854   -27.7125
   52  369  709  -175.7148    52.5848   -27.7125
   53  362  709  -175.7124    52.5906   -27.7130
   54  371  710  -175.7189    52.5839   -27.7118
   55  372  710  -175.7215    52.5836   -27.7119
   56  373  710  -175.7218    52.5827   -27.7118
   57  374  710  -175.7237    52.5822   -27.7119
   58  375  710  -175.7267    52.5819   -27.7120
   59  376  710  -175.7275    52.5812   -27.7120
   60  377  710  -175.7280    52.5804   -27.7119
   61  378  710  -175.7317    52.5802   -27.7121
   62  379  710  -175.7355    52.5801   -27.7123
   63  380  710  -175.7336    52.5788   -27.7121
   64  380  711  -175.7250    52.5771   -27.7106
   65  381  711  -175.7282    52.5769   -27.7107
   66  382  711  -175.7347    52.5773   -27.7111
   67  383  711  -175.7327    52.5760   -27.7109
   68  384  711  -175.7256    52.5736   -27.7103
   69  385  711  -175.7221    52.5720   -27.7100
   70  385  712  -175.7234    52.5724   -27.7092
   71  387  712  -175.7260    52.5711   -27.7092
   72  388  712  -175.7264    52.5703   -27.7091
   73  403  712  -175.7238    52.5562   -27.7077
   74  404  712  -175.7237    52.5553   -27.7076
   75  390  713  -175.7238    52.5680   -27.7079
   76  391  713  -175.7247    52.5673   -27.7079
   77  392  713  -175.7386    52.5692   -27.7088
   78  393  713  -175.7358    52.5677   -27.7085
   79  394  713  -175.7356    52.5668   -27.7084
   80  395  713  -175.7329    52.5653   -27.7081
   81  389  713  -175.7221    52.5686   -27.7079
   82  397  713  -175.7249    52.5619   -27.7074
   83  396  713  -175.7319    52.5642   -27.7080
   84  388  713  -175.7241    52.5699   -27.7081
   85  403  713  -175.7225    52.5560   -27.7067
   86  402  713  -175.7238    52.5572   -27.7069
   87  400  714  -175.7197    52.5582   -27.7059
   88  399  714  -175.7180    52.5588   -27.7059
   89  398  714  -175.7149    52.5591   -27.7057
   90  397  714  -175.7211    52.5612   -27.7062
   91  401  714  -175.7206    52.5575   -27.7059

     1  663  701  -175.9679    52.3663   -27.7122
     2  662  701  -175.9781    52.3691   -27.7130
     3  661  701  -175.9771    52.3698   -27.7130
     4  660  701  -175.9743    52.3702   -27.7129
     5  659  701  -175.9727    52.3708   -27.7128
     6  664  701  -175.9722    52.3661   -27.7124
     7  639  702  -175.9728    52.3892   -27.7138
     8  641  702  -175.9701    52.3869   -27.7135
     9  642  702  -175.9654    52.3851   -27.7130
    10  643  702  -175.9394    52.3794   -27.7112
    11  644  702  -175.9446    52.3794   -27.7115
    12  645  702  -175.9473    52.3790   -27.7115
    13  646  702  -175.9541    52.3793   -27.7119
    14  647  702  -175.9583    52.3792   -27.7121
    15  635  702  -175.9484    52.3884   -27.7125
    16  638  702  -175.9534    52.3865   -27.7126
    17  651  702  -175.9846    52.3804   -27.7134
    18  652  702  -175.9869    52.3799   -27.7135
    19  653  702  -175.9927    52.3801   -27.7138
    20  654  702  -175.9866    52.3780   -27.7133
    21  655  702  -175.9906    52.3778   -27.7135
    22  656  702  -175.9884    52.3765   -27.7132
    23  657  702  -175.9850    52.3750   -27.7129
    24  658  702  -175.9807    52.3733   -27.7125
    25  637  702  -175.9453    52.3859   -27.7121
    26  636  702  -175.9541    52.3885   -27.7128
    27  632  702  -175.9459    52.3906   -27.7125
    28  634  702  -175.9644    52.3922   -27.7136
    29  664  702  -175.9776    52.3672   -27.7118
    30  650  702  -175.9760    52.3797   -27.7129
    31  649  702  -175.9611    52.3779   -27.7120
    32  671  703  -175.9691    52.3593   -27.7098
    33  672  703  -175.9771    52.3599   -27.7102
    34  673  703  -175.9788    52.3593   -27.7103
    35  674  703  -175.9799    52.3586   -27.7102
    36  675  703  -175.9742    52.3566   -27.7098
    37  676  703  -175.9756    52.3559   -27.7098
    38  677  703  -175.9757    52.3550   -27.7097
    39  630  703  -175.9445    52.3923   -27.7116
    40  631  703  -175.9446    52.3914   -27.7116
    41  632  703  -175.9451    52.3906   -27.7115
    42  629  703  -175.9421    52.3928   -27.7116
    43  681  704  -175.9635    52.3492   -27.7076
    44  683  704  -175.9593    52.3466   -27.7071
    45  684  704  -175.9625    52.3463   -27.7073
    46  685  704  -175.9595    52.3449   -27.7069
    47  686  704  -175.9578    52.3436   -27.7067
    48  687  704  -175.9560    52.3424   -27.7065
    49  688  704  -175.9527    52.3409   -27.7062
    50  689  704  -175.9472    52.3390   -27.7057
    51  680  704  -175.9680    52.3510   -27.7080
    52  679  704  -175.9714    52.3525   -27.7084
    53  678  704  -175.9723    52.3536   -27.7085
    54  682  704  -175.9600    52.3477   -27.7073
    55  615  704  -175.9282    52.4030   -27.7108
    56  614  704  -175.9267    52.4037   -27.7108
    57  589  704  -175.9187    52.4250   -27.7126
    58  590  704  -175.9507    52.4301   -27.7147
    59  592  704  -175.8943    52.4176   -27.7106
    60  593  704  -175.8969    52.4172   -27.7107
    61  594  704  -175.9196    52.4206   -27.7122
    62  595  704  -175.8956    52.4152   -27.7104
    63  596  704  -175.8994    52.4150   -27.7106
    64  597  704  -175.9020    52.4145   -27.7107
    65  598  704  -175.9046    52.4141   -27.7108
    66  599  704  -175.9090    52.4140   -27.7110
    67  600  704  -175.9126    52.4138   -27.7112
    68  601  704  -175.9160    52.4135   -27.7113
    69  602  704  -175.9192    52.4132   -27.7114
    70  603  704  -175.9213    52.4127   -27.7115
    71  604  704  -175.9288    52.4132   -27.7119
    72  605  704  -175.9271    52.4120   -27.7117
    73  613  704  -175.9263    52.4045   -27.7109
    74  607  704  -175.9290    52.4105   -27.7116
    75  608  704  -175.9212    52.4081   -27.7110
    76  609  704  -175.9268    52.4083   -27.7113
    77  610  704  -175.9297    52.4079   -27.7114
    78  611  704  -175.9270    52.4065   -27.7111
    79  612  704  -175.9273    52.4056   -27.7110
    80  606  704  -175.9282    52.4113   -27.7117
    81  699  705  -175.9907    52.3378   -27.7069
    82  698  705  -175.9793    52.3367   -27.7062
    83  697  705  -175.9712    52.3361   -27.7057
    84  696  705  -175.9622    52.3354   -27.7052
    85  690  705  -175.9444    52.3377   -27.7044
    86  689  705  -175.9520    52.3399   -27.7050
    87  700  705  -175.9686    52.3329   -27.7053
    88  701  705  -175.9758    52.3333   -27.7057
    89  702  705  -175.9823    52.3335   -27.7061
    90  576  706  -175.8956    52.4326   -27.7102
    91  574  706  -175.8922    52.4338   -27.7100
    92  577  706  -175.8903    52.4307   -27.7097
    93  574  707  -175.8864    52.4328   -27.7087
    94  573  707  -175.8869    52.4338   -27.7089
    95  572  707  -175.8850    52.4344   -27.7088
    96  571  707  -175.8811    52.4345   -27.7086
    97  570  707  -175.8814    52.4355   -27.7087
    98  569  707  -175.8821    52.4365   -27.7089
    99  568  707  -175.8759    52.4363   -27.7085
   100  566  708  -175.8689    52.4368   -27.7073
   101  565  708  -175.8622    52.4365   -27.7069
   102  564  708  -175.8584    52.4366   -27.7068
   103  563  708  -175.8500    52.4359   -27.7063
   104  562  708  -175.8436    52.4356   -27.7060
   105  525  708  -175.8357    52.4677   -27.7088
   106  561  709  -175.8391    52.4358   -27.7048
   107  560  709  -175.8402    52.4369   -27.7050
   108  559  709  -175.8393    52.4376   -27.7050
   109  558  709  -175.8394    52.4385   -27.7051
   110  557  709  -175.8383    52.4392   -27.7051
   111  527  709  -175.8367    52.4661   -27.7077
   112  526  709  -175.8356    52.4668   -27.7078
   113  525  709  -175.8319    52.4670   -27.7076
   114  529  709  -175.8380    52.4646   -27.7077
   115  562  709  -175.8432    52.4356   -27.7050
   116  552  710  -175.8507    52.4462   -27.7055
   117  551  710  -175.8506    52.4471   -27.7056
   118  553  710  -175.8463    52.4445   -27.7051
   119  554  710  -175.8452    52.4434   -27.7049
   120  547  710  -175.8444    52.4495   -27.7056
   121  546  710  -175.8441    52.4504   -27.7056
   122  545  710  -175.8399    52.4505   -27.7055
   123  544  710  -175.8484    52.4530   -27.7061
   124  543  710  -175.8464    52.4536   -27.7061
   125  542  710  -175.8457    52.4543   -27.7061
   126  541  710  -175.8442    52.4550   -27.7061
   127  540  710  -175.8442    52.4559   -27.7062
   128  555  710  -175.8411    52.4417   -27.7046
   129  556  710  -175.8373    52.4400   -27.7042
   130  557  710  -175.8378    52.4392   -27.7042
   131  548  710  -175.8529    52.4503   -27.7060
   132  529  710  -175.8363    52.4643   -27.7066
   133  530  710  -175.8360    52.4634   -27.7066
   134  531  710  -175.8385    52.4629   -27.7066
   135  532  710  -175.8411    52.4625   -27.7067
   136  549  710  -175.8509    52.4490   -27.7058
   137  533  711  -175.8396    52.4614   -27.7056
   138  534  711  -175.8394    52.4605   -27.7055
   139  535  711  -175.8418    52.4600   -27.7056
   140  536  711  -175.8436    52.4595   -27.7056
   141  537  711  -175.8435    52.4585   -27.7055
   142  538  711  -175.8414    52.4572   -27.7053
   143  539  711  -175.8414    52.4563   -27.7052
   144  540  711  -175.8404    52.4552   -27.7050
   145  532  711  -175.8352    52.4615   -27.7054

     1  626  974  -175.2132    52.2793   -27.4335
     2  625  974  -175.2100    52.2795   -27.4334
     3  624  974  -175.2108    52.2805   -27.4335
     4  623  974  -175.2098    52.2812   -27.4335
     5  622  974  -175.2166    52.2833   -27.4339
     6  621  974  -175.2230    52.2854   -27.4343
     7  620  974  -175.2226    52.2862   -27.4344
     8  619  974  -175.2217    52.2869   -27.4344
     9  617  974  -175.2213    52.2885   -27.4346
    10  616  974  -175.2195    52.2890   -27.4346
    11  615  974  -175.2195    52.2899   -27.4346
    12  613  974  -175.2206    52.2918   -27.4349
    13  612  974  -175.2217    52.2929   -27.4350
    14  611  974  -175.2215    52.2937   -27.4350
    15  610  974  -175.2197    52.2942   -27.4350
    16  609  974  -175.2157    52.2943   -27.4349
    17  608  974  -175.2134    52.2947   -27.4349
    18  607  974  -175.2147    52.2958   -27.4350
    19  606  974  -175.2146    52.2967   -27.4351
    20  605  974  -175.2146    52.2975   -27.4352
    21  604  974  -175.2070    52.2969   -27.4349
    22  603  974  -175.2003    52.2965   -27.4347
    23  602  975  -175.1970    52.2968   -27.4338
    24  601  975  -175.1976    52.2978   -27.4339
    25  600  975  -175.1977    52.2987   -27.4340
    26  599  975  -175.1942    52.2989   -27.4339
    27  598  975  -175.1945    52.2998   -27.4340
    28  597  975  -175.2017    52.3020   -27.4344
    29  596  975  -175.2015    52.3028   -27.4345
    30  595  975  -175.2004    52.3035   -27.4345
    31  594  975  -175.1989    52.3040   -27.4345
    32  593  975  -175.1972    52.3046   -27.4345
    33  567  975  -175.2238    52.3319   -27.4377
    34  568  975  -175.2231    52.3309   -27.4376
    35  575  975  -175.2144    52.3233   -27.4366
    36  576  975  -175.2165    52.3228   -27.4366
    37  577  975  -175.2159    52.3218   -27.4365
    38  565  975  -175.2250    52.3339   -27.4379
    39  584  976  -175.2335    52.3193   -27.4360
    40  583  976  -175.2258    52.3186   -27.4357
    41  582  976  -175.2159    52.3176   -27.4354
    42  581  976  -175.2084    52.3170   -27.4351
    43  580  976  -175.2025    52.3168   -27.4349
    44  579  976  -175.2031    52.3177   -27.4350
    45  578  976  -175.2052    52.3190   -27.4351
    46  577  976  -175.2171    52.3221   -27.4358
    47  586  976  -175.2267    52.3162   -27.4355
    48  587  976  -175.2263    52.3153   -27.4354
    49  588  976  -175.2295    52.3151   -27.4355
    50  589  976  -175.2303    52.3143   -27.4355
    51  590  976  -175.2038    52.3085   -27.4341
    52  585  976  -175.2322    52.3182   -27.4359
    53  565  976  -175.2217    52.3333   -27.4368
    54  564  976  -175.2260    52.3350   -27.4371
    55  563  976  -175.2227    52.3352   -27.4370
    56  562  976  -175.2209    52.3357   -27.4370
    57  561  976  -175.2183    52.3361   -27.4370
    58  560  976  -175.2185    52.3370   -27.4371
    59  559  976  -175.2157    52.3373   -27.4370
    60  558  976  -175.2133    52.3377   -27.4370
    61  556  976  -175.1962    52.3361   -27.4363
    62  557  976  -175.2058    52.3371   -27.4367
    63  553  977  -175.1973    52.3390   -27.4358
    64  551  977  -175.2044    52.3420   -27.4363
    65  550  977  -175.2079    52.3436   -27.4365
    66  549  977  -175.2043    52.3438   -27.4364
    67  548  977  -175.2036    52.3445   -27.4365
    68  554  977  -175.2058    52.3397   -27.4361
    69  548  978  -175.2117    52.3461   -27.4360
    70  547  978  -175.2070    52.3461   -27.4359
    71  546  978  -175.2055    52.3466   -27.4359
    72  544  978  -175.2050    52.3482   -27.4360
    73  543  978  -175.2033    52.3488   -27.4360
    74  542  978  -175.2026    52.3495   -27.4361
    75  541  978  -175.2002    52.3499   -27.4360
    76  540  978  -175.2025    52.3512   -27.4362
    77  539  978  -175.1985    52.3513   -27.4361
    78  538  978  -175.2017    52.3527   -27.4363
    79  537  978  -175.1973    52.3527   -27.4362
    80  536  978  -175.1952    52.3532   -27.4362
    81  535  978  -175.1943    52.3539   -27.4362
    82  534  978  -175.1915    52.3542   -27.4362
    83  533  978  -175.1922    52.3552   -27.4363
    84  532  978  -175.1921    52.3560   -27.4364
    85  531  978  -175.1886    52.3562   -27.4363
    86  530  979  -175.1854    52.3565   -27.4355
    87  529  979  -175.1825    52.3568   -27.4354
    88  528  979  -175.1814    52.3574   -27.4354
    89  527  979  -175.1808    52.3581   -27.4355
    90  526  979  -175.1747    52.3578   -27.4353
    91  525  979  -175.1721    52.3582   -27.4353
    92  524  979  -175.1712    52.3588   -27.4353
    93  523  979  -175.1644    52.3584   -27.4351
    94  522  979  -175.1705    52.3604   -27.4354
    95  521  979  -175.1674    52.3606   -27.4353
    96  520  979  -175.1636    52.3608   -27.4353
    97  519  979  -175.1584    52.3606   -27.4351
    98  518  979  -175.1517    52.3601   -27.4349
    99  517  980  -175.1876    52.3681   -27.4358
   100  516  980  -175.1671    52.3649   -27.4349
   101  515  980  -175.1788    52.3681   -27.4355
   102  514  980  -175.1727    52.3677   -27.4353
   103  513  980  -175.1701    52.3681   -27.4353
   104  512  980  -175.1769    52.3703   -27.4356
   105  511  980  -175.1788    52.3715   -27.4358
   106  510  980  -175.1785    52.3723   -27.4359
   107  509  980  -175.1856    52.3746   -27.4363
   108  508  980  -175.1807    52.3744   -27.4361
   109  507  980  -175.1741    52.3740   -27.4359
   110  505  980  -175.1869    52.3782   -27.4367
   111  503  980  -175.1751    52.3776   -27.4363
   112  502  980  -175.1734    52.3782   -27.4362
   113  501  980  -175.1752    52.3794   -27.4364
   114  500  980  -175.1788    52.3809   -27.4366
   115  499  980  -175.1786    52.3817   -27.4367
   116  498  980  -175.1751    52.3819   -27.4366
   117  497  980  -175.1779    52.3833   -27.4368
   118  496  980  -175.1782    52.3843   -27.4368
   119  494  981  -175.1755    52.3855   -27.4360
   120  493  981  -175.1844    52.3881   -27.4365
   121  492  981  -175.1806    52.3882   -27.4364
   122  495  981  -175.1802    52.3856   -27.4362

    1  567  667  -175.9464    52.4476   -27.7496
    2  569  667  -175.9479    52.4460   -27.7495
    3  571  667  -175.9505    52.4447   -27.7495
    4  572  667  -175.9552    52.4447   -27.7498
    5  573  667  -175.9565    52.4440   -27.7498
    6  574  667  -175.9369    52.4394   -27.7483
    7  566  667  -175.9421    52.4477   -27.7494
    8  576  668  -175.9224    52.4349   -27.7462
    9  577  668  -175.9316    52.4357   -27.7468
   10  578  668  -175.9396    52.4363   -27.7473
   11  579  668  -175.9419    52.4358   -27.7474
   12  580  668  -175.9417    52.4349   -27.7473
   13  581  668  -175.9446    52.4345   -27.7474
   14  582  668  -175.9507    52.4347   -27.7477
   15  583  668  -175.9552    52.4347   -27.7480
   16  584  668  -175.9595    52.4346   -27.7482
   17  585  668  -175.9615    52.4340   -27.7482
   18  586  668  -175.9610    52.4330   -27.7481
   19  587  668  -175.9608    52.4320   -27.7480
   20  588  668  -175.9600    52.4310   -27.7479
   21  589  668  -175.9611    52.4303   -27.7479
   22  590  668  -175.9613    52.4294   -27.7478
   23  590  669  -175.9597    52.4292   -27.7468
   24  591  669  -175.9596    52.4282   -27.7467
   25  602  669  -175.9653    52.4192   -27.7462
   26  603  669  -175.9719    52.4195   -27.7466
   27  607  669  -175.9869    52.4187   -27.7474
   28  611  670  -175.9812    52.4140   -27.7457
   29  612  670  -175.9793    52.4127   -27.7455
   30  613  670  -175.9867    52.4132   -27.7459
   31  614  670  -175.9907    52.4130   -27.7461
   32  615  670  -175.9920    52.4123   -27.7461
   33  616  670  -175.9956    52.4121   -27.7463
   34  617  670  -175.9986    52.4117   -27.7464
   35  618  670  -175.9938    52.4099   -27.7459
   36  619  670  -175.9904    52.4084   -27.7456
   37  620  670  -175.9940    52.4081   -27.7457
   38  621  670  -175.9905    52.4066   -27.7454
   39  621  671  -175.9880    52.4062   -27.7443
   40  622  671  -175.9713    52.4022   -27.7430
   41  623  671  -175.9576    52.3987   -27.7419
   42  624  671  -175.9530    52.3969   -27.7415
   43  625  671  -175.9600    52.3973   -27.7419
   44  626  671  -175.9640    52.3972   -27.7421
   45  627  671  -175.9768    52.3986   -27.7429
   46  628  671  -175.9590    52.3944   -27.7416
   47  630  671  -175.9660    52.3939   -27.7419
   48  631  671  -175.9702    52.3937   -27.7421
   49  632  671  -175.9758    52.3938   -27.7424
   50  633  671  -175.9706    52.3920   -27.7420
   51  634  671  -175.9582    52.3888   -27.7410
   52  635  671  -175.9534    52.3870   -27.7406
   53  636  671  -175.9613    52.3875   -27.7410
