; ENVI Output of ROIs (5.4) [Mon Aug 05 11:44:40 2019]
; Number of ROIs: 4
; File Dimension: 1328 x 1184
;
; ROI name: Region #1
; ROI rgb value: {255, 0, 0}
; ROI npts: 188
;
; ROI name: Region #2
; ROI rgb value: {0, 255, 0}
; ROI npts: 152
;
; ROI name: Region #3
; ROI rgb value: {0, 0, 255}
; ROI npts: 104
;
; ROI name: Region #4
; ROI rgb value: {255, 255, 0}
; ROI npts: 66
;   ID    X    Y         B1         B2         B3
     1  749  427  -179.7686    49.1508   -27.8520
     2  748  427  -179.7664    49.1521   -27.8521
     3  750  427  -179.7606    49.1501   -27.8514
     4  750  428  -179.7606    49.1503   -27.8503
     5  751  428  -179.7541    49.1495   -27.8497
     6  752  428  -179.7477    49.1488   -27.8492
     7  753  428  -179.7497    49.1475   -27.8492
     8  754  428  -179.7482    49.1464   -27.8490
     9  755  428  -179.7460    49.1454   -27.8487
    10  756  428  -179.7435    49.1444   -27.8484
    11  757  428  -179.7347    49.1438   -27.8477
    12  758  428  -179.7360    49.1425   -27.8476
    13  759  428  -179.7346    49.1415   -27.8474
    14  760  428  -179.7324    49.1404   -27.8471
    15  761  428  -179.7369    49.1390   -27.8473
    16  762  428  -179.7367    49.1378   -27.8471
    17  966  429  -179.9267    48.8844   -27.8283
    18  965  429  -179.9187    48.8862   -27.8279
    19  964  429  -179.9121    48.8879   -27.8277
    20  963  429  -179.9095    48.8893   -27.8276
    21  962  429  -179.9108    48.8904   -27.8279
    22  961  429  -179.8998    48.8925   -27.8274
    23  960  429  -179.8975    48.8938   -27.8274
    24  959  429  -179.9014    48.8947   -27.8278
    25  958  429  -179.8977    48.8962   -27.8277
    26  957  429  -179.8998    48.8972   -27.8280
    27  956  429  -179.8956    48.8987   -27.8279
    28  955  429  -179.8917    48.9002   -27.8278
    29  936  429  -179.8746    48.9239   -27.8296
    30  935  429  -179.8756    48.9250   -27.8298
    31  934  429  -179.8730    48.9264   -27.8298
    32  933  429  -179.8731    48.9275   -27.8300
    33  967  429  -179.9282    48.8831   -27.8282
    34  793  430  -179.7937    49.0980   -27.8438
    35  794  430  -179.8058    49.0960   -27.8444
    36  795  430  -179.8079    49.0947   -27.8444
    37  796  430  -179.8116    49.0932   -27.8445
    38  797  430  -179.8007    49.0928   -27.8437
    39  798  430  -179.8002    49.0917   -27.8435
    40  799  430  -179.7930    49.0910   -27.8430
    41  800  430  -179.7861    49.0903   -27.8424
    42  801  430  -179.7847    49.0892   -27.8422
    43  802  430  -179.7813    49.0883   -27.8418
    44  803  430  -179.7807    49.0872   -27.8417
    45  804  430  -179.7824    49.0859   -27.8416
    46  805  430  -179.7802    49.0849   -27.8414
    47  806  430  -179.7758    49.0840   -27.8410
    48  808  430  -179.7591    49.0828   -27.8397
    49  809  430  -179.7451    49.0826   -27.8387
    50  810  430  -180.8988    49.0007   -27.9077
    51  930  430  -179.8624    48.9321   -27.8286
    52  931  430  -179.8614    48.9310   -27.8284
    53  932  430  -179.8642    48.9296   -27.8284
    54  933  430  -179.8661    48.9282   -27.8284
    55  792  430  -179.8759    49.0935   -27.8489
    56  854  430  -179.8618    49.0215   -27.8393
    57  853  430  -179.8534    49.0233   -27.8389
    58  852  430  -179.8495    49.0248   -27.8388
    59  851  430  -179.8458    49.0262   -27.8387
    60  773  430  -179.7301    49.1257   -27.8428
    61  774  430  -179.7315    49.1244   -27.8428
    62  776  430  -179.7334    49.1220   -27.8426
    63  777  430  -179.7551    49.1193   -27.8438
    64  778  430  -179.7479    49.1187   -27.8432
    65  779  430  -179.7271    49.1189   -27.8418
    66  780  430  -179.7216    49.1181   -27.8414
    67  781  430  -179.7463    49.1153   -27.8427
    68  782  430  -179.7458    49.1141   -27.8425
    69  783  430  -179.7471    49.1129   -27.8425
    70  784  430  -179.7718    49.1100   -27.8438
    71  785  430  -179.7782    49.1084   -27.8440
    72  954  430  -179.8808    48.9024   -27.8261
    73  953  430  -179.8814    48.9035   -27.8263
    74  952  430  -179.8711    48.9055   -27.8258
    75  951  430  -179.8817    48.9058   -27.8266
    76  950  430  -179.8803    48.9071   -27.8266
    77  788  430  -179.7758    49.1051   -27.8435
    78  789  430  -179.7807    49.1036   -27.8436
    79  790  430  -179.7779    49.1026   -27.8434
    80  791  430  -179.8133    49.0990   -27.8453
    81  850  430  -179.8476    49.0273   -27.8390
    82  849  430  -179.8633    49.0273   -27.8400
    83  844  430  -179.8685    49.0328   -27.8411
    84  845  430  -179.8734    49.0313   -27.8412
    85  846  430  -179.8610    49.0310   -27.8403
    86  847  430  -179.8507    49.0306   -27.8395
    87  848  430  -179.8503    49.0294   -27.8394
    88  923  430  -179.8586    48.9406   -27.8294
    89  841  431  -179.8272    49.0395   -27.8378
    90  818  431  -179.7534    49.0717   -27.8367
    91  817  431  -179.7627    49.0722   -27.8374
    92  816  431  -179.7831    49.0719   -27.8388
    93  815  431  -179.7472    49.0756   -27.8368
    94  855  431  -179.8519    49.0212   -27.8373
    95  814  431  -179.7691    49.0753   -27.8383
    96  857  431  -179.8476    49.0192   -27.8368
    97  858  431  -179.8640    49.0168   -27.8376
    98  859  431  -179.8572    49.0161   -27.8371
    99  860  431  -179.8599    49.0148   -27.8371
   100  861  431  -179.8490    49.0144   -27.8363
   101  862  431  -179.8458    49.0135   -27.8360
   102  863  431  -179.8487    49.0121   -27.8360
   103  864  431  -179.8486    49.0109   -27.8358
   104  813  431  -179.7659    49.0766   -27.8382
   105  812  431  -179.7259    49.0806   -27.8359
   106  811  431  -179.7599    49.0794   -27.8381
   107  810  431  -180.9186    48.9995   -27.9073
   108  842  431  -179.8402    49.0374   -27.8385
   109  923  431  -179.8543    48.9411   -27.8279
   110  922  431  -179.8541    48.9423   -27.8281
   111  856  431  -179.8410    49.0209   -27.8365
   112  873  432  -179.8421    49.0009   -27.8330
   113  874  432  -179.8441    48.9996   -27.8330
   114  875  432  -179.8510    48.9979   -27.8332
   115  876  432  -179.8478    48.9970   -27.8329
   116  877  432  -179.8512    48.9956   -27.8329
   117  878  432  -179.8651    48.9934   -27.8336
   118  879  432  -179.8699    48.9918   -27.8337
   119  880  432  -179.8479    48.9923   -27.8323
   120  882  432  -179.8522    48.9896   -27.8323
   121  883  432  -179.8250    48.9905   -27.8305
   122  884  432  -179.8269    48.9892   -27.8305
   123  885  432  -179.8514    48.9862   -27.8318
   124  886  432  -179.8489    48.9852   -27.8315
   125  887  432  -179.8468    48.9841   -27.8313
   126  888  432  -179.8460    48.9830   -27.8311
   127  889  432  -179.8391    48.9824   -27.8306
   128  890  432  -179.8027    48.9840   -27.8283
   129  891  432  -179.8207    48.9814   -27.8292
   130  892  432  -179.8234    48.9800   -27.8292
   131  893  432  -179.8362    48.9779   -27.8299
   132  894  432  -179.8266    48.9774   -27.8292
   133  895  432  -179.8174    48.9770   -27.8285
   134  896  432  -179.8522    48.9731   -27.8304
   135  897  432  -179.8188    48.9745   -27.8283
   136  819  432  -179.7475    49.0711   -27.8350
   137  820  432  -179.7564    49.0693   -27.8354
   138  821  432  -179.7536    49.0683   -27.8351
   139  822  432  -179.7859    49.0649   -27.8369
   140  823  432  -179.7502    49.0662   -27.8346
   141  824  432  -179.8079    49.0610   -27.8380
   142  836  432  -179.7633    49.0501   -27.8335
   143  837  432  -179.7694    49.0485   -27.8337
   144  838  432  -179.7814    49.0465   -27.8343
   145  839  432  -179.7952    49.0443   -27.8350
   146  840  432  -179.8056    49.0424   -27.8355
   147  841  432  -179.8094    49.0409   -27.8356
   148  865  432  -179.8237    49.0117   -27.8331
   149  866  432  -179.8308    49.0100   -27.8333
   150  872  432  -179.8314    49.0029   -27.8325
   151  867  432  -179.8322    49.0087   -27.8333
   152  914  432  -179.8433    48.9527   -27.8274
   153  915  432  -179.8464    48.9512   -27.8275
   154  916  432  -179.8445    48.9502   -27.8272
   155  917  432  -179.8370    48.9496   -27.8266
   156  918  432  -179.8424    48.9480   -27.8268
   157  919  432  -179.8433    48.9468   -27.8267
   158  920  432  -179.8457    48.9454   -27.8267
   159  921  432  -179.8503    48.9439   -27.8268
   160  871  432  -179.8300    49.0042   -27.8326
   161  870  432  -179.8257    49.0057   -27.8325
   162  869  432  -179.8368    49.0060   -27.8333
   163  868  432  -179.8327    49.0075   -27.8332
   164  914  433  -179.8432    48.9528   -27.8262
   165  912  433  -179.8409    48.9553   -27.8264
   166  911  433  -179.8405    48.9565   -27.8265
   167  910  433  -179.8400    48.9577   -27.8267
   168  909  433  -179.8398    48.9589   -27.8268
   169  898  433  -179.8517    48.9710   -27.8289
   170  899  433  -179.8208    48.9722   -27.8270
   171  824  433  -179.7194    49.0674   -27.8314
   172  825  433  -179.7087    49.0670   -27.8306
   173  834  433  -179.7503    49.0535   -27.8318
   174  833  433  -179.7449    49.0551   -27.8316
   175  832  433  -179.7361    49.0569   -27.8312
   176  831  433  -179.7285    49.0586   -27.8309
   177  829  433  -179.7133    49.0620   -27.8303
   178  828  433  -179.7100    49.0634   -27.8302
   179  826  433  -179.7142    49.0654   -27.8308
   180  913  433  -179.8417    48.9541   -27.8263
   181  906  434  -179.8582    48.9612   -27.8270
   182  904  434  -179.8484    48.9643   -27.8267
   183  903  434  -179.8425    48.9660   -27.8265
   184  902  434  -179.8324    48.9679   -27.8260
   185  901  434  -179.8356    48.9688   -27.8263
   186  907  434  -179.8505    48.9606   -27.8265
   187  908  434  -179.8461    48.9598   -27.8261
   188  905  434  -179.8565    48.9625   -27.8271

     1  934  435  -179.8599    48.9283   -27.8219
     2  937  435  -179.8642    48.9244   -27.8217
     3  936  435  -179.8581    48.9261   -27.8215
     4  935  435  -179.8620    48.9270   -27.8219
     5  933  435  -179.8500    48.9303   -27.8215
     6  932  435  -179.8554    48.9310   -27.8220
     7  938  435  -179.8660    48.9231   -27.8217
     8  931  436  -179.8571    48.9322   -27.8211
     9  930  436  -179.8517    48.9338   -27.8209
    10  941  436  -179.8626    48.9200   -27.8199
    11  929  436  -179.8521    48.9349   -27.8211
    12  932  436  -179.8594    48.9308   -27.8210
    13  940  436  -179.8601    48.9214   -27.8199
    14  942  436  -179.8552    48.9194   -27.8193
    15  929  437  -179.8540    48.9349   -27.8200
    16  943  437  -179.8417    48.9195   -27.8172
    17  951  437  -179.8593    48.9087   -27.8171
    18  950  437  -179.8710    48.9089   -27.8179
    19  949  437  -179.8663    48.9105   -27.8177
    20  948  437  -179.8602    48.9121   -27.8175
    21  947  437  -179.8581    48.9135   -27.8175
    22  946  437  -179.8496    48.9153   -27.8172
    23  945  437  -179.8437    48.9170   -27.8170
    24  944  437  -179.8439    48.9181   -27.8171
    25  928  437  -179.8587    48.9357   -27.8204
    26  952  438  -179.8421    48.9090   -27.8147
    27  953  438  -179.8455    48.9076   -27.8148
    28  954  438  -179.8550    48.9056   -27.8152
    29  955  438  -179.8595    48.9041   -27.8153
    30  956  438  -179.8621    48.9027   -27.8153
    31  957  438  -179.8675    48.9011   -27.8155
    32  951  438  -179.8476    48.9098   -27.8152
    33  957  439  -179.8659    48.9014   -27.8142
    34  914  439  -179.8394    48.9540   -27.8190
    35  913  439  -179.8360    48.9554   -27.8189
    36  912  439  -179.8387    48.9564   -27.8192
    37  911  439  -179.8381    48.9576   -27.8193
    38  910  439  -179.8393    48.9587   -27.8195
    39  798  439  -179.7141    49.0990   -27.8278
    40  909  439  -179.8400    48.9598   -27.8197
    41  958  439  -179.8736    48.8996   -27.8145
    42  922  439  -179.8472    48.9440   -27.8183
    43  921  439  -179.8524    48.9447   -27.8187
    44  920  439  -179.8479    48.9463   -27.8186
    45  919  439  -179.8430    48.9478   -27.8184
    46  917  439  -179.8331    48.9509   -27.8182
    47  916  439  -179.8283    48.9525   -27.8180
    48  915  439  -179.8384    48.9529   -27.8188
    49  799  439  -179.7142    49.0978   -27.8276
    50  959  440  -179.8769    48.8983   -27.8134
    51  960  440  -179.8852    48.8964   -27.8137
    52  962  440  -179.8979    48.8930   -27.8142
    53  963  440  -179.9031    48.8914   -27.8143
    54  965  440  -179.9104    48.8885   -27.8145
    55  908  440  -179.8390    48.9612   -27.8186
    56  907  440  -179.8362    48.9626   -27.8186
    57  906  440  -179.8506    48.9626   -27.8196
    58  905  440  -179.8499    48.9639   -27.8197
    59  903  440  -179.8477    48.9664   -27.8199
    60  902  440  -179.8453    48.9678   -27.8198
    61  901  440  -179.8646    48.9675   -27.8210
    62  900  440  -179.8352    48.9709   -27.8194
    63  899  440  -179.8323    48.9723   -27.8194
    64  898  440  -179.8307    48.9736   -27.8195
    65  897  440  -179.8545    48.9730   -27.8210
    66  896  440  -179.8267    48.9763   -27.8195
    67  895  440  -179.8281    48.9773   -27.8197
    68  894  440  -179.8244    48.9788   -27.8196
    69  893  440  -179.8242    48.9800   -27.8197
    70  891  440  -179.8209    48.9826   -27.8198
    71  889  440  -179.8350    48.9839   -27.8209
    72  887  440  -179.8610    48.9842   -27.8227
    73  886  440  -179.8591    48.9856   -27.8227
    74  885  440  -179.8569    48.9869   -27.8227
    75  884  440  -179.8368    48.9896   -27.8217
    76  958  440  -179.8708    48.8999   -27.8132
    77  966  440  -179.9132    48.8871   -27.8145
    78  799  440  -179.6974    49.0991   -27.8255
    79  800  440  -179.7076    49.0972   -27.8259
    80  801  440  -179.7054    49.0962   -27.8256
    81  802  440  -179.7301    49.0933   -27.8270
    82  803  440  -179.7180    49.0930   -27.8261
    83  804  440  -179.7148    49.0921   -27.8258
    84  805  440  -179.7090    49.0913   -27.8253
    85  882  441  -179.8316    48.9925   -27.8205
    86  806  441  -179.7132    49.0900   -27.8242
    87  805  441  -179.6465    49.0958   -27.8205
    88  883  441  -179.8405    48.9906   -27.8209
    89  881  441  -179.8496    48.9923   -27.8217
    90  880  441  -179.8430    48.9940   -27.8214
    91  879  441  -179.8297    48.9962   -27.8208
    92  878  441  -179.8280    48.9975   -27.8208
    93  860  441  -179.8274    49.0186   -27.8234
    94  859  441  -179.8316    49.0195   -27.8238
    95  807  441  -179.7091    49.0891   -27.8239
    96  857  442  -179.8388    49.0215   -27.8233
    97  856  442  -179.8412    49.0225   -27.8236
    98  859  442  -179.8329    49.0195   -27.8227
    99  807  442  -179.7070    49.0894   -27.8226
   100  808  442  -179.7020    49.0886   -27.8221
   101  809  442  -179.7060    49.0871   -27.8222
   102  822  442  -179.7408    49.0695   -27.8225
   103  823  442  -179.7423    49.0682   -27.8224
   104  824  442  -179.7434    49.0670   -27.8223
   105  825  442  -179.7444    49.0658   -27.8222
   106  826  442  -179.7491    49.0643   -27.8224
   107  827  442  -179.7470    49.0632   -27.8221
   108  836  442  -179.7740    49.0508   -27.8225
   109  835  442  -179.7684    49.0524   -27.8223
   110  834  442  -179.7640    49.0538   -27.8222
   111  833  442  -179.7595    49.0553   -27.8220
   112  832  442  -179.7573    49.0567   -27.8220
   113  831  442  -179.7537    49.0581   -27.8220
   114  830  442  -179.7493    49.0596   -27.8218
   115  829  442  -179.7475    49.0609   -27.8219
   116  828  442  -179.7498    49.0619   -27.8222
   117  858  442  -179.8364    49.0205   -27.8230
   118  837  443  -179.7744    49.0497   -27.8212
   119  838  443  -179.7789    49.0482   -27.8213
   120  839  443  -179.7819    49.0469   -27.8213
   121  840  443  -179.7873    49.0453   -27.8215
   122  841  443  -179.7916    49.0438   -27.8216
   123  821  443  -179.7454    49.0705   -27.8217
   124  820  443  -179.7413    49.0720   -27.8216
   125  819  443  -179.7365    49.0735   -27.8215
   126  818  443  -179.7352    49.0747   -27.8215
   127  817  443  -179.7285    49.0764   -27.8213
   128  855  443  -179.8422    49.0237   -27.8226
   129  854  443  -179.8403    49.0250   -27.8226
   130  853  443  -179.8364    49.0265   -27.8225
   131  852  443  -179.8326    49.0279   -27.8225
   132  851  443  -179.8248    49.0297   -27.8221
   133  850  443  -179.8169    49.0314   -27.8218
   134  849  443  -179.8102    49.0331   -27.8216
   135  836  443  -179.7722    49.0511   -27.8212
   136  810  443  -179.6978    49.0867   -27.8204
   137  809  443  -179.6994    49.0877   -27.8207
   138  842  443  -179.7941    49.0425   -27.8216
   139  843  443  -179.8035    49.0406   -27.8220
   140  844  443  -179.8127    49.0388   -27.8224
   141  845  443  -179.8223    49.0369   -27.8228
   142  846  443  -179.8339    49.0349   -27.8233
   143  847  443  -179.8131    49.0352   -27.8220
   144  848  443  -179.8097    49.0343   -27.8217
   145  812  444  -179.6893    49.0851   -27.8184
   146  813  444  -179.6942    49.0836   -27.8186
   147  814  444  -179.7020    49.0819   -27.8189
   148  815  444  -179.7106    49.0801   -27.8193
   149  816  444  -179.7197    49.0783   -27.8197
   150  817  444  -179.7279    49.0766   -27.8200
   151  810  444  -179.6865    49.0876   -27.8186
   152  811  444  -179.6890    49.0863   -27.8186

     1  1104  451  -179.9352    48.7240   -27.7831
     2  1106  451  -179.9164    48.7234   -27.7818
     3  1107  451  -179.9366    48.7203   -27.7828
     4  1108  451  -179.9331    48.7195   -27.7824
     5  1103  451  -179.9331    48.7254   -27.7831
     6  1110  452  -179.9330    48.7173   -27.7810
     7  1112  452  -179.9310    48.7151   -27.7806
     8  1113  452  -179.9197    48.7150   -27.7798
     9  1114  452  -179.9175    48.7140   -27.7795
    10  1115  452  -179.9176    48.7128   -27.7794
    11  1116  452  -179.9124    48.7121   -27.7789
    12  1117  452  -179.9044    48.7117   -27.7784
    13  1118  452  -179.9024    48.7107   -27.7781
    14  1119  452  -179.9101    48.7088   -27.7784
    15  1120  452  -179.9047    48.7081   -27.7779
    16  1121  452  -179.8764    48.7096   -27.7762
    17  1122  452  -179.8753    48.7085   -27.7760
    18  1123  452  -179.8908    48.7059   -27.7767
    19  1124  452  -179.8832    48.7054   -27.7762
    20  1125  452  -179.8839    48.7042   -27.7761
    21  1126  452  -179.8820    48.7032   -27.7759
    22  1127  452  -179.8836    48.7019   -27.7758
    23  1128  452  -179.8867    48.7004   -27.7758
    24  1129  452  -179.8905    48.6989   -27.7759
    25  1130  452  -179.8942    48.6973   -27.7760
    26  1131  452  -179.9019    48.6954   -27.7763
    27  1132  452  -179.9006    48.6944   -27.7761
    28  1133  452  -179.9076    48.6925   -27.7763
    29  1134  452  -179.9288    48.6894   -27.7774
    30  1135  452  -179.8895    48.6919   -27.7750
    31  1136  452  -179.9038    48.6894   -27.7757
    32  1137  452  -179.9010    48.6885   -27.7754
    33  1138  452  -179.8919    48.6881   -27.7747
    34  1139  452  -179.8938    48.6868   -27.7747
    35  1140  452  -179.8990    48.6851   -27.7749
    36  1141  452  -179.8696    48.6867   -27.7731
    37  1142  452  -179.8764    48.6849   -27.7733
    38  1144  453  -179.8589    48.6844   -27.7708
    39  1145  453  -179.8527    48.6838   -27.7704
    40  1147  453  -179.8676    48.6800   -27.7709
    41  1143  453  -179.8539    48.6860   -27.7707
    42  1148  454  -179.8703    48.6787   -27.7697
    43  1149  454  -179.8674    48.6778   -27.7694
    44  1150  454  -179.8583    48.6776   -27.7688
    45  1151  454  -179.8648    48.6758   -27.7690
    46  1152  455  -179.8663    48.6746   -27.7677
    47  1153  455  -179.8659    48.6735   -27.7675
    48  1154  455  -179.8694    48.6720   -27.7676
    49  1155  455  -179.8614    48.6715   -27.7670
    50  1156  455  -179.8826    48.6683   -27.7680
    51  1157  455  -179.8722    48.6682   -27.7673
    52  1151  455  -179.8687    48.6755   -27.7680
    53  1157  456  -179.8712    48.6684   -27.7661
    54  1158  456  -179.8879    48.6656   -27.7669
    55  1159  456  -179.8710    48.6661   -27.7658
    56  1160  456  -179.8701    48.6650   -27.7656
    57  1161  456  -179.8722    48.6636   -27.7656
    58  1162  456  -179.8746    48.6622   -27.7656
    59  1163  456  -179.8768    48.6608   -27.7655
    60  1165  456  -179.8790    48.6583   -27.7654
    61  1166  456  -179.8767    48.6573   -27.7651
    62  1167  456  -179.8808    48.6557   -27.7652
    63  1169  456  -179.8795    48.6535   -27.7648
    64  1170  456  -179.8818    48.6521   -27.7648
    65  1171  456  -179.8756    48.6515   -27.7643
    66  1172  456  -179.8766    48.6503   -27.7642
    67  1177  456  -179.8861    48.6435   -27.7640
    68  1178  456  -179.8882    48.6421   -27.7640
    69  1182  456  -179.9036    48.6359   -27.7643
    70  1185  456  -179.9224    48.6306   -27.7649
    71  1186  456  -179.9142    48.6302   -27.7642
    72  1187  456  -179.9168    48.6288   -27.7642
    73  1188  456  -179.9165    48.6276   -27.7641
    74  1189  456  -179.9260    48.6255   -27.7645
    75  1190  456  -179.9284    48.6241   -27.7644
    76  1191  456  -179.9166    48.6241   -27.7637
    77  1192  456  -179.9139    48.6232   -27.7634
    78  1194  456  -179.9128    48.6209   -27.7631
    79  1196  456  -179.9143    48.6184   -27.7629
    80  1197  456  -179.9021    48.6184   -27.7621
    81  1199  457  -179.8863    48.6178   -27.7597
    82  1200  457  -179.8866    48.6166   -27.7596
    83  1201  457  -179.8921    48.6149   -27.7598
    84  1202  457  -179.9029    48.6126   -27.7603
    85  1198  457  -179.8861    48.6190   -27.7599
    86  1202  458  -179.8924    48.6138   -27.7585
    87  1203  458  -179.8986    48.6120   -27.7587
    88  1204  458  -179.9194    48.6088   -27.7597
    89  1205  458  -179.9036    48.6092   -27.7587
    90  1222  458  -179.9397    48.5856   -27.7582
    91  1221  458  -179.9371    48.5870   -27.7582
    92  1220  458  -179.9391    48.5880   -27.7585
    93  1223  458  -179.9354    48.5849   -27.7578
    94  1212  458  -179.9171    48.5996   -27.7584
    95  1213  458  -179.9210    48.5981   -27.7585
    96  1215  458  -179.9399    48.5938   -27.7592
    97  1216  458  -179.9114    48.5955   -27.7575
    98  1217  458  -179.9207    48.5934   -27.7579
    99  1218  458  -179.9289    48.5914   -27.7582
   100  1219  458  -179.9381    48.5893   -27.7586
   101  1206  459  -179.8878    48.6097   -27.7565
   102  1205  459  -179.9039    48.6093   -27.7575
   103  1209  459  -179.8812    48.6069   -27.7557
   104  1207  459  -179.8884    48.6085   -27.7563

    1  493  739  -178.8775    49.5339   -27.4874
    2  490  739  -178.8801    49.5371   -27.4879
    3  491  739  -178.8752    49.5362   -27.4875
    4  500  739  -178.8911    49.5256   -27.4869
    5  499  739  -178.8879    49.5268   -27.4869
    6  498  739  -178.8864    49.5280   -27.4870
    7  496  739  -178.8804    49.5305   -27.4871
    8  495  739  -178.8771    49.5317   -27.4871
    9  494  739  -178.8789    49.5327   -27.4873
   10  492  739  -178.8761    49.5351   -27.4874
   11  488  739  -178.8824    49.5392   -27.4882
   12  502  740  -178.8960    49.5233   -27.4857
   13  501  740  -178.8928    49.5246   -27.4858
   14  504  740  -178.8994    49.5210   -27.4856
   15  487  740  -178.8738    49.5408   -27.4869
   16  486  740  -178.8731    49.5419   -27.4870
   17  485  740  -178.8703    49.5431   -27.4871
   18  484  740  -178.8729    49.5441   -27.4873
   19  484  741  -178.8715    49.5443   -27.4861
   20  483  741  -178.8725    49.5454   -27.4863
   21  482  741  -178.8763    49.5463   -27.4866
   22  481  741  -178.8703    49.5477   -27.4865
   23  480  741  -178.8691    49.5488   -27.4866
   24  479  741  -178.8636    49.5502   -27.4865
   25  478  741  -178.8648    49.5512   -27.4867
   26  477  741  -178.8612    49.5525   -27.4867
   27  476  741  -178.8586    49.5537   -27.4867
   28  475  741  -178.8554    49.5549   -27.4867
   29  475  742  -178.8502    49.5552   -27.4854
   30  471  742  -178.8387    49.5601   -27.4855
   31  474  742  -178.8487    49.5564   -27.4855
   32  465  743  -178.8462    49.5665   -27.4855
   33  469  743  -178.8360    49.5626   -27.4846
   34  470  743  -178.8353    49.5615   -27.4844
   35  463  743  -178.8432    49.5688   -27.4856
   36  468  743  -178.8405    49.5635   -27.4849
   37  466  743  -178.8449    49.5655   -27.4853
   38  462  744  -178.8441    49.5700   -27.4847
   39  461  744  -178.8435    49.5712   -27.4848
   40  460  744  -178.8444    49.5722   -27.4850
   41  459  744  -178.8460    49.5732   -27.4852
   42  458  744  -178.8458    49.5743   -27.4853
   43  457  744  -178.8489    49.5753   -27.4855
   44  456  744  -178.8522    49.5763   -27.4858
   45  455  744  -178.8542    49.5773   -27.4860
   46  454  744  -178.8608    49.5781   -27.4865
   47  453  744  -178.8618    49.5792   -27.4866
   48  452  744  -178.8626    49.5802   -27.4868
   49  451  744  -178.8592    49.5815   -27.4868
   50  450  744  -178.8600    49.5826   -27.4869
   51  449  744  -178.8557    49.5838   -27.4869
   52  448  744  -178.8535    49.5850   -27.4869
   53  447  744  -178.8525    49.5862   -27.4870
   54  446  744  -178.8512    49.5873   -27.4871
   55  445  744  -178.8519    49.5884   -27.4873
   56  444  744  -178.8551    49.5893   -27.4875
   57  443  744  -178.8573    49.5903   -27.4878
   58  442  744  -178.8512    49.5917   -27.4877
   59  440  745  -178.8448    49.5943   -27.4866
   60  439  745  -178.8449    49.5954   -27.4867
   61  438  745  -178.8424    49.5966   -27.4867
   62  437  745  -178.8406    49.5977   -27.4868
   63  436  745  -178.8360    49.5990   -27.4867
   64  435  745  -178.8339    49.6002   -27.4868
   65  434  745  -178.8322    49.6013   -27.4869
   66  441  745  -178.8447    49.5932   -27.4864
