; ENVI Output of ROIs (5.4) [Mon Aug 05 11:00:08 2019]
; Number of ROIs: 16
; File Dimension: 1328 x 1184
;
; ROI name: Region #1
; ROI rgb value: {255, 0, 0}
; ROI npts: 205
;
; ROI name: Region #2
; ROI rgb value: {0, 255, 0}
; ROI npts: 166
;
; ROI name: Region #3
; ROI rgb value: {0, 0, 255}
; ROI npts: 84
;
; ROI name: Region #4
; ROI rgb value: {255, 255, 0}
; ROI npts: 92
;
; ROI name: Region #5
; ROI rgb value: {0, 255, 255}
; ROI npts: 64
;
; ROI name: Region #6
; ROI rgb value: {255, 0, 255}
; ROI npts: 57
;
; ROI name: Region #7
; ROI rgb value: {176, 48, 96}
; ROI npts: 169
;
; ROI name: Region #8
; ROI rgb value: {46, 139, 87}
; ROI npts: 178
;
; ROI name: Region #9
; ROI rgb value: {160, 32, 240}
; ROI npts: 156
;
; ROI name: Region #10
; ROI rgb value: {255, 127, 80}
; ROI npts: 127
;
; ROI name: Region #11
; ROI rgb value: {127, 255, 212}
; ROI npts: 97
;
; ROI name: Region #12
; ROI rgb value: {218, 112, 214}
; ROI npts: 152
;
; ROI name: Region #13
; ROI rgb value: {160, 82, 45}
; ROI npts: 97
;
; ROI name: Region #14
; ROI rgb value: {127, 255, 0}
; ROI npts: 150
;
; ROI name: Region #15
; ROI rgb value: {216, 191, 216}
; ROI npts: 124
;
; ROI name: Region #16
; ROI rgb value: {238, 0, 0}
; ROI npts: 149
;   ID     X     Y         B1         B2         B3
     1  1210  1037  -174.8122    52.5769   -27.4032
     2  1209  1037  -174.8085    52.5769   -27.4031
     3  1211  1037  -174.8170    52.5771   -27.4034
     4  1208  1038  -174.8035    52.5767   -27.4021
     5  1207  1038  -174.8046    52.5778   -27.4022
     6  1206  1038  -174.8043    52.5785   -27.4023
     7  1205  1038  -174.8136    52.5814   -27.4028
     8  1204  1038  -174.8162    52.5828   -27.4029
     9  1203  1038  -174.8164    52.5837   -27.4030
    10  1202  1038  -174.8130    52.5838   -27.4029
    11  1201  1038  -174.8095    52.5838   -27.4028
    12  1200  1038  -174.8071    52.5841   -27.4027
    13  1200  1039  -174.8156    52.5861   -27.4023
    14  1199  1039  -174.8112    52.5859   -27.4022
    15  1198  1039  -174.8035    52.5850   -27.4019
    16  1197  1039  -174.8005    52.5852   -27.4018
    17  1196  1039  -174.8051    52.5870   -27.4021
    18  1195  1039  -174.8034    52.5875   -27.4021
    19  1194  1039  -174.8065    52.5890   -27.4023
    20  1193  1039  -174.8050    52.5895   -27.4023
    21  1190  1040  -174.7967    52.5902   -27.4013
    22  1188  1040  -174.7943    52.5913   -27.4013
    23  1186  1040  -174.7926    52.5926   -27.4014
    24  1191  1040  -174.7999    52.5901   -27.4014
    25  1185  1041  -174.7974    52.5946   -27.4008
    26  1184  1041  -174.7943    52.5947   -27.4008
    27  1183  1041  -174.7919    52.5950   -27.4007
    28  1182  1041  -174.7893    52.5952   -27.4006
    29  1182  1042  -174.7874    52.5949   -27.3998
    30  1181  1042  -174.7868    52.5956   -27.3998
    31  1180  1042  -174.7893    52.5970   -27.4000
    32  1179  1042  -174.7865    52.5972   -27.3999
    33  1178  1042  -174.7845    52.5975   -27.3999
    34  1177  1042  -174.7817    52.5977   -27.3998
    35  1176  1042  -174.7851    52.5993   -27.4000
    36  1175  1042  -174.7870    52.6006   -27.4002
    37  1174  1042  -174.7877    52.6016   -27.4003
    38  1173  1042  -174.7857    52.6019   -27.4002
    39  1172  1042  -174.7876    52.6032   -27.4004
    40  1171  1043  -174.7842    52.6033   -27.3995
    41  1170  1043  -174.7863    52.6046   -27.3996
    42  1169  1043  -174.7823    52.6045   -27.3995
    43  1168  1043  -174.7768    52.6041   -27.3993
    44  1167  1043  -174.7756    52.6047   -27.3993
    45  1166  1043  -174.7815    52.6068   -27.3996
    46  1165  1044  -174.7757    52.6064   -27.3986
    47  1164  1044  -174.7812    52.6085   -27.3989
    48  1163  1044  -174.7834    52.6098   -27.3991
    49  1162  1044  -174.7844    52.6109   -27.3992
    50  1161  1044  -174.7817    52.6111   -27.3991
    51  1160  1044  -174.7828    52.6122   -27.3992
    52  1159  1044  -174.7835    52.6132   -27.3993
    53  1166  1044  -174.7726    52.6049   -27.3984
    54  1158  1045  -174.7797    52.6132   -27.3984
    55  1157  1045  -174.7773    52.6135   -27.3984
    56  1156  1045  -174.7753    52.6139   -27.3983
    57  1155  1045  -174.7742    52.6144   -27.3983
    58  1154  1045  -174.7769    52.6159   -27.3985
    59  1152  1046  -174.7699    52.6160   -27.3975
    60  1153  1046  -174.7665    52.6144   -27.3973
    61  1151  1047  -174.7708    52.6171   -27.3968
    62  1150  1047  -174.7680    52.6173   -27.3967
    63  1152  1047  -174.7741    52.6170   -27.3969
    64  1149  1048  -174.7815    52.6213   -27.3966
    65  1148  1048  -174.7655    52.6184   -27.3960
    66  1145  1048  -174.7696    52.6219   -27.3963
    67  1144  1048  -174.7604    52.6206   -27.3960
    68  1143  1048  -174.7695    52.6235   -27.3965
    69  1142  1048  -174.7657    52.6235   -27.3964
    70  1141  1048  -174.7618    52.6234   -27.3962
    71  1140  1048  -174.7648    52.6249   -27.3965
    72  1139  1048  -174.7672    52.6263   -27.3966
    73  1138  1048  -174.7688    52.6275   -27.3967
    74  1137  1048  -174.7715    52.6289   -27.3969
    75  1136  1049  -174.7544    52.6259   -27.3954
    76  1137  1049  -174.7544    52.6251   -27.3954
    77  1135  1050  -174.7560    52.6272   -27.3948
    78  1134  1050  -174.7535    52.6274   -27.3947
    79  1132  1050  -174.7561    52.6297   -27.3950
    80  1136  1050  -174.7589    52.6270   -27.3948
    81  1132  1051  -174.7560    52.6297   -27.3941
    82  1131  1051  -174.7603    52.6315   -27.3944
    83  1130  1051  -174.7630    52.6330   -27.3946
    84  1129  1051  -174.7662    52.6345   -27.3948
    85  1128  1051  -174.7750    52.6374   -27.3952
    86  1126  1052  -174.7745    52.6390   -27.3945
    87  1125  1052  -174.7725    52.6393   -27.3945
    88  1124  1052  -174.7715    52.6400   -27.3945
    89  1123  1052  -174.7709    52.6406   -27.3945
    90  1122  1052  -174.7669    52.6405   -27.3944
    91  1121  1052  -174.7649    52.6409   -27.3944
    92  1120  1052  -174.7720    52.6434   -27.3948
    93  1119  1052  -174.7705    52.6439   -27.3948
    94  1118  1052  -174.7721    52.6451   -27.3949
    95  1117  1052  -174.7677    52.6449   -27.3948
    96  1116  1052  -174.7711    52.6465   -27.3950
    97  1115  1052  -174.7641    52.6457   -27.3948
    98  1114  1052  -174.7572    52.6450   -27.3945
    99  1105  1053  -174.7496    52.6507   -27.3939
   100  1106  1053  -174.7524    52.6506   -27.3940
   101  1107  1053  -174.7573    52.6508   -27.3941
   102  1108  1053  -174.7605    52.6508   -27.3942
   103  1109  1053  -174.7499    52.6475   -27.3937
   104  1110  1053  -174.7578    52.6485   -27.3940
   105  1111  1053  -174.7512    52.6461   -27.3936
   106  1112  1053  -174.7492    52.6448   -27.3935
   107  1113  1053  -174.7515    52.6445   -27.3935
   108  1104  1053  -174.7459    52.6507   -27.3938
   109  1102  1054  -174.7543    52.6544   -27.3935
   110  1100  1054  -174.7466    52.6543   -27.3932
   111  1103  1054  -174.7358    52.6493   -27.3926
   112  1100  1055  -174.7608    52.6576   -27.3931
   113  1099  1055  -174.7511    52.6562   -27.3927
   114  1098  1055  -174.7465    52.6559   -27.3925
   115  1097  1055  -174.7467    52.6568   -27.3926
   116  1096  1055  -174.7543    52.6594   -27.3930
   117  1095  1055  -174.7344    52.6556   -27.3922
   118  1094  1055  -174.7340    52.6564   -27.3922
   119  1093  1056  -174.7507    52.6611   -27.3922
   120  1092  1056  -174.7482    52.6614   -27.3922
   121  1091  1056  -174.7404    52.6604   -27.3919
   122  1090  1056  -174.7378    52.6606   -27.3918
   123  1089  1056  -174.7466    52.6635   -27.3923
   124  1088  1056  -174.7483    52.6647   -27.3924
   125  1087  1056  -174.7404    52.6637   -27.3921
   126  1086  1056  -174.7414    52.6648   -27.3923
   127  1085  1056  -174.7441    52.6662   -27.3924
   128  1085  1057  -174.7444    52.6664   -27.3916
   129  1084  1057  -174.7485    52.6681   -27.3919
   130  1083  1057  -174.7468    52.6686   -27.3918
   131  1082  1057  -174.7397    52.6678   -27.3916
   132  1081  1057  -174.7353    52.6676   -27.3915
   133  1080  1057  -174.7372    52.6688   -27.3916
   134  1079  1057  -174.7352    52.6692   -27.3916
   135  1078  1057  -174.7387    52.6709   -27.3918
   136  1077  1057  -174.7439    52.6729   -27.3921
   137  1076  1057  -174.7388    52.6725   -27.3919
   138  1075  1057  -174.7363    52.6728   -27.3919
   139  1074  1057  -174.7302    52.6722   -27.3917
   140  1073  1057  -174.7365    52.6745   -27.3920
   141  1070  1058  -174.7355    52.6768   -27.3913
   142  1071  1058  -174.7358    52.6760   -27.3913
   143  1069  1059  -174.7409    52.6789   -27.3908
   144  1068  1059  -174.7397    52.6795   -27.3908
   145  1067  1059  -174.7327    52.6787   -27.3906
   146  1066  1059  -174.7324    52.6795   -27.3906
   147  1070  1059  -174.7376    52.6773   -27.3906
   148  1065  1060  -174.7371    52.6814   -27.3901
   149  1063  1060  -174.7285    52.6811   -27.3898
   150  1062  1060  -174.7307    52.6824   -27.3900
   151  1061  1060  -174.7312    52.6834   -27.3901
   152  1060  1060  -174.7304    52.6840   -27.3901
   153  1059  1060  -174.7334    52.6856   -27.3903
   154  1058  1060  -174.7323    52.6861   -27.3903
   155  1056  1061  -174.7351    52.6885   -27.3897
   156  1055  1061  -174.7370    52.6898   -27.3899
   157  1054  1061  -174.7323    52.6895   -27.3897
   158  1051  1061  -174.7228    52.6898   -27.3895
   159  1049  1062  -174.7261    52.6923   -27.3890
   160  1048  1062  -174.7225    52.6922   -27.3889
   161  1047  1062  -174.7227    52.6931   -27.3890
   162  1046  1062  -174.7340    52.6966   -27.3895
   163  1045  1062  -174.7312    52.6968   -27.3894
   164  1044  1062  -174.7352    52.6985   -27.3897
   165  1043  1062  -174.7358    52.6995   -27.3898
   166  1042  1062  -174.7359    52.7004   -27.3898
   167  1041  1062  -174.7375    52.7016   -27.3900
   168  1040  1062  -174.7366    52.7022   -27.3900
   169  1039  1062  -174.7368    52.7031   -27.3901
   170  1038  1062  -174.7360    52.7037   -27.3901
   171  1037  1062  -174.7337    52.7040   -27.3900
   172  1036  1063  -174.7310    52.7043   -27.3892
   173  1035  1063  -174.7313    52.7052   -27.3893
   174  1034  1063  -174.7285    52.7053   -27.3892
   175  1037  1063  -174.7134    52.6993   -27.3883
   176  1034  1064  -174.7502    52.7105   -27.3894
   177  1033  1064  -174.7427    52.7096   -27.3891
   178  1032  1064  -174.7252    52.7063   -27.3884
   179  1031  1064  -174.7274    52.7076   -27.3885
   180  1030  1064  -174.7260    52.7081   -27.3885
   181  1029  1064  -174.7224    52.7081   -27.3884
   182  1028  1064  -174.7201    52.7084   -27.3884
   183  1027  1064  -174.7219    52.7097   -27.3886
   184  1026  1064  -174.7179    52.7095   -27.3884
   185  1025  1064  -174.7203    52.7109   -27.3886
   186  1024  1064  -174.7191    52.7115   -27.3886
   187  1023  1064  -174.7160    52.7116   -27.3885
   188  1022  1064  -174.7260    52.7148   -27.3891
   189  1021  1064  -174.7210    52.7144   -27.3889
   190  1020  1065  -174.7229    52.7158   -27.3882
   191  1019  1065  -174.7232    52.7167   -27.3883
   192  1018  1065  -174.7202    52.7168   -27.3882
   193  1017  1065  -174.7197    52.7175   -27.3883
   194  1021  1065  -174.7257    52.7156   -27.3883
   195  1016  1066  -174.7181    52.7180   -27.3874
   196  1015  1066  -174.7200    52.7193   -27.3876
   197  1014  1066  -174.7252    52.7214   -27.3879
   198  1013  1066  -174.7216    52.7213   -27.3878
   199  1012  1066  -174.7225    52.7224   -27.3879
   200  1011  1066  -174.7236    52.7235   -27.3880
   201  1009  1067  -174.7265    52.7259   -27.3874
   202  1008  1067  -174.7253    52.7264   -27.3874
   203  1007  1067  -174.7239    52.7269   -27.3874
   204  1006  1067  -174.7269    52.7285   -27.3876
   205  1010  1067  -174.7232    52.7243   -27.3872

     1  1026  1146  -174.6232    52.6922   -27.3184
     2  1027  1146  -174.6269    52.6922   -27.3184
     3  1025  1147  -174.6239    52.6932   -27.3176
     4  1023  1148  -174.6185    52.6936   -27.3167
     5  1022  1148  -174.6187    52.6945   -27.3168
     6  1021  1148  -174.6190    52.6954   -27.3169
     7  1020  1148  -174.6199    52.6964   -27.3170
     8  1019  1148  -174.6205    52.6974   -27.3171
     9  1017  1148  -174.6203    52.6990   -27.3172
    10  1016  1148  -174.6215    52.7001   -27.3173
    11  1015  1148  -174.6214    52.7009   -27.3174
    12  1014  1148  -174.6213    52.7017   -27.3174
    13  1013  1148  -174.6196    52.7021   -27.3174
    14  1012  1148  -174.6199    52.7030   -27.3175
    15  1011  1148  -174.6192    52.7037   -27.3175
    16  1010  1148  -174.6190    52.7044   -27.3176
    17  1009  1149  -174.6183    52.7051   -27.3168
    18  1008  1149  -174.6171    52.7057   -27.3168
    19  1007  1149  -174.6163    52.7063   -27.3169
    20  1006  1149  -174.6164    52.7072   -27.3169
    21  1005  1150  -174.6138    52.7074   -27.3161
    22  1004  1150  -174.6136    52.7082   -27.3162
    23  1003  1150  -174.6125    52.7088   -27.3162
    24  1006  1150  -174.6129    52.7064   -27.3160
    25  1002  1151  -174.6165    52.7106   -27.3156
    26  1001  1151  -174.6190    52.7120   -27.3158
    27  1000  1151  -174.6182    52.7126   -27.3158
    28   999  1151  -174.6183    52.7135   -27.3159
    29   983  1153  -174.6256    52.7285   -27.3154
    30   982  1153  -174.6264    52.7296   -27.3155
    31   981  1153  -174.6268    52.7305   -27.3156
    32   984  1153  -174.6249    52.7276   -27.3154
    33   980  1154  -174.6203    52.7298   -27.3146
    34   979  1154  -174.6198    52.7305   -27.3147
    35   978  1154  -174.6199    52.7314   -27.3147
    36   977  1154  -174.6204    52.7323   -27.3148
    37   976  1154  -174.6183    52.7326   -27.3148
    38   975  1154  -174.6138    52.7324   -27.3147
    39   974  1154  -174.6082    52.7318   -27.3145
    40   973  1154  -174.6069    52.7323   -27.3145
    41   972  1154  -174.6053    52.7328   -27.3145
    42   971  1154  -174.6060    52.7338   -27.3146
    43   970  1154  -174.5999    52.7331   -27.3144
    44   969  1154  -174.5990    52.7337   -27.3145
    45   968  1154  -174.5966    52.7340   -27.3144
    46   967  1154  -174.5956    52.7345   -27.3145
    47   966  1155  -174.5924    52.7346   -27.3136
    48   965  1155  -174.5891    52.7347   -27.3136
    49   964  1155  -174.5906    52.7358   -27.3137
    50   962  1155  -174.5929    52.7381   -27.3139
    51   967  1155  -174.5922    52.7338   -27.3136
    52   962  1156  -174.5923    52.7380   -27.3131
    53   961  1156  -174.5932    52.7390   -27.3132
    54   960  1156  -174.5942    52.7401   -27.3133
    55   959  1156  -174.5961    52.7414   -27.3134

    1  445  912  -175.0382    53.2804   -27.5703
    2  446  912  -175.0351    53.2787   -27.5700
    3  445  913  -175.0311    53.2785   -27.5690
    4  444  913  -175.0376    53.2812   -27.5694
    5  443  913  -175.0430    53.2836   -27.5698
    6  442  913  -175.0457    53.2852   -27.5701
    7  441  913  -175.0493    53.2871   -27.5703
    8  440  913  -175.0467    53.2873   -27.5703
    9  439  913  -175.0494    53.2889   -27.5705
   10  438  913  -175.0454    53.2887   -27.5703
   11  437  913  -175.0430    53.2889   -27.5702
   12  436  913  -175.0363    53.2878   -27.5699
   13  436  914  -175.0321    53.2867   -27.5688
   14  435  914  -175.0273    53.2862   -27.5686
   15  434  914  -175.0242    53.2862   -27.5685
   16  433  914  -175.0181    53.2854   -27.5682
   17  432  914  -175.0148    53.2853   -27.5680
   18  431  914  -175.0187    53.2873   -27.5683
   19  430  914  -175.0154    53.2873   -27.5682
   20  429  914  -175.0267    53.2914   -27.5689
   21  428  914  -175.0279    53.2926   -27.5690
   22  427  914  -175.0283    53.2936   -27.5692
   23  426  915  -175.0232    53.2931   -27.5681
   24  425  915  -175.0239    53.2941   -27.5682
   25  424  915  -175.0228    53.2947   -27.5682
   26  413  918  -175.0229    53.3046   -27.5666
   27  412  918  -175.0235    53.3056   -27.5667
   28  411  918  -175.0238    53.3066   -27.5668
   29  410  918  -175.0273    53.3084   -27.5671
   30  409  918  -175.0331    53.3110   -27.5676
   31  408  918  -175.0368    53.3129   -27.5679
   32  407  919  -175.0324    53.3126   -27.5668
   33  406  919  -175.0394    53.3155   -27.5673
   34  405  919  -175.0412    53.3169   -27.5675
   35  408  919  -175.0263    53.3100   -27.5664
   36  405  920  -175.0363    53.3155   -27.5663
   37  404  920  -175.0359    53.3163   -27.5664
   38  402  920  -175.0411    53.3195   -27.5668
   39  403  920  -175.0384    53.3179   -27.5666
   40  397  921  -175.0427    53.3245   -27.5663
   41  398  921  -175.0437    53.3238   -27.5663
   42  399  921  -175.0415    53.3223   -27.5661
   43  400  921  -175.0401    53.3211   -27.5660
   44  401  921  -175.0381    53.3196   -27.5658
   45  402  921  -175.0322    53.3170   -27.5654
   46  395  921  -175.0474    53.3276   -27.5667
   47  396  921  -175.0496    53.3273   -27.5668
   48  394  922  -175.0490    53.3290   -27.5661
   49  393  922  -175.0721    53.3365   -27.5674
   50  392  922  -175.0636    53.3349   -27.5670
   51  391  922  -175.0553    53.3334   -27.5667
   52  390  922  -175.0623    53.3363   -27.5671
   53  389  922  -175.0745    53.3407   -27.5679
   54  395  922  -175.0441    53.3267   -27.5657
   55  389  923  -175.0653    53.3381   -27.5665
   56  388  923  -175.0641    53.3386   -27.5665
   57  387  923  -175.0666    53.3402   -27.5667
   58  386  924  -175.0535    53.3374   -27.5652
   59  385  924  -175.0554    53.3388   -27.5654
   60  384  924  -175.0561    53.3399   -27.5655
   61  383  924  -175.0553    53.3406   -27.5656
   62  382  924  -175.0591    53.3425   -27.5659
   63  387  924  -175.0460    53.3344   -27.5647
   64  382  925  -175.0585    53.3424   -27.5650
   65  381  925  -175.0601    53.3438   -27.5652
   66  380  925  -175.0670    53.3466   -27.5656
   67  378  925  -175.0782    53.3516   -27.5664
   68  377  926  -175.0727    53.3510   -27.5653
   69  376  926  -175.0816    53.3544   -27.5659
   70  378  926  -175.0684    53.3489   -27.5650
   71  374  927  -175.0826    53.3565   -27.5652
   72  373  927  -175.0865    53.3585   -27.5655
   73  372  927  -175.0901    53.3605   -27.5658
   74  371  927  -175.1037    53.3653   -27.5667
   75  375  927  -175.0780    53.3543   -27.5649
   76  371  928  -175.0966    53.3633   -27.5654
   77  370  928  -175.1053    53.3667   -27.5660
   78  369  928  -175.1094    53.3688   -27.5663
   79  368  928  -175.1130    53.3707   -27.5666
   80  367  928  -175.1159    53.3724   -27.5668
   81  366  928  -175.1194    53.3743   -27.5671
   82  365  928  -175.1232    53.3763   -27.5674
   83  364  929  -175.1192    53.3761   -27.5663
   84  365  929  -175.1165    53.3744   -27.5661

    1  1132  1153  -174.6853    52.6199   -27.3089
    2  1131  1153  -174.6878    52.6213   -27.3090
    3  1130  1153  -174.6875    52.6221   -27.3091
    4  1133  1153  -174.6844    52.6189   -27.3088
    5  1129  1154  -174.6863    52.6227   -27.3083
    6  1128  1154  -174.6877    52.6238   -27.3084
    7  1127  1154  -174.6860    52.6243   -27.3084
    8  1126  1154  -174.6849    52.6248   -27.3084
    9  1125  1154  -174.6826    52.6251   -27.3083
   10  1124  1154  -174.6820    52.6258   -27.3084
   11  1123  1154  -174.6872    52.6278   -27.3086
   12  1122  1154  -174.6898    52.6293   -27.3088
   13  1121  1154  -174.6930    52.6308   -27.3090
   14  1120  1154  -174.6933    52.6317   -27.3090
   15  1119  1154  -174.6917    52.6321   -27.3090
   16  1118  1154  -174.6901    52.6326   -27.3090
   17  1117  1154  -174.6906    52.6335   -27.3091
   18  1116  1154  -174.6941    52.6352   -27.3093
   19  1115  1154  -174.6935    52.6358   -27.3093
   20  1114  1154  -174.6933    52.6366   -27.3094
   21  1114  1155  -174.6981    52.6378   -27.3087
   22  1113  1155  -174.6973    52.6384   -27.3088
   23  1112  1155  -174.6992    52.6397   -27.3089
   24  1111  1155  -174.6991    52.6405   -27.3090
   25  1110  1155  -174.6977    52.6410   -27.3090
   26  1108  1155  -174.6937    52.6417   -27.3089
   27  1109  1155  -174.6962    52.6415   -27.3090
   28  1107  1155  -174.6907    52.6419   -27.3089
   29  1105  1156  -174.6866    52.6426   -27.3080
   30  1103  1156  -174.6872    52.6444   -27.3082
   31  1104  1156  -174.6870    52.6435   -27.3081
   32  1106  1156  -174.6878    52.6421   -27.3080
   33  1102  1157  -174.6894    52.6458   -27.3075
   34  1103  1157  -174.6853    52.6440   -27.3073
   35  1100  1158  -174.6849    52.6465   -27.3067
   36  1099  1158  -174.6816    52.6465   -27.3066
   37  1101  1158  -174.6878    52.6463   -27.3067
   38  1099  1159  -174.6799    52.6462   -27.3058
   39  1098  1159  -174.6769    52.6463   -27.3057

     1  863  1064  -174.7167    52.8451   -27.3985
     2  862  1064  -174.7201    52.8469   -27.3988
     3  861  1064  -174.7218    52.8481   -27.3989
     4  860  1064  -174.7192    52.8483   -27.3988
     5  864  1064  -174.7167    52.8443   -27.3985
     6  860  1065  -174.7160    52.8476   -27.3979
     7  859  1065  -174.7134    52.8477   -27.3979
     8  857  1066  -174.7144    52.8497   -27.3972
     9  856  1066  -174.7132    52.8503   -27.3972
    10  855  1066  -174.7141    52.8513   -27.3973
    11  854  1066  -174.7094    52.8510   -27.3972
    12  858  1066  -174.7081    52.8473   -27.3969
    13  853  1067  -174.7096    52.8519   -27.3964
    14  852  1067  -174.7054    52.8517   -27.3963
    15  851  1067  -174.7075    52.8531   -27.3965
    16  850  1067  -174.7101    52.8546   -27.3967
    17  849  1067  -174.7107    52.8556   -27.3967
    18  848  1067  -174.7180    52.8582   -27.3971
    19  847  1067  -174.7153    52.8584   -27.3971
    20  846  1067  -174.7107    52.8581   -27.3969
    21  845  1067  -174.7087    52.8584   -27.3969
    22  844  1067  -174.7116    52.8600   -27.3971
    23  843  1067  -174.7156    52.8618   -27.3973
    24  842  1067  -174.7105    52.8614   -27.3972
    25  841  1067  -174.7074    52.8614   -27.3971
    26  840  1067  -174.7009    52.8606   -27.3969
    27  839  1068  -174.6972    52.8606   -27.3959
    28  838  1068  -174.6974    52.8615   -27.3960
    29  837  1068  -174.6979    52.8625   -27.3961
    30  836  1068  -174.6977    52.8632   -27.3962
    31  835  1068  -174.6994    52.8645   -27.3963
    32  834  1068  -174.7010    52.8657   -27.3964
    33  833  1068  -174.7019    52.8668   -27.3965
    34  832  1068  -174.7046    52.8683   -27.3967
    35  831  1068  -174.7047    52.8692   -27.3968
    36  830  1068  -174.7046    52.8700   -27.3969
    37  829  1068  -174.7044    52.8708   -27.3970
    38  828  1069  -174.7059    52.8721   -27.3963
    39  827  1069  -174.7127    52.8746   -27.3966
    40  826  1069  -174.7144    52.8759   -27.3968
    41  829  1069  -174.7047    52.8709   -27.3962
    42  826  1070  -174.7205    52.8775   -27.3962
    43  825  1070  -174.7228    52.8789   -27.3964
    44  824  1070  -174.7230    52.8798   -27.3965
    45  823  1070  -174.7239    52.8809   -27.3966
    46  822  1070  -174.7258    52.8822   -27.3967
    47  821  1070  -174.7281    52.8836   -27.3969
    48  820  1070  -174.7298    52.8849   -27.3970
    49  814  1072  -174.7306    52.8902   -27.3958
    50  813  1072  -174.7340    52.8919   -27.3960
    51  812  1072  -174.7400    52.8943   -27.3963
    52  811  1072  -174.7433    52.8960   -27.3965
    53  810  1072  -174.7397    52.8959   -27.3964
    54  809  1072  -174.7415    52.8972   -27.3966
    55  808  1072  -174.7373    52.8970   -27.3965
    56  807  1072  -174.7313    52.8963   -27.3963
    57  806  1072  -174.7328    52.8975   -27.3964
    58  805  1072  -174.7326    52.8983   -27.3964
    59  804  1072  -174.7363    52.9001   -27.3967
    60  803  1072  -174.7371    52.9011   -27.3968
    61  802  1072  -174.7366    52.9018   -27.3968
    62  801  1072  -174.7363    52.9026   -27.3969
    63  801  1073  -174.7201    52.8986   -27.3953
    64  800  1073  -174.7233    52.9002   -27.3955
    65  799  1073  -174.7171    52.8995   -27.3953
    66  798  1073  -174.7185    52.9007   -27.3954
    67  797  1073  -174.7184    52.9015   -27.3955
    68  796  1073  -174.7223    52.9033   -27.3957
    69  795  1073  -174.7224    52.9042   -27.3958
    70  794  1073  -174.7200    52.9044   -27.3958
    71  793  1073  -174.7197    52.9052   -27.3958
    72  792  1073  -174.7158    52.9050   -27.3957
    73  791  1073  -174.7170    52.9062   -27.3958
    74  790  1073  -174.7109    52.9055   -27.3956
    75  789  1073  -174.7141    52.9071   -27.3958
    76  788  1073  -174.7133    52.9077   -27.3959
    77  787  1074  -174.7112    52.9081   -27.3950
    78  786  1074  -174.7072    52.9079   -27.3949
    79  785  1074  -174.7056    52.9084   -27.3949
    80  788  1074  -174.7085    52.9066   -27.3949
    81  784  1075  -174.7038    52.9088   -27.3941
    82  785  1075  -174.7039    52.9080   -27.3940
    83  774  1076  -174.7077    52.9182   -27.3941
    84  771  1076  -174.7119    52.9218   -27.3945
    85  772  1076  -174.7109    52.9207   -27.3944
    86  773  1076  -174.7103    52.9197   -27.3943
    87  769  1077  -174.7090    52.9228   -27.3937
    88  768  1077  -174.7113    52.9243   -27.3939
    89  770  1077  -174.7108    52.9225   -27.3937
    90  768  1078  -174.7145    52.9251   -27.3932
    91  767  1078  -174.7177    52.9268   -27.3934
    92  766  1078  -174.7190    52.9280   -27.3935
    93  765  1078  -174.7194    52.9289   -27.3936
    94  764  1078  -174.7231    52.9307   -27.3938
    95  763  1078  -174.7304    52.9335   -27.3942
    96  762  1078  -174.7337    52.9351   -27.3944
    97  760  1079  -174.7327    52.9366   -27.3937
    98  759  1079  -174.7290    52.9365   -27.3936
    99  761  1079  -174.7332    52.9359   -27.3937
   100  758  1080  -174.7226    52.9358   -27.3926
   101  757  1080  -174.7231    52.9367   -27.3926
   102  756  1080  -174.7193    52.9366   -27.3925
   103  759  1080  -174.7240    52.9353   -27.3925
   104  755  1081  -174.7191    52.9375   -27.3918
   105  754  1081  -174.7196    52.9384   -27.3919
   106  753  1081  -174.7146    52.9380   -27.3917
   107  752  1081  -174.7189    52.9399   -27.3920
   108  751  1081  -174.7211    52.9413   -27.3921
   109  750  1081  -174.7159    52.9408   -27.3920
   110  749  1082  -174.7144    52.9413   -27.3911
   111  748  1082  -174.7155    52.9425   -27.3913
   112  747  1082  -174.7151    52.9432   -27.3913
   113  746  1082  -174.7172    52.9446   -27.3915
   114  745  1082  -174.7154    52.9450   -27.3915
   115  744  1082  -174.7154    52.9458   -27.3915
   116  743  1082  -174.7074    52.9446   -27.3912
   117  742  1082  -174.7090    52.9458   -27.3914
   118  740  1083  -174.7037    52.9462   -27.3904
   119  739  1083  -174.6984    52.9457   -27.3903
   120  741  1083  -174.7038    52.9454   -27.3904
   121  739  1084  -174.6990    52.9459   -27.3895
   122  738  1084  -174.7038    52.9480   -27.3897
   123  737  1084  -174.6961    52.9468   -27.3895
   124  736  1084  -174.6961    52.9477   -27.3895
   125  735  1084  -174.6968    52.9487   -27.3896
   126  734  1084  -174.6958    52.9493   -27.3896
   127  733  1084  -174.6948    52.9498   -27.3897
   128  732  1084  -174.6918    52.9499   -27.3896
   129  731  1084  -174.6922    52.9508   -27.3897
   130  729  1085  -174.6869    52.9512   -27.3887
   131  728  1085  -174.6885    52.9525   -27.3889
   132  730  1085  -174.6867    52.9503   -27.3887
   133  728  1086  -174.6841    52.9514   -27.3879
   134  727  1086  -174.6848    52.9524   -27.3880
   135  726  1086  -174.6877    52.9540   -27.3882
   136  725  1086  -174.6878    52.9549   -27.3882
   137  724  1086  -174.6892    52.9561   -27.3884
   138  723  1086  -174.6897    52.9571   -27.3884
   139  722  1086  -174.6932    52.9588   -27.3887
   140  721  1086  -174.6924    52.9594   -27.3887
   141  720  1086  -174.6943    52.9608   -27.3888
   142  719  1086  -174.6949    52.9618   -27.3889
   143  718  1086  -174.6954    52.9627   -27.3890
   144  717  1086  -174.6941    52.9632   -27.3890
   145  716  1086  -174.6938    52.9640   -27.3891
   146  716  1087  -174.6924    52.9637   -27.3882
   147  715  1087  -174.6921    52.9645   -27.3882
   148  714  1087  -174.6923    52.9653   -27.3883
   149  713  1087  -174.6942    52.9667   -27.3884
   150  712  1087  -174.6964    52.9681   -27.3886
   151  711  1088  -174.6986    52.9696   -27.3879
   152  712  1088  -174.6971    52.9684   -27.3878
   153  709  1089  -174.6995    52.9715   -27.3873
   154  710  1089  -174.6999    52.9708   -27.3872
   155  708  1090  -174.6983    52.9721   -27.3865
   156  707  1090  -174.6967    52.9726   -27.3865
   157  709  1090  -174.6985    52.9714   -27.3864
   158  707  1091  -174.6985    52.9731   -27.3857
   159  706  1091  -174.6963    52.9734   -27.3857
   160  705  1091  -174.6973    52.9745   -27.3858
   161  704  1091  -174.6985    52.9756   -27.3859
   162  702  1092  -174.6996    52.9777   -27.3852
   163  701  1092  -174.7010    52.9789   -27.3854
   164  700  1092  -174.7027    52.9802   -27.3855
   165  703  1092  -174.6967    52.9761   -27.3851
   166  698  1093  -174.7020    52.9817   -27.3848
   167  699  1093  -174.7008    52.9806   -27.3847
   168  697  1094  -174.6976    52.9815   -27.3839
   169  698  1094  -174.6963    52.9803   -27.3838

     1  888  1049  -174.7565    52.8332   -27.4111
     2  887  1049  -174.7561    52.8339   -27.4112
     3  889  1049  -174.7580    52.8327   -27.4111
     4  887  1050  -174.7536    52.8334   -27.4102
     5  886  1050  -174.7540    52.8343   -27.4103
     6  885  1050  -174.7549    52.8354   -27.4104
     7  884  1050  -174.7562    52.8365   -27.4105
     8  883  1050  -174.7557    52.8372   -27.4105
     9  882  1050  -174.7549    52.8379   -27.4105
    10  881  1050  -174.7566    52.8391   -27.4107
    11  880  1050  -174.7546    52.8395   -27.4106
    12  879  1050  -174.7545    52.8403   -27.4107
    13  878  1050  -174.7535    52.8409   -27.4107
    14  877  1050  -174.7535    52.8417   -27.4108
    15  876  1050  -174.7524    52.8423   -27.4108
    16  874  1051  -174.7542    52.8445   -27.4102
    17  873  1051  -174.7536    52.8452   -27.4102
    18  872  1051  -174.7576    52.8470   -27.4104
    19  871  1051  -174.7604    52.8485   -27.4106
    20  870  1051  -174.7637    52.8502   -27.4108
    21  869  1051  -174.7638    52.8511   -27.4109
    22  875  1051  -174.7528    52.8433   -27.4100
    23  869  1052  -174.7604    52.8503   -27.4099
    24  868  1052  -174.7666    52.8527   -27.4103
    25  867  1052  -174.7657    52.8533   -27.4103
    26  866  1052  -174.7654    52.8540   -27.4104
    27  865  1052  -174.7634    52.8544   -27.4103
    28  851  1052  -174.7223    52.8559   -27.4094
    29  852  1052  -174.7274    52.8563   -27.4096
    30  853  1052  -174.7305    52.8563   -27.4097
    31  861  1053  -174.7462    52.8535   -27.4090
    32  860  1053  -174.7435    52.8537   -27.4090
    33  859  1053  -174.7452    52.8550   -27.4091
    34  858  1053  -174.7451    52.8558   -27.4092
    35  862  1053  -174.7505    52.8538   -27.4091
    36  863  1053  -174.7526    52.8534   -27.4092
    37  864  1053  -174.7562    52.8535   -27.4093
    38  850  1053  -174.7141    52.8547   -27.4083
    39  849  1053  -174.7073    52.8539   -27.4080
    40  848  1053  -174.7026    52.8535   -27.4079
    41  847  1053  -174.7019    52.8542   -27.4079
    42  846  1053  -174.7017    52.8550   -27.4079
    43  844  1054  -174.7485    52.8685   -27.4094
    44  843  1054  -174.7458    52.8686   -27.4093
    45  842  1054  -174.7419    52.8685   -27.4092
    46  841  1054  -174.7351    52.8676   -27.4089
    47  840  1054  -174.7339    52.8681   -27.4090
    48  845  1054  -174.7493    52.8678   -27.4093
    49  840  1055  -174.7308    52.8674   -27.4080
    50  839  1055  -174.7280    52.8676   -27.4079
    51  837  1055  -174.7230    52.8680   -27.4078
    52  836  1055  -174.7223    52.8687   -27.4079
    53  835  1055  -174.7269    52.8706   -27.4081
    54  834  1055  -174.7231    52.8705   -27.4080
    55  833  1055  -174.7236    52.8715   -27.4081
    56  832  1055  -174.7228    52.8721   -27.4081
    57  832  1056  -174.7195    52.8714   -27.4072
    58  831  1056  -174.7193    52.8722   -27.4072
    59  830  1056  -174.7180    52.8727   -27.4073
    60  829  1056  -174.7189    52.8737   -27.4074
    61  820  1056  -174.7310    52.8843   -27.4085
    62  821  1056  -174.7318    52.8837   -27.4085
    63  822  1056  -174.7303    52.8825   -27.4083
    64  819  1056  -174.7325    52.8855   -27.4086
    65  823  1056  -174.7291    52.8813   -27.4082
    66  825  1057  -174.7257    52.8789   -27.4071
    67  827  1057  -174.7181    52.8753   -27.4066
    68  828  1057  -174.7155    52.8738   -27.4064
    69  829  1057  -174.7133    52.8724   -27.4063
    70  826  1057  -174.7193    52.8764   -27.4068
    71  824  1057  -174.7270    52.8800   -27.4072
    72  812  1057  -174.7287    52.8905   -27.4081
    73  811  1057  -174.7275    52.8911   -27.4081
    74  811  1058  -174.7336    52.8927   -27.4076
    75  810  1058  -174.7350    52.8939   -27.4077
    76  809  1058  -174.7334    52.8943   -27.4077
    77  799  1058  -174.7408    52.9046   -27.4087
    78  798  1058  -174.7379    52.9047   -27.4086
    79  797  1058  -174.7412    52.9064   -27.4089
    80  796  1058  -174.7402    52.9070   -27.4089
    81  795  1058  -174.7404    52.9079   -27.4090
    82  809  1059  -174.7385    52.8957   -27.4071
    83  807  1059  -174.7450    52.8990   -27.4076
    84  792  1059  -174.7370    52.9096   -27.4082
    85  793  1059  -174.7354    52.9083   -27.4080
    86  794  1059  -174.7372    52.9079   -27.4081
    87  800  1059  -174.7423    52.9042   -27.4079
    88  808  1059  -174.7433    52.8977   -27.4074
    89  807  1060  -174.7435    52.8987   -27.4067
    90  806  1060  -174.7434    52.8995   -27.4067
    91  790  1060  -174.7369    52.9113   -27.4075
    92  791  1060  -174.7338    52.9097   -27.4073
    93  801  1060  -174.7414    52.9032   -27.4070
    94  802  1060  -174.7391    52.9018   -27.4068
    95  803  1060  -174.7399    52.9011   -27.4068
    96  804  1060  -174.7408    52.9005   -27.4067
    97  805  1060  -174.7422    52.9000   -27.4067
    98  788  1061  -174.7336    52.9122   -27.4066
    99  787  1061  -174.7380    52.9142   -27.4069
   100  789  1061  -174.7370    52.9122   -27.4067
   101  787  1062  -174.7334    52.9130   -27.4059
   102  785  1062  -174.7311    52.9142   -27.4059
   103  786  1062  -174.7328    52.9138   -27.4059
   104  785  1063  -174.7273    52.9132   -27.4049
   105  784  1063  -174.7256    52.9136   -27.4049
   106  783  1063  -174.7260    52.9146   -27.4050
   107  782  1063  -174.7243    52.9150   -27.4050
   108  781  1063  -174.7231    52.9155   -27.4050
   109  780  1063  -174.7222    52.9161   -27.4050
   110  779  1063  -174.7224    52.9170   -27.4051
   111  778  1063  -174.7231    52.9181   -27.4052
   112  777  1063  -174.7210    52.9184   -27.4051
   113  757  1064  -174.7253    52.9364   -27.4058
   114  755  1065  -174.7198    52.9367   -27.4049
   115  754  1065  -174.7137    52.9360   -27.4047
   116  753  1065  -174.7157    52.9373   -27.4048
   117  752  1065  -174.7348    52.9431   -27.4057
   118  751  1065  -174.7417    52.9457   -27.4061
   119  756  1065  -174.7247    52.9371   -27.4050
   120  751  1066  -174.7399    52.9453   -27.4052
   121  750  1066  -174.7463    52.9478   -27.4056
   122  749  1066  -174.7477    52.9490   -27.4057
   123  731  1066  -174.7250    52.9583   -27.4058
   124  732  1066  -174.7265    52.9579   -27.4058
   125  733  1066  -174.7274    52.9573   -27.4058
   126  734  1066  -174.7289    52.9568   -27.4058
   127  735  1066  -174.7300    52.9562   -27.4058
   128  736  1066  -174.7314    52.9558   -27.4058
   129  730  1066  -174.7243    52.9590   -27.4058
   130  742  1067  -174.7576    52.9575   -27.4058
   131  741  1067  -174.7514    52.9568   -27.4055
   132  740  1067  -174.7473    52.9566   -27.4054
   133  739  1067  -174.7417    52.9560   -27.4052
   134  738  1067  -174.7368    52.9555   -27.4051
   135  737  1067  -174.7337    52.9556   -27.4050
   136  736  1067  -174.7321    52.9560   -27.4050
   137  744  1067  -174.7545    52.9550   -27.4055
   138  745  1067  -174.7535    52.9539   -27.4054
   139  746  1067  -174.7532    52.9530   -27.4053
   140  747  1067  -174.7494    52.9512   -27.4051
   141  748  1067  -174.7465    52.9496   -27.4049
   142  749  1067  -174.7416    52.9475   -27.4046
   143  743  1067  -174.7555    52.9561   -27.4056
   144  730  1067  -174.7232    52.9588   -27.4050
   145  729  1067  -174.7232    52.9596   -27.4050
   146  728  1067  -174.7232    52.9604   -27.4051
   147  725  1068  -174.7223    52.9628   -27.4044
   148  727  1068  -174.7235    52.9614   -27.4044
   149  724  1069  -174.7203    52.9632   -27.4036
   150  723  1069  -174.7211    52.9642   -27.4037
   151  725  1069  -174.7217    52.9627   -27.4036
   152  722  1070  -174.7226    52.9655   -27.4030
   153  723  1070  -174.7213    52.9643   -27.4029
   154  721  1071  -174.7204    52.9658   -27.4021
   155  720  1071  -174.7189    52.9663   -27.4021
   156  719  1071  -174.7186    52.9671   -27.4022
   157  718  1072  -174.7170    52.9676   -27.4014
   158  717  1072  -174.7169    52.9684   -27.4014
   159  719  1072  -174.7177    52.9669   -27.4013
   160  715  1073  -174.7166    52.9700   -27.4007
   161  716  1073  -174.7165    52.9692   -27.4007
   162  714  1074  -174.7117    52.9697   -27.3997
   163  713  1074  -174.7134    52.9710   -27.3998
   164  712  1074  -174.7129    52.9717   -27.3999
   165  712  1075  -174.7114    52.9713   -27.3990
   166  711  1075  -174.7074    52.9711   -27.3989
   167  710  1075  -174.7101    52.9727   -27.3991
   168  709  1075  -174.7078    52.9729   -27.3990
   169  708  1075  -174.7150    52.9756   -27.3994
   170  707  1075  -174.7166    52.9769   -27.3996
   171  706  1075  -174.7165    52.9777   -27.3997
   172  705  1075  -174.7158    52.9784   -27.3997
   173  704  1075  -174.7172    52.9796   -27.3998
   174  703  1075  -174.7157    52.9800   -27.3998
   175  702  1075  -174.7151    52.9807   -27.3999
   176  701  1075  -174.7160    52.9818   -27.4000
   177  700  1075  -174.7156    52.9825   -27.4000
   178  699  1075  -174.7137    52.9829   -27.4000

     1  1143   974  -174.9390    52.6573   -27.4653
     2  1144   974  -174.9371    52.6561   -27.4651
     3  1142   975  -174.9368    52.6577   -27.4644
     4  1141   975  -174.9384    52.6589   -27.4646
     5  1140   975  -174.9398    52.6601   -27.4647
     6  1139   975  -174.9424    52.6615   -27.4649
     7  1138   975  -174.9437    52.6627   -27.4650
     8  1143   975  -174.9348    52.6564   -27.4642
     9  1138   976  -174.9390    52.6617   -27.4640
    10  1137   976  -174.9413    52.6630   -27.4641
    11  1136   976  -174.9454    52.6648   -27.4644
    12  1135   976  -174.9404    52.6645   -27.4642
    13  1134   976  -174.9420    52.6657   -27.4643
    14  1133   977  -174.9347    52.6650   -27.4632
    15  1132   977  -174.9351    52.6659   -27.4633
    16  1134   977  -174.9353    52.6643   -27.4632
    17  1132   978  -174.9343    52.6658   -27.4624
    18  1131   978  -174.9383    52.6675   -27.4627
    19  1130   978  -174.9341    52.6674   -27.4625
    20  1129   978  -174.9383    52.6692   -27.4628
    21  1128   978  -174.9335    52.6690   -27.4626
    22  1128   979  -174.9347    52.6693   -27.4618
    23  1127   979  -174.9333    52.6698   -27.4618
    24  1126   979  -174.9308    52.6701   -27.4618
    25  1125   979  -174.9298    52.6707   -27.4618
    26  1124   979  -174.9333    52.6723   -27.4620
    27  1119   979  -174.9220    52.6740   -27.4618
    28  1120   979  -174.9253    52.6739   -27.4619
    29  1121   979  -174.9263    52.6733   -27.4619
    30  1122   979  -174.9276    52.6727   -27.4619
    31  1122   980  -174.9317    52.6737   -27.4612
    32  1123   980  -174.9329    52.6732   -27.4612
    33  1124   980  -174.9350    52.6728   -27.4613
    34  1119   980  -174.9299    52.6759   -27.4613
    35  1118   980  -174.9301    52.6768   -27.4614
    36  1117   980  -174.9335    52.6784   -27.4616
    37  1116   980  -174.9325    52.6790   -27.4616
    38  1115   980  -174.9378    52.6810   -27.4619
    39  1114   980  -174.9408    52.6826   -27.4621
    40  1113   980  -174.9428    52.6839   -27.4623
    41  1113   981  -174.9452    52.6845   -27.4616
    42  1112   981  -174.9456    52.6854   -27.4616
    43  1111   981  -174.9451    52.6862   -27.4617
    44  1110   981  -174.9435    52.6866   -27.4617
    45  1109   981  -174.9420    52.6871   -27.4617
    46  1108   981  -174.9391    52.6873   -27.4616
    47  1107   982  -174.9245    52.6849   -27.4601
    48  1106   982  -174.9254    52.6859   -27.4602
    49  1105   982  -174.9263    52.6870   -27.4603
    50  1108   982  -174.9379    52.6871   -27.4607
    51  1105   983  -174.9238    52.6864   -27.4594
    52  1104   983  -174.9236    52.6872   -27.4594
    53  1103   983  -174.9234    52.6880   -27.4595
    54  1102   983  -174.9239    52.6890   -27.4596
    55  1101   983  -174.9242    52.6899   -27.4597
    56  1100   984  -174.9222    52.6903   -27.4588
    57  1101   984  -174.9239    52.6899   -27.4588
    58  1099   985  -174.9171    52.6901   -27.4578
    59  1098   985  -174.9150    52.6904   -27.4577
    60  1097   985  -174.9124    52.6907   -27.4577
    61  1096   985  -174.9085    52.6906   -27.4576
    62  1095   985  -174.9019    52.6900   -27.4573
    63  1100   985  -174.9186    52.6896   -27.4578
    64  1095   986  -174.9009    52.6898   -27.4564
    65  1094   986  -174.8968    52.6897   -27.4563
    66  1093   986  -174.8952    52.6902   -27.4563
    67  1079   986  -174.8890    52.7005   -27.4568
    68  1080   986  -174.8896    52.6998   -27.4568
    69  1078   986  -174.8848    52.7004   -27.4567
    70  1090   987  -174.8898    52.6915   -27.4554
    71  1089   987  -174.8939    52.6933   -27.4557
    72  1088   987  -174.8982    52.6951   -27.4560
    73  1087   987  -174.8987    52.6961   -27.4560
    74  1086   987  -174.9074    52.6989   -27.4565
    75  1085   987  -174.9012    52.6983   -27.4563
    76  1084   987  -174.9011    52.6991   -27.4563
    77  1083   987  -174.8973    52.6991   -27.4562
    78  1082   987  -174.8925    52.6988   -27.4560
    79  1081   987  -174.8873    52.6985   -27.4558
    80  1080   987  -174.8854    52.6989   -27.4558
    81  1092   987  -174.8876    52.6893   -27.4552
    82  1093   987  -174.8940    52.6899   -27.4554
    83  1091   987  -174.8899    52.6907   -27.4553
    84  1068   988  -174.8944    52.7111   -27.4562
    85  1069   988  -174.8936    52.7101   -27.4561
    86  1066   989  -174.8904    52.7120   -27.4553
    87  1065   989  -174.8930    52.7134   -27.4554
    88  1067   989  -174.8898    52.7110   -27.4552
    89  1064   990  -174.8945    52.7147   -27.4547
    90  1063   990  -174.8941    52.7154   -27.4548
    91  1065   990  -174.8882    52.7123   -27.4544
    92  1063   991  -174.8870    52.7138   -27.4536
    93  1062   991  -174.8955    52.7166   -27.4540
    94  1061   991  -174.8878    52.7157   -27.4538
    95  1061   992  -174.8834    52.7147   -27.4528
    96  1058   993  -174.8609    52.7120   -27.4512
    97  1057   993  -174.8681    52.7145   -27.4516
    98  1056   993  -174.8689    52.7156   -27.4517
    99  1055   993  -174.8709    52.7169   -27.4518
   100  1059   993  -174.8653    52.7122   -27.4514
   101  1055   994  -174.8636    52.7153   -27.4506
   102  1053   994  -174.8614    52.7164   -27.4506
   103  1052   994  -174.8581    52.7165   -27.4505
   104  1051   994  -174.8573    52.7171   -27.4505
   105  1050   994  -174.8751    52.7222   -27.4515
   106  1049   994  -174.8727    52.7224   -27.4514
   107  1048   994  -174.8670    52.7219   -27.4512
   108  1047   995  -174.8667    52.7228   -27.4504
   109  1046   995  -174.8612    52.7223   -27.4502
   110  1045   995  -174.8580    52.7224   -27.4501
   111  1044   995  -174.8552    52.7226   -27.4501
   112  1048   995  -174.8663    52.7218   -27.4503
   113  1043   996  -174.8535    52.7231   -27.4492
   114  1042   996  -174.8522    52.7236   -27.4492
   115  1041   996  -174.8493    52.7238   -27.4492
   116  1040   996  -174.8512    52.7251   -27.4493
   117  1039   996  -174.8499    52.7256   -27.4493
   118  1038   996  -174.8435    52.7249   -27.4490
   119  1037   996  -174.8371    52.7243   -27.4488
   120  1037   997  -174.8469    52.7266   -27.4484
   121  1036   997  -174.8439    52.7268   -27.4484
   122  1036   998  -174.8447    52.7270   -27.4476
   123  1035   998  -174.8417    52.7272   -27.4475
   124  1034   998  -174.8391    52.7274   -27.4474
   125  1033   998  -174.8367    52.7277   -27.4474
   126  1032   998  -174.8347    52.7280   -27.4474
   127  1031   998  -174.8336    52.7286   -27.4474
   128  1030   998  -174.8313    52.7289   -27.4473
   129  1029   998  -174.8299    52.7294   -27.4473
   130  1028   998  -174.8305    52.7304   -27.4474
   131  1027   998  -174.8325    52.7317   -27.4476
   132  1026   998  -174.8340    52.7329   -27.4477
   133  1024   999  -174.8310    52.7339   -27.4469
   134  1020  1000  -174.8284    52.7367   -27.4462
   135  1019  1000  -174.8325    52.7386   -27.4465
   136  1018  1000  -174.8431    52.7419   -27.4470
   137  1021  1000  -174.8309    52.7365   -27.4462
   138  1018  1001  -174.8406    52.7414   -27.4461
   139  1017  1001  -174.8357    52.7411   -27.4459
   140  1016  1001  -174.8337    52.7414   -27.4459
   141  1015  1001  -174.8340    52.7423   -27.4460
   142  1014  1001  -174.8381    52.7441   -27.4462
   143  1013  1001  -174.8326    52.7437   -27.4460
   144  1011  1002  -174.8242    52.7434   -27.4449
   145  1010  1002  -174.8216    52.7437   -27.4449
   146  1009  1002  -174.8237    52.7450   -27.4450
   147  1012  1002  -174.8287    52.7437   -27.4451
   148  1008  1003  -174.8311    52.7476   -27.4446
   149  1007  1003  -174.8291    52.7480   -27.4446
   150  1006  1003  -174.8312    52.7494   -27.4447
   151  1005  1003  -174.8404    52.7524   -27.4453
   152  1004  1003  -174.8324    52.7513   -27.4449
   153  1003  1003  -174.8346    52.7527   -27.4451
   154  1002  1003  -174.8352    52.7537   -27.4452
   155  1001  1003  -174.8345    52.7543   -27.4452
   156  1000  1003  -174.8311    52.7544   -27.4451

     1  805  970  -174.8535    52.9228   -27.4863
     2  806  970  -174.8535    52.9220   -27.4862
     3  804  971  -174.8524    52.9235   -27.4854
     4  800  971  -174.8614    52.9292   -27.4862
     5  805  971  -174.8517    52.9225   -27.4854
     6  799  972  -174.8563    52.9288   -27.4851
     7  800  972  -174.8556    52.9278   -27.4850
     8  799  973  -174.8497    52.9272   -27.4840
     9  798  973  -174.8499    52.9281   -27.4841
    10  797  973  -174.8508    52.9292   -27.4842
    11  796  973  -174.8471    52.9291   -27.4841
    12  795  973  -174.8517    52.9311   -27.4844
    13  794  973  -174.8481    52.9310   -27.4842
    14  793  973  -174.8481    52.9319   -27.4843
    15  792  973  -174.8519    52.9337   -27.4846
    16  791  973  -174.8541    52.9351   -27.4847
    17  789  973  -174.8545    52.9369   -27.4849
    18  786  974  -174.8487    52.9381   -27.4840
    19  785  975  -174.8496    52.9392   -27.4833
    20  755  977  -174.8404    52.9625   -27.4831
    21  753  978  -174.8417    52.9646   -27.4825
    22  753  979  -174.8396    52.9641   -27.4816
    23  752  979  -174.8383    52.9647   -27.4816
    24  751  980  -174.8384    52.9656   -27.4808
    25  750  980  -174.8377    52.9663   -27.4808
    26  749  980  -174.8386    52.9673   -27.4809
    27  723  980  -174.8479    52.9919   -27.4832
    28  748  981  -174.8380    52.9681   -27.4801
    29  745  981  -174.8417    52.9716   -27.4805
    30  744  981  -174.8410    52.9723   -27.4806
    31  743  981  -174.8429    52.9736   -27.4807
    32  746  981  -174.8403    52.9704   -27.4804
    33  747  981  -174.8402    52.9695   -27.4803
    34  723  981  -174.8492    52.9923   -27.4824
    35  740  982  -174.8462    52.9771   -27.4803
    36  739  982  -174.8494    52.9788   -27.4805
    37  738  982  -174.8476    52.9792   -27.4805
    38  737  982  -174.8465    52.9798   -27.4805
    39  736  982  -174.8472    52.9808   -27.4806
    40  734  982  -174.8473    52.9825   -27.4807
    41  732  982  -174.8468    52.9841   -27.4809
    42  731  982  -174.8475    52.9851   -27.4810
    43  742  982  -174.8441    52.9748   -27.4800
    44  741  982  -174.8481    52.9768   -27.4803
    45  722  982  -174.8484    52.9930   -27.4816
    46  721  982  -174.8473    52.9936   -27.4816
    47  719  982  -174.8418    52.9939   -27.4815
    48  720  982  -174.8462    52.9942   -27.4816
    49  719  983  -174.8369    52.9927   -27.4804
    50  718  983  -174.8398    52.9943   -27.4807
    51  688  984  -174.8414    53.0204   -27.4819
    52  717  984  -174.8358    52.9942   -27.4797
    53  716  984  -174.8334    52.9944   -27.4797
    54  715  984  -174.8353    52.9957   -27.4798
    55  689  984  -174.8418    53.0196   -27.4818
    56  691  985  -174.8357    53.0164   -27.4806
    57  713  985  -174.8281    52.9956   -27.4787
    58  714  985  -174.8291    52.9950   -27.4787
    59  715  985  -174.8320    52.9949   -27.4788
    60  690  985  -174.8380    53.0178   -27.4808
    61  693  986  -174.8316    53.0137   -27.4794
    62  692  986  -174.8312    53.0144   -27.4794
    63  691  986  -174.8316    53.0154   -27.4795
    64  712  986  -174.8208    52.9946   -27.4776
    65  711  986  -174.8172    52.9945   -27.4775
    66  709  986  -174.8139    52.9954   -27.4775
    67  710  986  -174.8122    52.9941   -27.4773
    68  705  987  -174.8115    52.9982   -27.4767
    69  695  987  -174.8274    53.0109   -27.4782
    70  694  987  -174.8276    53.0118   -27.4783
    71  703  987  -174.8084    52.9991   -27.4767
    72  702  987  -174.8101    53.0004   -27.4768
    73  701  987  -174.8105    53.0014   -27.4769
    74  700  987  -174.8160    53.0037   -27.4773
    75  693  987  -174.8276    53.0127   -27.4783
    76  699  987  -174.8171    53.0048   -27.4774
    77  698  987  -174.8233    53.0073   -27.4778
    78  697  987  -174.8246    53.0085   -27.4779
    79  696  987  -174.8259    53.0097   -27.4780
    80  707  987  -174.8146    52.9973   -27.4768
    81  704  987  -174.8125    52.9993   -27.4769
    82  653  989  -174.8449    53.0515   -27.4803
    83  652  990  -174.8420    53.0517   -27.4794
    84  651  990  -174.8405    53.0521   -27.4794
    85  650  990  -174.8381    53.0524   -27.4793
    86  653  990  -174.8414    53.0507   -27.4793
    87  649  991  -174.8352    53.0525   -27.4784
    88  650  991  -174.8335    53.0512   -27.4782
    89  649  992  -174.8297    53.0511   -27.4773
    90  648  992  -174.8283    53.0516   -27.4773
    91  647  992  -174.8257    53.0518   -27.4772
    92  646  992  -174.8275    53.0531   -27.4774
    93  645  992  -174.8260    53.0535   -27.4773
    94  644  992  -174.8237    53.0538   -27.4773
    95  643  992  -174.8220    53.0542   -27.4773
    96  641  992  -174.8237    53.0564   -27.4775
    97  640  992  -174.8251    53.0576   -27.4776
    98  639  992  -174.8249    53.0584   -27.4777
    99  638  992  -174.8234    53.0589   -27.4777
   100  638  993  -174.8215    53.0584   -27.4767
   101  637  993  -174.8226    53.0595   -27.4769
   102  636  993  -174.8215    53.0601   -27.4769
   103  635  993  -174.8224    53.0612   -27.4770
   104  634  993  -174.8219    53.0619   -27.4770
   105  633  993  -174.8219    53.0628   -27.4771
   106  632  993  -174.8215    53.0635   -27.4772
   107  630  994  -174.8197    53.0648   -27.4764
   108  629  994  -174.8241    53.0669   -27.4767
   109  628  994  -174.8251    53.0680   -27.4768
   110  627  994  -174.8269    53.0693   -27.4770
   111  631  994  -174.8200    53.0640   -27.4763
   112  626  995  -174.8258    53.0699   -27.4761
   113  625  995  -174.8277    53.0713   -27.4763
   114  624  995  -174.8267    53.0719   -27.4763
   115  623  995  -174.8273    53.0729   -27.4764
   116  622  995  -174.8362    53.0761   -27.4770
   117  621  995  -174.8369    53.0772   -27.4771
   118  621  996  -174.8321    53.0759   -27.4760
   119  620  996  -174.8335    53.0772   -27.4761
   120  619  996  -174.8347    53.0784   -27.4763
   121  618  996  -174.8359    53.0795   -27.4764
   122  617  996  -174.8362    53.0805   -27.4765
   123  616  996  -174.8354    53.0811   -27.4765
   124  615  996  -174.8321    53.0811   -27.4764
   125  615  997  -174.8284    53.0802   -27.4754
   126  612  998  -174.8240    53.0816   -27.4746
   127  613  998  -174.8250    53.0810   -27.4746

    1  551  915  -174.9748    53.1703   -27.5564
    2  550  915  -174.9785    53.1721   -27.5567
    3  549  915  -174.9768    53.1726   -27.5566
    4  552  915  -174.9729    53.1689   -27.5562
    5  548  916  -174.9823    53.1750   -27.5562
    6  547  916  -174.9770    53.1744   -27.5560
    7  546  916  -174.9762    53.1750   -27.5560
    8  549  916  -174.9781    53.1730   -27.5559
    9  546  917  -174.9756    53.1750   -27.5551
   10  545  917  -174.9746    53.1756   -27.5551
   11  544  917  -174.9738    53.1762   -27.5551
   12  543  917  -174.9702    53.1761   -27.5550
   13  542  917  -174.9693    53.1767   -27.5550
   14  541  917  -174.9704    53.1779   -27.5552
   15  540  917  -174.9642    53.1770   -27.5549
   16  539  917  -174.9711    53.1798   -27.5553
   17  537  918  -174.9760    53.1830   -27.5549
   18  536  918  -174.9789    53.1846   -27.5552
   19  535  918  -174.9807    53.1860   -27.5554
   20  538  918  -174.9732    53.1813   -27.5547
   21  535  919  -174.9550    53.1790   -27.5530
   22  534  919  -174.9605    53.1814   -27.5534
   23  533  919  -174.9625    53.1828   -27.5536
   24  532  919  -174.9703    53.1858   -27.5542
   25  531  919  -174.9650    53.1852   -27.5539
   26  530  919  -174.9539    53.1830   -27.5534
   27  529  919  -174.9511    53.1831   -27.5533
   28  528  919  -174.9538    53.1847   -27.5535
   29  527  920  -174.9553    53.1861   -27.5528
   30  526  920  -174.9598    53.1882   -27.5531
   31  525  920  -174.9492    53.1862   -27.5526
   32  524  920  -174.9460    53.1861   -27.5525
   33  523  920  -174.9400    53.1853   -27.5522
   34  522  920  -174.9428    53.1870   -27.5525
   35  521  920  -174.9424    53.1877   -27.5525
   36  520  920  -174.9481    53.1902   -27.5530
   37  519  920  -174.9567    53.1934   -27.5535
   38  518  920  -174.9629    53.1960   -27.5539
   39  517  920  -174.9621    53.1966   -27.5540
   40  507  921  -174.9651    53.2063   -27.5539
   41  507  922  -174.9612    53.2052   -27.5528
   42  506  922  -174.9658    53.2074   -27.5532
   43  505  922  -174.9671    53.2086   -27.5533
   44  504  922  -174.9677    53.2097   -27.5534
   45  503  922  -174.9651    53.2098   -27.5533
   46  502  922  -174.9652    53.2107   -27.5534
   47  500  922  -174.9803    53.2167   -27.5544
   48  501  922  -174.9682    53.2124   -27.5536
   49  498  923  -174.9827    53.2191   -27.5539
   50  500  923  -174.9779    53.2160   -27.5534
   51  499  923  -174.9791    53.2173   -27.5536
   52  496  924  -174.9815    53.2206   -27.5531
   53  495  924  -174.9750    53.2196   -27.5528
   54  497  924  -174.9818    53.2198   -27.5531
   55  494  925  -174.9837    53.2230   -27.5525
   56  493  925  -174.9811    53.2232   -27.5524
   57  492  925  -174.9839    53.2248   -27.5526
   58  491  925  -174.9838    53.2256   -27.5527
   59  490  925  -174.9819    53.2260   -27.5527
   60  489  925  -174.9807    53.2265   -27.5527
   61  488  925  -174.9778    53.2266   -27.5526
   62  487  926  -174.9799    53.2281   -27.5520
   63  486  926  -174.9743    53.2274   -27.5517
   64  485  926  -174.9704    53.2272   -27.5516
   65  484  926  -174.9656    53.2267   -27.5514
   66  483  926  -174.9649    53.2274   -27.5515
   67  482  926  -174.9659    53.2286   -27.5516
   68  481  926  -174.9744    53.2318   -27.5521
   69  480  926  -174.9717    53.2319   -27.5520
   70  479  926  -174.9746    53.2336   -27.5523
   71  478  926  -174.9726    53.2339   -27.5522
   72  477  926  -174.9770    53.2360   -27.5526
   73  476  926  -174.9762    53.2367   -27.5526
   74  475  926  -174.9818    53.2391   -27.5530
   75  474  926  -174.9884    53.2419   -27.5534
   76  474  927  -174.9916    53.2428   -27.5527
   77  473  927  -174.9934    53.2442   -27.5529
   78  472  927  -174.9964    53.2459   -27.5531
   79  471  927  -174.9895    53.2448   -27.5528
   80  470  927  -174.9950    53.2472   -27.5532
   81  469  927  -174.9908    53.2469   -27.5530
   82  468  927  -174.9910    53.2479   -27.5531
   83  467  927  -174.9908    53.2487   -27.5531
   84  466  927  -174.9850    53.2479   -27.5528
   85  465  928  -174.9805    53.2476   -27.5518
   86  464  928  -174.9791    53.2481   -27.5518
   87  463  928  -174.9811    53.2495   -27.5520
   88  462  928  -174.9828    53.2509   -27.5522
   89  461  928  -174.9836    53.2520   -27.5523
   90  459  929  -174.9842    53.2539   -27.5517
   91  458  929  -174.9907    53.2567   -27.5521
   92  457  929  -174.9947    53.2587   -27.5524
   93  456  929  -174.9986    53.2606   -27.5527
   94  455  929  -175.0007    53.2621   -27.5529
   95  454  929  -175.0028    53.2636   -27.5531
   96  453  929  -175.0029    53.2645   -27.5532
   97  460  929  -174.9816    53.2524   -27.5515

     1  1079  762  -175.4251    52.8102   -27.6784
     2  1078  762  -175.4236    52.8107   -27.6783
     3  1080  762  -175.4279    52.8100   -27.6785
     4  1076  763  -175.4197    52.8117   -27.6773
     5  1077  763  -175.4206    52.8110   -27.6773
     6  1076  764  -175.4132    52.8102   -27.6760
     7  1075  764  -175.4155    52.8117   -27.6762
     8  1074  764  -175.4172    52.8129   -27.6764
     9  1072  765  -175.4174    52.8148   -27.6756
    10  1071  765  -175.4188    52.8160   -27.6758
    11  1070  765  -175.4185    52.8168   -27.6758
    12  1073  765  -175.4162    52.8137   -27.6755
    13  1069  766  -175.4167    52.8174   -27.6749
    14  1068  766  -175.4126    52.8173   -27.6747
    15  1067  766  -175.4085    52.8173   -27.6745
    16  1066  766  -175.4043    52.8172   -27.6743
    17  1065  766  -175.4073    52.8188   -27.6745
    18  1064  766  -175.4079    52.8198   -27.6746
    19  1063  767  -175.4114    52.8215   -27.6741
    20  1061  767  -175.4098    52.8229   -27.6741
    21  1064  767  -175.4131    52.8211   -27.6741
    22  1060  768  -175.4075    52.8233   -27.6731
    23  1061  768  -175.4091    52.8228   -27.6732
    24  1057  769  -175.3965    52.8235   -27.6718
    25  1056  769  -175.3941    52.8238   -27.6717
    26  1055  769  -175.3926    52.8244   -27.6716
    27  1054  769  -175.3905    52.8248   -27.6716
    28  1053  769  -175.3865    52.8247   -27.6714
    29  1052  769  -175.3837    52.8249   -27.6712
    30  1051  769  -175.3808    52.8252   -27.6711
    31  1050  769  -175.3793    52.8257   -27.6711
    32  1049  770  -175.3703    52.8245   -27.6697
    33  1048  770  -175.3672    52.8247   -27.6696
    34  1050  770  -175.3756    52.8249   -27.6700
    35  1048  771  -175.3662    52.8245   -27.6687
    36  1047  771  -175.3647    52.8251   -27.6687
    37  1046  771  -175.3617    52.8252   -27.6685
    38  1045  771  -175.3640    52.8267   -27.6688
    39  1044  771  -175.3646    52.8277   -27.6689
    40  1043  771  -175.3758    52.8312   -27.6697
    41  1042  771  -175.3751    52.8319   -27.6697
    42  1041  772  -175.3722    52.8322   -27.6687
    43  1040  772  -175.3667    52.8318   -27.6684
    44  1039  772  -175.3657    52.8324   -27.6684
    45  1038  772  -175.3606    52.8321   -27.6681
    46  1042  772  -175.3785    52.8328   -27.6691
    47  1038  773  -175.3621    52.8325   -27.6673
    48  1037  773  -175.3672    52.8346   -27.6678
    49  1036  773  -175.3656    52.8351   -27.6677
    50  1035  773  -175.3628    52.8353   -27.6676
    51  1034  773  -175.3642    52.8365   -27.6678
    52  1033  773  -175.3642    52.8374   -27.6678
    53  1032  773  -175.3658    52.8387   -27.6680
    54  1031  773  -175.3664    52.8397   -27.6681
    55  1030  773  -175.3657    52.8404   -27.6681
    56  1029  773  -175.3586    52.8396   -27.6677
    57  1028  773  -175.3578    52.8403   -27.6678
    58  1027  773  -175.3587    52.8414   -27.6679
    59  1026  773  -175.3648    52.8437   -27.6684
    60  1025  773  -175.3657    52.8448   -27.6685
    61  1024  773  -175.3694    52.8466   -27.6688
    62  1023  774  -175.3782    52.8496   -27.6686
    63  1022  774  -175.3814    52.8512   -27.6689
    64  1021  774  -175.3889    52.8539   -27.6695
    65  1020  774  -175.3883    52.8546   -27.6695
    66  1019  774  -175.3908    52.8561   -27.6698
    67  1018  774  -175.3906    52.8569   -27.6698
    68  1016  775  -175.3944    52.8597   -27.6694
    69  1015  775  -175.3954    52.8608   -27.6695
    70  1013  775  -175.3852    52.8601   -27.6690
    71  1017  775  -175.3918    52.8582   -27.6691
    72  1012  776  -175.3784    52.8595   -27.6677
    73  1004  776  -175.3665    52.8637   -27.6675
    74  1005  776  -175.3671    52.8630   -27.6675
    75  1006  776  -175.3683    52.8624   -27.6675
    76  1007  776  -175.3687    52.8616   -27.6674
    77  1008  776  -175.3688    52.8608   -27.6674
    78  1009  776  -175.3717    52.8606   -27.6675
    79  1010  776  -175.3732    52.8600   -27.6675
    80  1011  776  -175.3767    52.8600   -27.6677
    81  1003  777  -175.3677    52.8650   -27.6668
    82  1002  777  -175.3652    52.8653   -27.6667
    83  1001  777  -175.3659    52.8663   -27.6668
    84  1000  777  -175.3655    52.8671   -27.6668
    85   999  777  -175.3630    52.8674   -27.6667
    86  1004  777  -175.3628    52.8630   -27.6664
    87   999  778  -175.3695    52.8690   -27.6664
    88   998  778  -175.3656    52.8690   -27.6662
    89   997  778  -175.3587    52.8682   -27.6658
    90   996  779  -175.3531    52.8678   -27.6647
    91   995  779  -175.3465    52.8671   -27.6643
    92   997  779  -175.3592    52.8684   -27.6650
    93   994  780  -175.3427    52.8672   -27.6632
    94   993  780  -175.3435    52.8683   -27.6634
    95   992  780  -175.3418    52.8687   -27.6633
    96   991  780  -175.3448    52.8704   -27.6636
    97   990  780  -175.3498    52.8724   -27.6640
    98   989  780  -175.3496    52.8732   -27.6641
    99   988  781  -175.3506    52.8744   -27.6633
   100   987  781  -175.3536    52.8760   -27.6636
   101   986  781  -175.3542    52.8771   -27.6637
   102   985  781  -175.3481    52.8765   -27.6634
   103   984  781  -175.3451    52.8767   -27.6632
   104   983  781  -175.3432    52.8771   -27.6632
   105   982  782  -175.3424    52.8779   -27.6623
   106   981  782  -175.3426    52.8788   -27.6624
   107   980  782  -175.3429    52.8797   -27.6625
   108   983  782  -175.3442    52.8774   -27.6624
   109   978  783  -175.3405    52.8810   -27.6616
   110   977  783  -175.3369    52.8810   -27.6615
   111   976  783  -175.3339    52.8812   -27.6614
   112   975  783  -175.3329    52.8818   -27.6614
   113   974  783  -175.3328    52.8827   -27.6614
   114   973  783  -175.3309    52.8831   -27.6614
   115   971  783  -175.3280    52.8842   -27.6613
   116   970  783  -175.3270    52.8848   -27.6613
   117   966  783  -175.3205    52.8868   -27.6612
   118   965  783  -175.3194    52.8874   -27.6612
   119   964  783  -175.3200    52.8884   -27.6613
   120   963  783  -175.3210    52.8896   -27.6614
   121   962  783  -175.3203    52.8903   -27.6614
   122   960  784  -175.3224    52.8926   -27.6608
   123   959  784  -175.3214    52.8933   -27.6608
   124   958  784  -175.3210    52.8941   -27.6608
   125   957  784  -175.3212    52.8950   -27.6609
   126   961  784  -175.3213    52.8915   -27.6606
   127   955  785  -175.3162    52.8956   -27.6598
   128   954  785  -175.3169    52.8967   -27.6600
   129   953  785  -175.3153    52.8972   -27.6600
   130   952  786  -175.3114    52.8971   -27.6590
   131   951  786  -175.3089    52.8974   -27.6589
   132   950  786  -175.3083    52.8982   -27.6589
   133   949  786  -175.3112    52.8998   -27.6592
   134   953  786  -175.3143    52.8970   -27.6591
   135   948  787  -175.3199    52.9028   -27.6590
   136   947  787  -175.3234    52.9045   -27.6593
   137   946  787  -175.3411    52.9097   -27.6606
   138   945  787  -175.3394    52.9101   -27.6605
   139   944  787  -175.3327    52.9094   -27.6601
   140   944  788  -175.3287    52.9085   -27.6590
   141   943  788  -175.3298    52.9097   -27.6592
   142   935  788  -175.3171    52.9137   -27.6589
   143   936  788  -175.3209    52.9137   -27.6591
   144   937  788  -175.3230    52.9133   -27.6592
   145   938  788  -175.3250    52.9129   -27.6592
   146   934  788  -175.3191    52.9150   -27.6591
   147   939  788  -175.3242    52.9119   -27.6591
   148   941  789  -175.3186    52.9088   -27.6576
   149   942  789  -175.3239    52.9092   -27.6579
   150   943  789  -175.3275    52.9092   -27.6581
   151   939  789  -175.3294    52.9132   -27.6585
   152   940  789  -175.3184    52.9096   -27.6577

    1  1076  775  -175.4187    52.8122   -27.6667
    2  1075  775  -175.4191    52.8132   -27.6667
    3  1074  775  -175.4183    52.8139   -27.6668
    4  1073  775  -175.4162    52.8143   -27.6667
    5  1072  775  -175.4123    52.8143   -27.6666
    6  1078  775  -175.4251    52.8120   -27.6669
    7  1072  776  -175.4077    52.8133   -27.6654
    8  1071  776  -175.4072    52.8141   -27.6654
    9  1070  776  -175.4111    52.8159   -27.6658
   10  1069  776  -175.4083    52.8161   -27.6657
   11  1068  776  -175.4063    52.8165   -27.6656
   12  1067  776  -175.4028    52.8166   -27.6655
   13  1066  776  -175.4001    52.8168   -27.6654
   14  1065  776  -175.3984    52.8173   -27.6653
   15  1064  776  -175.4001    52.8186   -27.6655
   16  1063  776  -175.4002    52.8195   -27.6656
   17  1062  776  -175.4008    52.8205   -27.6657
   18  1061  777  -175.4023    52.8218   -27.6650
   19  1062  777  -175.4006    52.8205   -27.6648
   20  1060  778  -175.4053    52.8235   -27.6644
   21  1061  778  -175.4046    52.8224   -27.6642
   22  1059  779  -175.4007    52.8234   -27.6632
   23  1058  779  -175.4035    52.8249   -27.6635
   24  1057  779  -175.4016    52.8253   -27.6634
   25  1056  779  -175.4016    52.8262   -27.6635
   26  1055  779  -175.3962    52.8259   -27.6633
   27  1054  779  -175.3922    52.8258   -27.6631
   28  1054  780  -175.3968    52.8269   -27.6626
   29  1053  780  -175.3919    52.8267   -27.6623
   30  1052  780  -175.3907    52.8273   -27.6623
   31  1051  780  -175.3868    52.8272   -27.6621
   32  1050  780  -175.3869    52.8281   -27.6622
   33  1049  780  -175.3811    52.8277   -27.6619
   34  1048  780  -175.3761    52.8274   -27.6616
   35  1047  780  -175.3715    52.8272   -27.6614
   36  1046  780  -175.3701    52.8278   -27.6613
   37  1045  781  -175.3702    52.8287   -27.6606
   38  1046  781  -175.3717    52.8282   -27.6606
   39  1044  782  -175.3743    52.8306   -27.6601
   40  1043  782  -175.3715    52.8309   -27.6599
   41  1041  782  -175.3841    52.8356   -27.6609
   42  1040  782  -175.3816    52.8359   -27.6608
   43  1042  782  -175.3834    52.8345   -27.6608
   44  1030  783  -175.3622    52.8402   -27.6593
   45  1031  783  -175.3596    52.8388   -27.6590
   46  1032  783  -175.3644    52.8390   -27.6593
   47  1026  783  -175.3606    52.8434   -27.6594
   48  1034  783  -175.3642    52.8372   -27.6591
   49  1035  783  -175.3629    52.8360   -27.6590
   50  1036  783  -175.3671    52.8361   -27.6592
   51  1037  783  -175.3680    52.8354   -27.6592
   52  1038  783  -175.3740    52.8359   -27.6595
   53  1039  783  -175.3787    52.8361   -27.6597
   54  1040  783  -175.3797    52.8355   -27.6598
   55  1025  783  -175.3616    52.8445   -27.6596
   56  1024  783  -175.3608    52.8452   -27.6596
   57  1033  783  -175.3658    52.8384   -27.6593
   58  1022  784  -175.3636    52.8477   -27.6591
   59  1021  784  -175.3608    52.8479   -27.6590
   60  1023  784  -175.3620    52.8464   -27.6589
   61  1021  785  -175.3620    52.8483   -27.6582
   62  1020  785  -175.3619    52.8491   -27.6582
   63  1019  785  -175.3567    52.8488   -27.6580
   64  1018  785  -175.3550    52.8493   -27.6579
   65  1017  785  -175.3611    52.8516   -27.6584
   66  1016  785  -175.3614    52.8525   -27.6585
   67  1015  785  -175.3637    52.8540   -27.6587
   68  1012  786  -175.3529    52.8541   -27.6574
   69  1013  786  -175.3564    52.8541   -27.6575
   70  1011  787  -175.3430    52.8527   -27.6559
   71  1010  787  -175.3430    52.8536   -27.6560
   72  1009  787  -175.3463    52.8553   -27.6563
   73  1008  787  -175.3460    52.8561   -27.6564
   74  1007  787  -175.3513    52.8582   -27.6568
   75  1006  787  -175.3528    52.8594   -27.6570
   76  1005  787  -175.3495    52.8595   -27.6568
   77  1005  788  -175.3473    52.8591   -27.6558
   78  1004  788  -175.3470    52.8599   -27.6559
   79  1003  788  -175.3513    52.8618   -27.6562
   80  1002  788  -175.3480    52.8619   -27.6561
   81  1001  788  -175.3494    52.8631   -27.6563
   82  1000  788  -175.3445    52.8628   -27.6560
   83   999  788  -175.3464    52.8642   -27.6562
   84   999  789  -175.3384    52.8623   -27.6549
   85   998  789  -175.3375    52.8630   -27.6549
   86   997  789  -175.3319    52.8626   -27.6546
   87   996  789  -175.3300    52.8630   -27.6545
   88   995  789  -175.3318    52.8643   -27.6547
   89   994  789  -175.3331    52.8655   -27.6549
   90   993  789  -175.3360    52.8671   -27.6551
   91   992  789  -175.3321    52.8670   -27.6550
   92   991  789  -175.3317    52.8678   -27.6550
   93   990  789  -175.3295    52.8682   -27.6549
   94   989  789  -175.3294    52.8690   -27.6550
   95   988  789  -175.3327    52.8707   -27.6552
   96   987  789  -175.3316    52.8713   -27.6552
   97   986  789  -175.3414    52.8745   -27.6560

     1  1084  751  -175.4620    52.8136   -27.6899
     2  1083  752  -175.4584    52.8137   -27.6889
     3  1084  752  -175.4596    52.8131   -27.6888
     4  1082  753  -175.4554    52.8140   -27.6879
     5  1081  753  -175.4545    52.8146   -27.6879
     6  1083  753  -175.4565    52.8133   -27.6878
     7  1081  754  -175.4515    52.8140   -27.6868
     8  1080  754  -175.4498    52.8145   -27.6868
     9  1079  754  -175.4482    52.8150   -27.6867
    10  1077  754  -175.4385    52.8146   -27.6862
    11  1076  754  -175.4340    52.8144   -27.6860
    12  1075  754  -175.4346    52.8155   -27.6860
    13  1073  755  -175.4264    52.8154   -27.6847
    14  1072  755  -175.4219    52.8152   -27.6845
    15  1071  755  -175.4208    52.8159   -27.6845
    16  1070  755  -175.4190    52.8163   -27.6845
    17  1074  755  -175.4308    52.8155   -27.6850
    18  1069  756  -175.4189    52.8173   -27.6837
    19  1068  756  -175.4145    52.8171   -27.6834
    20  1066  757  -175.4064    52.8171   -27.6821
    21  1065  757  -175.4049    52.8176   -27.6821
    22  1067  757  -175.4106    52.8172   -27.6824
    23  1064  758  -175.4038    52.8183   -27.6812
    24  1062  759  -175.4089    52.8213   -27.6809
    25  1061  759  -175.4094    52.8223   -27.6810
    26  1060  759  -175.4086    52.8230   -27.6810
    27  1059  759  -175.4073    52.8236   -27.6810
    28  1057  759  -175.4083    52.8256   -27.6812
    29  1056  759  -175.4079    52.8264   -27.6813
    30  1055  759  -175.4079    52.8273   -27.6813
    31  1054  759  -175.4090    52.8284   -27.6815
    32  1053  759  -175.4099    52.8295   -27.6816
    33  1051  760  -175.4094    52.8312   -27.6808
    34  1052  760  -175.4083    52.8301   -27.6807
    35  1047  761  -175.4028    52.8333   -27.6798
    36  1046  761  -175.4015    52.8339   -27.6798
    37  1049  761  -175.4042    52.8319   -27.6797
    38  1046  762  -175.3970    52.8329   -27.6786
    39  1045  762  -175.3984    52.8341   -27.6788
    40  1044  762  -175.3972    52.8347   -27.6788
    41  1043  762  -175.3916    52.8343   -27.6785
    42  1041  763  -175.3726    52.8317   -27.6765
    43  1040  763  -175.3654    52.8309   -27.6761
    44  1039  763  -175.3669    52.8321   -27.6763
    45  1038  763  -175.3563    52.8305   -27.6756
    46  1037  763  -175.3436    52.8284   -27.6748
    47  1042  763  -175.3798    52.8325   -27.6769
    48  1036  764  -175.3688    52.8353   -27.6757
    49  1035  764  -175.3694    52.8363   -27.6758
    50  1034  764  -175.3767    52.8389   -27.6764
    51  1033  764  -175.3804    52.8406   -27.6767
    52  1032  764  -175.3824    52.8420   -27.6769
    53  1031  764  -175.3829    52.8430   -27.6770
    54  1030  764  -175.3811    52.8434   -27.6770
    55  1029  764  -175.3765    52.8433   -27.6767
    56  1028  764  -175.3725    52.8432   -27.6765
    57  1027  764  -175.3750    52.8447   -27.6768
    58  1026  764  -175.3774    52.8461   -27.6770
    59  1025  764  -175.3798    52.8476   -27.6772
    60  1024  764  -175.3847    52.8496   -27.6776
    61  1022  765  -175.3816    52.8507   -27.6767
    62  1021  765  -175.3771    52.8505   -27.6765
    63  1021  766  -175.3844    52.8523   -27.6761
    64  1020  766  -175.3828    52.8528   -27.6760
    65  1019  766  -175.3801    52.8531   -27.6759
    66  1018  766  -175.3763    52.8531   -27.6757
    67  1017  766  -175.3737    52.8533   -27.6756
    68  1016  766  -175.3785    52.8554   -27.6760
    69  1015  766  -175.3798    52.8565   -27.6761
    70  1014  766  -175.3790    52.8572   -27.6762
    71  1011  766  -175.3722    52.8583   -27.6759
    72  1012  766  -175.3728    52.8575   -27.6759
    73  1010  766  -175.3720    52.8591   -27.6759
    74  1008  767  -175.3736    52.8614   -27.6753
    75  1009  767  -175.3733    52.8604   -27.6752
    76  1010  767  -175.3770    52.8604   -27.6754
    77  1006  767  -175.3697    52.8622   -27.6752
    78  1004  767  -175.3677    52.8635   -27.6752
    79  1005  767  -175.3701    52.8632   -27.6753
    80  1007  767  -175.3722    52.8619   -27.6753
    81  1002  768  -175.3620    52.8640   -27.6741
    82  1003  768  -175.3664    52.8641   -27.6743
    83  1000  769  -175.3604    52.8654   -27.6733
    84   998  770  -175.3679    52.8690   -27.6731
    85   997  770  -175.3618    52.8685   -27.6728
    86   996  770  -175.3602    52.8690   -27.6728
    87   999  770  -175.3696    52.8686   -27.6732
    88   996  771  -175.3652    52.8702   -27.6723
    89   995  771  -175.3685    52.8719   -27.6725
    90   994  771  -175.3645    52.8718   -27.6724
    91   993  771  -175.3615    52.8720   -27.6722
    92   992  771  -175.3612    52.8728   -27.6723
    93   991  771  -175.3636    52.8743   -27.6725
    94   990  771  -175.3602    52.8743   -27.6724
    95   989  771  -175.3613    52.8755   -27.6725
    96   988  771  -175.3598    52.8760   -27.6725
    97   987  771  -175.3573    52.8763   -27.6724
    98   986  771  -175.3557    52.8768   -27.6724
    99   985  771  -175.3543    52.8773   -27.6724
   100   984  771  -175.3489    52.8769   -27.6721
   101   983  771  -175.3461    52.8772   -27.6720
   102   982  771  -175.3451    52.8778   -27.6720
   103   981  771  -175.3412    52.8778   -27.6718
   104   980  771  -175.3407    52.8785   -27.6719
   105   979  771  -175.3446    52.8803   -27.6722
   106   978  771  -175.3380    52.8796   -27.6718
   107   977  771  -175.3352    52.8798   -27.6717
   108   976  772  -175.3377    52.8814   -27.6711
   109   975  772  -175.3376    52.8823   -27.6712
   110   974  772  -175.3362    52.8828   -27.6711
   111   977  772  -175.3394    52.8809   -27.6711
   112   974  773  -175.3347    52.8825   -27.6701
   113   973  773  -175.3316    52.8826   -27.6700
   114   972  773  -175.3228    52.8814   -27.6695
   115   971  773  -175.3195    52.8815   -27.6693
   116   970  773  -175.3171    52.8818   -27.6692
   117   968  774  -175.3210    52.8846   -27.6688
   118   965  775  -175.3236    52.8879   -27.6684
   119   964  775  -175.3229    52.8886   -27.6684
   120   963  775  -175.3221    52.8893   -27.6684
   121   962  775  -175.3209    52.8899   -27.6684
   122   961  775  -175.3200    52.8906   -27.6684
   123   960  775  -175.3207    52.8917   -27.6685
   124   959  775  -175.3220    52.8928   -27.6686
   125   958  775  -175.3219    52.8937   -27.6687
   126   957  775  -175.3226    52.8947   -27.6688
   127   956  775  -175.3226    52.8956   -27.6689
   128   955  775  -175.3221    52.8964   -27.6689
   129   954  775  -175.3215    52.8971   -27.6690
   130   953  775  -175.3204    52.8977   -27.6689
   131   952  775  -175.3167    52.8977   -27.6688
   132   951  775  -175.3142    52.8980   -27.6687
   133   950  776  -175.3196    52.9003   -27.6683
   134   949  776  -175.3237    52.9021   -27.6686
   135   948  776  -175.3258    52.9035   -27.6688
   136   947  777  -175.3253    52.9044   -27.6680
   137   946  777  -175.3253    52.9052   -27.6681
   138   945  777  -175.3233    52.9056   -27.6680
   139   944  777  -175.3221    52.9062   -27.6680
   140   943  777  -175.3208    52.9068   -27.6680
   141   942  777  -175.3193    52.9073   -27.6680
   142   941  777  -175.3192    52.9082   -27.6681
   143   940  777  -175.3193    52.9091   -27.6682
   144   939  777  -175.3188    52.9098   -27.6682
   145   938  777  -175.3179    52.9105   -27.6683
   146   937  777  -175.3188    52.9116   -27.6684
   147   936  777  -175.3172    52.9121   -27.6683
   148   935  777  -175.3185    52.9133   -27.6685
   149   934  777  -175.3188    52.9143   -27.6686
   150   933  777  -175.3191    52.9152   -27.6687

     1  802  767  -175.2596    53.0157   -27.6828
     2  801  767  -175.2601    53.0167   -27.6829
     3  803  767  -175.2578    53.0144   -27.6826
     4  801  768  -175.2583    53.0163   -27.6820
     5  800  768  -175.2603    53.0177   -27.6822
     6  799  768  -175.2610    53.0188   -27.6823
     7  797  769  -175.2608    53.0206   -27.6815
     8  796  769  -175.2617    53.0217   -27.6816
     9  798  769  -175.2605    53.0196   -27.6814
    10  795  770  -175.2583    53.0218   -27.6806
    11  794  770  -175.2580    53.0226   -27.6807
    12  793  770  -175.2575    53.0233   -27.6807
    13  792  770  -175.2565    53.0240   -27.6807
    14  791  770  -175.2569    53.0250   -27.6808
    15  789  771  -175.2536    53.0260   -27.6799
    16  788  771  -175.2561    53.0275   -27.6802
    17  787  771  -175.2558    53.0283   -27.6802
    18  786  771  -175.2576    53.0296   -27.6804
    19  790  771  -175.2520    53.0247   -27.6797
    20  785  772  -175.2577    53.0306   -27.6796
    21  784  772  -175.2566    53.0312   -27.6796
    22  783  772  -175.2592    53.0327   -27.6799
    23  782  772  -175.2627    53.0345   -27.6802
    24  781  772  -175.2672    53.0366   -27.6806
    25  780  772  -175.2656    53.0370   -27.6805
    26  779  772  -175.2618    53.0370   -27.6803
    27  778  772  -175.2720    53.0404   -27.6811
    28  777  772  -175.2703    53.0409   -27.6810
    29  776  772  -175.2672    53.0410   -27.6809
    30  775  772  -175.2644    53.0412   -27.6808
    31  774  772  -175.2657    53.0424   -27.6810
    32  773  772  -175.2695    53.0443   -27.6813
    33  772  772  -175.2828    53.0485   -27.6823
    34  771  772  -175.2842    53.0498   -27.6824
    35  770  772  -175.2833    53.0504   -27.6824
    36  769  772  -175.2809    53.0507   -27.6823
    37  768  772  -175.2769    53.0506   -27.6822
    38  767  773  -175.2751    53.0511   -27.6812
    39  765  774  -175.2684    53.0512   -27.6801
    40  766  774  -175.2729    53.0514   -27.6803
    41  752  776  -175.2675    53.0626   -27.6793
    42  753  776  -175.2696    53.0623   -27.6794
    43  751  777  -175.2664    53.0633   -27.6785
    44  750  777  -175.2660    53.0641   -27.6785
    45  749  777  -175.2669    53.0652   -27.6787
    46  748  777  -175.2668    53.0660   -27.6787
    47  747  777  -175.2663    53.0668   -27.6787
    48  746  777  -175.2664    53.0677   -27.6788
    49  745  777  -175.2674    53.0689   -27.6790
    50  744  777  -175.2679    53.0699   -27.6790
    51  743  777  -175.2684    53.0709   -27.6791
    52  742  777  -175.2700    53.0722   -27.6793
    53  741  778  -175.2698    53.0731   -27.6785
    54  740  778  -175.2711    53.0743   -27.6786
    55  739  778  -175.2741    53.0760   -27.6789
    56  738  778  -175.2776    53.0778   -27.6792
    57  737  778  -175.2772    53.0786   -27.6793
    58  742  778  -175.2694    53.0721   -27.6784
    59  737  779  -175.2762    53.0784   -27.6783
    60  736  779  -175.2774    53.0795   -27.6785
    61  734  779  -175.2802    53.0821   -27.6788
    62  733  779  -175.2830    53.0837   -27.6790
    63  730  780  -175.2836    53.0866   -27.6784
    64  729  780  -175.2844    53.0877   -27.6785
    65  731  780  -175.2819    53.0852   -27.6783
    66  729  781  -175.2813    53.0869   -27.6775
    67  728  781  -175.2830    53.0883   -27.6777
    68  727  781  -175.2829    53.0891   -27.6777
    69  726  781  -175.2791    53.0890   -27.6775
    70  725  781  -175.2771    53.0894   -27.6775
    71  724  781  -175.2955    53.0951   -27.6787
    72  723  781  -175.2845    53.0931   -27.6781
    73  722  781  -175.2901    53.0954   -27.6785
    74  721  781  -175.3001    53.0989   -27.6792
    75  721  782  -175.3000    53.0990   -27.6784
    76  720  782  -175.2940    53.0983   -27.6781
    77  719  782  -175.2841    53.0966   -27.6775
    78  718  782  -175.2810    53.0967   -27.6774
    79  717  783  -175.2855    53.0988   -27.6769
    80  716  783  -175.2746    53.0969   -27.6762
    81  715  783  -175.2696    53.0965   -27.6759
    82  714  783  -175.2789    53.0998   -27.6766
    83  713  783  -175.2914    53.1039   -27.6775
    84  712  783  -175.2841    53.1029   -27.6771
    85  718  783  -175.2839    53.0975   -27.6767
    86  711  784  -175.2716    53.1006   -27.6755
    87  710  784  -175.2429    53.0940   -27.6736
    88  709  784  -175.2931    53.1080   -27.6770
    89  708  784  -175.2692    53.1027   -27.6755
    90  707  784  -175.2757    53.1052   -27.6760
    91  706  784  -175.2749    53.1059   -27.6760
    92  705  784  -175.2654    53.1043   -27.6755
    93  705  785  -175.2612    53.1033   -27.6743
    94  704  785  -175.2529    53.1020   -27.6739
    95  703  785  -175.2670    53.1066   -27.6749
    96  702  785  -175.2379    53.0999   -27.6730
    97  701  785  -175.2298    53.0987   -27.6725
    98  700  785  -175.2245    53.0982   -27.6723
    99  698  786  -175.2209    53.0991   -27.6713
   100  697  786  -175.2222    53.1003   -27.6715
   101  696  786  -175.2226    53.1013   -27.6716
   102  699  786  -175.2235    53.0989   -27.6714
   103  695  787  -175.2306    53.1043   -27.6714
   104  694  787  -175.2325    53.1057   -27.6716
   105  693  787  -175.2326    53.1066   -27.6717
   106  692  787  -175.2281    53.1063   -27.6714
   107  691  787  -175.2209    53.1053   -27.6710
   108  690  787  -175.2200    53.1060   -27.6710
   109  690  788  -175.2281    53.1081   -27.6708
   110  689  788  -175.2244    53.1081   -27.6706
   111  688  788  -175.2246    53.1090   -27.6707
   112  687  788  -175.2293    53.1111   -27.6711
   113  686  789  -175.2333    53.1131   -27.6706
   114  685  789  -175.2337    53.1141   -27.6707
   115  684  789  -175.2389    53.1164   -27.6711
   116  683  789  -175.2423    53.1181   -27.6714
   117  682  789  -175.2440    53.1195   -27.6716
   118  687  789  -175.2335    53.1123   -27.6705
   119  682  790  -175.2400    53.1185   -27.6705
   120  681  790  -175.2423    53.1200   -27.6707
   121  679  791  -175.2516    53.1243   -27.6706
   122  678  791  -175.2546    53.1259   -27.6709
   123  677  791  -175.2554    53.1270   -27.6710
   124  680  791  -175.2456    53.1218   -27.6701

     1  1079  743  -175.4714    52.8197   -27.6980
     2  1080  743  -175.4751    52.8196   -27.6981
     3  1078  744  -175.4585    52.8176   -27.6963
     4  1077  744  -175.4543    52.8176   -27.6960
     5  1076  744  -175.4500    52.8175   -27.6958
     6  1075  744  -175.4456    52.8174   -27.6955
     7  1074  744  -175.4399    52.8169   -27.6952
     8  1073  744  -175.4371    52.8172   -27.6951
     9  1071  745  -175.4214    52.8154   -27.6933
    10  1072  745  -175.4270    52.8158   -27.6936
    11  1071  746  -175.4155    52.8141   -27.6920
    12  1070  746  -175.4104    52.8138   -27.6917
    13  1069  746  -175.4100    52.8145   -27.6918
    14  1068  746  -175.4096    52.8153   -27.6918
    15  1067  746  -175.4064    52.8155   -27.6917
    16  1066  746  -175.3994    52.8148   -27.6912
    17  1065  746  -175.3945    52.8145   -27.6910
    18  1064  746  -175.3929    52.8150   -27.6909
    19  1063  746  -175.3937    52.8161   -27.6910
    20  1062  746  -175.3935    52.8169   -27.6911
    21  1061  747  -175.4044    52.8204   -27.6910
    22  1060  747  -175.4032    52.8210   -27.6910
    23  1059  747  -175.4012    52.8214   -27.6910
    24  1058  747  -175.3990    52.8218   -27.6909
    25  1062  747  -175.4119    52.8213   -27.6915
    26  1058  748  -175.4038    52.8230   -27.6903
    27  1057  748  -175.4025    52.8236   -27.6903
    28  1056  748  -175.4035    52.8247   -27.6905
    29  1055  748  -175.4037    52.8256   -27.6905
    30  1053  749  -175.4012    52.8269   -27.6897
    31  1052  749  -175.4023    52.8280   -27.6898
    32  1051  749  -175.4019    52.8288   -27.6899
    33  1050  749  -175.4014    52.8296   -27.6899
    34  1049  749  -175.3958    52.8291   -27.6896
    35  1048  749  -175.3956    52.8300   -27.6897
    36  1054  749  -175.4004    52.8258   -27.6895
    37  1048  750  -175.3984    52.8307   -27.6890
    38  1047  750  -175.3977    52.8314   -27.6890
    39  1046  750  -175.3973    52.8322   -27.6891
    40  1045  750  -175.3956    52.8327   -27.6890
    41  1044  750  -175.3955    52.8335   -27.6891
    42  1043  750  -175.3985    52.8351   -27.6893
    43  1042  750  -175.3968    52.8356   -27.6893
    44  1041  750  -175.3962    52.8364   -27.6893
    45  1040  751  -175.3945    52.8369   -27.6884
    46  1039  751  -175.3927    52.8374   -27.6884
    47  1038  751  -175.3892    52.8374   -27.6882
    48  1037  751  -175.3897    52.8385   -27.6883
    49  1036  751  -175.3855    52.8383   -27.6881
    50  1035  751  -175.3843    52.8390   -27.6881
    51  1034  751  -175.3819    52.8393   -27.6880
    52  1041  751  -175.4005    52.8374   -27.6888
    53  1033  752  -175.3800    52.8398   -27.6871
    54  1032  752  -175.3755    52.8396   -27.6868
    55  1031  752  -175.3696    52.8391   -27.6865
    56  1030  752  -175.3693    52.8399   -27.6865
    57  1029  752  -175.3784    52.8429   -27.6873
    58  1028  752  -175.3745    52.8429   -27.6871
    59  1027  752  -175.3731    52.8435   -27.6871
    60  1026  753  -175.3705    52.8438   -27.6861
    61  1025  753  -175.3709    52.8448   -27.6862
    62  1027  753  -175.3716    52.8432   -27.6861
    63  1018  755  -175.3865    52.8548   -27.6859
    64  1017  755  -175.3901    52.8565   -27.6863
    65  1016  755  -175.3893    52.8572   -27.6863
    66  1015  755  -175.3906    52.8584   -27.6864
    67  1014  755  -175.3913    52.8594   -27.6866
    68  1013  755  -175.3906    52.8602   -27.6866
    69  1010  755  -175.3832    52.8611   -27.6863
    70  1009  756  -175.3833    52.8620   -27.6856
    71  1008  756  -175.3825    52.8627   -27.6856
    72  1007  756  -175.3826    52.8636   -27.6857
    73  1010  756  -175.3815    52.8607   -27.6854
    74  1007  757  -175.3814    52.8634   -27.6847
    75  1006  757  -175.3842    52.8650   -27.6849
    76  1004  758  -175.3757    52.8648   -27.6837
    77  1003  758  -175.3727    52.8650   -27.6836
    78  1005  758  -175.3778    52.8644   -27.6838
    79  1002  759  -175.3699    52.8652   -27.6826
    80  1001  759  -175.3650    52.8650   -27.6823
    81  1000  759  -175.3645    52.8657   -27.6824
    82   999  759  -175.3642    52.8666   -27.6824
    83   998  759  -175.3644    52.8675   -27.6825
    84   997  759  -175.3673    52.8691   -27.6828
    85   996  759  -175.3625    52.8688   -27.6825
    86   995  759  -175.3708    52.8716   -27.6831
    87   994  760  -175.3792    52.8746   -27.6829
    88   993  760  -175.3740    52.8743   -27.6826
    89   992  760  -175.3686    52.8739   -27.6823
    90   991  760  -175.3676    52.8745   -27.6823
    91   990  760  -175.3716    52.8763   -27.6827
    92   989  760  -175.3677    52.8763   -27.6825
    93   988  760  -175.3676    52.8772   -27.6825
    94   987  760  -175.3693    52.8784   -27.6827
    95   986  760  -175.3688    52.8792   -27.6828
    96   985  760  -175.3667    52.8796   -27.6827
    97   985  761  -175.3657    52.8794   -27.6818
    98   984  761  -175.3630    52.8797   -27.6817
    99   983  761  -175.3587    52.8795   -27.6814
   100   982  761  -175.3569    52.8800   -27.6814
   101   981  761  -175.3549    52.8804   -27.6813
   102   980  761  -175.3541    52.8811   -27.6813
   103   979  761  -175.3523    52.8815   -27.6813
   104   978  762  -175.3485    52.8816   -27.6802
   105   977  762  -175.3499    52.8828   -27.6804
   106   979  762  -175.3510    52.8813   -27.6803
   107   977  763  -175.3505    52.8830   -27.6796
   108   976  763  -175.3515    52.8841   -27.6798
   109   975  763  -175.3513    52.8849   -27.6798
   110   974  763  -175.3510    52.8858   -27.6798
   111   973  763  -175.3487    52.8861   -27.6797
   112   972  763  -175.3452    52.8862   -27.6796
   113   971  763  -175.3449    52.8870   -27.6796
   114   962  764  -175.3354    52.8927   -27.6788
   115   961  765  -175.3327    52.8930   -27.6778
   116   960  765  -175.3323    52.8938   -27.6778
   117   962  765  -175.3327    52.8921   -27.6777
   118   960  766  -175.3305    52.8934   -27.6768
   119   959  766  -175.3264    52.8933   -27.6766
   120   958  766  -175.3251    52.8939   -27.6766
   121   957  766  -175.3181    52.8931   -27.6762
   122   956  766  -175.3183    52.8940   -27.6763
   123   955  766  -175.3139    52.8939   -27.6760
   124   954  766  -175.3049    52.8926   -27.6755
   125   953  766  -175.3024    52.8928   -27.6754
   126   952  766  -175.3115    52.8959   -27.6761
   127   951  766  -175.3069    52.8957   -27.6759
   128   950  766  -175.3260    52.9012   -27.6772
   129   949  766  -175.3253    52.9019   -27.6772
   130   949  767  -175.2886    52.8931   -27.6740
   131   948  767  -175.2867    52.8935   -27.6740
   132   947  767  -175.2924    52.8958   -27.6744
   133   946  767  -175.3109    52.9011   -27.6757
   134   945  767  -175.2899    52.8969   -27.6744
   135   944  767  -175.3080    52.9022   -27.6756
   136   941  768  -175.2967    52.9022   -27.6743
   137   940  768  -175.2952    52.9027   -27.6743
   138   939  768  -175.3042    52.9057   -27.6750
   139   942  768  -175.2985    52.9017   -27.6744
   140   939  769  -175.3105    52.9073   -27.6745
   141   938  769  -175.3156    52.9095   -27.6749
   142   937  769  -175.3144    52.9101   -27.6749
   143   936  769  -175.3155    52.9112   -27.6751
   144   935  769  -175.3124    52.9113   -27.6750
   145   934  770  -175.3158    52.9131   -27.6744
   146   933  770  -175.3208    52.9152   -27.6749
   147   932  770  -175.3193    52.9157   -27.6748
   148   931  770  -175.3141    52.9153   -27.6745
   149   935  770  -175.3139    52.9118   -27.6742
