; ENVI Output of ROIs (5.4) [Tue Aug 13 18:57:25 2019]
; Number of ROIs: 23
; File Dimension: 1152 x 432
;
; ROI name: Region #15
; ROI rgb value: {216, 191, 216}
; ROI npts: 28
;
; ROI name: Region #18
; ROI rgb value: {139, 0, 0}
; ROI npts: 102
;
; ROI name: Region #21
; ROI rgb value: {0, 139, 0}
; ROI npts: 75
;
; ROI name: Region #2
; ROI rgb value: {0, 255, 0}
; ROI npts: 30
;
; ROI name: Region #3
; ROI rgb value: {0, 0, 255}
; ROI npts: 63
;
; ROI name: Region #6
; ROI rgb value: {255, 0, 255}
; ROI npts: 76
;
; ROI name: Region #7
; ROI rgb value: {176, 48, 96}
; ROI npts: 45
;
; ROI name: Region #9
; ROI rgb value: {160, 32, 240}
; ROI npts: 72
;
; ROI name: Region #12
; ROI rgb value: {218, 112, 214}
; ROI npts: 77
;
; ROI name: Region #14
; ROI rgb value: {127, 255, 0}
; ROI npts: 41
;
; ROI name: Region #16
; ROI rgb value: {238, 0, 0}
; ROI npts: 41
;
; ROI name: Region #17
; ROI rgb value: {205, 0, 0}
; ROI npts: 49
;
; ROI name: Region #19
; ROI rgb value: {0, 238, 0}
; ROI npts: 68
;
; ROI name: Region #22
; ROI rgb value: {0, 0, 238}
; ROI npts: 66
;
; ROI name: Region #1
; ROI rgb value: {255, 0, 0}
; ROI npts: 89
;
; ROI name: Region #4
; ROI rgb value: {255, 255, 0}
; ROI npts: 46
;
; ROI name: Region #5
; ROI rgb value: {0, 255, 255}
; ROI npts: 58
;
; ROI name: Region #8
; ROI rgb value: {46, 139, 87}
; ROI npts: 77
;
; ROI name: Region #10
; ROI rgb value: {255, 127, 80}
; ROI npts: 101
;
; ROI name: Region #11
; ROI rgb value: {127, 255, 212}
; ROI npts: 35
;
; ROI name: Region #13
; ROI rgb value: {160, 82, 45}
; ROI npts: 37
;
; ROI name: Region #20
; ROI rgb value: {0, 205, 0}
; ROI npts: 34
;
; ROI name: Region #23
; ROI rgb value: {0, 0, 205}
; ROI npts: 94
;  ID    X    Y      B1      B2      B3
    1  654  353  0.0015  0.0045  0.0014
    2  655  353  0.0015  0.0045  0.0014
    3  656  353  0.0015  0.0045  0.0014
    4  657  353  0.0015  0.0045  0.0014
    5  658  354  0.0015  0.0045  0.0014
    6  657  354  0.0015  0.0045  0.0014
    7  661  354  0.0015  0.0045  0.0014
    8  659  354  0.0015  0.0045  0.0014
    9  660  354  0.0015  0.0045  0.0014
   10  662  355  0.0015  0.0045  0.0014
   11  661  355  0.0015  0.0045  0.0014
   12  660  355  0.0015  0.0045  0.0014
   13  663  355  0.0015  0.0045  0.0014
   14  664  356  0.0015  0.0045  0.0014
   15  662  356  0.0015  0.0045  0.0014
   16  666  356  0.0015  0.0045  0.0014
   17  665  356  0.0015  0.0045  0.0014
   18  663  356  0.0015  0.0045  0.0014
   19  668  357  0.0015  0.0045  0.0014
   20  667  357  0.0015  0.0045  0.0014
   21  666  357  0.0015  0.0045  0.0014
   22  665  357  0.0015  0.0045  0.0014
   23  664  357  0.0015  0.0045  0.0014
   24  669  358  0.0015  0.0045  0.0014
   25  666  358  0.0015  0.0045  0.0014
   26  665  358  0.0015  0.0045  0.0014
   27  668  358  0.0015  0.0045  0.0014
   28  667  358  0.0015  0.0045  0.0014

    1  359  298  0.0012  0.0047  0.0014
    2  358  298  0.0012  0.0047  0.0014
    3  357  298  0.0012  0.0048  0.0014
    4  356  298  0.0012  0.0047  0.0014
    5  355  298  0.0012  0.0047  0.0014
    6  354  298  0.0012  0.0047  0.0014
    7  353  298  0.0012  0.0047  0.0014
    8  360  298  0.0012  0.0047  0.0014
    9  352  299  0.0012  0.0047  0.0014
   10  351  299  0.0012  0.0047  0.0014
   11  350  299  0.0012  0.0046  0.0014
   12  349  299  0.0012  0.0046  0.0014
   13  348  299  0.0012  0.0046  0.0014
   14  347  299  0.0012  0.0046  0.0014
   15  346  299  0.0012  0.0046  0.0014
   16  345  299  0.0012  0.0046  0.0014
   17  344  299  0.0012  0.0046  0.0014
   18  343  299  0.0012  0.0046  0.0014
   19  342  299  0.0012  0.0046  0.0014
   20  341  299  0.0012  0.0046  0.0014
   21  340  299  0.0012  0.0046  0.0014
   22  339  299  0.0012  0.0047  0.0014
   23  338  299  0.0012  0.0047  0.0014
   24  337  299  0.0012  0.0047  0.0014
   25  336  299  0.0012  0.0046  0.0014
   26  335  299  0.0012  0.0047  0.0014
   27  334  299  0.0012  0.0047  0.0014
   28  333  299  0.0011  0.0047  0.0014
   29  332  299  0.0012  0.0047  0.0014
   30  331  299  0.0011  0.0046  0.0014

    1  445  250  0.0014  0.0050  0.0014
    2  444  250  0.0014  0.0050  0.0015
    3  447  251  0.0014  0.0050  0.0014
    4  448  251  0.0014  0.0050  0.0014
    5  449  251  0.0014  0.0050  0.0014
    6  446  251  0.0014  0.0050  0.0014
    7  450  252  0.0014  0.0050  0.0014
    8  451  252  0.0014  0.0050  0.0014
    9  452  252  0.0014  0.0050  0.0014
   10  453  252  0.0014  0.0050  0.0014
   11  455  253  0.0014  0.0050  0.0014
   12  456  253  0.0014  0.0050  0.0014
   13  457  253  0.0014  0.0050  0.0014
   14  454  253  0.0014  0.0050  0.0014
   15  458  254  0.0014  0.0050  0.0014
   16  459  254  0.0014  0.0050  0.0014
   17  460  254  0.0014  0.0050  0.0014
   18  461  254  0.0014  0.0050  0.0014
   19  462  254  0.0014  0.0050  0.0014
   20  463  254  0.0014  0.0050  0.0014
   21  464  255  0.0014  0.0050  0.0014
   22  465  255  0.0014  0.0050  0.0014
   23  466  255  0.0014  0.0050  0.0014
   24  467  255  0.0014  0.0050  0.0014
   25  468  255  0.0014  0.0050  0.0014
   26  469  255  0.0014  0.0050  0.0014
   27  470  255  0.0014  0.0050  0.0014
   28  471  255  0.0014  0.0050  0.0014
   29  472  255  0.0014  0.0050  0.0014
   30  473  255  0.0014  0.0050  0.0015
   31  474  256  0.0014  0.0050  0.0014
   32  475  256  0.0014  0.0050  0.0014
   33  476  256  0.0014  0.0050  0.0014
   34  477  256  0.0014  0.0050  0.0014
   35  478  256  0.0014  0.0050  0.0014
   36  479  257  0.0014  0.0050  0.0014
   37  480  257  0.0014  0.0050  0.0015
   38  481  257  0.0014  0.0050  0.0014
   39  482  257  0.0014  0.0050  0.0015
   40  483  257  0.0014  0.0050  0.0014
   41  484  257  0.0014  0.0050  0.0014
   42  491  257  0.0014  0.0050  0.0015
   43  490  257  0.0014  0.0050  0.0014
   44  488  258  0.0014  0.0050  0.0014
   45  489  258  0.0014  0.0050  0.0015
   46  486  258  0.0014  0.0050  0.0014
   47  485  258  0.0014  0.0050  0.0014
   48  487  258  0.0014  0.0050  0.0014
   49  492  258  0.0014  0.0050  0.0014
   50  493  258  0.0014  0.0050  0.0014
   51  495  259  0.0014  0.0050  0.0014
   52  494  259  0.0014  0.0050  0.0015
   53  496  260  0.0014  0.0050  0.0014
   54  497  260  0.0014  0.0050  0.0014
   55  498  260  0.0014  0.0050  0.0014
   56  499  260  0.0014  0.0050  0.0014
   57  500  260  0.0014  0.0050  0.0014
   58  501  260  0.0014  0.0050  0.0014
   59  503  261  0.0014  0.0050  0.0014
   60  504  261  0.0014  0.0050  0.0014
   61  505  261  0.0014  0.0050  0.0014
   62  506  261  0.0014  0.0050  0.0014
   63  502  261  0.0014  0.0050  0.0014

    1  449  245  0.0014  0.0050  0.0014
    2  448  245  0.0014  0.0050  0.0014
    3  451  246  0.0014  0.0051  0.0014
    4  450  246  0.0014  0.0051  0.0015
    5  452  247  0.0014  0.0050  0.0014
    6  453  247  0.0014  0.0051  0.0014
    7  454  247  0.0014  0.0050  0.0014
    8  455  247  0.0014  0.0050  0.0014
    9  457  248  0.0014  0.0051  0.0015
   10  458  248  0.0014  0.0051  0.0015
   11  459  248  0.0014  0.0050  0.0014
   12  460  248  0.0014  0.0050  0.0014
   13  456  248  0.0014  0.0050  0.0014
   14  461  249  0.0014  0.0050  0.0014
   15  462  249  0.0014  0.0051  0.0015
   16  463  249  0.0014  0.0050  0.0014
   17  464  249  0.0014  0.0050  0.0014
   18  465  249  0.0014  0.0050  0.0014
   19  466  249  0.0014  0.0050  0.0014
   20  468  250  0.0014  0.0050  0.0014
   21  469  250  0.0014  0.0050  0.0014
   22  470  250  0.0014  0.0050  0.0014
   23  471  250  0.0014  0.0050  0.0014
   24  472  250  0.0014  0.0050  0.0014
   25  467  250  0.0014  0.0050  0.0014
   26  473  251  0.0014  0.0050  0.0014
   27  474  251  0.0014  0.0050  0.0014
   28  475  251  0.0014  0.0050  0.0014
   29  476  251  0.0014  0.0050  0.0014
   30  477  251  0.0014  0.0050  0.0014
   31  478  251  0.0014  0.0050  0.0014
   32  479  251  0.0014  0.0050  0.0014
   33  480  251  0.0014  0.0050  0.0014
   34  481  251  0.0014  0.0050  0.0014
   35  482  251  0.0014  0.0050  0.0014
   36  483  251  0.0014  0.0051  0.0015
   37  484  252  0.0014  0.0050  0.0014
   38  485  252  0.0014  0.0050  0.0014
   39  486  252  0.0014  0.0050  0.0015
   40  487  252  0.0014  0.0050  0.0014
   41  503  252  0.0014  0.0050  0.0014
   42  502  252  0.0014  0.0050  0.0014
   43  501  252  0.0014  0.0050  0.0014
   44  500  252  0.0014  0.0050  0.0014
   45  499  252  0.0014  0.0050  0.0014
   46  498  252  0.0014  0.0050  0.0014
   47  497  252  0.0014  0.0050  0.0014
   48  495  253  0.0014  0.0050  0.0014
   49  496  253  0.0014  0.0050  0.0014
   50  494  253  0.0014  0.0050  0.0014
   51  493  253  0.0014  0.0050  0.0014
   52  492  253  0.0014  0.0050  0.0014
   53  491  253  0.0014  0.0050  0.0014
   54  490  253  0.0014  0.0050  0.0014
   55  489  253  0.0014  0.0050  0.0015
   56  488  253  0.0014  0.0050  0.0014
   57  504  253  0.0014  0.0050  0.0014
   58  505  253  0.0014  0.0050  0.0014
   59  506  253  0.0014  0.0050  0.0014
   60  507  254  0.0014  0.0050  0.0014
   61  508  254  0.0014  0.0050  0.0014
   62  509  254  0.0014  0.0050  0.0014
   63  510  254  0.0014  0.0050  0.0014
   64  511  254  0.0015  0.0050  0.0014
   65  513  255  0.0014  0.0050  0.0014
   66  514  255  0.0015  0.0050  0.0014
   67  515  255  0.0015  0.0050  0.0014
   68  512  255  0.0014  0.0050  0.0014
   69  516  256  0.0015  0.0050  0.0014
   70  517  257  0.0015  0.0050  0.0014
   71  517  258  0.0015  0.0050  0.0014
   72  519  259  0.0015  0.0050  0.0014
   73  518  259  0.0015  0.0050  0.0014
   74  521  260  0.0015  0.0050  0.0014
   75  522  260  0.0015  0.0050  0.0014
   76  520  260  0.0015  0.0050  0.0014

    1  674  337  0.0015  0.0046  0.0014
    2  675  337  0.0015  0.0046  0.0014
    3  673  337  0.0015  0.0046  0.0014
    4  677  338  0.0015  0.0046  0.0014
    5  678  338  0.0015  0.0046  0.0014
    6  679  338  0.0015  0.0046  0.0014
    7  676  338  0.0015  0.0046  0.0014
    8  680  339  0.0015  0.0046  0.0014
    9  681  339  0.0015  0.0046  0.0014
   10  682  339  0.0015  0.0046  0.0014
   11  683  339  0.0015  0.0046  0.0014
   12  685  340  0.0015  0.0046  0.0014
   13  686  340  0.0015  0.0046  0.0014
   14  684  340  0.0015  0.0046  0.0014
   15  688  341  0.0015  0.0046  0.0014
   16  689  341  0.0015  0.0046  0.0014
   17  687  341  0.0015  0.0046  0.0014
   18  691  342  0.0015  0.0046  0.0014
   19  690  342  0.0015  0.0046  0.0014
   20  694  343  0.0015  0.0046  0.0014
   21  693  343  0.0015  0.0046  0.0014
   22  692  343  0.0015  0.0046  0.0014
   23  696  344  0.0015  0.0046  0.0014
   24  697  344  0.0015  0.0046  0.0014
   25  695  344  0.0015  0.0046  0.0014
   26  698  345  0.0015  0.0046  0.0014
   27  699  345  0.0016  0.0046  0.0014
   28  700  345  0.0016  0.0046  0.0014
   29  701  345  0.0016  0.0046  0.0014
   30  702  345  0.0015  0.0046  0.0014
   31  703  345  0.0016  0.0046  0.0014
   32  704  345  0.0016  0.0046  0.0014
   33  705  345  0.0016  0.0046  0.0014
   34  706  345  0.0016  0.0046  0.0014
   35  707  345  0.0016  0.0046  0.0014
   36  708  345  0.0016  0.0046  0.0014
   37  709  345  0.0016  0.0046  0.0014
   38  710  345  0.0016  0.0046  0.0014
   39  711  345  0.0016  0.0046  0.0014
   40  712  345  0.0016  0.0046  0.0014
   41  713  345  0.0016  0.0046  0.0014

    1  616  342  0.0015  0.0046  0.0014
    2  618  343  0.0015  0.0046  0.0014
    3  617  343  0.0015  0.0046  0.0014
    4  620  344  0.0015  0.0046  0.0014
    5  619  344  0.0015  0.0046  0.0014
    6  621  345  0.0015  0.0046  0.0014
    7  622  345  0.0015  0.0046  0.0014
    8  624  346  0.0015  0.0046  0.0014
    9  625  346  0.0015  0.0046  0.0014
   10  626  346  0.0015  0.0046  0.0014
   11  623  346  0.0015  0.0046  0.0014
   12  627  347  0.0015  0.0046  0.0014
   13  628  347  0.0015  0.0046  0.0014
   14  629  347  0.0015  0.0046  0.0014
   15  630  347  0.0015  0.0046  0.0014
   16  632  348  0.0015  0.0046  0.0014
   17  633  348  0.0015  0.0046  0.0014
   18  631  348  0.0015  0.0046  0.0014
   19  634  349  0.0015  0.0046  0.0014
   20  635  349  0.0015  0.0046  0.0014
   21  637  350  0.0015  0.0046  0.0014
   22  636  350  0.0015  0.0046  0.0014
   23  639  351  0.0015  0.0046  0.0014
   24  638  351  0.0015  0.0046  0.0014
   25  640  352  0.0015  0.0046  0.0014
   26  641  352  0.0015  0.0045  0.0014
   27  643  353  0.0015  0.0045  0.0014
   28  642  353  0.0015  0.0045  0.0014
   29  644  354  0.0015  0.0045  0.0014
   30  645  354  0.0015  0.0045  0.0014
   31  646  354  0.0015  0.0045  0.0014
   32  647  354  0.0015  0.0045  0.0014
   33  648  354  0.0015  0.0045  0.0014
   34  649  354  0.0015  0.0045  0.0014
   35  650  354  0.0015  0.0045  0.0014
   36  651  354  0.0015  0.0045  0.0014
   37  652  354  0.0015  0.0045  0.0014
   38  653  354  0.0015  0.0045  0.0014
   39  654  354  0.0015  0.0045  0.0014
   40  656  355  0.0015  0.0045  0.0014
   41  657  355  0.0015  0.0045  0.0014
   42  658  355  0.0015  0.0045  0.0014
   43  655  355  0.0015  0.0045  0.0014
   44  659  356  0.0015  0.0045  0.0014
   45  660  356  0.0015  0.0045  0.0014
   46  662  357  0.0015  0.0045  0.0014
   47  661  357  0.0015  0.0045  0.0014
   48  664  358  0.0015  0.0045  0.0014
   49  663  358  0.0015  0.0045  0.0014

    1  629  337  0.0015  0.0046  0.0014
    2  630  337  0.0015  0.0046  0.0014
    3  631  337  0.0015  0.0046  0.0014
    4  632  337  0.0015  0.0046  0.0014
    5  633  337  0.0015  0.0046  0.0014
    6  628  337  0.0015  0.0046  0.0014
    7  634  338  0.0015  0.0046  0.0014
    8  635  338  0.0015  0.0046  0.0014
    9  636  338  0.0015  0.0046  0.0014
   10  637  338  0.0015  0.0046  0.0014
   11  638  338  0.0015  0.0046  0.0014
   12  639  338  0.0015  0.0046  0.0014
   13  641  339  0.0015  0.0046  0.0014
   14  640  339  0.0015  0.0046  0.0014
   15  643  340  0.0015  0.0046  0.0014
   16  642  340  0.0015  0.0046  0.0014
   17  644  341  0.0015  0.0046  0.0014
   18  645  341  0.0015  0.0046  0.0014
   19  647  342  0.0015  0.0046  0.0014
   20  646  342  0.0015  0.0046  0.0014
   21  648  343  0.0015  0.0046  0.0014
   22  650  344  0.0015  0.0046  0.0014
   23  649  344  0.0015  0.0046  0.0014
   24  651  345  0.0015  0.0046  0.0014
   25  652  345  0.0015  0.0046  0.0014
   26  653  345  0.0015  0.0045  0.0014
   27  654  345  0.0015  0.0045  0.0014
   28  655  345  0.0015  0.0045  0.0014
   29  656  345  0.0015  0.0045  0.0014
   30  657  345  0.0015  0.0046  0.0014
   31  658  345  0.0015  0.0046  0.0014
   32  659  345  0.0015  0.0046  0.0014
   33  660  345  0.0015  0.0046  0.0014
   34  661  345  0.0015  0.0046  0.0014
   35  662  346  0.0015  0.0046  0.0014
   36  663  346  0.0015  0.0046  0.0014
   37  664  346  0.0015  0.0046  0.0014
   38  666  347  0.0015  0.0046  0.0014
   39  667  347  0.0015  0.0045  0.0014
   40  665  347  0.0015  0.0046  0.0014
   41  668  348  0.0015  0.0045  0.0014
   42  669  348  0.0015  0.0045  0.0014
   43  670  348  0.0015  0.0045  0.0014
   44  674  348  0.0015  0.0046  0.0014
   45  675  348  0.0015  0.0046  0.0014
   46  671  349  0.0015  0.0045  0.0014
   47  673  349  0.0015  0.0045  0.0014
   48  672  349  0.0015  0.0045  0.0014
   49  676  349  0.0015  0.0046  0.0014
   50  677  349  0.0015  0.0045  0.0014
   51  678  349  0.0015  0.0046  0.0014
   52  679  349  0.0015  0.0046  0.0014
   53  680  350  0.0015  0.0045  0.0014
   54  681  350  0.0015  0.0046  0.0014
   55  682  350  0.0015  0.0046  0.0014
   56  683  350  0.0015  0.0046  0.0014
   57  685  351  0.0015  0.0045  0.0014
   58  686  351  0.0015  0.0045  0.0014
   59  687  351  0.0015  0.0045  0.0014
   60  684  351  0.0015  0.0045  0.0014
   61  688  352  0.0015  0.0045  0.0014
   62  689  352  0.0015  0.0045  0.0014
   63  690  352  0.0015  0.0045  0.0014
   64  691  352  0.0015  0.0045  0.0014
   65  692  352  0.0015  0.0045  0.0014
   66  694  353  0.0015  0.0045  0.0014
   67  695  353  0.0015  0.0045  0.0014
   68  693  353  0.0015  0.0045  0.0014

    1  677  266  0.0016  0.0049  0.0014
    2  676  266  0.0016  0.0049  0.0014
    3  679  267  0.0016  0.0049  0.0014
    4  678  267  0.0016  0.0049  0.0014
    5  680  268  0.0016  0.0049  0.0014
    6  681  268  0.0016  0.0049  0.0014
    7  683  269  0.0016  0.0049  0.0014
    8  684  269  0.0016  0.0049  0.0014
    9  682  269  0.0016  0.0049  0.0014
   10  685  270  0.0016  0.0049  0.0014
   11  686  270  0.0016  0.0049  0.0014
   12  688  271  0.0016  0.0049  0.0014
   13  689  271  0.0016  0.0049  0.0014
   14  687  271  0.0016  0.0049  0.0014
   15  691  272  0.0016  0.0049  0.0014
   16  690  272  0.0016  0.0049  0.0014
   17  692  273  0.0016  0.0049  0.0014
   18  693  273  0.0016  0.0049  0.0014
   19  694  273  0.0016  0.0049  0.0014
   20  696  274  0.0016  0.0049  0.0014
   21  695  274  0.0016  0.0049  0.0014
   22  697  275  0.0016  0.0049  0.0014
   23  698  275  0.0016  0.0049  0.0014
   24  699  275  0.0016  0.0049  0.0014
   25  701  276  0.0016  0.0049  0.0014
   26  700  276  0.0016  0.0049  0.0014
   27  703  277  0.0016  0.0049  0.0014
   28  704  277  0.0016  0.0049  0.0014
   29  705  277  0.0016  0.0049  0.0014
   30  702  277  0.0016  0.0049  0.0014
   31  706  278  0.0016  0.0049  0.0014
   32  707  278  0.0016  0.0049  0.0014
   33  708  278  0.0017  0.0049  0.0014
   34  709  278  0.0016  0.0049  0.0014
   35  711  279  0.0016  0.0049  0.0014
   36  712  279  0.0017  0.0049  0.0014
   37  713  279  0.0017  0.0049  0.0014
   38  710  279  0.0017  0.0049  0.0014
   39  715  280  0.0017  0.0049  0.0014
   40  716  280  0.0017  0.0049  0.0014
   41  717  280  0.0017  0.0049  0.0014
   42  714  280  0.0016  0.0049  0.0014
   43  718  281  0.0017  0.0049  0.0014
   44  721  281  0.0017  0.0049  0.0014
   45  720  281  0.0017  0.0049  0.0014
   46  719  281  0.0017  0.0049  0.0014
   47  723  282  0.0017  0.0049  0.0014
   48  724  282  0.0017  0.0049  0.0014
   49  725  282  0.0017  0.0049  0.0014
   50  722  282  0.0017  0.0049  0.0014
   51  727  283  0.0017  0.0049  0.0014
   52  728  283  0.0017  0.0049  0.0014
   53  729  283  0.0017  0.0049  0.0014
   54  726  283  0.0017  0.0049  0.0014
   55  730  284  0.0017  0.0049  0.0014
   56  731  284  0.0017  0.0049  0.0014
   57  732  284  0.0017  0.0048  0.0014
   58  733  284  0.0017  0.0049  0.0014
   59  735  285  0.0017  0.0049  0.0014
   60  736  285  0.0017  0.0048  0.0014
   61  734  285  0.0017  0.0049  0.0014
   62  738  286  0.0017  0.0048  0.0014
   63  739  286  0.0017  0.0048  0.0014
   64  740  286  0.0017  0.0048  0.0014
   65  737  286  0.0017  0.0048  0.0014
   66  741  287  0.0017  0.0048  0.0014
   67  742  287  0.0017  0.0048  0.0014
   68  743  287  0.0017  0.0048  0.0014
   69  745  288  0.0017  0.0048  0.0014
   70  746  288  0.0017  0.0048  0.0014
   71  747  288  0.0017  0.0048  0.0014
   72  744  288  0.0017  0.0048  0.0014
   73  749  289  0.0017  0.0048  0.0014
   74  750  289  0.0017  0.0048  0.0014
   75  751  289  0.0017  0.0048  0.0014
   76  748  289  0.0017  0.0048  0.0014
   77  752  290  0.0017  0.0048  0.0014
   78  753  290  0.0017  0.0048  0.0014
   79  754  290  0.0017  0.0048  0.0014
   80  755  290  0.0017  0.0048  0.0014
   81  756  290  0.0017  0.0048  0.0014
   86  757  291  0.0017  0.0048  0.0014

    1  621  274  0.0015  0.0049  0.0014
    2  623  275  0.0016  0.0049  0.0014
    3  622  275  0.0016  0.0049  0.0014
    4  625  276  0.0016  0.0049  0.0014
    5  624  276  0.0016  0.0049  0.0014
    6  626  277  0.0016  0.0049  0.0014
    7  627  277  0.0016  0.0049  0.0014
    8  629  278  0.0016  0.0049  0.0014
    9  630  278  0.0016  0.0049  0.0014
   10  628  278  0.0016  0.0049  0.0014
   11  631  279  0.0016  0.0049  0.0014
   12  632  279  0.0016  0.0049  0.0014
   13  634  280  0.0016  0.0049  0.0014
   14  633  280  0.0016  0.0049  0.0014
   15  636  281  0.0016  0.0049  0.0014
   16  635  281  0.0016  0.0049  0.0014
   17  637  282  0.0016  0.0049  0.0014
   18  638  282  0.0016  0.0049  0.0014
   19  640  283  0.0016  0.0049  0.0014
   20  639  283  0.0016  0.0049  0.0014
   21  642  284  0.0016  0.0049  0.0014
   22  641  284  0.0016  0.0049  0.0014
   23  643  285  0.0016  0.0048  0.0014
   24  644  285  0.0016  0.0048  0.0014
   25  645  285  0.0016  0.0049  0.0014
   26  647  286  0.0016  0.0048  0.0014
   27  648  286  0.0016  0.0048  0.0014
   28  646  286  0.0016  0.0048  0.0014
   29  649  287  0.0016  0.0048  0.0014
   30  650  287  0.0016  0.0048  0.0014
   31  652  288  0.0016  0.0048  0.0014
   32  651  288  0.0016  0.0048  0.0014
   33  654  289  0.0016  0.0048  0.0014
   34  653  289  0.0016  0.0048  0.0014
   35  655  290  0.0016  0.0048  0.0014
   36  656  290  0.0016  0.0048  0.0014
   37  658  291  0.0016  0.0048  0.0014
   38  657  291  0.0016  0.0048  0.0014
   39  660  292  0.0016  0.0048  0.0014
   40  661  292  0.0016  0.0048  0.0014
   41  659  292  0.0016  0.0048  0.0014
   42  662  293  0.0016  0.0048  0.0014
   43  663  293  0.0016  0.0048  0.0014
   44  664  293  0.0016  0.0048  0.0014
   45  665  293  0.0016  0.0048  0.0014
   46  666  293  0.0016  0.0048  0.0014

    1  544  322  0.0014  0.0047  0.0014
    2  545  322  0.0014  0.0047  0.0014
    3  546  322  0.0014  0.0047  0.0014
    4  543  322  0.0014  0.0047  0.0014
    5  547  323  0.0014  0.0047  0.0014
    6  548  323  0.0014  0.0047  0.0014
    7  549  323  0.0014  0.0047  0.0014
    8  550  323  0.0014  0.0047  0.0014
    9  551  323  0.0014  0.0047  0.0014
   10  552  323  0.0014  0.0047  0.0014
   11  553  323  0.0014  0.0047  0.0014
   12  554  323  0.0014  0.0047  0.0014
   13  555  324  0.0014  0.0047  0.0014
   14  556  324  0.0014  0.0047  0.0014
   15  557  324  0.0014  0.0047  0.0014
   16  558  324  0.0014  0.0047  0.0014
   17  559  324  0.0014  0.0047  0.0014
   18  560  324  0.0014  0.0047  0.0014
   19  562  325  0.0014  0.0047  0.0014
   20  563  325  0.0014  0.0047  0.0014
   21  564  325  0.0014  0.0047  0.0014
   22  561  325  0.0014  0.0047  0.0014
   23  565  326  0.0014  0.0047  0.0014
   24  566  326  0.0014  0.0047  0.0014
   25  567  326  0.0014  0.0047  0.0014
   26  568  326  0.0014  0.0047  0.0014
   27  570  327  0.0014  0.0047  0.0014
   28  571  327  0.0014  0.0047  0.0014
   29  569  327  0.0014  0.0047  0.0014
   30  572  328  0.0014  0.0047  0.0014
   31  573  328  0.0014  0.0047  0.0014
   32  575  329  0.0014  0.0047  0.0014
   33  576  329  0.0014  0.0047  0.0014
   34  574  329  0.0014  0.0047  0.0014
   35  578  330  0.0014  0.0047  0.0014
   36  579  330  0.0014  0.0047  0.0014
   37  577  330  0.0014  0.0047  0.0014
   38  580  331  0.0014  0.0046  0.0014
   39  581  331  0.0014  0.0046  0.0014
   40  583  332  0.0014  0.0046  0.0014
   41  584  332  0.0014  0.0046  0.0014
   42  582  332  0.0014  0.0046  0.0014
   43  586  333  0.0014  0.0046  0.0014
   44  585  333  0.0014  0.0046  0.0014
   45  587  334  0.0014  0.0046  0.0014
   46  588  334  0.0014  0.0046  0.0014
   47  590  335  0.0014  0.0046  0.0014
   48  591  335  0.0014  0.0046  0.0014
   49  592  335  0.0014  0.0046  0.0014
   50  593  335  0.0014  0.0046  0.0014
   51  594  335  0.0014  0.0046  0.0014
   52  589  335  0.0014  0.0046  0.0014
   53  595  336  0.0014  0.0046  0.0014
   54  596  336  0.0014  0.0046  0.0014
   55  597  336  0.0015  0.0046  0.0014
   56  598  336  0.0015  0.0046  0.0014
   57  599  336  0.0015  0.0046  0.0014
   58  600  336  0.0015  0.0046  0.0014

    1  456  101  0.0016  0.0060  0.0015
    2  455  101  0.0016  0.0060  0.0015
    3  458  102  0.0016  0.0060  0.0015
    4  457  102  0.0016  0.0060  0.0015
    5  460  103  0.0016  0.0060  0.0015
    6  461  103  0.0016  0.0060  0.0015
    7  459  103  0.0016  0.0060  0.0015
    8  462  104  0.0016  0.0059  0.0015
    9  463  104  0.0016  0.0060  0.0015
   10  465  105  0.0016  0.0060  0.0015
   11  464  105  0.0016  0.0060  0.0015
   12  467  106  0.0016  0.0060  0.0015
   13  468  106  0.0016  0.0060  0.0015
   14  466  106  0.0016  0.0059  0.0015
   15  470  107  0.0016  0.0059  0.0015
   16  469  107  0.0016  0.0059  0.0015
   17  471  108  0.0016  0.0059  0.0015
   18  472  108  0.0016  0.0059  0.0015
   19  473  108  0.0017  0.0060  0.0015
   20  474  108  0.0017  0.0060  0.0015
   21  475  108  0.0016  0.0060  0.0015
   22  476  108  0.0016  0.0059  0.0015
   23  477  108  0.0016  0.0059  0.0015
   24  478  108  0.0016  0.0059  0.0015
   26  480  108  0.0016  0.0059  0.0015
   28  483  109  0.0016  0.0059  0.0015
   30  485  110  0.0016  0.0059  0.0015
   31  486  110  0.0016  0.0059  0.0015
   32  487  110  0.0017  0.0059  0.0015
   33  484  110  0.0016  0.0059  0.0015
   34  488  111  0.0017  0.0060  0.0015
   35  489  111  0.0016  0.0059  0.0015
   36  490  111  0.0016  0.0059  0.0015
   37  491  111  0.0016  0.0059  0.0015
   38  492  111  0.0016  0.0059  0.0015
   39  493  111  0.0017  0.0059  0.0015
   40  495  112  0.0017  0.0059  0.0015
   41  496  112  0.0017  0.0059  0.0015
   42  497  112  0.0017  0.0059  0.0015
   43  498  112  0.0017  0.0059  0.0015
   44  494  112  0.0017  0.0059  0.0015
   45  499  113  0.0017  0.0059  0.0015
   46  500  113  0.0017  0.0059  0.0015
   47  501  113  0.0017  0.0059  0.0015
   48  502  113  0.0017  0.0059  0.0015
   49  503  113  0.0017  0.0059  0.0015
   50  504  113  0.0017  0.0059  0.0015
   51  506  114  0.0017  0.0059  0.0015
   52  507  114  0.0017  0.0059  0.0015
   53  508  114  0.0017  0.0059  0.0015
   54  509  114  0.0017  0.0059  0.0015
   55  505  114  0.0017  0.0059  0.0015
   56  510  115  0.0017  0.0059  0.0015
   58  512  115  0.0017  0.0059  0.0015
   60  514  115  0.0017  0.0058  0.0015
   61  516  116  0.0017  0.0059  0.0015
   62  517  116  0.0017  0.0059  0.0015
   63  518  116  0.0017  0.0059  0.0015
   64  515  116  0.0017  0.0059  0.0015
   65  519  117  0.0017  0.0059  0.0015
   66  520  117  0.0017  0.0059  0.0015
   67  521  117  0.0017  0.0059  0.0015
   68  522  117  0.0017  0.0059  0.0015
   69  523  117  0.0017  0.0059  0.0015
   70  525  118  0.0017  0.0059  0.0015
   71  526  118  0.0017  0.0059  0.0015
   72  527  118  0.0017  0.0059  0.0015
   73  528  118  0.0017  0.0059  0.0015
   74  524  118  0.0017  0.0059  0.0015
   75  530  119  0.0017  0.0059  0.0015
   76  531  119  0.0017  0.0059  0.0015
   77  529  119  0.0017  0.0059  0.0015

    1  568  201  0.0016  0.0053  0.0014
    2  567  201  0.0016  0.0053  0.0014
    3  570  202  0.0016  0.0053  0.0014
    4  569  202  0.0016  0.0053  0.0014
    5  572  203  0.0016  0.0053  0.0014
    6  571  203  0.0016  0.0053  0.0014
    7  573  204  0.0016  0.0053  0.0015
    8  574  204  0.0016  0.0053  0.0014
    9  575  204  0.0016  0.0053  0.0014
   10  577  205  0.0016  0.0053  0.0014
   11  576  205  0.0016  0.0053  0.0014
   12  579  206  0.0016  0.0053  0.0014
   13  580  206  0.0016  0.0053  0.0014
   14  578  206  0.0016  0.0053  0.0014
   15  582  207  0.0016  0.0053  0.0014
   16  581  207  0.0016  0.0053  0.0014
   17  583  208  0.0016  0.0053  0.0014
   18  584  208  0.0016  0.0053  0.0014
   19  585  209  0.0016  0.0053  0.0015
   20  586  209  0.0016  0.0053  0.0015
   21  600  209  0.0016  0.0052  0.0014
   22  601  209  0.0016  0.0052  0.0014
   23  589  210  0.0016  0.0053  0.0015
   24  590  210  0.0016  0.0053  0.0014
   25  591  210  0.0016  0.0053  0.0014
   26  592  210  0.0016  0.0053  0.0014
   27  588  210  0.0016  0.0053  0.0015
   28  594  210  0.0016  0.0053  0.0014
   29  595  210  0.0016  0.0053  0.0014
   30  596  210  0.0016  0.0053  0.0014
   31  597  210  0.0016  0.0053  0.0014
   32  598  210  0.0016  0.0053  0.0014
   33  599  210  0.0016  0.0052  0.0014
   34  587  210  0.0016  0.0053  0.0015
   35  593  210  0.0016  0.0053  0.0014

    1  717  347  0.0016  0.0046  0.0014
    2  716  347  0.0016  0.0046  0.0014
    3  719  348  0.0016  0.0046  0.0014
    4  720  348  0.0016  0.0046  0.0014
    5  718  348  0.0016  0.0046  0.0014
    6  721  349  0.0016  0.0046  0.0014
    7  722  349  0.0016  0.0046  0.0014
    8  723  349  0.0016  0.0046  0.0014
    9  724  349  0.0016  0.0046  0.0014
   10  726  350  0.0016  0.0045  0.0014
   11  727  350  0.0016  0.0045  0.0014
   12  725  350  0.0016  0.0046  0.0014
   13  729  351  0.0016  0.0046  0.0014
   14  728  351  0.0016  0.0046  0.0014
   15  731  352  0.0016  0.0046  0.0014
   16  730  352  0.0016  0.0046  0.0014
   17  732  353  0.0016  0.0045  0.0014
   18  733  353  0.0016  0.0046  0.0014
   19  734  353  0.0016  0.0046  0.0014
   20  736  354  0.0016  0.0045  0.0014
   21  735  354  0.0016  0.0046  0.0014
   22  737  355  0.0016  0.0045  0.0014
   23  738  355  0.0016  0.0045  0.0014
   24  739  355  0.0016  0.0045  0.0014
   25  740  355  0.0016  0.0045  0.0014
   26  741  355  0.0016  0.0045  0.0014
   27  742  355  0.0016  0.0045  0.0014
   28  743  355  0.0016  0.0045  0.0014
   29  745  356  0.0016  0.0045  0.0014
   30  746  356  0.0016  0.0045  0.0014
   31  747  356  0.0016  0.0045  0.0014
   32  748  356  0.0016  0.0045  0.0014
   33  749  356  0.0016  0.0045  0.0014
   34  744  356  0.0016  0.0045  0.0014
