; ENVI Output of ROIs (5.4) [Tue Aug 13 18:40:38 2019]
; Number of ROIs: 3
; File Dimension: 1152 x 432
;
; ROI name: Region #1
; ROI rgb value: {255, 0, 0}
; ROI npts: 102
;
; ROI name: Region #2
; ROI rgb value: {0, 255, 0}
; ROI npts: 31
;
; ROI name: Region #3
; ROI rgb value: {0, 0, 255}
; ROI npts: 87
;   ID    X   Y        B1        B2        B3
     1  600  63  -96.0645   84.4923  -14.4641
     2  599  63  -96.0636   84.4932  -14.4639
     3  601  64  -96.0670   84.4942  -14.4626
     4  602  64  -96.0670   84.4914  -14.4632
     5  603  64  -96.0660   84.4868  -14.4642
     6  604  64  -96.0661   84.4842  -14.4649
     7  606  65  -96.0691   84.4844  -14.4636
     8  605  65  -96.0671   84.4832  -14.4639
     9  608  66  -96.0691   84.4786  -14.4637
    10  607  66  -96.0678   84.4787  -14.4636
    11  609  67  -96.0682   84.4737  -14.4635
    12  610  67  -96.0701   84.4747  -14.4634
    13  612  68  -96.0681   84.4650  -14.4643
    14  611  68  -96.0673   84.4660  -14.4640
    15  613  69  -96.0673   84.4602  -14.4640
    16  614  70  -96.0675   84.4575  -14.4634
    17  613  70  -96.0662   84.4577  -14.4633
    18  615  71  -96.0680   84.4555  -14.4626
    19  616  71  -96.0682   84.4532  -14.4632
    20  617  71  -96.0701   84.4543  -14.4630
    21  618  71  -96.0721   84.4556  -14.4628
    22  620  72  -96.0707   84.4471  -14.4635
    23  619  72  -96.0691   84.4465  -14.4635
    24  621  73  -96.0677   84.4381  -14.4641
    25  622  73  -96.0690   84.4379  -14.4643
    26  623  73  -96.0697   84.4367  -14.4646
    27  624  73  -96.0700   84.4346  -14.4651
    28  625  73  -96.0727   84.4373  -14.4646
    29  626  73  -96.0720   84.4332  -14.4655
    30  627  73  -96.0750   84.4366  -14.4649
    31  628  73  -96.0763   84.4364  -14.4650
    32  629  73  -96.0751   84.4314  -14.4661
    33  630  73  -96.0778   84.4341  -14.4656
    34  631  73  -96.0786   84.4331  -14.4659
    35  633  74  -96.0808   84.4316  -14.4651
    36  634  74  -96.0826   84.4325  -14.4649
    37  632  74  -96.0802   84.4331  -14.4647
    38  636  75  -96.0846   84.4309  -14.4641
    39  637  75  -96.0837   84.4263  -14.4652
    40  635  75  -96.0834   84.4311  -14.4641
    41  638  76  -96.0833   84.4225  -14.4648
    42  639  76  -96.0826   84.4186  -14.4657
    43  641  77  -96.0813   84.4102  -14.4663
    44  640  77  -96.0832   84.4167  -14.4648
    45  643  78  -96.0854   84.4127  -14.4646
    46  642  78  -96.0804   84.4055  -14.4662
    47  645  79  -96.0845   84.4053  -14.4651
    48  644  79  -96.0831   84.4050  -14.4651
    49  646  80  -96.0857   84.4044  -14.4641
    50  647  80  -96.0847   84.4000  -14.4651
    51  649  80  -96.0873   84.3998  -14.4653
    52  648  80  -96.0884   84.4046  -14.4642
    53  650  81  -96.0896   84.4014  -14.4638
    54  651  81  -96.0942   84.4077  -14.4625
    55  652  81  -96.0894   84.3956  -14.4651
    56  653  81  -96.0928   84.3997  -14.4643
    57  654  81  -96.0910   84.3935  -14.4657
    58  655  81  -96.0960   84.4008  -14.4642
    59  656  81  -96.0965   84.3991  -14.4646
    60  657  81  -96.0944   84.3923  -14.4661
    61  659  82  -96.0972   84.3921  -14.4650
    62  660  82  -96.0972   84.3896  -14.4657
    63  661  82  -96.1003   84.3931  -14.4650
    64  662  82  -96.0968   84.3836  -14.4670
    65  658  82  -96.0920   84.3847  -14.4665
    66  663  83  -96.0964   84.3798  -14.4666
    67  664  83  -96.0982   84.3807  -14.4665
    68  665  83  -96.0988   84.3793  -14.4669
    69  679  83  -96.1183   84.3806  -14.4676
    70  678  83  -96.1187   84.3840  -14.4668
    71  677  83  -96.1149   84.3792  -14.4677
    72  676  83  -96.1105   84.3734  -14.4688
    73  675  83  -96.1135   84.3817  -14.4671
    74  671  83  -96.1046   84.3749  -14.4682
    75  672  83  -96.1053   84.3737  -14.4685
    76  673  83  -96.1057   84.3718  -14.4689
    77  674  83  -96.1106   84.3787  -14.4676
    78  670  84  -96.1044   84.3767  -14.4665
    79  669  84  -96.1035   84.3775  -14.4663
    80  668  84  -96.1032   84.3796  -14.4658
    81  667  84  -96.1008   84.3774  -14.4662
    82  666  84  -96.0999   84.3784  -14.4659
    83  680  84  -96.1191   84.3792  -14.4667
    84  681  84  -96.1192   84.3768  -14.4672
    85  682  84  -96.1168   84.3697  -14.4688
    86  683  84  -96.1190   84.3712  -14.4685
    87  684  84  -96.1192   84.3690  -14.4690
    88  685  84  -96.1184   84.3649  -14.4699
    89  686  84  -96.1211   84.3677  -14.4695
    90  687  84  -96.1192   84.3615  -14.4708
    91  688  84  -96.1251   84.3702  -14.4691
    92  689  84  -96.1231   84.3638  -14.4705
    93  690  84  -96.1242   84.3632  -14.4707
    94  691  84  -96.1278   84.3676  -14.4699
    95  692  84  -96.1289   84.3671  -14.4700
    96  694  85  -96.1344   84.3722  -14.4680
    97  695  85  -96.1344   84.3695  -14.4686
    98  696  85  -96.1341   84.3664  -14.4693
    99  697  85  -96.1375   84.3704  -14.4685
   100  698  85  -96.1420   84.3764  -14.4674
   101  699  85  -96.1381   84.3663  -14.4695
   102  693  85  -96.1315   84.3691  -14.4685

    1  620  66  -96.0784   84.4649  -14.4673
    2  619  66  -96.0791   84.4689  -14.4664
    3  622  67  -96.0785   84.4592  -14.4673
    4  621  67  -96.0786   84.4621  -14.4667
    5  624  68  -96.0793   84.4551  -14.4670
    6  623  68  -96.0789   84.4570  -14.4666
    7  625  69  -96.0795   84.4523  -14.4665
    8  626  69  -96.0781   84.4470  -14.4676
    9  627  69  -96.0805   84.4491  -14.4673
   10  628  69  -96.0798   84.4449  -14.4682
   11  630  70  -96.0807   84.4411  -14.4679
   12  631  70  -96.0817   84.4403  -14.4681
   13  632  70  -96.0822   84.4387  -14.4685
   14  633  70  -96.0833   84.4382  -14.4687
   15  629  70  -96.0794   84.4411  -14.4678
   16  634  71  -96.0851   84.4387  -14.4674
   17  635  71  -96.0854   84.4367  -14.4678
   18  636  71  -96.0867   84.4365  -14.4680
   19  637  71  -96.0874   84.4353  -14.4683
   20  639  72  -96.0875   84.4297  -14.4683
   21  640  72  -96.0891   84.4303  -14.4682
   22  638  72  -96.0875   84.4324  -14.4677
   23  642  73  -96.0908   84.4279  -14.4675
   24  641  73  -96.0888   84.4266  -14.4678
   25  643  74  -96.0881   84.4195  -14.4682
   26  644  74  -96.0864   84.4137  -14.4695
   27  645  74  -96.0874   84.4130  -14.4697
   28  647  75  -96.0861   84.4047  -14.4703
   29  646  75  -96.0867   84.4085  -14.4694
   30  648  76  -96.0871   84.4036  -14.4693
   31  649  77  -96.0898   84.4058  -14.4677

    1  617  50  -96.0987   84.5199  -14.4760
    6  616  50  -96.0970   84.5192  -14.4761
    7  619  51  -96.0973   84.5113  -14.4766
    8  618  51  -96.0960   84.5114  -14.4764
    9  620  52  -96.0915   84.4966  -14.4784
   10  621  52  -96.0943   84.4996  -14.4780
   11  622  52  -96.0933   84.4947  -14.4790
   12  624  53  -96.0916   84.4857  -14.4797
   13  625  53  -96.0938   84.4874  -14.4795
   14  623  53  -96.0893   84.4838  -14.4800
   15  626  54  -96.0867   84.4701  -14.4817
   16  627  54  -96.0863   84.4666  -14.4825
   17  628  54  -96.0959   84.4830  -14.4793
   18  629  54  -96.1007   84.4899  -14.4781
   19  631  55  -96.0936   84.4699  -14.4808
   20  632  55  -96.0988   84.4777  -14.4794
   21  630  55  -96.0947   84.4749  -14.4798
   22  633  56  -96.0966   84.4702  -14.4797
   23  634  56  -96.0990   84.4722  -14.4794
   24  635  56  -96.0979   84.4673  -14.4804
   25  637  57  -96.0998   84.4654  -14.4797
   26  636  57  -96.0993   84.4670  -14.4793
   27  639  58  -96.0995   84.4591  -14.4798
   28  640  58  -96.1009   84.4591  -14.4799
   29  638  58  -96.1006   84.4640  -14.4787
   30  641  59  -96.1027   84.4597  -14.4786
   31  642  59  -96.1014   84.4544  -14.4797
   32  643  59  -96.1008   84.4507  -14.4806
   33  645  60  -96.1009   84.4450  -14.4806
   34  646  60  -96.1012   84.4431  -14.4810
   35  644  60  -96.0978   84.4416  -14.4812
   36  647  61  -96.1004   84.4384  -14.4808
   37  648  61  -96.1022   84.4392  -14.4807
   38  649  61  -96.1031   84.4383  -14.4810
   39  650  61  -96.1040   84.4375  -14.4812
   40  652  62  -96.1082   84.4400  -14.4795
   41  653  62  -96.1071   84.4352  -14.4805
   42  651  62  -96.1049   84.4362  -14.4802
   43  655  63  -96.1095   84.4342  -14.4796
   44  654  63  -96.1052   84.4285  -14.4807
   45  656  63  -96.1094   84.4314  -14.4803
   46  657  63  -96.1114   84.4327  -14.4800
   47  659  64  -96.1044   84.4133  -14.4829
   48  660  64  -96.1035   84.4090  -14.4839
   49  661  64  -96.1030   84.4053  -14.4847
   50  658  64  -96.1046   84.4164  -14.4822
   51  662  65  -96.1031   84.4025  -14.4841
   52  663  65  -96.1038   84.4013  -14.4844
   53  664  65  -96.1054   84.4018  -14.4844
   54  665  65  -96.1074   84.4031  -14.4842
   55  666  65  -96.1112   84.4079  -14.4833
   56  667  65  -96.1127   84.4082  -14.4833
   57  668  65  -96.1209   84.4214  -14.4808
   58  669  65  -96.1235   84.4240  -14.4803
   59  670  65  -96.1245   84.4232  -14.4805
   60  671  65  -96.1263   84.4241  -14.4804
   61  672  65  -96.1289   84.4265  -14.4800
   62  673  65  -96.1377   84.4411  -14.4771
   63  675  66  -96.1372   84.4343  -14.4774
   64  676  66  -96.1247   84.4076  -14.4829
   65  677  66  -96.1221   84.4000  -14.4845
   66  674  66  -96.1309   84.4248  -14.4792
   67  678  67  -96.1249   84.4023  -14.4829
   68  679  67  -96.1250   84.4000  -14.4834
   69  680  67  -96.1303   84.4075  -14.4820
   70  681  67  -96.1287   84.4019  -14.4832
   71  683  68  -96.1359   84.4102  -14.4804
   72  684  68  -96.1368   84.4094  -14.4806
   73  685  68  -96.1376   84.4082  -14.4809
   74  682  68  -96.1297   84.4008  -14.4822
   75  686  69  -96.1363   84.4027  -14.4809
   76  687  69  -96.1405   84.4083  -14.4798
   77  688  69  -96.1409   84.4064  -14.4803
   78  689  69  -96.1395   84.4012  -14.4814
   79  690  69  -96.1395   84.3986  -14.4820
   80  692  70  -96.1431   84.3999  -14.4807
   81  693  70  -96.1437   84.3985  -14.4810
   82  694  70  -96.1471   84.4024  -14.4804
   83  695  70  -96.1493   84.4040  -14.4800
   84  691  70  -96.1407   84.3979  -14.4810
   85  697  71  -96.1485   84.3970  -14.4804
   86  698  71  -96.1511   84.3994  -14.4799
   87  696  71  -96.1483   84.3991  -14.4799
