; ENVI Output of ROIs (5.4) [Tue Aug 13 18:40:50 2019]
; Number of ROIs: 3
; File Dimension: 1152 x 432
;
; ROI name: Region #1
; ROI rgb value: {255, 0, 0}
; ROI npts: 102
;
; ROI name: Region #2
; ROI rgb value: {0, 255, 0}
; ROI npts: 31
;
; ROI name: Region #3
; ROI rgb value: {0, 0, 255}
; ROI npts: 87
;   ID    X   Y      B1      B2      B3
     1  600  63  0.0033  0.0070  0.0015
     2  599  63  0.0033  0.0070  0.0015
     3  601  64  0.0033  0.0070  0.0015
     4  602  64  0.0033  0.0070  0.0015
     5  603  64  0.0033  0.0070  0.0015
     6  604  64  0.0033  0.0070  0.0015
     7  606  65  0.0033  0.0070  0.0015
     8  605  65  0.0033  0.0070  0.0015
     9  608  66  0.0033  0.0070  0.0015
    10  607  66  0.0033  0.0070  0.0015
    11  609  67  0.0033  0.0070  0.0015
    12  610  67  0.0033  0.0070  0.0015
    13  612  68  0.0033  0.0070  0.0015
    14  611  68  0.0033  0.0070  0.0015
    15  613  69  0.0033  0.0069  0.0015
    16  614  70  0.0033  0.0069  0.0015
    17  613  70  0.0033  0.0069  0.0015
    18  615  71  0.0033  0.0069  0.0015
    19  616  71  0.0033  0.0069  0.0015
    20  617  71  0.0033  0.0069  0.0015
    21  618  71  0.0033  0.0069  0.0015
    22  620  72  0.0033  0.0069  0.0015
    23  619  72  0.0033  0.0069  0.0015
    24  621  73  0.0033  0.0069  0.0015
    25  622  73  0.0033  0.0069  0.0015
    26  623  73  0.0033  0.0069  0.0015
    27  624  73  0.0033  0.0069  0.0015
    28  625  73  0.0033  0.0069  0.0015
    29  626  73  0.0033  0.0069  0.0015
    30  627  73  0.0033  0.0069  0.0015
    31  628  73  0.0033  0.0069  0.0015
    32  629  73  0.0033  0.0069  0.0015
    33  630  73  0.0033  0.0069  0.0015
    34  631  73  0.0033  0.0069  0.0015
    35  633  74  0.0033  0.0069  0.0015
    36  634  74  0.0033  0.0069  0.0015
    37  632  74  0.0033  0.0069  0.0015
    38  636  75  0.0033  0.0069  0.0015
    39  637  75  0.0033  0.0069  0.0015
    40  635  75  0.0033  0.0069  0.0015
    41  638  76  0.0033  0.0069  0.0015
    42  639  76  0.0033  0.0069  0.0015
    43  641  77  0.0033  0.0068  0.0015
    44  640  77  0.0033  0.0069  0.0015
    45  643  78  0.0033  0.0068  0.0015
    46  642  78  0.0033  0.0068  0.0015
    47  645  79  0.0033  0.0068  0.0015
    48  644  79  0.0033  0.0068  0.0015
    49  646  80  0.0033  0.0068  0.0015
    50  647  80  0.0033  0.0068  0.0015
    51  649  80  0.0033  0.0068  0.0015
    52  648  80  0.0033  0.0068  0.0015
    53  650  81  0.0033  0.0068  0.0015
    54  651  81  0.0033  0.0068  0.0015
    55  652  81  0.0033  0.0068  0.0015
    56  653  81  0.0033  0.0068  0.0015
    57  654  81  0.0033  0.0068  0.0015
    58  655  81  0.0033  0.0068  0.0015
    59  656  81  0.0034  0.0068  0.0015
    60  657  81  0.0033  0.0068  0.0015
    61  659  82  0.0033  0.0068  0.0015
    62  660  82  0.0034  0.0068  0.0015
    63  661  82  0.0034  0.0068  0.0015
    64  662  82  0.0033  0.0068  0.0015
    65  658  82  0.0033  0.0068  0.0015
    66  663  83  0.0033  0.0068  0.0015
    67  664  83  0.0033  0.0068  0.0015
    68  665  83  0.0033  0.0068  0.0015
    69  679  83  0.0034  0.0068  0.0015
    70  678  83  0.0034  0.0068  0.0015
    71  677  83  0.0034  0.0068  0.0015
    72  676  83  0.0034  0.0068  0.0015
    73  675  83  0.0034  0.0068  0.0015
    74  671  83  0.0034  0.0068  0.0015
    75  672  83  0.0034  0.0068  0.0015
    76  673  83  0.0034  0.0068  0.0015
    77  674  83  0.0034  0.0068  0.0015
    78  670  84  0.0034  0.0068  0.0015
    79  669  84  0.0034  0.0068  0.0015
    80  668  84  0.0034  0.0068  0.0015
    81  667  84  0.0033  0.0068  0.0015
    82  666  84  0.0033  0.0068  0.0015
    83  680  84  0.0034  0.0068  0.0015
    84  681  84  0.0034  0.0068  0.0015
    85  682  84  0.0034  0.0068  0.0015
    86  683  84  0.0034  0.0068  0.0015
    87  684  84  0.0034  0.0068  0.0015
    88  685  84  0.0034  0.0067  0.0015
    89  686  84  0.0034  0.0068  0.0015
    90  687  84  0.0034  0.0068  0.0015
    91  688  84  0.0034  0.0068  0.0015
    92  689  84  0.0034  0.0068  0.0015
    93  690  84  0.0034  0.0068  0.0015
    94  691  84  0.0034  0.0068  0.0015
    95  692  84  0.0034  0.0068  0.0015
    96  694  85  0.0034  0.0068  0.0015
    97  695  85  0.0034  0.0068  0.0015
    98  696  85  0.0034  0.0068  0.0015
    99  697  85  0.0034  0.0068  0.0015
   100  698  85  0.0034  0.0068  0.0015
   101  699  85  0.0034  0.0068  0.0015
   102  693  85  0.0034  0.0068  0.0015

    1  620  66  0.0034  0.0070  0.0015
    2  619  66  0.0034  0.0070  0.0015
    3  622  67  0.0033  0.0069  0.0015
    4  621  67  0.0034  0.0070  0.0015
    5  624  68  0.0034  0.0069  0.0015
    6  623  68  0.0033  0.0069  0.0015
    7  625  69  0.0034  0.0069  0.0015
    8  626  69  0.0033  0.0069  0.0015
    9  627  69  0.0034  0.0069  0.0015
   10  628  69  0.0033  0.0069  0.0015
   11  630  70  0.0033  0.0069  0.0015
   12  631  70  0.0033  0.0069  0.0015
   13  632  70  0.0033  0.0069  0.0015
   14  633  70  0.0033  0.0069  0.0015
   15  629  70  0.0033  0.0069  0.0015
   16  634  71  0.0034  0.0069  0.0015
   17  635  71  0.0033  0.0069  0.0015
   18  636  71  0.0034  0.0069  0.0015
   19  637  71  0.0034  0.0069  0.0015
   20  639  72  0.0034  0.0069  0.0015
   21  640  72  0.0034  0.0069  0.0015
   22  638  72  0.0034  0.0069  0.0015
   23  642  73  0.0033  0.0069  0.0015
   24  641  73  0.0033  0.0069  0.0015
   25  643  74  0.0033  0.0069  0.0015
   26  644  74  0.0033  0.0069  0.0015
   27  645  74  0.0033  0.0068  0.0015
   28  647  75  0.0033  0.0068  0.0015
   29  646  75  0.0033  0.0068  0.0015
   30  648  76  0.0033  0.0068  0.0015
   31  649  77  0.0033  0.0068  0.0015

    1  617  50  0.0034  0.0071  0.0015
    6  616  50  0.0034  0.0071  0.0015
    7  619  51  0.0034  0.0071  0.0015
    8  618  51  0.0034  0.0071  0.0015
    9  620  52  0.0034  0.0071  0.0015
   10  621  52  0.0034  0.0071  0.0015
   11  622  52  0.0034  0.0071  0.0015
   12  624  53  0.0034  0.0070  0.0015
   13  625  53  0.0034  0.0071  0.0015
   14  623  53  0.0034  0.0070  0.0015
   15  626  54  0.0034  0.0070  0.0015
   16  627  54  0.0034  0.0070  0.0015
   17  628  54  0.0034  0.0070  0.0015
   18  629  54  0.0034  0.0071  0.0015
   19  631  55  0.0034  0.0070  0.0015
   20  632  55  0.0034  0.0070  0.0015
   21  630  55  0.0034  0.0070  0.0015
   22  633  56  0.0034  0.0070  0.0015
   23  634  56  0.0034  0.0070  0.0015
   24  635  56  0.0034  0.0070  0.0015
   25  637  57  0.0034  0.0070  0.0015
   26  636  57  0.0034  0.0070  0.0015
   27  639  58  0.0034  0.0070  0.0015
   28  640  58  0.0034  0.0070  0.0015
   29  638  58  0.0034  0.0070  0.0015
   30  641  59  0.0034  0.0070  0.0015
   31  642  59  0.0034  0.0070  0.0015
   32  643  59  0.0034  0.0070  0.0015
   33  645  60  0.0034  0.0069  0.0015
   34  646  60  0.0034  0.0069  0.0015
   35  644  60  0.0034  0.0069  0.0015
   36  647  61  0.0034  0.0069  0.0015
   37  648  61  0.0034  0.0069  0.0015
   38  649  61  0.0034  0.0069  0.0015
   39  650  61  0.0034  0.0069  0.0015
   40  652  62  0.0034  0.0069  0.0015
   41  653  62  0.0034  0.0069  0.0015
   42  651  62  0.0034  0.0069  0.0015
   43  655  63  0.0034  0.0069  0.0015
   44  654  63  0.0034  0.0069  0.0015
   45  656  63  0.0034  0.0069  0.0015
   46  657  63  0.0034  0.0069  0.0015
   47  659  64  0.0034  0.0069  0.0015
   48  660  64  0.0034  0.0069  0.0015
   49  661  64  0.0034  0.0068  0.0015
   50  658  64  0.0034  0.0069  0.0015
   51  662  65  0.0034  0.0068  0.0015
   52  663  65  0.0034  0.0068  0.0015
   53  664  65  0.0034  0.0068  0.0015
   54  665  65  0.0034  0.0068  0.0015
   55  666  65  0.0034  0.0069  0.0015
   56  667  65  0.0034  0.0069  0.0015
   57  668  65  0.0034  0.0069  0.0015
   58  669  65  0.0034  0.0069  0.0015
   59  670  65  0.0034  0.0069  0.0015
   60  671  65  0.0034  0.0069  0.0015
   61  672  65  0.0034  0.0069  0.0015
   62  673  65  0.0034  0.0070  0.0015
   63  675  66  0.0034  0.0069  0.0015
   64  676  66  0.0034  0.0069  0.0015
   65  677  66  0.0034  0.0069  0.0015
   66  674  66  0.0034  0.0069  0.0015
   67  678  67  0.0034  0.0069  0.0015
   68  679  67  0.0034  0.0069  0.0015
   69  680  67  0.0034  0.0069  0.0015
   70  681  67  0.0034  0.0069  0.0015
   71  683  68  0.0034  0.0069  0.0015
   72  684  68  0.0034  0.0069  0.0015
   73  685  68  0.0034  0.0069  0.0015
   74  682  68  0.0034  0.0069  0.0015
   75  686  69  0.0034  0.0069  0.0015
   76  687  69  0.0034  0.0069  0.0015
   77  688  69  0.0034  0.0069  0.0015
   78  689  69  0.0034  0.0069  0.0015
   79  690  69  0.0034  0.0069  0.0015
   80  692  70  0.0034  0.0069  0.0015
   81  693  70  0.0034  0.0069  0.0015
   82  694  70  0.0035  0.0069  0.0015
   83  695  70  0.0035  0.0069  0.0015
   84  691  70  0.0034  0.0069  0.0015
   85  697  71  0.0034  0.0069  0.0015
   86  698  71  0.0035  0.0069  0.0015
   87  696  71  0.0035  0.0069  0.0015
