; ENVI Output of ROIs (5.4) [Tue Aug 13 17:38:49 2019]
; Number of ROIs: 2
; File Dimension: 1328 x 1184
;
; ROI name: Region #1
; ROI rgb value: {255, 0, 0}
; ROI npts: 209
;
; ROI name: Region #2
; ROI rgb value: {0, 255, 0}
; ROI npts: 158
;   ID    X    Y         B1         B2         B3
     1  586  819  -101.4427     3.0217   -13.8758
     2  585  819  -101.4433     3.0223   -13.8758
     3  587  819  -101.4424     3.0211   -13.8758
     4  584  820  -101.4424     3.0226   -13.8754
     5  583  820  -101.4420     3.0229   -13.8755
     6  589  820  -101.4432     3.0205   -13.8752
     7  590  820  -101.4441     3.0203   -13.8751
     8  582  820  -101.4420     3.0234   -13.8755
     9  588  820  -101.4439     3.0212   -13.8752
    10  664  821  -101.4594     2.9908   -13.8709
    11  665  821  -101.4613     2.9909   -13.8708
    12  666  821  -101.4586     2.9897   -13.8708
    13  667  821  -101.4573     2.9889   -13.8708
    14  668  821  -101.4578     2.9885   -13.8708
    15  591  821  -101.4431     3.0196   -13.8747
    16  581  821  -101.4425     3.0240   -13.8751
    17  580  821  -101.4437     3.0248   -13.8751
    18  579  821  -101.4446     3.0255   -13.8752
    19  592  821  -101.4450     3.0197   -13.8746
    20  578  822  -101.4437     3.0258   -13.8748
    21  594  822  -101.4432     3.0183   -13.8741
    22  663  822  -101.4582     2.9910   -13.8705
    23  662  822  -101.4578     2.9913   -13.8706
    24  661  822  -101.4581     2.9919   -13.8707
    25  660  822  -101.4563     2.9918   -13.8707
    26  659  822  -101.4573     2.9926   -13.8708
    27  658  822  -101.4585     2.9934   -13.8708
    28  657  822  -101.4586     2.9939   -13.8708
    29  656  822  -101.4582     2.9942   -13.8709
    30  655  822  -101.4574     2.9944   -13.8709
    31  593  822  -101.4434     3.0188   -13.8741
    32  577  822  -101.4439     3.0263   -13.8748
    33  576  822  -101.4449     3.0271   -13.8748
    34  575  822  -101.4412     3.0264   -13.8750
    35  650  823  -101.4544     2.9959   -13.8708
    36  633  823  -101.4535     3.0035   -13.8716
    37  571  823  -101.4429     3.0288   -13.8747
    38  572  823  -101.4442     3.0288   -13.8746
    39  573  823  -101.4429     3.0279   -13.8746
    40  574  823  -101.4430     3.0275   -13.8746
    41  635  823  -101.4514     3.0019   -13.8716
    42  636  823  -101.4503     3.0011   -13.8716
    43  637  823  -101.4491     3.0003   -13.8716
    44  638  823  -101.4493     2.9999   -13.8715
    45  651  823  -101.4548     2.9956   -13.8707
    46  570  823  -101.4435     3.0294   -13.8747
    47  652  823  -101.4547     2.9951   -13.8707
    48  653  823  -101.4557     2.9949   -13.8706
    49  654  823  -101.4564     2.9946   -13.8706
    50  639  823  -101.4490     2.9994   -13.8715
    51  640  823  -101.4516     2.9997   -13.8714
    52  641  823  -101.4525     2.9995   -13.8713
    53  642  823  -101.4539     2.9994   -13.8712
    54  643  823  -101.4541     2.9990   -13.8711
    55  644  823  -101.4521     2.9980   -13.8711
    56  645  823  -101.4550     2.9984   -13.8710
    57  646  823  -101.4544     2.9978   -13.8710
    58  647  823  -101.4547     2.9974   -13.8709
    59  601  823  -101.4471     3.0163   -13.8732
    60  600  823  -101.4450     3.0161   -13.8733
    61  599  823  -101.4459     3.0169   -13.8733
    62  598  823  -101.4449     3.0170   -13.8734
    63  597  823  -101.4449     3.0175   -13.8734
    64  596  823  -101.4426     3.0173   -13.8736
    65  595  823  -101.4436     3.0180   -13.8736
    66  648  823  -101.4547     2.9969   -13.8709
    67  649  823  -101.4548     2.9965   -13.8708
    68  634  823  -101.4537     3.0030   -13.8716
    69  602  824  -101.4443     3.0150   -13.8728
    70  603  824  -101.4450     3.0148   -13.8728
    71  604  824  -101.4459     3.0146   -13.8727
    72  605  824  -101.4458     3.0141   -13.8726
    73  606  824  -101.4458     3.0137   -13.8726
    74  607  824  -101.4454     3.0131   -13.8726
    75  608  824  -101.4463     3.0129   -13.8725
    76  609  824  -101.4465     3.0125   -13.8724
    77  610  824  -101.4467     3.0121   -13.8724
    78  620  824  -101.4437     3.0066   -13.8721
    79  621  824  -101.4457     3.0067   -13.8720
    80  622  824  -101.4473     3.0068   -13.8719
    81  624  824  -101.4507     3.0068   -13.8717
    82  625  824  -101.4523     3.0068   -13.8716
    83  626  824  -101.4475     3.0050   -13.8717
    84  627  824  -101.4514     3.0056   -13.8715
    85  628  824  -101.4500     3.0048   -13.8715
    86  629  824  -101.4489     3.0040   -13.8715
    87  630  824  -101.4497     3.0038   -13.8714
    88  631  824  -101.4538     3.0045   -13.8713
    89  632  824  -101.4528     3.0038   -13.8713
    90  623  824  -101.4489     3.0068   -13.8718
    91  569  824  -101.4435     3.0300   -13.8743
    92  568  824  -101.4420     3.0300   -13.8744
    93  567  824  -101.4441     3.0311   -13.8744
    94  566  824  -101.4438     3.0314   -13.8744
    95  565  824  -101.4439     3.0319   -13.8745
    96  564  824  -101.4441     3.0325   -13.8745
    97  563  824  -101.4455     3.0333   -13.8745
    98  562  824  -101.4434     3.0332   -13.8746
    99  558  825  -101.4453     3.0356   -13.8743
   100  559  825  -101.4462     3.0354   -13.8742
   101  560  825  -101.4457     3.0348   -13.8742
   102  561  825  -101.4435     3.0337   -13.8742
   103  557  825  -101.4474     3.0367   -13.8742
   104  556  825  -101.4433     3.0359   -13.8744
   105  555  825  -101.4414     3.0358   -13.8746
   106  554  825  -101.4449     3.0373   -13.8745
   107  619  825  -101.4451     3.0075   -13.8716
   108  618  825  -101.4483     3.0089   -13.8716
   109  617  825  -101.4458     3.0086   -13.8717
   110  616  825  -101.4461     3.0092   -13.8717
   111  615  825  -101.4463     3.0097   -13.8717
   112  614  825  -101.4469     3.0103   -13.8718
   113  613  825  -101.4469     3.0108   -13.8718
   114  612  825  -101.4464     3.0111   -13.8719
   115  611  825  -101.4462     3.0115   -13.8719
   116  552  826  -101.4400     3.0369   -13.8743
   117  549  826  -101.4350     3.0367   -13.8746
   118  550  826  -101.4382     3.0372   -13.8744
   119  551  826  -101.4381     3.0367   -13.8744
   120  553  826  -101.4428     3.0372   -13.8741
   121  548  827  -101.4370     3.0379   -13.8741
   122  547  827  -101.4334     3.0372   -13.8743
   123  536  828  -101.4326     3.0421   -13.8744
   124  539  828  -101.4315     3.0404   -13.8743
   125  540  828  -101.4317     3.0400   -13.8742
   126  541  828  -101.4321     3.0396   -13.8742
   127  542  828  -101.4342     3.0398   -13.8740
   128  543  828  -101.4337     3.0392   -13.8740
   129  537  828  -101.4344     3.0422   -13.8743
   130  538  828  -101.4331     3.0413   -13.8743
   131  546  828  -101.4321     3.0374   -13.8739
   132  545  828  -101.4321     3.0378   -13.8740
   133  544  828  -101.4368     3.0397   -13.8738
   134  535  829  -101.4368     3.0439   -13.8738
   135  534  829  -101.4377     3.0446   -13.8738
   136  533  830  -101.4394     3.0456   -13.8734
   137  532  830  -101.4382     3.0457   -13.8734
   138  531  831  -101.4405     3.0469   -13.8730
   139  529  831  -101.4408     3.0479   -13.8730
   140  528  831  -101.4401     3.0482   -13.8731
   141  530  831  -101.4417     3.0477   -13.8730
   142  491  832  -101.4380     3.0646   -13.8744
   143  492  832  -101.4387     3.0643   -13.8744
   144  493  832  -101.4391     3.0640   -13.8743
   145  494  832  -101.4398     3.0638   -13.8742
   146  490  832  -101.4419     3.0662   -13.8743
   147  513  832  -101.4405     3.0552   -13.8733
   148  512  832  -101.4405     3.0557   -13.8734
   149  511  832  -101.4410     3.0563   -13.8734
   150  510  832  -101.4403     3.0566   -13.8735
   151  509  832  -101.4400     3.0569   -13.8735
   152  489  832  -101.4405     3.0663   -13.8745
   153  488  832  -101.4375     3.0658   -13.8746
   154  486  832  -101.4392     3.0673   -13.8746
   155  527  832  -101.4405     3.0488   -13.8727
   156  484  832  -101.4384     3.0679   -13.8747
   157  485  832  -101.4381     3.0674   -13.8747
   158  495  832  -101.4383     3.0628   -13.8742
   159  483  832  -101.4413     3.0693   -13.8747
   160  487  832  -101.4380     3.0664   -13.8746
   161  508  832  -101.4399     3.0574   -13.8736
   162  507  832  -101.4391     3.0576   -13.8737
   163  506  832  -101.4395     3.0582   -13.8737
   164  505  832  -101.4394     3.0586   -13.8738
   165  504  832  -101.4389     3.0589   -13.8738
   166  503  832  -101.4388     3.0593   -13.8739
   167  502  832  -101.4383     3.0596   -13.8739
   168  501  832  -101.4391     3.0603   -13.8739
   169  500  832  -101.4385     3.0606   -13.8740
   170  499  832  -101.4391     3.0612   -13.8740
   171  498  832  -101.4381     3.0614   -13.8741
   172  497  832  -101.4379     3.0618   -13.8742
   173  496  832  -101.4392     3.0626   -13.8742
   174  514  833  -101.4407     3.0549   -13.8728
   175  515  833  -101.4408     3.0544   -13.8728
   176  516  833  -101.4404     3.0539   -13.8728
   177  481  833  -101.4431     3.0708   -13.8743
   178  482  833  -101.4422     3.0701   -13.8743
   179  526  833  -101.4416     3.0496   -13.8723
   180  525  833  -101.4427     3.0504   -13.8723
   181  524  833  -101.4423     3.0508   -13.8723
   182  480  833  -101.4418     3.0708   -13.8744
   183  523  833  -101.4413     3.0509   -13.8724
   184  520  834  -101.4414     3.0524   -13.8721
   185  519  834  -101.4415     3.0529   -13.8721
   186  518  834  -101.4410     3.0532   -13.8722
   187  517  834  -101.4408     3.0536   -13.8723
   188  522  834  -101.4411     3.0514   -13.8720
   189  521  834  -101.4411     3.0518   -13.8721
   190  479  834  -101.4444     3.0722   -13.8739
   191  478  834  -101.4410     3.0716   -13.8740
   192  477  834  -101.4437     3.0729   -13.8740
   193  476  834  -101.4430     3.0731   -13.8740
   194  474  835  -101.4434     3.0742   -13.8737
   195  473  835  -101.4417     3.0742   -13.8738
   196  472  835  -101.4435     3.0752   -13.8737
   197  471  835  -101.4386     3.0741   -13.8740
   198  475  835  -101.4431     3.0737   -13.8736
   199  469  836  -101.4383     3.0750   -13.8736
   200  468  836  -101.4392     3.0758   -13.8736
   201  470  836  -101.4415     3.0755   -13.8735
   202  467  837  -101.4385     3.0761   -13.8732
   203  466  837  -101.4368     3.0760   -13.8733
   204  465  838  -101.4368     3.0765   -13.8729
   205  464  839  -101.4358     3.0767   -13.8725
   206  462  840  -101.4362     3.0778   -13.8722
   207  463  840  -101.4379     3.0779   -13.8721
   208  461  841  -101.4387     3.0791   -13.8717
   209  461  842  -101.4362     3.0784   -13.8713

     1  1072  782  -101.5818     2.8346   -13.8665
     2  1071  782  -101.5816     2.8350   -13.8665
     3  1070  782  -101.5822     2.8356   -13.8665
     4  1069  782  -101.5814     2.8359   -13.8666
     5  1073  782  -101.5834     2.8345   -13.8664
     6  1068  783  -101.5834     2.8369   -13.8662
     7  1067  783  -101.5811     2.8368   -13.8663
     8  1066  783  -101.5817     2.8374   -13.8663
     9  1065  783  -101.5825     2.8380   -13.8663
    10  1064  783  -101.5820     2.8384   -13.8664
    11  1063  783  -101.5823     2.8389   -13.8664
    12  1062  783  -101.5830     2.8395   -13.8664
    13  1061  783  -101.5818     2.8397   -13.8665
    14  1060  783  -101.5848     2.8409   -13.8664
    15  1059  783  -101.5836     2.8411   -13.8665
    16  1058  783  -101.5824     2.8412   -13.8666
    17  1057  783  -101.5822     2.8417   -13.8666
    18  1056  783  -101.5832     2.8424   -13.8667
    19  1055  783  -101.5821     2.8425   -13.8668
    20  1054  784  -101.5819     2.8430   -13.8664
    21  1053  784  -101.5815     2.8434   -13.8664
    22  1052  784  -101.5816     2.8438   -13.8665
    23  1051  784  -101.5799     2.8439   -13.8666
    24  1050  784  -101.5782     2.8439   -13.8667
    25  1049  784  -101.5777     2.8442   -13.8667
    26  1048  784  -101.5779     2.8447   -13.8668
    27  1047  784  -101.5785     2.8453   -13.8668
    28  1046  784  -101.5770     2.8454   -13.8669
    29  1045  784  -101.5771     2.8459   -13.8669
    30  1044  785  -101.5742     2.8457   -13.8666
    31  1043  785  -101.5726     2.8457   -13.8667
    32  1042  785  -101.5721     2.8460   -13.8668
    33  1041  785  -101.5723     2.8466   -13.8668
    34  1040  785  -101.5722     2.8470   -13.8668
    35  1039  785  -101.5718     2.8474   -13.8669
    36  1038  785  -101.5700     2.8473   -13.8670
    37  1037  785  -101.5690     2.8476   -13.8671
    38  1036  785  -101.5695     2.8481   -13.8671
    39  1035  785  -101.5685     2.8483   -13.8672
    40  1034  785  -101.5684     2.8488   -13.8672
    41  1016  787  -101.5582     2.8545   -13.8674
    42  1014  788  -101.5587     2.8556   -13.8671
    43  1015  788  -101.5597     2.8554   -13.8670
    44  1013  789  -101.5590     2.8562   -13.8667
    45  1012  789  -101.5609     2.8571   -13.8667
    46  1011  789  -101.5593     2.8572   -13.8668
    47  1010  789  -101.5571     2.8571   -13.8669
    48  1009  789  -101.5586     2.8579   -13.8669
    49  1008  789  -101.5580     2.8582   -13.8669
    50  1007  789  -101.5574     2.8585   -13.8670
    51  1006  789  -101.5564     2.8587   -13.8671
    52  1005  789  -101.5550     2.8588   -13.8671
    53  1004  789  -101.5548     2.8592   -13.8672
    54  1003  789  -101.5537     2.8594   -13.8673
    55  1002  790  -101.5547     2.8602   -13.8668
    56  1001  790  -101.5536     2.8603   -13.8669
    57   999  791  -101.5521     2.8609   -13.8666
    58   998  791  -101.5509     2.8610   -13.8667
    59  1000  791  -101.5529     2.8607   -13.8666
    60   996  792  -101.5505     2.8619   -13.8664
    61   997  792  -101.5504     2.8614   -13.8663
    62   995  793  -101.5504     2.8624   -13.8660
    63   994  793  -101.5495     2.8626   -13.8660
    64   993  793  -101.5500     2.8632   -13.8660
    65   991  794  -101.5505     2.8643   -13.8656
    66   990  794  -101.5508     2.8649   -13.8657
    67   989  794  -101.5498     2.8651   -13.8657
    68   988  794  -101.5474     2.8649   -13.8659
    69   987  794  -101.5477     2.8654   -13.8659
    70   986  794  -101.5474     2.8658   -13.8660
    71   992  794  -101.5501     2.8638   -13.8656
    72   985  795  -101.5455     2.8658   -13.8656
    73   984  795  -101.5449     2.8661   -13.8657
    74   983  795  -101.5471     2.8672   -13.8656
    75   982  795  -101.5457     2.8672   -13.8657
    76   981  795  -101.5393     2.8660   -13.8660
    77   975  795  -101.5447     2.8702   -13.8661
    78   976  795  -101.5432     2.8693   -13.8661
    79   977  795  -101.5486     2.8703   -13.8659
    80   978  795  -101.5513     2.8705   -13.8657
    81   979  795  -101.5424     2.8677   -13.8660
    82   980  795  -101.5405     2.8668   -13.8660
    83   974  796  -101.5393     2.8693   -13.8658
    84   973  796  -101.5376     2.8693   -13.8660
    85   972  796  -101.5374     2.8697   -13.8660
    86   971  796  -101.5364     2.8699   -13.8661
    87   970  796  -101.5348     2.8699   -13.8662
    88   969  796  -101.5349     2.8704   -13.8662
    89   968  796  -101.5412     2.8725   -13.8661
    90   967  796  -101.5397     2.8726   -13.8661
    91   966  796  -101.5414     2.8735   -13.8661
    92   965  796  -101.5399     2.8736   -13.8662
    93   964  796  -101.5396     2.8739   -13.8663
    94   963  796  -101.5392     2.8743   -13.8663
    95   962  797  -101.5391     2.8748   -13.8660
    96   961  797  -101.5385     2.8751   -13.8660
    97   960  797  -101.5379     2.8754   -13.8661
    98   959  797  -101.5368     2.8756   -13.8662
    99   958  797  -101.5379     2.8763   -13.8662
   100   957  797  -101.5378     2.8767   -13.8662
   101   956  797  -101.5363     2.8768   -13.8663
   102   955  797  -101.5359     2.8772   -13.8664
   103   953  798  -101.5337     2.8775   -13.8661
   104   952  798  -101.5332     2.8779   -13.8661
   105   951  798  -101.5329     2.8782   -13.8662
   106   950  798  -101.5324     2.8786   -13.8663
   107   954  798  -101.5341     2.8772   -13.8660
   108   949  799  -101.5329     2.8792   -13.8658
   109   948  799  -101.5320     2.8794   -13.8659
   110   947  799  -101.5323     2.8800   -13.8660
   111   946  799  -101.5324     2.8805   -13.8660
   112   945  799  -101.5317     2.8807   -13.8661
   113   944  799  -101.5332     2.8816   -13.8661
   114   942  800  -101.5306     2.8818   -13.8658
   115   941  800  -101.5307     2.8823   -13.8658
   116   940  800  -101.5310     2.8829   -13.8659
   117   939  800  -101.5329     2.8838   -13.8658
   118   938  800  -101.5323     2.8841   -13.8659
   119   937  800  -101.5331     2.8848   -13.8659
   120   943  800  -101.5314     2.8816   -13.8657
   121   936  801  -101.5292     2.8843   -13.8656
   122   935  801  -101.5296     2.8849   -13.8657
   123   934  801  -101.5294     2.8853   -13.8657
   124   933  801  -101.5295     2.8857   -13.8658
   125   932  801  -101.5289     2.8860   -13.8658
   126   931  801  -101.5283     2.8863   -13.8659
   127   930  801  -101.5287     2.8869   -13.8659
   128   929  801  -101.5285     2.8873   -13.8659
   129   928  801  -101.5295     2.8880   -13.8660
   130   927  802  -101.5283     2.8882   -13.8656
   131   926  802  -101.5280     2.8886   -13.8656
   132   925  802  -101.5286     2.8892   -13.8657
   133   924  802  -101.5288     2.8897   -13.8657
   134   923  802  -101.5294     2.8904   -13.8657
   135   922  802  -101.5305     2.8911   -13.8657
   136   921  802  -101.5300     2.8914   -13.8658
   137   920  802  -101.5293     2.8917   -13.8659
   138   919  802  -101.5305     2.8925   -13.8659
   139   918  802  -101.5300     2.8928   -13.8659
   140   917  802  -101.5287     2.8929   -13.8660
   141   916  802  -101.5288     2.8934   -13.8661
   142   915  802  -101.5275     2.8935   -13.8661
   143   914  802  -101.5286     2.8943   -13.8661
   144   913  802  -101.5262     2.8941   -13.8663
   145   912  802  -101.5271     2.8948   -13.8663
   146   911  802  -101.5268     2.8952   -13.8663
   147   910  802  -101.5265     2.8955   -13.8664
   148   909  802  -101.5264     2.8960   -13.8664
   149   908  802  -101.5258     2.8963   -13.8665
   150   907  802  -101.5282     2.8974   -13.8664
   151   906  802  -101.5337     2.8993   -13.8663
   152   905  802  -101.5291     2.8985   -13.8665
   153   904  802  -101.5296     2.8991   -13.8665
   154   903  802  -101.5260     2.8986   -13.8667
   155   902  802  -101.5261     2.8991   -13.8667
   156   901  802  -101.5241     2.8990   -13.8668
   157   900  802  -101.5244     2.8996   -13.8668
   158   899  802  -101.5242     2.9000   -13.8669
