; ENVI Output of ROIs (5.4) [Tue Aug 13 17:38:59 2019]
; Number of ROIs: 2
; File Dimension: 1328 x 1184
;
; ROI name: Region #1
; ROI rgb value: {255, 0, 0}
; ROI npts: 209
;
; ROI name: Region #2
; ROI rgb value: {0, 255, 0}
; ROI npts: 158
;   ID    X    Y      B1      B2      B3
     1  586  819  0.0164  0.0047  0.0008
     2  585  819  0.0164  0.0047  0.0008
     3  587  819  0.0164  0.0047  0.0008
     4  584  820  0.0164  0.0047  0.0008
     5  583  820  0.0164  0.0047  0.0008
     6  589  820  0.0164  0.0047  0.0008
     7  590  820  0.0165  0.0047  0.0008
     8  582  820  0.0164  0.0047  0.0008
     9  588  820  0.0165  0.0047  0.0008
    10  664  821  0.0166  0.0047  0.0008
    11  665  821  0.0166  0.0047  0.0008
    12  666  821  0.0166  0.0047  0.0008
    13  667  821  0.0166  0.0047  0.0008
    14  668  821  0.0166  0.0047  0.0008
    15  591  821  0.0165  0.0047  0.0008
    16  581  821  0.0164  0.0047  0.0008
    17  580  821  0.0164  0.0047  0.0008
    18  579  821  0.0165  0.0047  0.0008
    19  592  821  0.0165  0.0047  0.0008
    20  578  822  0.0164  0.0047  0.0008
    21  594  822  0.0165  0.0047  0.0008
    22  663  822  0.0166  0.0047  0.0008
    23  662  822  0.0166  0.0047  0.0008
    24  661  822  0.0166  0.0047  0.0008
    25  660  822  0.0165  0.0047  0.0008
    26  659  822  0.0165  0.0047  0.0008
    27  658  822  0.0165  0.0047  0.0008
    28  657  822  0.0166  0.0047  0.0008
    29  656  822  0.0166  0.0047  0.0008
    30  655  822  0.0165  0.0047  0.0008
    31  593  822  0.0165  0.0047  0.0008
    32  577  822  0.0165  0.0048  0.0008
    33  576  822  0.0165  0.0048  0.0008
    34  575  822  0.0164  0.0047  0.0008
    35  650  823  0.0165  0.0047  0.0008
    36  633  823  0.0165  0.0047  0.0008
    37  571  823  0.0164  0.0048  0.0008
    38  572  823  0.0164  0.0048  0.0008
    39  573  823  0.0164  0.0048  0.0008
    40  574  823  0.0164  0.0048  0.0008
    41  635  823  0.0165  0.0047  0.0008
    42  636  823  0.0165  0.0047  0.0008
    43  637  823  0.0165  0.0047  0.0008
    44  638  823  0.0165  0.0047  0.0008
    45  651  823  0.0165  0.0047  0.0008
    46  570  823  0.0164  0.0048  0.0008
    47  652  823  0.0165  0.0047  0.0008
    48  653  823  0.0165  0.0047  0.0008
    49  654  823  0.0165  0.0047  0.0008
    50  639  823  0.0165  0.0047  0.0008
    51  640  823  0.0165  0.0047  0.0008
    52  641  823  0.0165  0.0047  0.0008
    53  642  823  0.0165  0.0047  0.0008
    54  643  823  0.0165  0.0047  0.0008
    55  644  823  0.0165  0.0047  0.0008
    56  645  823  0.0165  0.0047  0.0008
    57  646  823  0.0165  0.0047  0.0008
    58  647  823  0.0165  0.0047  0.0008
    59  601  823  0.0165  0.0047  0.0008
    60  600  823  0.0165  0.0047  0.0008
    61  599  823  0.0165  0.0047  0.0008
    62  598  823  0.0165  0.0047  0.0008
    63  597  823  0.0165  0.0047  0.0008
    64  596  823  0.0165  0.0047  0.0008
    65  595  823  0.0165  0.0047  0.0008
    66  648  823  0.0165  0.0047  0.0008
    67  649  823  0.0165  0.0047  0.0008
    68  634  823  0.0165  0.0047  0.0008
    69  602  824  0.0165  0.0047  0.0008
    70  603  824  0.0165  0.0047  0.0008
    71  604  824  0.0165  0.0047  0.0008
    72  605  824  0.0165  0.0047  0.0008
    73  606  824  0.0165  0.0047  0.0008
    74  607  824  0.0165  0.0047  0.0008
    75  608  824  0.0165  0.0047  0.0008
    76  609  824  0.0165  0.0047  0.0008
    77  610  824  0.0165  0.0047  0.0008
    78  620  824  0.0164  0.0047  0.0008
    79  621  824  0.0165  0.0047  0.0008
    80  622  824  0.0165  0.0047  0.0008
    81  624  824  0.0165  0.0047  0.0008
    82  625  824  0.0165  0.0047  0.0008
    83  626  824  0.0165  0.0047  0.0008
    84  627  824  0.0165  0.0047  0.0008
    85  628  824  0.0165  0.0047  0.0008
    86  629  824  0.0165  0.0047  0.0008
    87  630  824  0.0165  0.0047  0.0008
    88  631  824  0.0165  0.0047  0.0008
    89  632  824  0.0165  0.0047  0.0008
    90  623  824  0.0165  0.0047  0.0008
    91  569  824  0.0164  0.0048  0.0008
    92  568  824  0.0164  0.0048  0.0008
    93  567  824  0.0164  0.0048  0.0008
    94  566  824  0.0164  0.0048  0.0008
    95  565  824  0.0164  0.0048  0.0008
    96  564  824  0.0165  0.0048  0.0008
    97  563  824  0.0165  0.0048  0.0008
    98  562  824  0.0164  0.0048  0.0008
    99  558  825  0.0165  0.0048  0.0008
   100  559  825  0.0165  0.0048  0.0008
   101  560  825  0.0165  0.0048  0.0008
   102  561  825  0.0164  0.0048  0.0008
   103  557  825  0.0165  0.0048  0.0008
   104  556  825  0.0165  0.0048  0.0008
   105  555  825  0.0164  0.0048  0.0008
   106  554  825  0.0165  0.0048  0.0008
   107  619  825  0.0165  0.0047  0.0008
   108  618  825  0.0165  0.0047  0.0008
   109  617  825  0.0165  0.0047  0.0008
   110  616  825  0.0165  0.0047  0.0008
   111  615  825  0.0165  0.0047  0.0008
   112  614  825  0.0165  0.0047  0.0008
   113  613  825  0.0165  0.0047  0.0008
   114  612  825  0.0165  0.0047  0.0008
   115  611  825  0.0165  0.0047  0.0008
   116  552  826  0.0164  0.0048  0.0008
   117  549  826  0.0164  0.0048  0.0008
   118  550  826  0.0164  0.0048  0.0008
   119  551  826  0.0164  0.0048  0.0008
   120  553  826  0.0164  0.0048  0.0008
   121  548  827  0.0164  0.0048  0.0008
   122  547  827  0.0164  0.0048  0.0008
   123  536  828  0.0164  0.0048  0.0008
   124  539  828  0.0164  0.0048  0.0008
   125  540  828  0.0164  0.0048  0.0008
   126  541  828  0.0164  0.0048  0.0008
   127  542  828  0.0164  0.0048  0.0008
   128  543  828  0.0164  0.0048  0.0008
   129  537  828  0.0164  0.0048  0.0008
   130  538  828  0.0164  0.0048  0.0008
   131  546  828  0.0164  0.0048  0.0008
   132  545  828  0.0164  0.0048  0.0008
   133  544  828  0.0164  0.0048  0.0008
   134  535  829  0.0164  0.0048  0.0008
   135  534  829  0.0164  0.0048  0.0008
   136  533  830  0.0164  0.0048  0.0008
   137  532  830  0.0164  0.0048  0.0008
   138  531  831  0.0164  0.0048  0.0008
   139  529  831  0.0164  0.0048  0.0008
   140  528  831  0.0164  0.0048  0.0008
   141  530  831  0.0164  0.0048  0.0008
   142  491  832  0.0164  0.0048  0.0008
   143  492  832  0.0164  0.0048  0.0008
   144  493  832  0.0164  0.0048  0.0008
   145  494  832  0.0164  0.0048  0.0008
   146  490  832  0.0164  0.0049  0.0008
   147  513  832  0.0164  0.0048  0.0008
   148  512  832  0.0164  0.0048  0.0008
   149  511  832  0.0164  0.0048  0.0008
   150  510  832  0.0164  0.0048  0.0008
   151  509  832  0.0164  0.0048  0.0008
   152  489  832  0.0164  0.0049  0.0008
   153  488  832  0.0164  0.0049  0.0008
   154  486  832  0.0164  0.0049  0.0008
   155  527  832  0.0164  0.0048  0.0008
   156  484  832  0.0164  0.0049  0.0008
   157  485  832  0.0164  0.0049  0.0008
   158  495  832  0.0164  0.0048  0.0008
   159  483  832  0.0164  0.0049  0.0008
   160  487  832  0.0164  0.0049  0.0008
   161  508  832  0.0164  0.0048  0.0008
   162  507  832  0.0164  0.0048  0.0008
   163  506  832  0.0164  0.0048  0.0008
   164  505  832  0.0164  0.0048  0.0008
   165  504  832  0.0164  0.0048  0.0008
   166  503  832  0.0164  0.0048  0.0008
   167  502  832  0.0164  0.0048  0.0008
   168  501  832  0.0164  0.0048  0.0008
   169  500  832  0.0164  0.0048  0.0008
   170  499  832  0.0164  0.0048  0.0008
   171  498  832  0.0164  0.0048  0.0008
   172  497  832  0.0164  0.0048  0.0008
   173  496  832  0.0164  0.0048  0.0008
   174  514  833  0.0164  0.0048  0.0008
   175  515  833  0.0164  0.0048  0.0008
   176  516  833  0.0164  0.0048  0.0008
   177  481  833  0.0164  0.0049  0.0008
   178  482  833  0.0164  0.0049  0.0008
   179  526  833  0.0164  0.0048  0.0008
   180  525  833  0.0164  0.0048  0.0008
   181  524  833  0.0164  0.0048  0.0008
   182  480  833  0.0164  0.0049  0.0008
   183  523  833  0.0164  0.0048  0.0008
   184  520  834  0.0164  0.0048  0.0008
   185  519  834  0.0164  0.0048  0.0008
   186  518  834  0.0164  0.0048  0.0008
   187  517  834  0.0164  0.0048  0.0008
   188  522  834  0.0164  0.0048  0.0008
   189  521  834  0.0164  0.0048  0.0008
   190  479  834  0.0164  0.0049  0.0008
   191  478  834  0.0164  0.0049  0.0008
   192  477  834  0.0164  0.0049  0.0008
   193  476  834  0.0164  0.0049  0.0008
   194  474  835  0.0164  0.0049  0.0008
   195  473  835  0.0164  0.0049  0.0008
   196  472  835  0.0164  0.0049  0.0008
   197  471  835  0.0164  0.0049  0.0008
   198  475  835  0.0164  0.0049  0.0008
   199  469  836  0.0164  0.0049  0.0008
   200  468  836  0.0164  0.0049  0.0008
   201  470  836  0.0164  0.0049  0.0008
   202  467  837  0.0164  0.0049  0.0008
   203  466  837  0.0164  0.0049  0.0008
   204  465  838  0.0164  0.0049  0.0008
   205  464  839  0.0164  0.0049  0.0008
   206  462  840  0.0164  0.0049  0.0008
   207  463  840  0.0164  0.0049  0.0008
   208  461  841  0.0164  0.0049  0.0008
   209  461  842  0.0164  0.0049  0.0008

     1  1072  782  0.0174  0.0043  0.0009
     2  1071  782  0.0174  0.0043  0.0009
     3  1070  782  0.0174  0.0043  0.0009
     4  1069  782  0.0174  0.0043  0.0009
     5  1073  782  0.0174  0.0043  0.0009
     6  1068  783  0.0174  0.0043  0.0009
     7  1067  783  0.0174  0.0043  0.0009
     8  1066  783  0.0174  0.0043  0.0009
     9  1065  783  0.0174  0.0044  0.0009
    10  1064  783  0.0174  0.0044  0.0009
    11  1063  783  0.0174  0.0044  0.0009
    12  1062  783  0.0174  0.0044  0.0009
    13  1061  783  0.0174  0.0044  0.0009
    14  1060  783  0.0174  0.0044  0.0009
    15  1059  783  0.0174  0.0044  0.0009
    16  1058  783  0.0174  0.0044  0.0009
    17  1057  783  0.0174  0.0044  0.0009
    18  1056  783  0.0174  0.0044  0.0009
    19  1055  783  0.0174  0.0044  0.0009
    20  1054  784  0.0174  0.0044  0.0009
    21  1053  784  0.0174  0.0044  0.0009
    22  1052  784  0.0174  0.0044  0.0009
    23  1051  784  0.0173  0.0044  0.0009
    24  1050  784  0.0173  0.0044  0.0009
    25  1049  784  0.0173  0.0044  0.0009
    26  1048  784  0.0173  0.0044  0.0009
    27  1047  784  0.0173  0.0044  0.0009
    28  1046  784  0.0173  0.0044  0.0009
    29  1045  784  0.0173  0.0044  0.0009
    30  1044  785  0.0173  0.0044  0.0009
    31  1043  785  0.0173  0.0044  0.0009
    32  1042  785  0.0173  0.0044  0.0009
    33  1041  785  0.0173  0.0044  0.0009
    34  1040  785  0.0173  0.0044  0.0009
    35  1039  785  0.0173  0.0044  0.0009
    36  1038  785  0.0173  0.0044  0.0009
    37  1037  785  0.0173  0.0044  0.0009
    38  1036  785  0.0173  0.0044  0.0009
    39  1035  785  0.0173  0.0044  0.0009
    40  1034  785  0.0173  0.0044  0.0009
    41  1016  787  0.0172  0.0044  0.0009
    42  1014  788  0.0172  0.0044  0.0009
    43  1015  788  0.0172  0.0044  0.0009
    44  1013  789  0.0172  0.0044  0.0009
    45  1012  789  0.0172  0.0044  0.0009
    46  1011  789  0.0172  0.0044  0.0009
    47  1010  789  0.0172  0.0044  0.0009
    48  1009  789  0.0172  0.0044  0.0009
    49  1008  789  0.0172  0.0044  0.0009
    50  1007  789  0.0172  0.0044  0.0009
    51  1006  789  0.0172  0.0044  0.0009
    52  1005  789  0.0172  0.0044  0.0009
    53  1004  789  0.0172  0.0044  0.0009
    54  1003  789  0.0172  0.0044  0.0009
    55  1002  790  0.0172  0.0044  0.0009
    56  1001  790  0.0172  0.0044  0.0009
    57   999  791  0.0172  0.0044  0.0009
    58   998  791  0.0172  0.0044  0.0009
    59  1000  791  0.0172  0.0044  0.0009
    60   996  792  0.0171  0.0044  0.0009
    61   997  792  0.0171  0.0044  0.0009
    62   995  793  0.0172  0.0044  0.0009
    63   994  793  0.0171  0.0044  0.0009
    64   993  793  0.0171  0.0044  0.0009
    65   991  794  0.0172  0.0044  0.0009
    66   990  794  0.0172  0.0044  0.0009
    67   989  794  0.0172  0.0044  0.0009
    68   988  794  0.0171  0.0044  0.0009
    69   987  794  0.0171  0.0044  0.0009
    70   986  794  0.0171  0.0044  0.0009
    71   992  794  0.0172  0.0044  0.0009
    72   985  795  0.0171  0.0044  0.0009
    73   984  795  0.0171  0.0044  0.0009
    74   983  795  0.0171  0.0044  0.0009
    75   982  795  0.0171  0.0044  0.0009
    76   981  795  0.0171  0.0044  0.0009
    77   975  795  0.0171  0.0044  0.0009
    78   976  795  0.0171  0.0044  0.0009
    79   977  795  0.0171  0.0044  0.0009
    80   978  795  0.0172  0.0044  0.0009
    81   979  795  0.0171  0.0044  0.0009
    82   980  795  0.0171  0.0044  0.0009
    83   974  796  0.0171  0.0044  0.0009
    84   973  796  0.0171  0.0044  0.0009
    85   972  796  0.0171  0.0044  0.0009
    86   971  796  0.0171  0.0044  0.0009
    87   970  796  0.0171  0.0044  0.0009
    88   969  796  0.0171  0.0044  0.0009
    89   968  796  0.0171  0.0044  0.0009
    90   967  796  0.0171  0.0044  0.0009
    91   966  796  0.0171  0.0044  0.0009
    92   965  796  0.0171  0.0044  0.0009
    93   964  796  0.0171  0.0044  0.0009
    94   963  796  0.0171  0.0044  0.0009
    95   962  797  0.0171  0.0044  0.0009
    96   961  797  0.0171  0.0044  0.0009
    97   960  797  0.0171  0.0044  0.0009
    98   959  797  0.0171  0.0044  0.0009
    99   958  797  0.0171  0.0044  0.0009
   100   957  797  0.0171  0.0044  0.0009
   101   956  797  0.0171  0.0044  0.0009
   102   955  797  0.0171  0.0044  0.0009
   103   953  798  0.0170  0.0044  0.0009
   104   952  798  0.0170  0.0044  0.0009
   105   951  798  0.0170  0.0044  0.0009
   106   950  798  0.0170  0.0044  0.0009
   107   954  798  0.0171  0.0044  0.0009
   108   949  799  0.0170  0.0044  0.0009
   109   948  799  0.0170  0.0044  0.0009
   110   947  799  0.0170  0.0044  0.0009
   111   946  799  0.0170  0.0044  0.0009
   112   945  799  0.0170  0.0044  0.0009
   113   944  799  0.0170  0.0044  0.0009
   114   942  800  0.0170  0.0044  0.0009
   115   941  800  0.0170  0.0044  0.0009
   116   940  800  0.0170  0.0044  0.0009
   117   939  800  0.0170  0.0044  0.0009
   118   938  800  0.0170  0.0044  0.0009
   119   937  800  0.0170  0.0044  0.0009
   120   943  800  0.0170  0.0044  0.0009
   121   936  801  0.0170  0.0044  0.0009
   122   935  801  0.0170  0.0044  0.0009
   123   934  801  0.0170  0.0044  0.0009
   124   933  801  0.0170  0.0044  0.0009
   125   932  801  0.0170  0.0044  0.0009
   126   931  801  0.0170  0.0044  0.0009
   127   930  801  0.0170  0.0044  0.0009
   128   929  801  0.0170  0.0044  0.0009
   129   928  801  0.0170  0.0044  0.0009
   130   927  802  0.0170  0.0044  0.0009
   131   926  802  0.0170  0.0044  0.0009
   132   925  802  0.0170  0.0044  0.0009
   133   924  802  0.0170  0.0045  0.0009
   134   923  802  0.0170  0.0045  0.0009
   135   922  802  0.0170  0.0045  0.0009
   136   921  802  0.0170  0.0045  0.0009
   137   920  802  0.0170  0.0045  0.0009
   138   919  802  0.0170  0.0045  0.0009
   139   918  802  0.0170  0.0045  0.0009
   140   917  802  0.0170  0.0045  0.0009
   141   916  802  0.0170  0.0045  0.0009
   142   915  802  0.0170  0.0045  0.0009
   143   914  802  0.0170  0.0045  0.0009
   144   913  802  0.0170  0.0045  0.0009
   145   912  802  0.0170  0.0045  0.0009
   146   911  802  0.0170  0.0045  0.0009
   147   910  802  0.0170  0.0045  0.0009
   148   909  802  0.0170  0.0045  0.0009
   149   908  802  0.0170  0.0045  0.0009
   150   907  802  0.0170  0.0045  0.0009
   151   906  802  0.0171  0.0045  0.0009
   152   905  802  0.0170  0.0045  0.0009
   153   904  802  0.0170  0.0045  0.0009
   154   903  802  0.0170  0.0045  0.0009
   155   902  802  0.0170  0.0045  0.0009
   156   901  802  0.0170  0.0045  0.0009
   157   900  802  0.0170  0.0045  0.0009
   158   899  802  0.0170  0.0045  0.0009
