; ENVI Output of ROIs (5.4) [Tue Aug 13 17:29:11 2019]
; Number of ROIs: 6
; File Dimension: 1328 x 1184
;
; ROI name: Region #1
; ROI rgb value: {255, 0, 0}
; ROI npts: 278
;
; ROI name: Region #2
; ROI rgb value: {0, 255, 0}
; ROI npts: 70
;
; ROI name: Region #3
; ROI rgb value: {0, 0, 255}
; ROI npts: 138
;
; ROI name: Region #4
; ROI rgb value: {255, 255, 0}
; ROI npts: 199
;
; ROI name: Region #5
; ROI rgb value: {0, 255, 255}
; ROI npts: 83
;
; ROI name: Region #6
; ROI rgb value: {255, 0, 255}
; ROI npts: 77
;   ID     X    Y      B1      B2      B3
     1   919  792  0.0098  0.0085  0.0012
     2   924  792  0.0098  0.0085  0.0012
     3   923  792  0.0098  0.0085  0.0012
     4   922  792  0.0098  0.0085  0.0012
     5   921  792  0.0098  0.0085  0.0012
     6   920  792  0.0098  0.0085  0.0012
     7   918  792  0.0098  0.0085  0.0012
     8   917  792  0.0098  0.0085  0.0012
     9   916  792  0.0098  0.0085  0.0012
    10   915  792  0.0098  0.0085  0.0012
    11   914  792  0.0098  0.0085  0.0012
    12   913  792  0.0098  0.0085  0.0012
    13   912  792  0.0098  0.0085  0.0012
    14   911  792  0.0098  0.0085  0.0012
    15   910  792  0.0098  0.0085  0.0012
    16   909  792  0.0098  0.0085  0.0012
    17   908  792  0.0098  0.0086  0.0012
    18   907  792  0.0098  0.0085  0.0012
    19   906  792  0.0098  0.0086  0.0012
    20   905  792  0.0098  0.0086  0.0012
    21   904  793  0.0098  0.0086  0.0012
    22   903  793  0.0098  0.0086  0.0012
    23   902  793  0.0098  0.0086  0.0012
    24   901  793  0.0098  0.0086  0.0012
    25   900  793  0.0098  0.0086  0.0012
    26   899  793  0.0098  0.0086  0.0012
    27   898  793  0.0098  0.0086  0.0012
    28   897  793  0.0098  0.0086  0.0012
    29   896  793  0.0097  0.0086  0.0012
    30   895  793  0.0098  0.0086  0.0012
    31   894  793  0.0098  0.0086  0.0012
    32   893  793  0.0098  0.0086  0.0012
    33   929  793  0.0098  0.0085  0.0012
    34   928  793  0.0098  0.0085  0.0012
    35   927  793  0.0098  0.0085  0.0012
    36   926  793  0.0098  0.0085  0.0012
    37   925  793  0.0098  0.0085  0.0012
    38   887  794  0.0098  0.0086  0.0012
    39   889  794  0.0098  0.0086  0.0012
    40   890  794  0.0098  0.0086  0.0012
    41   891  794  0.0098  0.0086  0.0012
    42   886  794  0.0098  0.0086  0.0012
    43   892  794  0.0098  0.0086  0.0012
    44   888  794  0.0098  0.0086  0.0012
    45   930  794  0.0098  0.0085  0.0012
    46   931  794  0.0098  0.0085  0.0012
    47   932  794  0.0098  0.0085  0.0012
    48   933  794  0.0098  0.0085  0.0012
    49   934  794  0.0098  0.0085  0.0012
    50   935  794  0.0098  0.0085  0.0012
    51   937  795  0.0098  0.0085  0.0012
    52   938  795  0.0098  0.0085  0.0012
    53   939  795  0.0098  0.0085  0.0012
    54   940  795  0.0098  0.0085  0.0012
    55   936  795  0.0098  0.0085  0.0012
    56   941  796  0.0098  0.0085  0.0012
    57   942  796  0.0098  0.0085  0.0012
    58   943  796  0.0098  0.0085  0.0012
    59   944  796  0.0098  0.0085  0.0012
    60   945  796  0.0098  0.0085  0.0012
    61   947  797  0.0098  0.0085  0.0012
    62   948  797  0.0098  0.0085  0.0012
    63   949  797  0.0098  0.0085  0.0012
    64   950  797  0.0098  0.0085  0.0012
    65   951  797  0.0098  0.0085  0.0012
    66   946  797  0.0098  0.0085  0.0012
    67   952  798  0.0098  0.0085  0.0012
    68   953  798  0.0098  0.0085  0.0012
    69   954  798  0.0098  0.0085  0.0012
    70   955  798  0.0098  0.0085  0.0012
    71   957  799  0.0098  0.0085  0.0012
    72   958  799  0.0098  0.0085  0.0012
    73   959  799  0.0098  0.0085  0.0012
    74   956  799  0.0098  0.0085  0.0012
    75   961  800  0.0098  0.0085  0.0012
    76   962  800  0.0097  0.0085  0.0012
    77   963  800  0.0097  0.0085  0.0012
    78   960  800  0.0098  0.0085  0.0012
    79   964  801  0.0097  0.0085  0.0012
    80   965  801  0.0097  0.0085  0.0012
    81   966  801  0.0098  0.0085  0.0012
    82   967  801  0.0098  0.0085  0.0012
    83   969  802  0.0098  0.0085  0.0012
    84   970  802  0.0098  0.0085  0.0012
    85   971  802  0.0098  0.0085  0.0012
    86   968  802  0.0098  0.0085  0.0012
    87   972  803  0.0097  0.0085  0.0012
    88   973  803  0.0097  0.0085  0.0012
    89   974  803  0.0098  0.0085  0.0012
    90   975  803  0.0098  0.0085  0.0012
    91   977  804  0.0098  0.0085  0.0012
    92   978  804  0.0098  0.0085  0.0012
    93   979  804  0.0098  0.0085  0.0012
    94   980  804  0.0098  0.0085  0.0012
    95   976  804  0.0098  0.0085  0.0012
    96   981  805  0.0098  0.0085  0.0012
    97   982  805  0.0098  0.0085  0.0012
    98   983  805  0.0098  0.0085  0.0012
    99   984  805  0.0098  0.0085  0.0012
   100   985  805  0.0098  0.0085  0.0012
   101   986  805  0.0098  0.0084  0.0012
   102   987  805  0.0098  0.0084  0.0012
   103   988  806  0.0098  0.0085  0.0012
   104   989  806  0.0098  0.0084  0.0012
   105   990  806  0.0098  0.0084  0.0012
   106   991  806  0.0098  0.0084  0.0012
   107   992  806  0.0098  0.0084  0.0012
   108   993  806  0.0098  0.0084  0.0012
   109   994  806  0.0097  0.0084  0.0012
   110   995  806  0.0098  0.0084  0.0012
   111   997  807  0.0098  0.0084  0.0012
   112   998  807  0.0098  0.0084  0.0012
   113   999  807  0.0097  0.0084  0.0012
   114  1000  807  0.0098  0.0084  0.0012
   115  1001  807  0.0097  0.0084  0.0012
   116  1002  807  0.0098  0.0084  0.0012
   117   996  807  0.0098  0.0084  0.0012
   118  1003  808  0.0098  0.0084  0.0012
   119  1004  808  0.0098  0.0084  0.0012
   120  1005  808  0.0098  0.0084  0.0012
   121  1006  808  0.0098  0.0084  0.0012
   122  1007  808  0.0098  0.0084  0.0012
   123  1008  808  0.0098  0.0084  0.0012
   124  1009  808  0.0098  0.0084  0.0012
   125  1010  809  0.0098  0.0084  0.0012
   126  1011  809  0.0097  0.0084  0.0012
   127  1012  809  0.0097  0.0084  0.0012
   128  1013  809  0.0097  0.0084  0.0012
   129  1014  809  0.0097  0.0084  0.0012
   130  1015  809  0.0098  0.0084  0.0012
   131  1016  809  0.0097  0.0084  0.0012
   132  1017  809  0.0097  0.0084  0.0012
   133  1019  810  0.0098  0.0084  0.0012
   134  1020  810  0.0098  0.0084  0.0012
   135  1021  810  0.0098  0.0084  0.0012
   136  1022  810  0.0098  0.0084  0.0012
   137  1023  810  0.0097  0.0084  0.0012
   138  1024  810  0.0097  0.0084  0.0012
   139  1018  810  0.0098  0.0084  0.0012
   140  1025  811  0.0097  0.0084  0.0012
   141  1026  811  0.0097  0.0084  0.0012
   142  1027  811  0.0097  0.0084  0.0012
   143  1028  811  0.0097  0.0084  0.0012
   144  1029  811  0.0097  0.0084  0.0012
   145  1030  811  0.0097  0.0084  0.0012
   146  1031  811  0.0097  0.0084  0.0012
   147  1032  811  0.0097  0.0084  0.0012
   148  1033  812  0.0097  0.0084  0.0012
   149  1034  812  0.0097  0.0084  0.0012
   150  1035  812  0.0097  0.0084  0.0012
   151  1036  812  0.0097  0.0084  0.0012
   152  1037  812  0.0097  0.0084  0.0012
   153  1038  812  0.0097  0.0084  0.0012
   154  1039  812  0.0097  0.0084  0.0012
   155  1040  812  0.0097  0.0084  0.0012
   156  1041  812  0.0097  0.0084  0.0012
   157  1042  813  0.0097  0.0084  0.0012
   158  1043  813  0.0097  0.0084  0.0012
   159  1044  813  0.0097  0.0084  0.0012
   160  1045  813  0.0097  0.0084  0.0012
   161  1046  813  0.0097  0.0084  0.0012
   162  1047  813  0.0097  0.0084  0.0012
   163  1048  813  0.0097  0.0084  0.0012
   164  1049  813  0.0097  0.0084  0.0012
   165  1050  813  0.0097  0.0083  0.0012
   166  1052  814  0.0097  0.0083  0.0012
   167  1053  814  0.0097  0.0083  0.0012
   168  1054  814  0.0097  0.0083  0.0012
   169  1055  814  0.0097  0.0083  0.0012
   170  1056  814  0.0097  0.0083  0.0012
   171  1057  814  0.0097  0.0083  0.0012
   172  1058  814  0.0097  0.0083  0.0012
   173  1051  814  0.0097  0.0083  0.0012
   174  1059  815  0.0097  0.0083  0.0012
   175  1060  815  0.0097  0.0083  0.0012
   176  1061  815  0.0097  0.0083  0.0012
   177  1062  815  0.0097  0.0083  0.0012
   178  1063  815  0.0097  0.0083  0.0012
   179  1064  815  0.0097  0.0083  0.0012
   180  1065  815  0.0097  0.0083  0.0012
   181  1066  815  0.0097  0.0083  0.0012
   182  1067  815  0.0097  0.0083  0.0012
   183  1068  816  0.0097  0.0083  0.0012
   184  1069  816  0.0097  0.0083  0.0012
   185  1070  816  0.0097  0.0083  0.0012
   186  1071  816  0.0097  0.0083  0.0012
   187  1072  816  0.0097  0.0083  0.0012
   188  1073  816  0.0097  0.0083  0.0012
   189  1074  816  0.0098  0.0083  0.0012
   190  1075  816  0.0097  0.0083  0.0012
   191  1076  816  0.0097  0.0083  0.0012
   192  1077  817  0.0097  0.0083  0.0012
   193  1078  817  0.0097  0.0083  0.0012
   194  1079  817  0.0098  0.0083  0.0012
   195  1080  817  0.0097  0.0083  0.0012
   196  1081  817  0.0097  0.0083  0.0012
   197  1082  817  0.0097  0.0083  0.0012
   198  1083  817  0.0097  0.0083  0.0012
   199  1084  817  0.0097  0.0083  0.0012
   200  1085  817  0.0097  0.0083  0.0012
   201  1086  817  0.0097  0.0083  0.0012
   202  1087  817  0.0097  0.0083  0.0012
   203  1088  818  0.0097  0.0083  0.0012
   204  1089  818  0.0097  0.0083  0.0012
   205  1090  818  0.0097  0.0083  0.0012
   206  1091  818  0.0097  0.0083  0.0012
   207  1092  818  0.0097  0.0083  0.0012
   208  1093  818  0.0097  0.0083  0.0012
   209  1094  818  0.0097  0.0083  0.0012
   210  1095  818  0.0097  0.0083  0.0012
   211  1096  818  0.0097  0.0083  0.0012
   212  1097  818  0.0097  0.0083  0.0012
   213  1098  818  0.0097  0.0083  0.0012
   214  1099  818  0.0097  0.0083  0.0012
   215  1100  818  0.0097  0.0083  0.0012
   216  1101  819  0.0097  0.0083  0.0012
   217  1102  819  0.0097  0.0083  0.0012
   218  1103  819  0.0097  0.0083  0.0012
   219  1104  819  0.0097  0.0083  0.0012
   220  1105  819  0.0097  0.0083  0.0012
   221  1106  819  0.0097  0.0083  0.0012
   222  1107  819  0.0097  0.0083  0.0012
   223  1108  819  0.0097  0.0083  0.0012
   224  1109  819  0.0097  0.0083  0.0012
   225  1110  819  0.0097  0.0083  0.0012
   226  1111  819  0.0097  0.0083  0.0012
   227  1112  819  0.0097  0.0083  0.0012
   228  1113  819  0.0097  0.0083  0.0012
   229  1114  820  0.0097  0.0083  0.0012
   230  1115  820  0.0097  0.0083  0.0012
   231  1116  820  0.0097  0.0083  0.0012
   232  1117  820  0.0097  0.0083  0.0012
   233  1118  820  0.0097  0.0083  0.0012
   234  1119  820  0.0097  0.0083  0.0012
   235  1120  820  0.0097  0.0082  0.0012
   236  1121  820  0.0097  0.0082  0.0012
   237  1122  820  0.0097  0.0082  0.0012
   238  1123  820  0.0097  0.0082  0.0012
   239  1124  820  0.0097  0.0082  0.0012
   240  1125  820  0.0097  0.0082  0.0012
   241  1126  821  0.0097  0.0082  0.0012
   242  1127  821  0.0097  0.0082  0.0012
   243  1128  821  0.0097  0.0082  0.0012
   244  1129  821  0.0097  0.0082  0.0012
   245  1130  821  0.0097  0.0082  0.0012
   246  1131  821  0.0097  0.0082  0.0012
   247  1132  821  0.0097  0.0082  0.0012
   248  1133  821  0.0097  0.0082  0.0012
   249  1134  821  0.0097  0.0082  0.0012
   250  1135  821  0.0097  0.0082  0.0012
   251  1136  821  0.0097  0.0082  0.0012
   252  1137  822  0.0097  0.0082  0.0012
   253  1138  822  0.0097  0.0082  0.0012
   254  1139  822  0.0097  0.0082  0.0012
   255  1140  822  0.0097  0.0082  0.0012
   256  1141  822  0.0097  0.0082  0.0012
   257  1142  822  0.0097  0.0082  0.0012
   258  1143  822  0.0097  0.0082  0.0012
   259  1144  822  0.0097  0.0082  0.0012
   260  1145  822  0.0097  0.0082  0.0012
   261  1146  822  0.0097  0.0082  0.0012
   262  1147  823  0.0097  0.0082  0.0012
   263  1148  823  0.0097  0.0082  0.0012
   264  1149  823  0.0097  0.0082  0.0012
   265  1150  823  0.0097  0.0082  0.0012
   266  1151  823  0.0097  0.0082  0.0012
   267  1152  823  0.0097  0.0082  0.0012
   268  1153  823  0.0097  0.0082  0.0012
   269  1154  823  0.0097  0.0082  0.0012
   270  1155  823  0.0097  0.0082  0.0012
   271  1156  823  0.0097  0.0082  0.0012
   272  1157  823  0.0097  0.0082  0.0012
   273  1159  824  0.0097  0.0082  0.0012
   274  1160  824  0.0097  0.0082  0.0012
   275  1161  824  0.0097  0.0082  0.0012
   276  1162  824  0.0097  0.0082  0.0012
   277  1163  824  0.0097  0.0082  0.0012
   278  1158  824  0.0097  0.0082  0.0012

    1   965  865  0.0096  0.0083  0.0012
    2   966  865  0.0096  0.0083  0.0012
    3   967  865  0.0096  0.0083  0.0012
    4   968  865  0.0096  0.0083  0.0012
    5   969  865  0.0096  0.0083  0.0012
    6   970  865  0.0096  0.0083  0.0012
    7   971  865  0.0096  0.0083  0.0012
    8   972  865  0.0096  0.0083  0.0012
    9   973  865  0.0096  0.0083  0.0012
   10   974  866  0.0096  0.0083  0.0012
   11   975  866  0.0096  0.0083  0.0012
   12   976  866  0.0096  0.0083  0.0012
   13   977  866  0.0096  0.0083  0.0012
   14   978  866  0.0095  0.0083  0.0012
   15   979  866  0.0096  0.0083  0.0012
   16   980  866  0.0095  0.0083  0.0012
   17   981  866  0.0095  0.0083  0.0012
   18   982  866  0.0095  0.0083  0.0012
   19   983  866  0.0095  0.0083  0.0012
   20   984  866  0.0095  0.0083  0.0012
   21   985  866  0.0095  0.0083  0.0012
   22   986  866  0.0096  0.0083  0.0012
   23   988  867  0.0095  0.0083  0.0012
   24   989  867  0.0095  0.0083  0.0012
   25   990  867  0.0095  0.0083  0.0012
   26   991  867  0.0095  0.0083  0.0012
   27   992  867  0.0095  0.0082  0.0012
   28   987  867  0.0095  0.0083  0.0012
   29   993  868  0.0095  0.0082  0.0012
   30   994  868  0.0095  0.0083  0.0012
   31   995  868  0.0095  0.0083  0.0012
   32   996  868  0.0095  0.0083  0.0012
   33   997  868  0.0096  0.0083  0.0012
   34   998  868  0.0096  0.0083  0.0012
   35   999  868  0.0096  0.0083  0.0012
   36  1000  869  0.0096  0.0083  0.0012
   37  1001  869  0.0096  0.0083  0.0012
   38  1002  869  0.0096  0.0083  0.0012
   39  1003  869  0.0096  0.0083  0.0012
   40  1004  869  0.0096  0.0083  0.0012
   41  1005  869  0.0096  0.0083  0.0012
   42  1021  869  0.0096  0.0082  0.0012
   43  1020  869  0.0096  0.0082  0.0012
   44  1019  869  0.0096  0.0083  0.0012
   45  1018  869  0.0096  0.0083  0.0012
   46  1017  869  0.0096  0.0083  0.0012
   47  1016  869  0.0096  0.0083  0.0012
   48  1015  869  0.0096  0.0083  0.0012
   49  1014  869  0.0096  0.0083  0.0012
   50  1013  870  0.0096  0.0083  0.0012
   51  1012  870  0.0096  0.0083  0.0012
   52  1011  870  0.0096  0.0083  0.0012
   53  1010  870  0.0096  0.0083  0.0012
   54  1009  870  0.0096  0.0083  0.0012
   55  1008  870  0.0096  0.0083  0.0012
   56  1007  870  0.0096  0.0083  0.0012
   57  1006  870  0.0096  0.0083  0.0012
   58  1022  870  0.0096  0.0083  0.0012
   59  1023  870  0.0096  0.0082  0.0012
   60  1024  870  0.0096  0.0083  0.0012
   61  1025  870  0.0096  0.0082  0.0012
   62  1026  870  0.0096  0.0082  0.0012
   63  1027  870  0.0096  0.0082  0.0012
   64  1028  870  0.0096  0.0082  0.0012
   65  1029  870  0.0096  0.0082  0.0012
   66  1031  871  0.0096  0.0082  0.0012
   67  1032  871  0.0096  0.0082  0.0012
   68  1033  871  0.0096  0.0082  0.0012
   69  1034  871  0.0096  0.0082  0.0012
   70  1030  871  0.0096  0.0082  0.0012

     1  162  564  0.0101  0.0099  0.0010
     2  163  564  0.0101  0.0099  0.0010
     3  164  564  0.0101  0.0099  0.0010
     4  165  564  0.0101  0.0099  0.0010
     5  161  564  0.0102  0.0099  0.0010
     6  166  565  0.0101  0.0099  0.0010
     7  167  565  0.0101  0.0099  0.0010
     8  168  565  0.0101  0.0099  0.0010
     9  169  565  0.0101  0.0099  0.0010
    10  170  565  0.0101  0.0099  0.0010
    11  171  565  0.0101  0.0099  0.0010
    12  172  565  0.0102  0.0099  0.0010
    13  173  565  0.0102  0.0099  0.0010
    14  174  565  0.0102  0.0099  0.0010
    15  175  566  0.0102  0.0099  0.0010
    16  176  566  0.0102  0.0099  0.0010
    17  177  566  0.0102  0.0099  0.0010
    18  178  566  0.0102  0.0099  0.0010
    19  179  566  0.0102  0.0099  0.0010
    20  180  566  0.0102  0.0099  0.0010
    21  181  566  0.0102  0.0099  0.0010
    22  182  566  0.0102  0.0099  0.0010
    23  183  566  0.0102  0.0099  0.0010
    24  184  566  0.0102  0.0099  0.0010
    25  185  566  0.0102  0.0099  0.0010
    26  186  567  0.0102  0.0099  0.0010
    27  187  567  0.0102  0.0099  0.0010
    28  188  567  0.0102  0.0099  0.0010
    29  189  567  0.0102  0.0099  0.0010
    30  190  567  0.0101  0.0099  0.0010
    31  191  567  0.0102  0.0099  0.0010
    32  192  567  0.0101  0.0099  0.0010
    33  193  567  0.0102  0.0099  0.0010
    34  194  567  0.0102  0.0099  0.0010
    35  195  567  0.0102  0.0099  0.0010
    36  196  567  0.0102  0.0099  0.0010
    37  197  567  0.0102  0.0099  0.0010
    38  198  567  0.0102  0.0099  0.0010
    39  213  567  0.0102  0.0099  0.0010
    40  214  567  0.0102  0.0099  0.0010
    41  215  567  0.0102  0.0099  0.0010
    42  216  567  0.0102  0.0099  0.0010
    43  217  567  0.0102  0.0099  0.0010
    44  218  567  0.0102  0.0099  0.0010
    45  219  567  0.0102  0.0099  0.0010
    46  220  567  0.0102  0.0099  0.0010
    47  221  567  0.0102  0.0099  0.0010
    48  222  567  0.0102  0.0099  0.0010
    49  223  567  0.0102  0.0099  0.0010
    50  224  567  0.0102  0.0099  0.0010
    51  225  567  0.0101  0.0098  0.0010
    52  226  567  0.0101  0.0098  0.0010
    53  227  567  0.0101  0.0098  0.0010
    54  228  567  0.0101  0.0098  0.0010
    55  229  567  0.0101  0.0098  0.0010
    56  230  567  0.0101  0.0098  0.0010
    57  231  567  0.0101  0.0098  0.0010
    58  232  567  0.0101  0.0098  0.0010
    59  233  567  0.0101  0.0098  0.0010
    60  234  567  0.0101  0.0098  0.0010
    61  235  567  0.0101  0.0098  0.0010
    62  236  567  0.0102  0.0098  0.0010
    63  237  568  0.0102  0.0098  0.0010
    64  238  568  0.0101  0.0098  0.0010
    65  239  568  0.0102  0.0098  0.0010
    66  240  568  0.0102  0.0098  0.0010
    67  241  568  0.0102  0.0098  0.0010
    68  242  568  0.0101  0.0098  0.0010
    69  243  568  0.0101  0.0098  0.0010
    70  244  568  0.0102  0.0098  0.0010
    71  245  568  0.0101  0.0098  0.0010
    72  246  568  0.0101  0.0098  0.0010
    73  247  568  0.0101  0.0098  0.0010
    74  248  568  0.0101  0.0098  0.0010
    75  249  568  0.0101  0.0098  0.0010
    76  250  568  0.0101  0.0098  0.0010
    77  200  568  0.0102  0.0099  0.0010
    78  201  568  0.0101  0.0099  0.0010
    79  202  568  0.0102  0.0099  0.0010
    80  203  568  0.0102  0.0099  0.0010
    81  204  568  0.0102  0.0099  0.0010
    82  199  568  0.0101  0.0099  0.0010
    83  205  568  0.0102  0.0099  0.0010
    84  206  568  0.0102  0.0099  0.0010
    85  207  568  0.0102  0.0099  0.0010
    86  208  568  0.0102  0.0099  0.0010
    87  212  568  0.0102  0.0099  0.0010
    88  211  568  0.0102  0.0099  0.0010
    89  210  568  0.0102  0.0099  0.0010
    90  209  568  0.0102  0.0099  0.0010
    91  260  569  0.0101  0.0098  0.0010
    92  259  569  0.0101  0.0098  0.0010
    93  258  569  0.0101  0.0098  0.0010
    94  257  569  0.0101  0.0098  0.0010
    95  255  569  0.0101  0.0098  0.0010
    96  254  569  0.0101  0.0098  0.0010
    97  253  569  0.0101  0.0098  0.0010
    98  252  569  0.0101  0.0098  0.0010
    99  251  569  0.0101  0.0098  0.0010
   100  256  569  0.0101  0.0097  0.0010
   101  261  569  0.0101  0.0098  0.0010
   102  262  569  0.0101  0.0098  0.0010
   103  297  569  0.0102  0.0097  0.0010
   104  296  569  0.0102  0.0097  0.0010
   105  295  569  0.0102  0.0097  0.0010
   106  294  569  0.0102  0.0097  0.0010
   107  293  569  0.0101  0.0097  0.0010
   108  292  569  0.0101  0.0097  0.0010
   109  291  569  0.0101  0.0097  0.0010
   110  290  569  0.0101  0.0097  0.0010
   111  289  569  0.0101  0.0097  0.0010
   112  288  569  0.0101  0.0097  0.0010
   113  287  569  0.0101  0.0098  0.0010
   114  286  569  0.0102  0.0098  0.0010
   115  285  569  0.0102  0.0098  0.0010
   116  284  569  0.0102  0.0098  0.0010
   117  298  569  0.0102  0.0097  0.0010
   118  278  570  0.0101  0.0098  0.0010
   119  279  570  0.0101  0.0098  0.0010
   120  280  570  0.0101  0.0098  0.0010
   121  281  570  0.0101  0.0098  0.0010
   122  282  570  0.0101  0.0098  0.0010
   123  283  570  0.0101  0.0098  0.0010
   124  276  570  0.0101  0.0098  0.0010
   125  275  570  0.0101  0.0098  0.0010
   126  274  570  0.0101  0.0098  0.0010
   127  273  570  0.0101  0.0098  0.0010
   128  272  570  0.0101  0.0098  0.0010
   129  271  570  0.0101  0.0098  0.0010
   130  270  570  0.0101  0.0098  0.0010
   131  269  570  0.0101  0.0098  0.0010
   132  268  570  0.0101  0.0098  0.0010
   133  267  570  0.0101  0.0098  0.0010
   134  266  570  0.0101  0.0098  0.0010
   135  265  570  0.0101  0.0098  0.0010
   136  264  570  0.0101  0.0098  0.0010
   137  263  570  0.0101  0.0098  0.0010
   138  277  570  0.0101  0.0098  0.0010

     1   837  692  0.0099  0.0088  0.0011
     2   838  692  0.0099  0.0088  0.0011
     3   836  692  0.0099  0.0088  0.0011
     4   840  693  0.0099  0.0087  0.0011
     5   841  693  0.0099  0.0087  0.0011
     6   842  693  0.0099  0.0087  0.0011
     7   843  693  0.0099  0.0088  0.0011
     8   839  693  0.0099  0.0088  0.0011
     9   844  694  0.0099  0.0087  0.0011
    10   845  694  0.0099  0.0087  0.0011
    11   846  694  0.0099  0.0087  0.0011
    12   847  694  0.0099  0.0087  0.0011
    13   848  694  0.0099  0.0087  0.0011
    14   849  694  0.0099  0.0087  0.0011
    15   851  695  0.0099  0.0087  0.0011
    16   852  695  0.0099  0.0087  0.0011
    17   853  695  0.0099  0.0087  0.0011
    18   854  695  0.0099  0.0087  0.0011
    19   850  695  0.0099  0.0087  0.0011
    20   855  696  0.0099  0.0087  0.0011
    21   856  696  0.0099  0.0087  0.0011
    22   857  696  0.0099  0.0087  0.0011
    23   858  696  0.0099  0.0087  0.0011
    24   859  696  0.0099  0.0087  0.0011
    25   860  696  0.0099  0.0087  0.0011
    26   861  696  0.0099  0.0087  0.0011
    27   862  696  0.0099  0.0087  0.0011
    28   863  696  0.0098  0.0087  0.0011
    29   864  697  0.0098  0.0087  0.0011
    30   865  697  0.0098  0.0087  0.0011
    31   866  697  0.0098  0.0087  0.0011
    32   867  697  0.0098  0.0087  0.0011
    33   868  697  0.0098  0.0087  0.0011
    34   869  697  0.0098  0.0087  0.0011
    35   870  697  0.0098  0.0087  0.0011
    36   871  697  0.0098  0.0087  0.0011
    37   872  697  0.0098  0.0087  0.0011
    38   873  697  0.0098  0.0087  0.0011
    39   874  697  0.0098  0.0087  0.0011
    40   875  697  0.0098  0.0087  0.0011
    41   876  698  0.0098  0.0087  0.0011
    42   877  698  0.0098  0.0086  0.0011
    43   878  698  0.0098  0.0086  0.0011
    44   879  698  0.0098  0.0086  0.0011
    45   880  698  0.0098  0.0086  0.0011
    46   881  698  0.0098  0.0086  0.0011
    47   882  698  0.0098  0.0086  0.0011
    48   883  698  0.0098  0.0086  0.0011
    49   884  698  0.0098  0.0086  0.0011
    50   885  698  0.0098  0.0086  0.0011
    51   886  698  0.0098  0.0086  0.0011
    52   887  698  0.0098  0.0086  0.0011
    53   888  699  0.0098  0.0086  0.0011
    54   889  699  0.0098  0.0086  0.0011
    55   890  699  0.0098  0.0086  0.0011
    56   891  699  0.0098  0.0086  0.0011
    57   892  699  0.0098  0.0086  0.0011
    58   893  699  0.0098  0.0086  0.0011
    59   894  699  0.0098  0.0086  0.0011
    60   895  699  0.0098  0.0086  0.0011
    61   896  699  0.0098  0.0086  0.0011
    62   897  699  0.0098  0.0086  0.0011
    63   898  699  0.0098  0.0086  0.0011
    64   899  699  0.0098  0.0086  0.0011
    65   900  700  0.0099  0.0086  0.0011
    66   901  700  0.0099  0.0086  0.0011
    67   902  700  0.0099  0.0087  0.0011
    68   903  700  0.0099  0.0087  0.0011
    69   904  700  0.0099  0.0087  0.0011
    70   905  700  0.0099  0.0087  0.0011
    71   906  700  0.0099  0.0087  0.0011
    72   907  700  0.0099  0.0087  0.0011
    73   908  700  0.0099  0.0087  0.0011
    74   909  700  0.0099  0.0087  0.0011
    75   910  700  0.0099  0.0087  0.0011
    76   911  700  0.0099  0.0087  0.0011
    77   912  701  0.0099  0.0086  0.0011
    78   913  701  0.0099  0.0086  0.0011
    79   914  701  0.0099  0.0086  0.0011
    80   915  701  0.0099  0.0086  0.0011
    81   916  701  0.0099  0.0086  0.0011
    82   917  701  0.0099  0.0086  0.0011
    83   918  701  0.0099  0.0086  0.0011
    84   919  701  0.0099  0.0086  0.0011
    85   920  701  0.0099  0.0086  0.0011
    86   921  701  0.0099  0.0086  0.0011
    87   922  701  0.0099  0.0086  0.0011
    88   923  701  0.0099  0.0086  0.0011
    89   924  702  0.0099  0.0086  0.0011
    90   925  702  0.0099  0.0086  0.0011
    91   926  702  0.0099  0.0086  0.0011
    92   927  702  0.0099  0.0086  0.0011
    93   928  702  0.0099  0.0086  0.0011
    94   929  702  0.0099  0.0086  0.0011
    95   930  702  0.0099  0.0086  0.0011
    96   931  702  0.0099  0.0086  0.0011
    97   932  702  0.0099  0.0086  0.0011
    98   933  702  0.0099  0.0086  0.0011
    99   934  702  0.0099  0.0086  0.0011
   100   935  702  0.0098  0.0086  0.0011
   101   936  703  0.0098  0.0086  0.0011
   102   937  703  0.0098  0.0086  0.0011
   103   938  703  0.0098  0.0086  0.0011
   104   939  703  0.0098  0.0086  0.0011
   105   940  703  0.0098  0.0086  0.0011
   106   941  703  0.0098  0.0086  0.0011
   107   942  703  0.0098  0.0086  0.0011
   108   943  703  0.0098  0.0086  0.0011
   109   944  703  0.0099  0.0086  0.0011
   110   945  703  0.0098  0.0086  0.0011
   111   946  703  0.0098  0.0086  0.0011
   112   947  703  0.0099  0.0086  0.0011
   113   948  704  0.0099  0.0086  0.0011
   114   949  704  0.0099  0.0086  0.0011
   115   950  704  0.0098  0.0086  0.0011
   116   951  704  0.0099  0.0086  0.0011
   117   952  704  0.0099  0.0086  0.0011
   118   953  704  0.0098  0.0086  0.0011
   119   954  704  0.0099  0.0086  0.0011
   120   955  704  0.0098  0.0086  0.0011
   121   956  704  0.0098  0.0086  0.0011
   122   957  704  0.0098  0.0086  0.0011
   123   958  704  0.0098  0.0086  0.0011
   124   959  704  0.0098  0.0086  0.0011
   125   960  704  0.0098  0.0086  0.0011
   126   961  704  0.0098  0.0086  0.0011
   127   962  704  0.0098  0.0086  0.0011
   128   963  704  0.0098  0.0086  0.0011
   129   964  704  0.0099  0.0086  0.0011
   130   965  704  0.0098  0.0086  0.0011
   131   966  704  0.0098  0.0085  0.0011
   132   967  704  0.0098  0.0085  0.0011
   133   968  705  0.0098  0.0085  0.0011
   134   969  705  0.0098  0.0085  0.0011
   135   970  705  0.0098  0.0085  0.0011
   136   971  705  0.0098  0.0085  0.0011
   137   972  705  0.0099  0.0085  0.0011
   138   973  705  0.0098  0.0085  0.0011
   139   974  705  0.0099  0.0085  0.0011
   140   975  705  0.0099  0.0085  0.0011
   141   976  705  0.0099  0.0085  0.0011
   142   977  705  0.0099  0.0085  0.0011
   143   978  705  0.0099  0.0085  0.0011
   144   979  705  0.0099  0.0085  0.0011
   145   980  705  0.0099  0.0085  0.0011
   146   981  705  0.0099  0.0085  0.0011
   147   982  705  0.0099  0.0085  0.0011
   148   983  705  0.0099  0.0085  0.0011
   149   984  705  0.0099  0.0085  0.0011
   150   985  705  0.0099  0.0085  0.0011
   151   986  705  0.0099  0.0085  0.0011
   152   987  705  0.0099  0.0085  0.0011
   153   988  705  0.0099  0.0085  0.0011
   154   989  705  0.0099  0.0085  0.0011
   155   990  705  0.0099  0.0085  0.0011
   156   991  705  0.0099  0.0085  0.0011
   157   992  705  0.0099  0.0085  0.0011
   158   993  705  0.0099  0.0085  0.0011
   159   994  705  0.0099  0.0085  0.0011
   160   995  705  0.0099  0.0085  0.0011
   161  1033  705  0.0099  0.0085  0.0011
   162  1032  705  0.0099  0.0085  0.0011
   163  1031  705  0.0099  0.0085  0.0011
   164  1030  705  0.0099  0.0085  0.0011
   165  1029  705  0.0099  0.0085  0.0011
   166  1028  705  0.0099  0.0085  0.0011
   167  1027  705  0.0099  0.0085  0.0011
   168  1026  705  0.0099  0.0085  0.0011
   169  1025  705  0.0099  0.0085  0.0011
   170  1024  705  0.0099  0.0085  0.0011
   171  1023  705  0.0099  0.0085  0.0011
   172  1022  705  0.0099  0.0085  0.0011
   173  1034  705  0.0099  0.0085  0.0011
   174  1009  706  0.0099  0.0085  0.0011
   175  1010  706  0.0099  0.0085  0.0011
   176  1011  706  0.0099  0.0085  0.0011
   177  1012  706  0.0099  0.0085  0.0011
   178  1013  706  0.0099  0.0085  0.0011
   179  1014  706  0.0099  0.0085  0.0011
   180  1015  706  0.0099  0.0085  0.0011
   181  1016  706  0.0099  0.0085  0.0011
   182  1017  706  0.0099  0.0085  0.0011
   183  1018  706  0.0099  0.0085  0.0011
   184  1019  706  0.0099  0.0085  0.0011
   185  1020  706  0.0099  0.0085  0.0011
   186  1021  706  0.0099  0.0085  0.0011
   187  1007  706  0.0099  0.0085  0.0011
   188  1006  706  0.0099  0.0085  0.0011
   189  1005  706  0.0099  0.0085  0.0011
   190  1004  706  0.0099  0.0085  0.0011
   191  1003  706  0.0099  0.0085  0.0011
   192  1002  706  0.0099  0.0085  0.0011
   193  1001  706  0.0099  0.0085  0.0011
   194  1000  706  0.0099  0.0085  0.0011
   195   999  706  0.0099  0.0085  0.0011
   196   998  706  0.0099  0.0085  0.0011
   197   997  706  0.0099  0.0085  0.0011
   198   996  706  0.0099  0.0085  0.0011
   199  1008  706  0.0099  0.0085  0.0011

    1  530  597  0.0100  0.0093  0.0010
    2  531  597  0.0100  0.0093  0.0010
    3  529  597  0.0100  0.0093  0.0010
    4  533  598  0.0100  0.0093  0.0010
    5  534  598  0.0100  0.0093  0.0010
    6  535  598  0.0100  0.0093  0.0010
    7  536  598  0.0100  0.0093  0.0010
    8  532  598  0.0100  0.0093  0.0010
    9  537  599  0.0100  0.0093  0.0010
   10  538  599  0.0100  0.0093  0.0010
   11  539  599  0.0100  0.0093  0.0010
   12  540  599  0.0100  0.0093  0.0010
   13  542  600  0.0100  0.0092  0.0010
   14  543  600  0.0100  0.0093  0.0010
   15  544  600  0.0100  0.0093  0.0010
   16  545  600  0.0100  0.0093  0.0010
   17  541  600  0.0100  0.0093  0.0010
   18  546  601  0.0100  0.0092  0.0010
   19  548  601  0.0100  0.0092  0.0010
   20  549  601  0.0100  0.0092  0.0010
   21  550  601  0.0100  0.0092  0.0010
   22  547  601  0.0100  0.0092  0.0010
   23  551  602  0.0100  0.0092  0.0010
   24  553  602  0.0100  0.0092  0.0010
   25  554  602  0.0100  0.0092  0.0010
   26  555  602  0.0100  0.0092  0.0010
   27  556  602  0.0100  0.0092  0.0010
   28  557  602  0.0100  0.0092  0.0010
   29  552  602  0.0100  0.0092  0.0010
   30  582  603  0.0100  0.0092  0.0010
   31  581  603  0.0100  0.0092  0.0010
   32  580  603  0.0100  0.0092  0.0010
   33  590  603  0.0100  0.0092  0.0010
   34  578  603  0.0100  0.0092  0.0010
   35  577  603  0.0100  0.0092  0.0010
   36  576  603  0.0100  0.0092  0.0010
   37  575  603  0.0100  0.0092  0.0010
   38  574  603  0.0100  0.0092  0.0010
   39  573  603  0.0100  0.0092  0.0010
   40  572  603  0.0100  0.0092  0.0010
   41  571  603  0.0100  0.0092  0.0010
   42  583  603  0.0100  0.0092  0.0010
   43  569  603  0.0100  0.0092  0.0010
   44  568  603  0.0100  0.0092  0.0010
   45  567  603  0.0100  0.0092  0.0010
   46  566  603  0.0100  0.0092  0.0010
   47  565  603  0.0100  0.0092  0.0010
   48  564  603  0.0100  0.0092  0.0010
   49  563  603  0.0100  0.0092  0.0010
   50  562  603  0.0100  0.0092  0.0010
   51  561  603  0.0100  0.0092  0.0010
   52  560  603  0.0100  0.0092  0.0010
   53  559  603  0.0100  0.0092  0.0010
   54  558  603  0.0100  0.0092  0.0010
   55  584  603  0.0100  0.0092  0.0010
   56  585  603  0.0100  0.0092  0.0010
   57  586  603  0.0100  0.0092  0.0010
   58  587  603  0.0100  0.0092  0.0010
   59  588  603  0.0100  0.0092  0.0010
   60  570  603  0.0100  0.0092  0.0010
   61  589  603  0.0100  0.0092  0.0010
   62  591  603  0.0100  0.0092  0.0010
   63  592  603  0.0100  0.0092  0.0010
   64  593  603  0.0100  0.0092  0.0010
   65  579  603  0.0100  0.0092  0.0010
   66  595  604  0.0100  0.0092  0.0010
   67  596  604  0.0100  0.0092  0.0010
   68  597  604  0.0100  0.0092  0.0010
   69  594  604  0.0100  0.0092  0.0010
   70  598  605  0.0100  0.0092  0.0010
   71  599  605  0.0100  0.0092  0.0010
   72  600  605  0.0100  0.0092  0.0010
   73  601  605  0.0100  0.0092  0.0010
   74  602  605  0.0100  0.0092  0.0010
   75  603  606  0.0100  0.0092  0.0010
   76  604  606  0.0100  0.0092  0.0010
   77  605  606  0.0100  0.0092  0.0010
   78  606  606  0.0100  0.0092  0.0010
   79  607  606  0.0100  0.0091  0.0010
   80  608  606  0.0100  0.0092  0.0010
   81  609  606  0.0100  0.0091  0.0010
   82  610  606  0.0100  0.0091  0.0010
   83  611  606  0.0100  0.0091  0.0010

    1  36  954  0.0092  0.0092  0.0013
    7  35  954  0.0092  0.0092  0.0013
    8  34  954  0.0092  0.0092  0.0013
    9  33  954  0.0092  0.0092  0.0013
   10  32  954  0.0092  0.0092  0.0013
   11  31  954  0.0092  0.0092  0.0013
   12  30  954  0.0092  0.0092  0.0013
   13  29  954  0.0092  0.0092  0.0013
   14  28  954  0.0092  0.0092  0.0013
   15  27  954  0.0093  0.0093  0.0013
   16  26  954  0.0093  0.0093  0.0013
   18  21  954  0.0092  0.0092  0.0013
   19  22  954  0.0092  0.0092  0.0013
   20  23  954  0.0092  0.0092  0.0013
   21  24  954  0.0092  0.0092  0.0013
   22  25  954  0.0093  0.0093  0.0013
   23  37  954  0.0092  0.0092  0.0013
   35  38  955  0.0092  0.0092  0.0013
   36  39  955  0.0092  0.0092  0.0013
   37  40  955  0.0092  0.0092  0.0013
   38  41  955  0.0092  0.0092  0.0013
   39  42  955  0.0092  0.0092  0.0013
   40  43  955  0.0092  0.0092  0.0013
   41  44  955  0.0092  0.0092  0.0013
   42  45  955  0.0092  0.0092  0.0013
   43  46  955  0.0092  0.0092  0.0013
   44  47  956  0.0092  0.0092  0.0013
   45  48  956  0.0092  0.0092  0.0013
   46  49  956  0.0092  0.0092  0.0013
   47  50  956  0.0092  0.0092  0.0013
   48  51  956  0.0092  0.0092  0.0013
   49  52  956  0.0092  0.0092  0.0013
   50  53  956  0.0092  0.0092  0.0013
   51  54  956  0.0092  0.0092  0.0013
   52  55  956  0.0092  0.0092  0.0013
   53  56  956  0.0092  0.0092  0.0013
   54  58  957  0.0092  0.0092  0.0013
   55  59  957  0.0092  0.0092  0.0013
   56  60  957  0.0092  0.0092  0.0013
   57  57  957  0.0092  0.0092  0.0013
   58  81  958  0.0092  0.0092  0.0013
   59  82  958  0.0092  0.0091  0.0013
   60  83  958  0.0092  0.0092  0.0013
   61  84  958  0.0092  0.0091  0.0013
   62  86  959  0.0092  0.0091  0.0013
   63  87  959  0.0092  0.0091  0.0013
   64  88  959  0.0092  0.0091  0.0013
   65  89  959  0.0092  0.0091  0.0013
   66  90  959  0.0092  0.0091  0.0013
   67  91  959  0.0092  0.0091  0.0013
   68  92  959  0.0092  0.0091  0.0013
   69  85  959  0.0092  0.0092  0.0013
   70  93  960  0.0092  0.0091  0.0013
   71  94  960  0.0092  0.0091  0.0013
   72  95  960  0.0092  0.0091  0.0013
   73  96  960  0.0092  0.0091  0.0013
   74  97  960  0.0092  0.0091  0.0013
   75  99  961  0.0092  0.0091  0.0013
   76 100  961  0.0092  0.0091  0.0013
   77  98  961  0.0092  0.0091  0.0013
