; ENVI Output of ROIs (5.4) [Tue Aug 13 17:28:58 2019]
; Number of ROIs: 6
; File Dimension: 1328 x 1184
;
; ROI name: Region #1
; ROI rgb value: {255, 0, 0}
; ROI npts: 278
;
; ROI name: Region #2
; ROI rgb value: {0, 255, 0}
; ROI npts: 70
;
; ROI name: Region #3
; ROI rgb value: {0, 0, 255}
; ROI npts: 138
;
; ROI name: Region #4
; ROI rgb value: {255, 255, 0}
; ROI npts: 199
;
; ROI name: Region #5
; ROI rgb value: {0, 255, 255}
; ROI npts: 83
;
; ROI name: Region #6
; ROI rgb value: {255, 0, 255}
; ROI npts: 77
;   ID     X    Y        B1        B2        B3
     1   919  792  -99.6305    4.8048  -13.7139
     2   924  792  -99.6304    4.8022  -13.7139
     3   923  792  -99.6304    4.8027  -13.7139
     4   922  792  -99.6314    4.8040  -13.7138
     5   921  792  -99.6326    4.8057  -13.7137
     6   920  792  -99.6309    4.8047  -13.7138
     7   918  792  -99.6299    4.8048  -13.7139
     8   917  792  -99.6288    4.8043  -13.7140
     9   916  792  -99.6292    4.8051  -13.7139
    10   915  792  -99.6289    4.8054  -13.7139
    11   914  792  -99.6278    4.8050  -13.7140
    12   913  792  -99.6278    4.8054  -13.7140
    13   912  792  -99.6272    4.8054  -13.7140
    14   911  792  -99.6273    4.8061  -13.7140
    15   910  792  -99.6271    4.8064  -13.7140
    16   909  792  -99.6268    4.8066  -13.7140
    17   908  792  -99.6268    4.8071  -13.7140
    18   907  792  -99.6255    4.8065  -13.7141
    19   906  792  -99.6283    4.8095  -13.7138
    20   905  792  -99.6290    4.8106  -13.7137
    21   904  793  -99.6273    4.8097  -13.7135
    22   903  793  -99.6263    4.8092  -13.7135
    23   902  793  -99.6267    4.8102  -13.7135
    24   901  793  -99.6270    4.8109  -13.7134
    25   900  793  -99.6262    4.8107  -13.7135
    26   899  793  -99.6266    4.8116  -13.7135
    27   898  793  -99.6259    4.8115  -13.7135
    28   897  793  -99.6262    4.8122  -13.7135
    29   896  793  -99.6242    4.8110  -13.7136
    30   895  793  -99.6252    4.8124  -13.7135
    31   894  793  -99.6255    4.8132  -13.7135
    32   893  793  -99.6256    4.8138  -13.7135
    33   929  793  -99.6325    4.8015  -13.7134
    34   928  793  -99.6313    4.8010  -13.7135
    35   927  793  -99.6315    4.8016  -13.7135
    36   926  793  -99.6309    4.8016  -13.7135
    37   925  793  -99.6307    4.8019  -13.7135
    38   887  794  -99.6262    4.8174  -13.7129
    39   889  794  -99.6275    4.8175  -13.7128
    40   890  794  -99.6270    4.8166  -13.7129
    41   891  794  -99.6272    4.8162  -13.7129
    42   886  794  -99.6249    4.8168  -13.7130
    43   892  794  -99.6276    4.8161  -13.7129
    44   888  794  -99.6270    4.8176  -13.7129
    45   930  794  -99.6309    4.7995  -13.7132
    46   931  794  -99.6304    4.7986  -13.7132
    47   932  794  -99.6298    4.7975  -13.7133
    48   933  794  -99.6294    4.7967  -13.7133
    49   934  794  -99.6296    4.7964  -13.7133
    50   935  794  -99.6305    4.7966  -13.7133
    51   937  795  -99.6301    4.7954  -13.7129
    52   938  795  -99.6301    4.7948  -13.7130
    53   939  795  -99.6284    4.7928  -13.7131
    54   940  795  -99.6270    4.7910  -13.7133
    55   936  795  -99.6305    4.7961  -13.7129
    56   941  796  -99.6305    4.7937  -13.7126
    57   942  796  -99.6319    4.7944  -13.7125
    58   943  796  -99.6296    4.7918  -13.7127
    59   944  796  -99.6291    4.7909  -13.7127
    60   945  796  -99.6280    4.7894  -13.7129
    61   947  797  -99.6304    4.7905  -13.7123
    62   948  797  -99.6313    4.7908  -13.7123
    63   949  797  -99.6302    4.7893  -13.7124
    64   950  797  -99.6308    4.7894  -13.7123
    65   951  797  -99.6302    4.7883  -13.7124
    66   946  797  -99.6306    4.7912  -13.7123
    67   952  798  -99.6290    4.7868  -13.7121
    68   953  798  -99.6304    4.7875  -13.7120
    69   954  798  -99.6301    4.7867  -13.7121
    70   955  798  -99.6311    4.7871  -13.7120
    71   957  799  -99.6303    4.7853  -13.7117
    72   958  799  -99.6296    4.7842  -13.7118
    73   959  799  -99.6300    4.7841  -13.7118
    74   956  799  -99.6298    4.7855  -13.7117
    75   961  800  -99.6288    4.7820  -13.7115
    76   962  800  -99.6283    4.7811  -13.7116
    77   963  800  -99.6283    4.7806  -13.7116
    78   960  800  -99.6293    4.7829  -13.7115
    79   964  801  -99.6264    4.7785  -13.7114
    80   965  801  -99.6273    4.7787  -13.7113
    81   966  801  -99.6286    4.7793  -13.7112
    82   967  801  -99.6288    4.7790  -13.7112
    83   969  802  -99.6300    4.7791  -13.7108
    84   970  802  -99.6319    4.7802  -13.7106
    85   971  802  -99.6308    4.7788  -13.7107
    86   968  802  -99.6314    4.7808  -13.7106
    87   972  803  -99.6290    4.7767  -13.7105
    88   973  803  -99.6290    4.7762  -13.7105
    89   974  803  -99.6301    4.7766  -13.7105
    90   975  803  -99.6299    4.7760  -13.7105
    91   977  804  -99.6298    4.7748  -13.7101
    92   978  804  -99.6303    4.7748  -13.7101
    93   979  804  -99.6317    4.7755  -13.7100
    94   980  804  -99.6308    4.7742  -13.7101
    95   976  804  -99.6296    4.7752  -13.7101
    96   981  805  -99.6321    4.7748  -13.7096
    97   982  805  -99.6317    4.7740  -13.7097
    98   983  805  -99.6322    4.7739  -13.7096
    99   984  805  -99.6320    4.7733  -13.7097
   100   985  805  -99.6313    4.7721  -13.7097
   101   986  805  -99.6313    4.7717  -13.7098
   102   987  805  -99.6320    4.7717  -13.7097
   103   988  806  -99.6328    4.7719  -13.7093
   104   989  806  -99.6313    4.7701  -13.7094
   105   990  806  -99.6317    4.7699  -13.7094
   106   991  806  -99.6325    4.7702  -13.7094
   107   992  806  -99.6325    4.7697  -13.7094
   108   993  806  -99.6332    4.7698  -13.7093
   109   994  806  -99.6303    4.7667  -13.7096
   110   995  806  -99.6309    4.7668  -13.7095
   111   997  807  -99.6316    4.7664  -13.7091
   112   998  807  -99.6347    4.7686  -13.7089
   113   999  807  -99.6301    4.7641  -13.7093
   114  1000  807  -99.6322    4.7654  -13.7091
   115  1001  807  -99.6303    4.7632  -13.7093
   116  1002  807  -99.6344    4.7663  -13.7090
   117   996  807  -99.6329    4.7680  -13.7090
   118  1003  808  -99.6331    4.7647  -13.7087
   119  1004  808  -99.6344    4.7653  -13.7087
   120  1005  808  -99.6328    4.7634  -13.7088
   121  1006  808  -99.6346    4.7645  -13.7087
   122  1007  808  -99.6348    4.7641  -13.7087
   123  1008  808  -99.6342    4.7631  -13.7087
   124  1009  808  -99.6333    4.7618  -13.7088
   125  1010  809  -99.6334    4.7614  -13.7085
   126  1011  809  -99.6325    4.7601  -13.7086
   127  1012  809  -99.6323    4.7595  -13.7086
   128  1013  809  -99.6322    4.7589  -13.7086
   129  1014  809  -99.6308    4.7571  -13.7087
   130  1015  809  -99.6324    4.7580  -13.7086
   131  1016  809  -99.6329    4.7579  -13.7086
   132  1017  809  -99.6324    4.7570  -13.7086
   133  1019  810  -99.6338    4.7572  -13.7082
   134  1020  810  -99.6333    4.7563  -13.7082
   135  1021  810  -99.6330    4.7555  -13.7083
   136  1022  810  -99.6342    4.7561  -13.7082
   137  1023  810  -99.6327    4.7542  -13.7083
   138  1024  810  -99.6321    4.7533  -13.7084
   139  1018  810  -99.6330    4.7570  -13.7082
   140  1025  811  -99.6315    4.7522  -13.7081
   141  1026  811  -99.6305    4.7509  -13.7082
   142  1027  811  -99.6298    4.7497  -13.7082
   143  1028  811  -99.6296    4.7491  -13.7083
   144  1029  811  -99.6314    4.7501  -13.7081
   145  1030  811  -99.6310    4.7493  -13.7082
   146  1031  811  -99.6313    4.7490  -13.7082
   147  1032  811  -99.6314    4.7487  -13.7082
   148  1033  812  -99.6310    4.7478  -13.7078
   149  1034  812  -99.6297    4.7461  -13.7080
   150  1035  812  -99.6295    4.7455  -13.7080
   151  1036  812  -99.6297    4.7452  -13.7080
   152  1037  812  -99.6289    4.7440  -13.7081
   153  1038  812  -99.6294    4.7439  -13.7081
   154  1039  812  -99.6307    4.7445  -13.7080
   155  1040  812  -99.6307    4.7441  -13.7080
   156  1041  812  -99.6309    4.7437  -13.7080
   157  1042  813  -99.6294    4.7419  -13.7077
   158  1043  813  -99.6308    4.7426  -13.7076
   159  1044  813  -99.6300    4.7414  -13.7077
   160  1045  813  -99.6307    4.7416  -13.7077
   161  1046  813  -99.6321    4.7423  -13.7076
   162  1047  813  -99.6324    4.7420  -13.7076
   163  1048  813  -99.6321    4.7412  -13.7076
   164  1049  813  -99.6321    4.7408  -13.7076
   165  1050  813  -99.6309    4.7392  -13.7078
   166  1052  814  -99.6319    4.7391  -13.7073
   167  1053  814  -99.6317    4.7384  -13.7074
   168  1054  814  -99.6324    4.7385  -13.7073
   169  1055  814  -99.6323    4.7380  -13.7073
   170  1056  814  -99.6323    4.7375  -13.7073
   171  1057  814  -99.6310    4.7358  -13.7075
   172  1058  814  -99.6303    4.7347  -13.7076
   173  1051  814  -99.6318    4.7395  -13.7073
   174  1059  815  -99.6304    4.7343  -13.7072
   175  1060  815  -99.6315    4.7348  -13.7071
   176  1061  815  -99.6323    4.7349  -13.7070
   177  1062  815  -99.6322    4.7344  -13.7071
   178  1063  815  -99.6311    4.7329  -13.7072
   179  1064  815  -99.6307    4.7321  -13.7072
   180  1065  815  -99.6311    4.7319  -13.7072
   181  1066  815  -99.6322    4.7324  -13.7071
   182  1067  815  -99.6332    4.7327  -13.7071
   183  1068  816  -99.6322    4.7314  -13.7068
   184  1069  816  -99.6328    4.7314  -13.7067
   185  1070  816  -99.6318    4.7301  -13.7068
   186  1071  816  -99.6340    4.7314  -13.7067
   187  1072  816  -99.6343    4.7312  -13.7066
   188  1073  816  -99.6346    4.7309  -13.7066
   189  1074  816  -99.6356    4.7313  -13.7066
   190  1075  816  -99.6337    4.7292  -13.7067
   191  1076  816  -99.6337    4.7287  -13.7067
   192  1077  817  -99.6343    4.7287  -13.7063
   193  1078  817  -99.6332    4.7273  -13.7064
   194  1079  817  -99.6354    4.7287  -13.7063
   195  1080  817  -99.6327    4.7259  -13.7065
   196  1081  817  -99.6322    4.7249  -13.7066
   197  1082  817  -99.6327    4.7248  -13.7066
   198  1083  817  -99.6337    4.7252  -13.7065
   199  1084  817  -99.6333    4.7244  -13.7065
   200  1085  817  -99.6325    4.7232  -13.7066
   201  1086  817  -99.6327    4.7228  -13.7066
   202  1087  817  -99.6325    4.7221  -13.7067
   203  1088  818  -99.6312    4.7206  -13.7064
   204  1089  818  -99.6320    4.7207  -13.7064
   205  1090  818  -99.6320    4.7203  -13.7064
   206  1091  818  -99.6313    4.7192  -13.7065
   207  1092  818  -99.6319    4.7192  -13.7064
   208  1093  818  -99.6330    4.7196  -13.7063
   209  1094  818  -99.6322    4.7185  -13.7064
   210  1095  818  -99.6330    4.7186  -13.7064
   211  1096  818  -99.6329    4.7180  -13.7064
   212  1097  818  -99.6336    4.7181  -13.7063
   213  1098  818  -99.6336    4.7176  -13.7064
   214  1099  818  -99.6341    4.7176  -13.7063
   215  1100  818  -99.6336    4.7167  -13.7064
   216  1101  819  -99.6327    4.7154  -13.7061
   217  1102  819  -99.6334    4.7155  -13.7061
   218  1103  819  -99.6327    4.7144  -13.7061
   219  1104  819  -99.6324    4.7137  -13.7062
   220  1105  819  -99.6317    4.7125  -13.7063
   221  1106  819  -99.6322    4.7125  -13.7062
   222  1107  819  -99.6336    4.7132  -13.7061
   223  1108  819  -99.6323    4.7116  -13.7063
   224  1109  819  -99.6326    4.7113  -13.7062
   225  1110  819  -99.6328    4.7110  -13.7062
   226  1111  819  -99.6330    4.7107  -13.7062
   227  1112  819  -99.6320    4.7094  -13.7063
   228  1113  819  -99.6326    4.7094  -13.7063
   229  1114  820  -99.6332    4.7094  -13.7059
   230  1115  820  -99.6341    4.7096  -13.7058
   231  1116  820  -99.6339    4.7090  -13.7058
   232  1117  820  -99.6330    4.7077  -13.7059
   233  1118  820  -99.6336    4.7077  -13.7059
   234  1119  820  -99.6325    4.7063  -13.7060
   235  1120  820  -99.6319    4.7053  -13.7061
   236  1121  820  -99.6316    4.7045  -13.7061
   237  1122  820  -99.6309    4.7035  -13.7062
   238  1123  820  -99.6316    4.7035  -13.7061
   239  1124  820  -99.6306    4.7022  -13.7063
   240  1125  820  -99.6318    4.7027  -13.7062
   241  1126  821  -99.6318    4.7023  -13.7058
   242  1127  821  -99.6307    4.7009  -13.7059
   243  1128  821  -99.6310    4.7006  -13.7059
   244  1129  821  -99.6312    4.7003  -13.7059
   245  1130  821  -99.6308    4.6994  -13.7059
   246  1131  821  -99.6308    4.6990  -13.7059
   247  1132  821  -99.6312    4.6988  -13.7059
   248  1133  821  -99.6313    4.6984  -13.7060
   249  1134  821  -99.6316    4.6981  -13.7060
   250  1135  821  -99.6324    4.6983  -13.7059
   251  1136  821  -99.6330    4.6983  -13.7059
   252  1137  822  -99.6325    4.6974  -13.7056
   253  1138  822  -99.6326    4.6971  -13.7056
   254  1139  822  -99.6331    4.6970  -13.7055
   255  1140  822  -99.6331    4.6965  -13.7056
   256  1141  822  -99.6329    4.6958  -13.7056
   257  1142  822  -99.6302    4.6930  -13.7059
   258  1143  822  -99.6308    4.6931  -13.7058
   259  1144  822  -99.6317    4.6933  -13.7058
   260  1145  822  -99.6328    4.6937  -13.7057
   261  1146  822  -99.6339    4.6942  -13.7056
   262  1147  823  -99.6303    4.6906  -13.7056
   263  1148  823  -99.6307    4.6905  -13.7055
   264  1149  823  -99.6312    4.6904  -13.7055
   265  1150  823  -99.6299    4.6888  -13.7056
   266  1151  823  -99.6314    4.6896  -13.7055
   267  1152  823  -99.6305    4.6883  -13.7056
   268  1153  823  -99.6293    4.6868  -13.7057
   269  1154  823  -99.6310    4.6878  -13.7056
   270  1155  823  -99.6309    4.6873  -13.7056
   271  1156  823  -99.6310    4.6869  -13.7056
   272  1157  823  -99.6330    4.6880  -13.7055
   273  1159  824  -99.6352    4.6889  -13.7049
   274  1160  824  -99.6355    4.6887  -13.7049
   275  1161  824  -99.6359    4.6885  -13.7049
   276  1162  824  -99.6361    4.6882  -13.7049
   277  1163  824  -99.6366    4.6882  -13.7048
   278  1158  824  -99.6349    4.6891  -13.7049

    1   965  865  -99.5919    4.7484  -13.6901
    2   966  865  -99.5924    4.7483  -13.6901
    3   967  865  -99.5937    4.7489  -13.6900
    4   968  865  -99.5948    4.7495  -13.6899
    5   969  865  -99.5940    4.7482  -13.6900
    6   970  865  -99.5946    4.7482  -13.6900
    7   971  865  -99.5956    4.7486  -13.6899
    8   972  865  -99.5951    4.7477  -13.6899
    9   973  865  -99.5939    4.7461  -13.6901
   10   974  866  -99.5948    4.7464  -13.6896
   11   975  866  -99.5933    4.7446  -13.6898
   12   976  866  -99.5931    4.7440  -13.6898
   13   977  866  -99.5927    4.7431  -13.6899
   14   978  866  -99.5911    4.7412  -13.6901
   15   979  866  -99.5916    4.7411  -13.6900
   16   980  866  -99.5893    4.7386  -13.6903
   17   981  866  -99.5901    4.7388  -13.6902
   18   982  866  -99.5899    4.7381  -13.6903
   19   983  866  -99.5906    4.7383  -13.6902
   20   984  866  -99.5911    4.7382  -13.6902
   21   985  866  -99.5917    4.7382  -13.6902
   22   986  866  -99.5924    4.7383  -13.6901
   23   988  867  -99.5922    4.7371  -13.6898
   24   989  867  -99.5907    4.7354  -13.6900
   25   990  867  -99.5906    4.7347  -13.6900
   26   991  867  -99.5920    4.7355  -13.6899
   27   992  867  -99.5876    4.7312  -13.6903
   28   987  867  -99.5918    4.7373  -13.6898
   29   993  868  -99.5884    4.7313  -13.6898
   30   994  868  -99.5926    4.7345  -13.6895
   31   995  868  -99.5905    4.7322  -13.6897
   32   996  868  -99.5915    4.7325  -13.6896
   33   997  868  -99.5938    4.7341  -13.6894
   34   998  868  -99.5928    4.7327  -13.6895
   35   999  868  -99.5933    4.7327  -13.6894
   36  1000  869  -99.5946    4.7332  -13.6889
   37  1001  869  -99.5952    4.7333  -13.6889
   38  1002  869  -99.5952    4.7328  -13.6889
   39  1003  869  -99.5953    4.7324  -13.6889
   40  1004  869  -99.5954    4.7320  -13.6889
   41  1005  869  -99.5946    4.7308  -13.6890
   42  1021  869  -99.5972    4.7250  -13.6891
   43  1020  869  -99.5972    4.7256  -13.6890
   44  1019  869  -99.5974    4.7263  -13.6890
   45  1018  869  -99.5978    4.7271  -13.6889
   46  1017  869  -99.5973    4.7271  -13.6890
   47  1016  869  -99.5993    4.7293  -13.6888
   48  1015  869  -99.5991    4.7297  -13.6888
   49  1014  869  -99.5991    4.7302  -13.6888
   50  1013  870  -99.6000    4.7315  -13.6883
   51  1012  870  -99.5996    4.7317  -13.6883
   52  1011  870  -99.5995    4.7320  -13.6883
   53  1010  870  -99.5994    4.7325  -13.6883
   54  1009  870  -99.5988    4.7325  -13.6883
   55  1008  870  -99.5969    4.7313  -13.6884
   56  1007  870  -99.5955    4.7306  -13.6885
   57  1006  870  -99.5957    4.7313  -13.6885
   58  1022  870  -99.5980    4.7253  -13.6886
   59  1023  870  -99.5973    4.7242  -13.6887
   60  1024  870  -99.5984    4.7246  -13.6886
   61  1025  870  -99.5977    4.7235  -13.6887
   62  1026  870  -99.5981    4.7233  -13.6887
   63  1027  870  -99.5985    4.7232  -13.6886
   64  1028  870  -99.5991    4.7232  -13.6886
   65  1029  870  -99.5990    4.7227  -13.6886
   66  1031  871  -99.5995    4.7221  -13.6882
   67  1032  871  -99.5999    4.7220  -13.6882
   68  1033  871  -99.6002    4.7217  -13.6882
   69  1034  871  -99.6005    4.7215  -13.6881
   70  1030  871  -99.5991    4.7223  -13.6882

     1  162  564  -99.6451    5.2234  -13.7933
     2  163  564  -99.6440    5.2218  -13.7934
     3  164  564  -99.6442    5.2214  -13.7934
     4  165  564  -99.6449    5.2216  -13.7933
     5  161  564  -99.6462    5.2251  -13.7932
     6  166  565  -99.6447    5.2208  -13.7930
     7  167  565  -99.6450    5.2206  -13.7929
     8  168  565  -99.6448    5.2198  -13.7930
     9  169  565  -99.6446    5.2190  -13.7930
    10  170  565  -99.6452    5.2191  -13.7930
    11  171  565  -99.6460    5.2193  -13.7929
    12  172  565  -99.6475    5.2202  -13.7928
    13  173  565  -99.6482    5.2203  -13.7928
    14  174  565  -99.6482    5.2198  -13.7927
    15  175  566  -99.6479    5.2189  -13.7924
    16  176  566  -99.6481    5.2185  -13.7924
    17  177  566  -99.6479    5.2177  -13.7924
    18  178  566  -99.6486    5.2179  -13.7923
    19  179  566  -99.6485    5.2172  -13.7923
    20  180  566  -99.6483    5.2165  -13.7924
    21  181  566  -99.6479    5.2155  -13.7924
    22  182  566  -99.6486    5.2156  -13.7924
    23  183  566  -99.6492    5.2156  -13.7923
    24  184  566  -99.6482    5.2141  -13.7924
    25  185  566  -99.6476    5.2130  -13.7924
    26  186  567  -99.6454    5.2102  -13.7922
    27  187  567  -99.6458    5.2101  -13.7922
    28  188  567  -99.6464    5.2101  -13.7921
    29  189  567  -99.6476    5.2107  -13.7921
    30  190  567  -99.6454    5.2079  -13.7922
    31  191  567  -99.6457    5.2077  -13.7922
    32  192  567  -99.6452    5.2066  -13.7923
    33  193  567  -99.6461    5.2070  -13.7922
    34  194  567  -99.6463    5.2066  -13.7922
    35  195  567  -99.6470    5.2067  -13.7922
    36  196  567  -99.6465    5.2057  -13.7922
    37  197  567  -99.6466    5.2052  -13.7922
    38  198  567  -99.6469    5.2049  -13.7922
    39  213  567  -99.6542    5.2036  -13.7919
    40  214  567  -99.6534    5.2023  -13.7920
    41  215  567  -99.6526    5.2009  -13.7920
    42  216  567  -99.6511    5.1989  -13.7921
    43  217  567  -99.6498    5.1971  -13.7922
    44  218  567  -99.6501    5.1968  -13.7922
    45  219  567  -99.6487    5.1949  -13.7923
    46  220  567  -99.6511    5.1966  -13.7922
    47  221  567  -99.6504    5.1954  -13.7922
    48  222  567  -99.6500    5.1945  -13.7923
    49  223  567  -99.6517    5.1955  -13.7922
    50  224  567  -99.6516    5.1949  -13.7922
    51  225  567  -99.6475    5.1903  -13.7925
    52  226  567  -99.6468    5.1891  -13.7925
    53  227  567  -99.6463    5.1880  -13.7926
    54  228  567  -99.6452    5.1864  -13.7927
    55  229  567  -99.6452    5.1858  -13.7927
    56  230  567  -99.6461    5.1862  -13.7926
    57  231  567  -99.6468    5.1863  -13.7926
    58  232  567  -99.6470    5.1859  -13.7926
    59  233  567  -99.6488    5.1871  -13.7925
    60  234  567  -99.6493    5.1870  -13.7925
    61  235  567  -99.6504    5.1875  -13.7924
    62  236  567  -99.6512    5.1877  -13.7924
    63  237  568  -99.6504    5.1864  -13.7920
    64  238  568  -99.6509    5.1864  -13.7920
    65  239  568  -99.6515    5.1864  -13.7920
    66  240  568  -99.6518    5.1861  -13.7920
    67  241  568  -99.6527    5.1865  -13.7919
    68  242  568  -99.6510    5.1842  -13.7921
    69  243  568  -99.6520    5.1846  -13.7920
    70  244  568  -99.6526    5.1846  -13.7920
    71  245  568  -99.6499    5.1815  -13.7922
    72  246  568  -99.6486    5.1796  -13.7923
    73  247  568  -99.6486    5.1790  -13.7923
    74  248  568  -99.6483    5.1781  -13.7924
    75  249  568  -99.6484    5.1777  -13.7924
    76  250  568  -99.6484    5.1771  -13.7924
    77  200  568  -99.6469    5.2038  -13.7919
    78  201  568  -99.6457    5.2021  -13.7919
    79  202  568  -99.6479    5.2037  -13.7918
    80  203  568  -99.6481    5.2033  -13.7918
    81  204  568  -99.6511    5.2057  -13.7916
    82  199  568  -99.6461    5.2036  -13.7919
    83  205  568  -99.6502    5.2043  -13.7917
    84  206  568  -99.6503    5.2038  -13.7917
    85  207  568  -99.6499    5.2028  -13.7917
    86  208  568  -99.6520    5.2043  -13.7916
    87  212  568  -99.6496    5.1997  -13.7918
    88  211  568  -99.6509    5.2015  -13.7917
    89  210  568  -99.6521    5.2032  -13.7916
    90  209  568  -99.6506    5.2024  -13.7917
    91  260  569  -99.6478    5.1710  -13.7921
    92  259  569  -99.6462    5.1700  -13.7922
    93  258  569  -99.6454    5.1698  -13.7922
    94  257  569  -99.6444    5.1694  -13.7923
    95  255  569  -99.6443    5.1704  -13.7923
    96  254  569  -99.6451    5.1717  -13.7922
    97  253  569  -99.6458    5.1729  -13.7922
    98  252  569  -99.6467    5.1744  -13.7921
    99  251  569  -99.6467    5.1750  -13.7921
   100  256  569  -99.6438    5.1693  -13.7923
   101  261  569  -99.6478    5.1704  -13.7921
   102  262  569  -99.6483    5.1704  -13.7920
   103  297  569  -99.6569    5.1591  -13.7918
   104  296  569  -99.6563    5.1592  -13.7919
   105  295  569  -99.6549    5.1584  -13.7919
   106  294  569  -99.6553    5.1593  -13.7919
   107  293  569  -99.6553    5.1598  -13.7919
   108  292  569  -99.6554    5.1604  -13.7919
   109  291  569  -99.6547    5.1603  -13.7919
   110  290  569  -99.6528    5.1591  -13.7921
   111  289  569  -99.6527    5.1596  -13.7920
   112  288  569  -99.6537    5.1611  -13.7919
   113  287  569  -99.6540    5.1620  -13.7919
   114  286  569  -99.6540    5.1625  -13.7919
   115  285  569  -99.6557    5.1647  -13.7918
   116  284  569  -99.6546    5.1641  -13.7918
   117  298  569  -99.6566    5.1583  -13.7919
   118  278  570  -99.6508    5.1639  -13.7916
   119  279  570  -99.6509    5.1634  -13.7916
   120  280  570  -99.6511    5.1631  -13.7916
   121  281  570  -99.6520    5.1633  -13.7916
   122  282  570  -99.6531    5.1639  -13.7915
   123  283  570  -99.6526    5.1628  -13.7915
   124  276  570  -99.6498    5.1640  -13.7916
   125  275  570  -99.6499    5.1647  -13.7916
   126  274  570  -99.6497    5.1650  -13.7916
   127  273  570  -99.6493    5.1652  -13.7916
   128  272  570  -99.6495    5.1660  -13.7916
   129  271  570  -99.6496    5.1666  -13.7916
   130  270  570  -99.6497    5.1673  -13.7916
   131  269  570  -99.6490    5.1672  -13.7916
   132  268  570  -99.6487    5.1674  -13.7916
   133  267  570  -99.6487    5.1680  -13.7916
   134  266  570  -99.6491    5.1690  -13.7916
   135  265  570  -99.6496    5.1700  -13.7915
   136  264  570  -99.6487    5.1696  -13.7916
   137  263  570  -99.6491    5.1706  -13.7916
   138  277  570  -99.6504    5.1641  -13.7916

     1   837  692  -99.6455    4.8592  -13.7502
     2   838  692  -99.6514    4.8639  -13.7497
     3   836  692  -99.6477    4.8617  -13.7500
     4   840  693  -99.6446    4.8568  -13.7498
     5   841  693  -99.6448    4.8565  -13.7498
     6   842  693  -99.6446    4.8558  -13.7499
     7   843  693  -99.6494    4.8596  -13.7495
     8   839  693  -99.6454    4.8581  -13.7498
     9   844  694  -99.6427    4.8531  -13.7496
    10   845  694  -99.6440    4.8537  -13.7496
    11   846  694  -99.6453    4.8544  -13.7495
    12   847  694  -99.6454    4.8540  -13.7495
    13   848  694  -99.6458    4.8538  -13.7495
    14   849  694  -99.6470    4.8543  -13.7494
    15   851  695  -99.6467    4.8531  -13.7490
    16   852  695  -99.6467    4.8525  -13.7491
    17   853  695  -99.6472    4.8525  -13.7490
    18   854  695  -99.6466    4.8514  -13.7491
    19   850  695  -99.6469    4.8538  -13.7490
    20   855  696  -99.6454    4.8498  -13.7488
    21   856  696  -99.6459    4.8497  -13.7488
    22   857  696  -99.6454    4.8488  -13.7488
    23   858  696  -99.6433    4.8464  -13.7490
    24   859  696  -99.6441    4.8466  -13.7490
    25   860  696  -99.6434    4.8455  -13.7491
    26   861  696  -99.6437    4.8452  -13.7490
    27   862  696  -99.6406    4.8420  -13.7493
    28   863  696  -99.6396    4.8406  -13.7494
    29   864  697  -99.6389    4.8394  -13.7491
    30   865  697  -99.6384    4.8385  -13.7491
    31   866  697  -99.6397    4.8391  -13.7490
    32   867  697  -99.6402    4.8390  -13.7490
    33   868  697  -99.6399    4.8383  -13.7491
    34   869  697  -99.6401    4.8379  -13.7491
    35   870  697  -99.6403    4.8376  -13.7491
    36   871  697  -99.6404    4.8372  -13.7491
    37   872  697  -99.6404    4.8366  -13.7491
    38   873  697  -99.6405    4.8362  -13.7491
    39   874  697  -99.6404    4.8356  -13.7491
    40   875  697  -99.6402    4.8350  -13.7491
    41   876  698  -99.6398    4.8340  -13.7488
    42   877  698  -99.6390    4.8328  -13.7489
    43   878  698  -99.6387    4.8321  -13.7490
    44   879  698  -99.6380    4.8310  -13.7490
    45   880  698  -99.6379    4.8303  -13.7491
    46   881  698  -99.6381    4.8300  -13.7491
    47   882  698  -99.6378    4.8292  -13.7491
    48   883  698  -99.6376    4.8285  -13.7491
    49   884  698  -99.6378    4.8281  -13.7491
    50   885  698  -99.6378    4.8276  -13.7492
    51   886  698  -99.6382    4.8275  -13.7491
    52   887  698  -99.6388    4.8275  -13.7491
    53   888  699  -99.6400    4.8281  -13.7486
    54   889  699  -99.6404    4.8279  -13.7486
    55   890  699  -99.6395    4.8266  -13.7487
    56   891  699  -99.6394    4.8260  -13.7487
    57   892  699  -99.6406    4.8266  -13.7486
    58   893  699  -99.6407    4.8262  -13.7486
    59   894  699  -99.6420    4.8267  -13.7485
    60   895  699  -99.6421    4.8263  -13.7485
    61   896  699  -99.6429    4.8265  -13.7484
    62   897  699  -99.6435    4.8266  -13.7484
    63   898  699  -99.6442    4.8266  -13.7484
    64   899  699  -99.6442    4.8262  -13.7484
    65   900  700  -99.6446    4.8260  -13.7479
    66   901  700  -99.6463    4.8270  -13.7478
    67   902  700  -99.6475    4.8276  -13.7477
    68   903  700  -99.6493    4.8286  -13.7476
    69   904  700  -99.6474    4.8264  -13.7477
    70   905  700  -99.6487    4.8270  -13.7476
    71   906  700  -99.6494    4.8272  -13.7476
    72   907  700  -99.6501    4.8272  -13.7475
    73   908  700  -99.6500    4.8266  -13.7476
    74   909  700  -99.6498    4.8259  -13.7476
    75   910  700  -99.6503    4.8259  -13.7476
    76   911  700  -99.6503    4.8254  -13.7476
    77   912  701  -99.6481    4.8230  -13.7474
    78   913  701  -99.6490    4.8232  -13.7473
    79   914  701  -99.6492    4.8229  -13.7474
    80   915  701  -99.6487    4.8219  -13.7474
    81   916  701  -99.6487    4.8215  -13.7474
    82   917  701  -99.6483    4.8206  -13.7475
    83   918  701  -99.6486    4.8203  -13.7475
    84   919  701  -99.6474    4.8187  -13.7475
    85   920  701  -99.6462    4.8172  -13.7477
    86   921  701  -99.6459    4.8164  -13.7477
    87   922  701  -99.6462    4.8162  -13.7477
    88   923  701  -99.6467    4.8160  -13.7477
    89   924  702  -99.6465    4.8154  -13.7473
    90   925  702  -99.6484    4.8165  -13.7472
    91   926  702  -99.6470    4.8148  -13.7473
    92   927  702  -99.6483    4.8154  -13.7472
    93   928  702  -99.6484    4.8150  -13.7472
    94   929  702  -99.6504    4.8163  -13.7471
    95   930  702  -99.6491    4.8146  -13.7472
    96   931  702  -99.6492    4.8142  -13.7472
    97   932  702  -99.6479    4.8125  -13.7473
    98   933  702  -99.6469    4.8111  -13.7474
    99   934  702  -99.6463    4.8101  -13.7475
   100   935  702  -99.6432    4.8069  -13.7477
   101   936  703  -99.6440    4.8071  -13.7473
   102   937  703  -99.6432    4.8059  -13.7474
   103   938  703  -99.6417    4.8041  -13.7475
   104   939  703  -99.6428    4.8045  -13.7474
   105   940  703  -99.6425    4.8037  -13.7474
   106   941  703  -99.6433    4.8039  -13.7474
   107   942  703  -99.6436    4.8037  -13.7474
   108   943  703  -99.6434    4.8030  -13.7474
   109   944  703  -99.6455    4.8043  -13.7472
   110   945  703  -99.6443    4.8028  -13.7473
   111   946  703  -99.6451    4.8030  -13.7473
   112   947  703  -99.6463    4.8035  -13.7472
   113   948  704  -99.6466    4.8032  -13.7468
   114   949  704  -99.6460    4.8023  -13.7469
   115   950  704  -99.6462    4.8019  -13.7469
   116   951  704  -99.6480    4.8030  -13.7468
   117   952  704  -99.6467    4.8013  -13.7469
   118   953  704  -99.6462    4.8004  -13.7469
   119   954  704  -99.6475    4.8010  -13.7469
   120   955  704  -99.6467    4.7998  -13.7469
   121   956  704  -99.6459    4.7985  -13.7470
   122   957  704  -99.6466    4.7987  -13.7470
   123   958  704  -99.6469    4.7984  -13.7470
   124   959  704  -99.6467    4.7978  -13.7470
   125   960  704  -99.6464    4.7970  -13.7470
   126   961  704  -99.6477    4.7976  -13.7470
   127   962  704  -99.6485    4.7978  -13.7469
   128   963  704  -99.6482    4.7970  -13.7470
   129   964  704  -99.6490    4.7972  -13.7469
   130   965  704  -99.6486    4.7964  -13.7469
   131   966  704  -99.6481    4.7954  -13.7470
   132   967  704  -99.6470    4.7939  -13.7471
   133   968  705  -99.6465    4.7930  -13.7467
   134   969  705  -99.6474    4.7933  -13.7467
   135   970  705  -99.6484    4.7936  -13.7466
   136   971  705  -99.6484    4.7931  -13.7466
   137   972  705  -99.6486    4.7928  -13.7466
   138   973  705  -99.6486    4.7923  -13.7466
   139   974  705  -99.6497    4.7927  -13.7466
   140   975  705  -99.6500    4.7925  -13.7465
   141   976  705  -99.6496    4.7917  -13.7466
   142   977  705  -99.6507    4.7921  -13.7465
   143   978  705  -99.6498    4.7908  -13.7466
   144   979  705  -99.6500    4.7904  -13.7466
   145   980  705  -99.6506    4.7905  -13.7465
   146   981  705  -99.6505    4.7899  -13.7465
   147   982  705  -99.6504    4.7893  -13.7466
   148   983  705  -99.6508    4.7891  -13.7466
   149   984  705  -99.6508    4.7887  -13.7466
   150   985  705  -99.6511    4.7884  -13.7466
   151   986  705  -99.6512    4.7879  -13.7466
   152   987  705  -99.6518    4.7880  -13.7465
   153   988  705  -99.6522    4.7878  -13.7465
   154   989  705  -99.6530    4.7881  -13.7464
   155   990  705  -99.6534    4.7878  -13.7464
   156   991  705  -99.6535    4.7874  -13.7464
   157   992  705  -99.6535    4.7869  -13.7464
   158   993  705  -99.6540    4.7868  -13.7464
   159   994  705  -99.6542    4.7865  -13.7464
   160   995  705  -99.6544    4.7862  -13.7464
   161  1033  705  -99.6630    4.7744  -13.7462
   162  1032  705  -99.6630    4.7749  -13.7462
   163  1031  705  -99.6611    4.7738  -13.7464
   164  1030  705  -99.6633    4.7762  -13.7461
   165  1029  705  -99.6622    4.7757  -13.7462
   166  1028  705  -99.6610    4.7752  -13.7463
   167  1027  705  -99.6605    4.7753  -13.7463
   168  1026  705  -99.6605    4.7758  -13.7463
   169  1025  705  -99.6599    4.7758  -13.7463
   170  1024  705  -99.6586    4.7752  -13.7464
   171  1023  705  -99.6594    4.7763  -13.7464
   172  1022  705  -99.6575    4.7753  -13.7465
   173  1034  705  -99.6616    4.7727  -13.7463
   174  1009  706  -99.6559    4.7804  -13.7461
   175  1010  706  -99.6553    4.7794  -13.7461
   176  1011  706  -99.6550    4.7786  -13.7462
   177  1012  706  -99.6550    4.7781  -13.7462
   178  1013  706  -99.6555    4.7780  -13.7462
   179  1014  706  -99.6562    4.7781  -13.7461
   180  1015  706  -99.6553    4.7768  -13.7462
   181  1016  706  -99.6556    4.7766  -13.7462
   182  1017  706  -99.6567    4.7770  -13.7461
   183  1018  706  -99.6571    4.7769  -13.7461
   184  1019  706  -99.6566    4.7760  -13.7462
   185  1020  706  -99.6572    4.7760  -13.7461
   186  1021  706  -99.6566    4.7750  -13.7462
   187  1007  706  -99.6550    4.7807  -13.7461
   188  1006  706  -99.6555    4.7816  -13.7461
   189  1005  706  -99.6562    4.7827  -13.7460
   190  1004  706  -99.6558    4.7828  -13.7460
   191  1003  706  -99.6554    4.7830  -13.7460
   192  1002  706  -99.6552    4.7834  -13.7460
   193  1001  706  -99.6549    4.7836  -13.7461
   194  1000  706  -99.6549    4.7841  -13.7460
   195   999  706  -99.6544    4.7841  -13.7461
   196   998  706  -99.6545    4.7848  -13.7460
   197   997  706  -99.6544    4.7851  -13.7461
   198   996  706  -99.6539    4.7853  -13.7461
   199  1008  706  -99.6555    4.7806  -13.7461

    1  530  597  -99.6528    5.0275  -13.7835
    2  531  597  -99.6493    5.0236  -13.7838
    3  529  597  -99.6514    5.0266  -13.7836
    4  533  598  -99.6465    5.0199  -13.7835
    5  534  598  -99.6478    5.0206  -13.7834
    6  535  598  -99.6472    5.0195  -13.7834
    7  536  598  -99.6474    5.0191  -13.7835
    8  532  598  -99.6462    5.0202  -13.7835
    9  537  599  -99.6457    5.0171  -13.7831
   10  538  599  -99.6455    5.0164  -13.7832
   11  539  599  -99.6456    5.0159  -13.7832
   12  540  599  -99.6456    5.0153  -13.7832
   13  542  600  -99.6455    5.0141  -13.7828
   14  543  600  -99.6474    5.0154  -13.7827
   15  544  600  -99.6467    5.0142  -13.7827
   16  545  600  -99.6468    5.0138  -13.7828
   17  541  600  -99.6465    5.0156  -13.7828
   18  546  601  -99.6466    5.0130  -13.7824
   19  548  601  -99.6469    5.0123  -13.7824
   20  549  601  -99.6463    5.0112  -13.7825
   21  550  601  -99.6469    5.0112  -13.7824
   22  547  601  -99.6467    5.0126  -13.7824
   23  551  602  -99.6457    5.0095  -13.7821
   24  553  602  -99.6461    5.0088  -13.7821
   25  554  602  -99.6457    5.0079  -13.7822
   26  555  602  -99.6460    5.0076  -13.7822
   27  556  602  -99.6460    5.0071  -13.7822
   28  557  602  -99.6462    5.0068  -13.7822
   29  552  602  -99.6460    5.0093  -13.7821
   30  582  603  -99.6446    4.9919  -13.7821
   31  581  603  -99.6441    4.9920  -13.7822
   32  580  603  -99.6442    4.9926  -13.7822
   33  590  603  -99.6474    4.9902  -13.7819
   34  578  603  -99.6441    4.9935  -13.7821
   35  577  603  -99.6437    4.9937  -13.7821
   36  576  603  -99.6441    4.9946  -13.7821
   37  575  603  -99.6443    4.9954  -13.7821
   38  574  603  -99.6440    4.9956  -13.7821
   39  573  603  -99.6449    4.9969  -13.7820
   40  572  603  -99.6447    4.9973  -13.7821
   41  571  603  -99.6447    4.9979  -13.7821
   42  583  603  -99.6444    4.9911  -13.7821
   43  569  603  -99.6451    4.9993  -13.7820
   44  568  603  -99.6456    5.0003  -13.7820
   45  567  603  -99.6451    5.0003  -13.7820
   46  566  603  -99.6458    5.0015  -13.7819
   47  565  603  -99.6457    5.0020  -13.7819
   48  564  603  -99.6454    5.0022  -13.7819
   49  563  603  -99.6455    5.0029  -13.7819
   50  562  603  -99.6461    5.0040  -13.7819
   51  561  603  -99.6457    5.0042  -13.7819
   52  560  603  -99.6456    5.0046  -13.7819
   53  559  603  -99.6458    5.0054  -13.7818
   54  558  603  -99.6452    5.0053  -13.7819
   55  584  603  -99.6450    4.9911  -13.7821
   56  585  603  -99.6454    4.9910  -13.7821
   57  586  603  -99.6462    4.9912  -13.7820
   58  587  603  -99.6464    4.9908  -13.7820
   59  588  603  -99.6469    4.9908  -13.7819
   60  570  603  -99.6447    4.9984  -13.7821
   61  589  603  -99.6470    4.9904  -13.7819
   62  591  603  -99.6475    4.9897  -13.7819
   63  592  603  -99.6469    4.9886  -13.7820
   64  593  603  -99.6468    4.9880  -13.7820
   65  579  603  -99.6438    4.9927  -13.7822
   66  595  604  -99.6467    4.9869  -13.7816
   67  596  604  -99.6471    4.9867  -13.7816
   68  597  604  -99.6467    4.9858  -13.7817
   69  594  604  -99.6470    4.9877  -13.7816
   70  598  605  -99.6475    4.9860  -13.7812
   71  599  605  -99.6477    4.9856  -13.7812
   72  600  605  -99.6471    4.9845  -13.7813
   73  601  605  -99.6466    4.9836  -13.7813
   74  602  605  -99.6468    4.9832  -13.7813
   75  603  606  -99.6456    4.9816  -13.7810
   76  604  606  -99.6462    4.9816  -13.7810
   77  605  606  -99.6455    4.9804  -13.7811
   78  606  606  -99.6473    4.9815  -13.7809
   79  607  606  -99.6452    4.9790  -13.7811
   80  608  606  -99.6463    4.9795  -13.7810
   81  609  606  -99.6454    4.9781  -13.7811
   82  610  606  -99.6461    4.9783  -13.7811
   83  611  606  -99.6454    4.9771  -13.7812

    1  36  954  -99.4593    5.1132  -13.6522
    7  35  954  -99.4591    5.1135  -13.6523
    8  34  954  -99.4552    5.1102  -13.6526
    9  33  954  -99.4620    5.1176  -13.6519
   10  32  954  -99.4478    5.1038  -13.6534
   11  31  954  -99.4615    5.1181  -13.6519
   12  30  954  -99.4595    5.1167  -13.6521
   13  29  954  -99.4593    5.1171  -13.6521
   14  28  954  -99.4613    5.1196  -13.6519
   15  27  954  -99.4654    5.1243  -13.6514
   16  26  954  -99.4697    5.1292  -13.6509
   18  21  954  -99.4516    5.1137  -13.6528
   19  22  954  -99.4556    5.1172  -13.6524
   20  23  954  -99.4566    5.1177  -13.6523
   21  24  954  -99.4608    5.1213  -13.6518
   22  25  954  -99.4652    5.1252  -13.6514
   23  37  954  -99.4614    5.1148  -13.6520
   35  38  955  -99.4622    5.1150  -13.6516
   36  39  955  -99.4621    5.1144  -13.6516
   37  40  955  -99.4634    5.1152  -13.6515
   38  41  955  -99.4640    5.1152  -13.6514
   39  42  955  -99.4622    5.1129  -13.6516
   40  43  955  -99.4634    5.1135  -13.6516
   41  44  955  -99.4629    5.1125  -13.6516
   42  45  955  -99.4627    5.1118  -13.6517
   43  46  955  -99.4624    5.1109  -13.6517
   44  47  956  -99.4613    5.1093  -13.6514
   45  48  956  -99.4606    5.1080  -13.6515
   46  49  956  -99.4611    5.1079  -13.6515
   47  50  956  -99.4622    5.1085  -13.6514
   48  51  956  -99.4629    5.1087  -13.6513
   49  52  956  -99.4607    5.1059  -13.6516
   50  53  956  -99.4604    5.1051  -13.6516
   51  54  956  -99.4609    5.1050  -13.6516
   52  55  956  -99.4596    5.1032  -13.6518
   53  56  956  -99.4602    5.1032  -13.6517
   54  58  957  -99.4600    5.1019  -13.6514
   55  59  957  -99.4610    5.1024  -13.6513
   56  60  957  -99.4602    5.1010  -13.6514
   57  57  957  -99.4595    5.1020  -13.6514
   58  81  958  -99.4644    5.0938  -13.6510
   59  82  958  -99.4610    5.0898  -13.6514
   60  83  958  -99.4657    5.0940  -13.6509
   61  84  958  -99.4613    5.0890  -13.6514
   62  86  959  -99.4608    5.0875  -13.6511
   63  87  959  -99.4614    5.0875  -13.6511
   64  88  959  -99.4619    5.0875  -13.6510
   65  89  959  -99.4616    5.0867  -13.6511
   66  90  959  -99.4640    5.0885  -13.6509
   67  91  959  -99.4639    5.0878  -13.6509
   68  92  959  -99.4618    5.0852  -13.6511
   69  85  959  -99.4647    5.0920  -13.6507
   70  93  960  -99.4644    5.0873  -13.6505
   71  94  960  -99.4641    5.0865  -13.6505
   72  95  960  -99.4636    5.0854  -13.6506
   73  96  960  -99.4649    5.0861  -13.6505
   74  97  960  -99.4656    5.0863  -13.6504
   75  99  961  -99.4643    5.0839  -13.6502
   76 100  961  -99.4652    5.0843  -13.6501
   77  98  961  -99.4648    5.0849  -13.6501
