; ENVI Output of ROIs (5.4) [Tue Aug 06 21:31:39 2019]
; Number of ROIs: 11
; File Dimension: 1328 x 1184
;
; ROI name: Region #1
; ROI rgb value: {255, 0, 0}
; ROI npts: 92
;
; ROI name: Region #2
; ROI rgb value: {0, 255, 0}
; ROI npts: 44
;
; ROI name: Region #3
; ROI rgb value: {0, 0, 255}
; ROI npts: 37
;
; ROI name: Region #4
; ROI rgb value: {255, 255, 0}
; ROI npts: 82
;
; ROI name: Region #5
; ROI rgb value: {0, 255, 255}
; ROI npts: 54
;
; ROI name: Region #6
; ROI rgb value: {255, 0, 255}
; ROI npts: 49
;
; ROI name: Region #7
; ROI rgb value: {176, 48, 96}
; ROI npts: 87
;
; ROI name: Region #8
; ROI rgb value: {46, 139, 87}
; ROI npts: 40
;
; ROI name: Region #9
; ROI rgb value: {160, 32, 240}
; ROI npts: 108
;
; ROI name: Region #10
; ROI rgb value: {255, 127, 80}
; ROI npts: 99
;
; ROI name: Region #11
; ROI rgb value: {127, 255, 212}
; ROI npts: 29
;  ID     X     Y        B1        B2        B3
    1  1057   990  -55.8010   -0.2769   -6.6172
    2  1056   990  -55.8055   -0.2721   -6.6161
    3  1055   990  -55.8047   -0.2718   -6.6161
    4  1054   990  -55.8084   -0.2677   -6.6152
    5  1058   990  -55.8060   -0.2737   -6.6163
    6  1052   991  -55.8076   -0.2664   -6.6143
    7  1053   991  -55.8141   -0.2619   -6.6130
    8  1052   992  -55.8100   -0.2644   -6.6130
    9  1051   992  -55.8081   -0.2650   -6.6132
   10  1050   992  -55.8009   -0.2700   -6.6146
   11  1049   992  -55.7986   -0.2709   -6.6150
   12  1048   992  -55.7969   -0.2714   -6.6152
   13  1046   992  -55.8004   -0.2664   -6.6142
   14  1045   992  -55.7962   -0.2690   -6.6149
   15  1044   992  -55.7951   -0.2688   -6.6150
   16  1021   994  -55.7865   -0.2530   -6.6117
   17  1019   995  -55.7835   -0.2536   -6.6112
   18  1020   995  -55.7840   -0.2542   -6.6113
   19  1018   996  -55.7830   -0.2531   -6.6104
   20  1017   996  -55.7805   -0.2541   -6.6108
   21  1013   996  -55.7833   -0.2477   -6.6096
   22  1011   997  -55.7803   -0.2483   -6.6091
   23  1010   997  -55.7795   -0.2479   -6.6092
   24  1009   997  -55.7786   -0.2477   -6.6092
   25  1007   997  -55.7765   -0.2475   -6.6094
   26  1005   997  -55.7801   -0.2424   -6.6083
   27  1004   997  -55.7820   -0.2398   -6.6077
   28  1003   997  -55.7827   -0.2382   -6.6074
   29  1013   997  -55.7828   -0.2482   -6.6089
   30  1003   998  -55.7804   -0.2402   -6.6071
   31  1002   998  -55.7822   -0.2377   -6.6066
   32  1000   998  -55.7715   -0.2446   -6.6086
   33   999   998  -55.7816   -0.2351   -6.6062
   34   998   998  -55.7776   -0.2375   -6.6069
   35   997   998  -55.7868   -0.2287   -6.6048
   36   996   998  -55.7862   -0.2282   -6.6048
   37   995   998  -55.7828   -0.2301   -6.6054
   38   994   998  -55.7842   -0.2279   -6.6049
   39   993   998  -55.7925   -0.2199   -6.6030
   40   993   999  -55.7874   -0.2242   -6.6033
   41   992   999  -55.7770   -0.2320   -6.6054
   42   991   999  -55.7855   -0.2238   -6.6034
   43   990   999  -55.7791   -0.2282   -6.6046
   44   989   999  -55.7758   -0.2300   -6.6052
   45   984   999  -55.7931   -0.2103   -6.6007
   46   986   999  -55.7792   -0.2241   -6.6040
   47   987   999  -55.7780   -0.2261   -6.6044
   48   988   999  -55.7678   -0.2357   -6.6067
   49   983  1000  -55.7888   -0.2129   -6.6006
   50   982  1000  -55.7806   -0.2188   -6.6023
   51   984  1000  -55.7916   -0.2116   -6.6002
   52   981  1001  -55.7735   -0.2239   -6.6029
   53   980  1001  -55.7746   -0.2220   -6.6025
   54   979  1001  -55.7707   -0.2242   -6.6031
   55   978  1001  -55.7776   -0.2174   -6.6015
   56   977  1001  -55.7735   -0.2199   -6.6022
   57   975  1001  -55.7777   -0.2143   -6.6010
   58   974  1001  -55.7835   -0.2083   -6.5996
   59   973  1001  -55.7781   -0.2119   -6.6006
   60   970  1002  -55.7764   -0.2104   -6.5997
   61   969  1002  -55.7776   -0.2084   -6.5993
   62   968  1002  -55.7775   -0.2074   -6.5992
   63   967  1002  -55.7793   -0.2049   -6.5987
   64   966  1002  -55.7752   -0.2073   -6.5994
   65   971  1002  -55.7763   -0.2114   -6.5999
   66   966  1003  -55.7746   -0.2079   -6.5987
   67   965  1003  -55.7726   -0.2085   -6.5990
   68   964  1003  -55.7733   -0.2070   -6.5987
   69   963  1003  -55.7712   -0.2077   -6.5990
   70   962  1003  -55.7685   -0.2090   -6.5994
   71   961  1003  -55.7721   -0.2049   -6.5984
   72   959  1004  -55.7680   -0.2064   -6.5983
   73   958  1004  -55.7657   -0.2073   -6.5986
   74   960  1004  -55.7663   -0.2089   -6.5988
   75   957  1005  -55.7671   -0.2052   -6.5973
   76   956  1005  -55.7640   -0.2068   -6.5979
   77   958  1005  -55.7654   -0.2077   -6.5979
   78   955  1006  -55.7606   -0.2087   -6.5977
   79   956  1006  -55.7625   -0.2082   -6.5974
   80   953  1007  -55.7597   -0.2076   -6.5968
   81   952  1007  -55.7617   -0.2049   -6.5962
   82   951  1007  -55.7605   -0.2048   -6.5963
   83   950  1007  -55.7588   -0.2052   -6.5965
   84   949  1007  -55.7575   -0.2053   -6.5967
   85   947  1007  -55.7602   -0.2010   -6.5958
   86   941  1007  -55.7611   -0.1941   -6.5947
   87   945  1008  -55.7566   -0.2021   -6.5955
   88   944  1008  -55.7585   -0.1995   -6.5949
   89   943  1008  -55.7622   -0.1953   -6.5939
   90   941  1008  -55.7557   -0.1988   -6.5951
   91   946  1008  -55.7545   -0.2049   -6.5961
   92   947  1008  -55.7538   -0.2065   -6.5964

    1  335  820  -56.4018    1.0591   -6.5163
    2  336  820  -56.4041    1.0601   -6.5160
    3  332  821  -56.3893    1.0509   -6.5175
    4  331  821  -56.3846    1.0478   -6.5183
    5  334  821  -56.4028    1.0612   -6.5151
    6  331  822  -56.3889    1.0517   -6.5166
    7  330  822  -56.3788    1.0435   -6.5185
    8  329  822  -56.3936    1.0585   -6.5152
    9  328  822  -56.3944    1.0604   -6.5149
   10  327  822  -56.3887    1.0564   -6.5159
   11  326  822  -56.3849    1.0539   -6.5165
   12  325  822  -56.3812    1.0517   -6.5171
   13  324  822  -56.3781    1.0500   -6.5176
   14  323  822  -56.3790    1.0520   -6.5173
   15  322  822  -56.3804    1.0545   -6.5169
   16  321  823  -56.3681    1.0442   -6.5184
   17  320  823  -56.3781    1.0547   -6.5161
   18  319  823  -56.3810    1.0586   -6.5153
   19  318  823  -56.3749    1.0541   -6.5164
   20  322  823  -56.3775    1.0518   -6.5166
   21  318  824  -56.3767    1.0557   -6.5152
   22  317  824  -56.3786    1.0587   -6.5146
   23  316  824  -56.3716    1.0533   -6.5159
   24  315  824  -56.3767    1.0593   -6.5146
   25  314  824  -56.3775    1.0613   -6.5143
   26  313  824  -56.3704    1.0558   -6.5157
   27  312  824  -56.3755    1.0617   -6.5144
   28  311  824  -56.3796    1.0668   -6.5134
   29  310  824  -56.3756    1.0643   -6.5141
   30  309  824  -56.3812    1.0707   -6.5128
   31  308  824  -56.3808    1.0716   -6.5127
   32  307  824  -56.3846    1.0763   -6.5118
   33  298  824  -56.3742    1.0773   -6.5124
   34  299  824  -56.3807    1.0822   -6.5113
   35  300  824  -56.3849    1.0850   -6.5106
   36  297  824  -56.3756    1.0799   -6.5120
   37  303  825  -56.3897    1.0858   -6.5092
   38  302  825  -56.3848    1.0824   -6.5101
   39  301  825  -56.3813    1.0803   -6.5107
   40  300  825  -56.3765    1.0771   -6.5115
   41  305  825  -56.3607    1.0562   -6.5155
   42  306  825  -56.3820    1.0750   -6.5113
   43  307  825  -56.3788    1.0708   -6.5121
   44  304  825  -56.3576    1.0545   -6.5160

    1  327  819  -56.3945    1.0619   -6.5173
    2  326  819  -56.3909    1.0597   -6.5179
    3  325  819  -56.3900    1.0601   -6.5179
    4  324  819  -56.3928    1.0639   -6.5172
    5  323  819  -56.3935    1.0658   -6.5169
    6  321  819  -56.3819    1.0573   -6.5190
    7  320  819  -56.3901    1.0662   -6.5171
    8  319  819  -56.3848    1.0624   -6.5181
    9  318  819  -56.3781    1.0573   -6.5193
   10  317  819  -56.3901    1.0698   -6.5166
   11  316  819  -56.3921    1.0729   -6.5160
   12  315  819  -56.3962    1.0779   -6.5150
   13  314  819  -56.3954    1.0783   -6.5150
   14  313  819  -56.4016    1.0854   -6.5136
   15  312  819  -56.4070    1.0916   -6.5123
   16  311  819  -56.4020    1.0882   -6.5132
   17  310  819  -56.4049    1.0921   -6.5124
   18  309  819  -56.4067    1.0950   -6.5119
   19  308  819  -56.4075    1.0969   -6.5116
   20  307  819  -56.4109    1.1013   -6.5107
   21  306  819  -56.4110    1.1026   -6.5105
   22  305  819  -56.4054    1.0985   -6.5115
   23  304  819  -56.4052    1.0995   -6.5114
   24  303  819  -56.4018    1.0976   -6.5119
   25  302  819  -56.4104    1.1068   -6.5099
   26  301  819  -56.4021    1.1003   -6.5115
   27  300  819  -56.4033    1.1026   -6.5110
   28  300  820  -56.4041    1.1032   -6.5100
   29  299  820  -56.3999    1.1005   -6.5107
   30  298  820  -56.3986    1.1005   -6.5108
   31  297  820  -56.3963    1.0996   -6.5111
   32  296  820  -56.3918    1.0965   -6.5119
   33  295  820  -56.3887    1.0947   -6.5124
   34  294  820  -56.3865    1.0939   -6.5127
   35  293  820  -56.3874    1.0960   -6.5123
   36  292  820  -56.3860    1.0958   -6.5124
   37  292  821  -56.3775    1.0878   -6.5134

    1  863  1013  -55.7216   -0.1487   -6.5865
    2  863  1014  -55.7333   -0.1386   -6.5832
    3  860  1015  -55.7164   -0.1502   -6.5856
    4  861  1015  -55.7161   -0.1515   -6.5859
    5  858  1016  -55.7122   -0.1518   -6.5855
    6  857  1016  -55.7065   -0.1557   -6.5865
    7  856  1016  -55.7060   -0.1551   -6.5865
    8  855  1016  -55.7065   -0.1537   -6.5862
    9  854  1016  -55.7077   -0.1516   -6.5858
   10  853  1016  -55.7108   -0.1479   -6.5850
   11  851  1017  -55.7038   -0.1519   -6.5854
   12  852  1017  -55.7078   -0.1495   -6.5847
   13  829  1019  -55.7021   -0.1310   -6.5807
   14  830  1019  -55.7033   -0.1309   -6.5806
   15  828  1020  -55.6972   -0.1343   -6.5809
   16  827  1020  -55.6972   -0.1333   -6.5808
   17  829  1020  -55.7008   -0.1322   -6.5803
   18  827  1021  -55.6909   -0.1388   -6.5814
   19  826  1021  -55.6887   -0.1396   -6.5818
   20  825  1021  -55.6888   -0.1385   -6.5815
   21  824  1021  -55.6897   -0.1367   -6.5812
   22  823  1021  -55.6879   -0.1372   -6.5814
   23  821  1021  -55.6861   -0.1368   -6.5815
   24  820  1021  -55.6845   -0.1371   -6.5817
   25  819  1021  -55.6830   -0.1374   -6.5819
   26  818  1021  -55.6811   -0.1380   -6.5821
   27  817  1021  -55.6812   -0.1369   -6.5820
   28  816  1021  -55.6846   -0.1329   -6.5810
   29  815  1021  -55.6828   -0.1334   -6.5813
   30  814  1021  -55.6774   -0.1371   -6.5823
   31  813  1021  -55.6766   -0.1367   -6.5823
   32  811  1022  -55.6756   -0.1356   -6.5814
   33  812  1022  -55.6751   -0.1371   -6.5817
   34  809  1023  -55.6718   -0.1369   -6.5811
   35  808  1023  -55.6689   -0.1384   -6.5816
   36  810  1023  -55.6749   -0.1353   -6.5806
   37  799  1025  -55.6521   -0.1439   -6.5823
   38  798  1026  -55.6642   -0.1325   -6.5787
   39  795  1027  -55.6505   -0.1413   -6.5806
   40  791  1028  -55.6620   -0.1273   -6.5766
   41  792  1028  -55.6595   -0.1304   -6.5773
   42  793  1028  -55.6556   -0.1349   -6.5783
   43  794  1028  -55.6592   -0.1328   -6.5776
   44  790  1029  -55.6614   -0.1268   -6.5758
   45  789  1029  -55.6602   -0.1268   -6.5759
   46  788  1029  -55.6593   -0.1266   -6.5759
   47  791  1029  -55.6526   -0.1355   -6.5779
   48  787  1030  -55.6594   -0.1255   -6.5750
   49  786  1030  -55.6571   -0.1265   -6.5753
   50  788  1030  -55.6540   -0.1312   -6.5763
   51  786  1031  -55.6526   -0.1305   -6.5755
   52  785  1031  -55.6586   -0.1243   -6.5740
   53  784  1031  -55.6637   -0.1188   -6.5728
   54  783  1031  -55.6612   -0.1199   -6.5732
   55  782  1031  -55.6678   -0.1132   -6.5715
   56  780  1032  -55.6732   -0.1064   -6.5692
   57  779  1033  -55.6720   -0.1065   -6.5686
   58  780  1033  -55.6678   -0.1112   -6.5697
   59  776  1034  -55.6663   -0.1084   -6.5686
   60  775  1034  -55.6685   -0.1055   -6.5680
   61  774  1034  -55.6680   -0.1049   -6.5679
   62  778  1034  -55.6648   -0.1118   -6.5693
   63  773  1035  -55.6616   -0.1095   -6.5684
   64  772  1035  -55.6625   -0.1077   -6.5680
   65  771  1035  -55.6607   -0.1082   -6.5682
   66  770  1035  -55.6613   -0.1067   -6.5679
   67  769  1035  -55.6603   -0.1066   -6.5680
   68  767  1036  -55.6622   -0.1029   -6.5665
   69  766  1036  -55.6625   -0.1015   -6.5663
   70  768  1036  -55.6600   -0.1058   -6.5671
   71  765  1037  -55.6657   -0.0977   -6.5646
   72  764  1037  -55.6685   -0.0943   -6.5639
   73  763  1037  -55.6691   -0.0927   -6.5636
   74  762  1037  -55.6683   -0.0924   -6.5636
   75  760  1037  -55.6671   -0.0914   -6.5635
   76  761  1037  -55.6682   -0.0915   -6.5634
   77  759  1038  -55.6605   -0.0962   -6.5641
   78  758  1038  -55.6596   -0.0959   -6.5641
   79  757  1038  -55.6579   -0.0964   -6.5644
   80  760  1038  -55.6670   -0.0915   -6.5628
   81  755  1039  -55.6545   -0.0974   -6.5640
   82  756  1039  -55.6546   -0.0983   -6.5642

    1  1165  691  -57.3703    0.9267   -6.5816
    2  1165  692  -57.3530    0.9124   -6.5838
    3  1164  693  -57.3468    0.9084   -6.5838
    4  1163  693  -57.3415    0.9052   -6.5846
    5  1165  693  -57.3409    0.9024   -6.5850
    6  1161  694  -57.3400    0.9063   -6.5837
    7  1159  694  -57.3374    0.9065   -6.5838
    8  1162  694  -57.3392    0.9044   -6.5840
    9  1159  695  -57.3333    0.9031   -6.5836
   10  1158  695  -57.3531    0.9206   -6.5799
   11  1157  695  -57.3289    0.9018   -6.5841
   12  1156  695  -57.3292    0.9032   -6.5839
   13  1155  695  -57.3425    0.9154   -6.5813
   14  1153  696  -57.3081    0.8893   -6.5863
   15  1152  696  -57.3389    0.9159   -6.5806
   16  1151  696  -57.3351    0.9139   -6.5811
   17  1150  696  -57.3262    0.9078   -6.5825
   18  1154  696  -57.3260    0.9028   -6.5833
   19  1148  697  -57.3197    0.9047   -6.5825
   20  1147  697  -57.3230    0.9086   -6.5817
   21  1149  697  -57.3072    0.8932   -6.5849
   22  1147  698  -57.3114    0.8990   -6.5829
   23  1146  698  -57.3179    0.9055   -6.5815
   24  1145  698  -57.3173    0.9062   -6.5815
   25  1144  698  -57.3339    0.9211   -6.5783
   26  1143  698  -57.3353    0.9235   -6.5779
   27  1141  698  -57.3274    0.9193   -6.5790
   28  1142  698  -57.3292    0.9196   -6.5789
   29  1139  699  -57.3125    0.9092   -6.5805
   30  1138  699  -57.3128    0.9107   -6.5802
   31  1137  699  -57.2987    0.9001   -6.5827
   32  1136  699  -57.2965    0.8996   -6.5829
   33  1141  699  -57.3146    0.9086   -6.5804
   34  1135  700  -57.2947    0.8992   -6.5821
   35  1133  700  -57.2907    0.8982   -6.5826
   36  1136  700  -57.2980    0.9007   -6.5817
   37  1132  701  -57.2862    0.8956   -6.5823
   38  1131  701  -57.2773    0.8894   -6.5838
   39  1130  701  -57.2753    0.8889   -6.5840
   40  1129  701  -57.2766    0.8912   -6.5836
   41  1128  701  -57.2731    0.8894   -6.5841
   42  1127  701  -57.2685    0.8868   -6.5847
   43  1126  702  -57.2721    0.8910   -6.5830
   44  1127  702  -57.2681    0.8864   -6.5839
   45  1126  703  -57.2670    0.8866   -6.5830
   46  1125  703  -57.2681    0.8887   -6.5827
   47  1124  703  -57.2604    0.8835   -6.5839
   48  1123  703  -57.2547    0.8800   -6.5848
   49  1122  703  -57.2469    0.8746   -6.5861
   50  1121  703  -57.2427    0.8724   -6.5867
   51  1120  704  -57.2517    0.8809   -6.5840
   52  1119  704  -57.2398    0.8722   -6.5860
   53  1118  704  -57.2380    0.8719   -6.5861
   54  1121  704  -57.2413    0.8711   -6.5861

    1  1174  693  -57.3596    0.9071   -6.5831
    2  1175  693  -57.3642    0.9098   -6.5825
    3  1172  694  -57.3481    0.9000   -6.5839
    4  1173  694  -57.3476    0.8984   -6.5842
    5  1172  695  -57.3337    0.8880   -6.5856
    6  1171  695  -57.3424    0.8964   -6.5839
    7  1170  696  -57.3203    0.8793   -6.5868
    8  1169  696  -57.3213    0.8812   -6.5865
    9  1168  696  -57.3181    0.8798   -6.5869
   10  1171  696  -57.3272    0.8838   -6.5858
   11  1167  697  -57.3073    0.8720   -6.5878
   12  1166  697  -57.3070    0.8730   -6.5877
   13  1163  698  -57.3021    0.8724   -6.5872
   14  1164  698  -57.3121    0.8795   -6.5855
   15  1161  699  -57.3059    0.8778   -6.5852
   16  1160  699  -57.3006    0.8746   -6.5860
   17  1162  699  -57.3092    0.8794   -6.5848
   18  1159  700  -57.2928    0.8693   -6.5864
   19  1158  700  -57.3071    0.8823   -6.5835
   20  1160  700  -57.3000    0.8741   -6.5852
   21  1158  701  -57.2959    0.8730   -6.5846
   22  1157  701  -57.2955    0.8738   -6.5846
   23  1156  701  -57.2818    0.8636   -6.5869
   24  1155  701  -57.2674    0.8530   -6.5893
   25  1154  701  -57.2882    0.8713   -6.5854
   26  1153  702  -57.2722    0.8592   -6.5872
   27  1152  702  -57.2810    0.8676   -6.5854
   28  1151  702  -57.2878    0.8744   -6.5840
   29  1150  702  -57.3024    0.8877   -6.5812
   30  1149  702  -57.3012    0.8878   -6.5812
   31  1148  702  -57.2959    0.8847   -6.5821
   32  1154  702  -57.2860    0.8694   -6.5848
   33  1147  703  -57.2898    0.8807   -6.5821
   34  1146  703  -57.2877    0.8802   -6.5823
   35  1145  703  -57.2857    0.8797   -6.5826
   36  1144  703  -57.2804    0.8765   -6.5834
   37  1143  703  -57.2768    0.8747   -6.5840
   38  1142  703  -57.2767    0.8758   -6.5838
   39  1141  703  -57.2739    0.8746   -6.5842
   40  1140  704  -57.2718    0.8740   -6.5835
   41  1139  704  -57.2662    0.8706   -6.5844
   42  1138  704  -57.2628    0.8689   -6.5849
   43  1137  704  -57.2653    0.8722   -6.5842
   44  1141  704  -57.2690    0.8705   -6.5842
   45  1136  705  -57.2518    0.8621   -6.5856
   46  1135  705  -57.2576    0.8681   -6.5844
   47  1134  705  -57.2561    0.8680   -6.5845
   48  1133  705  -57.2582    0.8709   -6.5840
   49  1133  706  -57.2534    0.8668   -6.5839

    1  1052  653  -57.4504    1.1318   -6.5844
    2  1053  653  -57.4395    1.1215   -6.5864
    3  1051  654  -57.4472    1.1302   -6.5839
    4  1050  654  -57.4448    1.1295   -6.5842
    5  1052  654  -57.4451    1.1273   -6.5845
    6  1049  655  -57.4376    1.1246   -6.5843
    7  1048  655  -57.4284    1.1181   -6.5858
    8  1047  655  -57.4379    1.1272   -6.5840
    9  1046  656  -57.4297    1.1215   -6.5843
   10  1045  656  -57.4263    1.1199   -6.5847
   11  1047  656  -57.4328    1.1229   -6.5840
   12  1044  657  -57.4232    1.1184   -6.5842
   13  1043  657  -57.4184    1.1156   -6.5849
   14  1042  657  -57.4181    1.1165   -6.5848
   15  1041  657  -57.4150    1.1152   -6.5852
   16  1040  658  -57.4184    1.1191   -6.5835
   17  1039  658  -57.4160    1.1184   -6.5838
   18  1038  658  -57.4146    1.1184   -6.5839
   19  1037  658  -57.4171    1.1217   -6.5833
   20  1036  658  -57.4140    1.1203   -6.5837
   21  1035  658  -57.4139    1.1214   -6.5835
   22  1033  659  -57.4152    1.1249   -6.5821
   23  1032  659  -57.4155    1.1264   -6.5819
   24  1034  659  -57.4151    1.1236   -6.5822
   25  1031  660  -57.4241    1.1348   -6.5793
   26  1030  660  -57.4196    1.1322   -6.5799
   27  1028  661  -57.4316    1.1447   -6.5765
   28  1027  661  -57.4258    1.1410   -6.5774
   29  1029  661  -57.4305    1.1425   -6.5769
   30  1026  662  -57.4350    1.1499   -6.5747
   31  1025  662  -57.4400    1.1553   -6.5737
   32  1024  662  -57.4355    1.1528   -6.5743
   33  1023  662  -57.4334    1.1522   -6.5745
   34  1022  662  -57.4337    1.1537   -6.5743
   35  1021  663  -57.4254    1.1478   -6.5746
   36  1020  663  -57.4284    1.1516   -6.5739
   37  1022  663  -57.4321    1.1523   -6.5736
   38  1020  664  -57.4242    1.1480   -6.5737
   39  1019  664  -57.4249    1.1498   -6.5735
   40  1017  664  -57.4226    1.1503   -6.5735
   41  1018  664  -57.4251    1.1512   -6.5732
   42  1014  665  -57.4128    1.1456   -6.5739
   43  1015  665  -57.4157    1.1469   -6.5735
   44  1016  665  -57.4178    1.1474   -6.5733
   45  1017  665  -57.4208    1.1487   -6.5729
   46  1011  665  -57.4123    1.1489   -6.5734
   47  1013  665  -57.4099    1.1444   -6.5742
   48  1012  665  -57.4026    1.1394   -6.5754
   49  1009  666  -57.4012    1.1419   -6.5742
   50  1008  666  -57.4001    1.1422   -6.5742
   51  1007  666  -57.3930    1.1373   -6.5753
   52  1006  666  -57.4029    1.1470   -6.5735
   53  1005  666  -57.3997    1.1454   -6.5739
   54  1004  666  -57.4005    1.1474   -6.5735
   55  1003  666  -57.3977    1.1462   -6.5739
   56  1010  666  -57.4018    1.1411   -6.5742
   57  1003  667  -57.3972    1.1457   -6.5730
   58  1002  667  -57.3948    1.1449   -6.5733
   59  1001  667  -57.3899    1.1419   -6.5739
   60  1000  667  -57.3880    1.1416   -6.5741
   61   999  668  -57.3866    1.1415   -6.5732
   62   998  668  -57.3894    1.1451   -6.5725
   63   997  668  -57.3849    1.1425   -6.5732
   64   996  668  -57.3864    1.1450   -6.5728
   65  1000  668  -57.3916    1.1445   -6.5725
   66   995  669  -57.3923    1.1512   -6.5706
   67   996  669  -57.3843    1.1431   -6.5722
   68   995  670  -57.4017    1.1590   -6.5679
   69   994  670  -57.3846    1.1458   -6.5709
   70   993  670  -57.3911    1.1525   -6.5695
   71   992  670  -57.3908    1.1535   -6.5694
   72   991  670  -57.3891    1.1533   -6.5696
   73   990  671  -57.3829    1.1491   -6.5696
   74   989  671  -57.3897    1.1561   -6.5682
   75   988  671  -57.3885    1.1564   -6.5683
   76   991  671  -57.3833    1.1483   -6.5698
   77   987  672  -57.3900    1.1588   -6.5669
   78   986  672  -57.3821    1.1533   -6.5682
   79   988  672  -57.3876    1.1555   -6.5675
   80   986  673  -57.3881    1.1584   -6.5662
   81   985  673  -57.3847    1.1567   -6.5666
   82   984  673  -57.3784    1.1525   -6.5677
   83   983  673  -57.3764    1.1520   -6.5679
   84   982  674  -57.3703    1.1480   -6.5678
   85   981  674  -57.3717    1.1504   -6.5674
   86   980  674  -57.3683    1.1487   -6.5679
   87   983  674  -57.3738    1.1498   -6.5674

    1  831  1028  -55.6762   -0.1559   -6.5797
    2  832  1028  -55.6772   -0.1561   -6.5796
    3  830  1029  -55.6730   -0.1577   -6.5795
    4  829  1030  -55.6682   -0.1609   -6.5796
    5  828  1030  -55.6669   -0.1610   -6.5797
    6  827  1030  -55.6649   -0.1617   -6.5800
    7  826  1030  -55.6618   -0.1634   -6.5805
    8  825  1030  -55.6577   -0.1659   -6.5813
    9  824  1030  -55.6559   -0.1665   -6.5816
   10  823  1030  -55.6530   -0.1679   -6.5821
   11  822  1030  -55.6519   -0.1679   -6.5821
   12  821  1030  -55.6482   -0.1700   -6.5828
   13  783  1038  -55.6292   -0.1482   -6.5748
   14  782  1038  -55.6330   -0.1438   -6.5738
   15  781  1038  -55.6351   -0.1410   -6.5732
   16  784  1038  -55.6236   -0.1541   -6.5763
   17  780  1039  -55.6315   -0.1432   -6.5731
   18  779  1039  -55.6322   -0.1416   -6.5729
   19  776  1040  -55.6385   -0.1330   -6.5702
   20  777  1040  -55.6379   -0.1346   -6.5705
   21  778  1040  -55.6341   -0.1389   -6.5714
   22  774  1040  -55.6422   -0.1277   -6.5690
   23  775  1040  -55.6398   -0.1308   -6.5697
   24  773  1041  -55.6374   -0.1310   -6.5692
   25  772  1041  -55.6375   -0.1298   -6.5690
   26  771  1041  -55.6383   -0.1281   -6.5687
   27  770  1041  -55.6386   -0.1268   -6.5684
   28  774  1041  -55.6371   -0.1322   -6.5694
   29  768  1042  -55.6382   -0.1251   -6.5674
   30  767  1042  -55.6416   -0.1212   -6.5665
   31  769  1042  -55.6387   -0.1258   -6.5674
   32  767  1043  -55.6359   -0.1262   -6.5670
   33  766  1043  -55.6359   -0.1252   -6.5668
   34  765  1043  -55.6391   -0.1214   -6.5659
   35  763  1044  -55.6403   -0.1183   -6.5646
   36  761  1045  -55.6327   -0.1229   -6.5652
   37  760  1045  -55.6360   -0.1190   -6.5643
   38  762  1045  -55.6327   -0.1239   -6.5653
   39  756  1046  -55.6263   -0.1235   -6.5650
   40  757  1046  -55.6282   -0.1228   -6.5647

     1  454  893  -56.1470    0.6796   -6.5269
     2  451  894  -56.1396    0.6762   -6.5271
     3  448  895  -56.1410    0.6808   -6.5255
     4  447  895  -56.1379    0.6791   -6.5260
     5  450  895  -56.1374    0.6752   -6.5266
     6  446  896  -56.1286    0.6717   -6.5270
     7  445  896  -56.1268    0.6711   -6.5272
     8  444  896  -56.1360    0.6808   -6.5251
     9  443  896  -56.1274    0.6740   -6.5268
    10  442  896  -56.1263    0.6741   -6.5268
    11  441  896  -56.1152    0.6650   -6.5290
    12  439  897  -56.1170    0.6689   -6.5273
    13  439  898  -56.1082    0.6608   -6.5284
    14  438  898  -56.1053    0.6593   -6.5289
    15  437  898  -56.1100    0.6647   -6.5277
    16  436  898  -56.1064    0.6626   -6.5283
    17  434  899  -56.1013    0.6600   -6.5283
    18  433  899  -56.1006    0.6606   -6.5283
    19  435  899  -56.1051    0.6624   -6.5276
    20  432  900  -56.0980    0.6593   -6.5278
    21  431  900  -56.1052    0.6670   -6.5260
    22  430  900  -56.1010    0.6642   -6.5268
    23  428  900  -56.1012    0.6667   -6.5264
    24  433  900  -56.0993    0.6593   -6.5277
    25  428  901  -56.0932    0.6593   -6.5273
    26  426  901  -56.0977    0.6657   -6.5260
    27  425  901  -56.1093    0.6775   -6.5233
    28  424  902  -56.1010    0.6710   -6.5241
    29  423  902  -56.1135    0.6837   -6.5212
    30  422  902  -56.1124    0.6838   -6.5213
    31  421  902  -56.1127    0.6852   -6.5211
    32  420  902  -56.1154    0.6889   -6.5203
    33  425  902  -56.1027    0.6714   -6.5239
    34  420  903  -56.1155    0.6889   -6.5194
    35  419  903  -56.1086    0.6837   -6.5208
    36  416  904  -56.1138    0.6918   -6.5183
    37  415  904  -56.1099    0.6894   -6.5189
    38  414  904  -56.1069    0.6878   -6.5195
    39  417  904  -56.1088    0.6860   -6.5196
    40  400  906  -56.0787    0.6775   -6.5216
    41  399  907  -56.0673    0.6681   -6.5231
    42  397  907  -56.0817    0.6837   -6.5196
    43  396  907  -56.0584    0.6633   -6.5246
    44  393  907  -56.0730    0.6802   -6.5208
    45  400  907  -56.0679    0.6675   -6.5231
    46  393  908  -56.0563    0.6647   -6.5237
    47  392  908  -56.0633    0.6724   -6.5220
    48  391  908  -56.0644    0.6744   -6.5215
    49  390  909  -56.0621    0.6734   -6.5211
    50  389  909  -56.0685    0.6805   -6.5195
    51  388  909  -56.0685    0.6816   -6.5193
    52  391  909  -56.0594    0.6698   -6.5218
    53  384  910  -56.0816    0.6983   -6.5149
    54  385  910  -56.0793    0.6950   -6.5156
    55  386  910  -56.0813    0.6958   -6.5153
    56  387  910  -56.0748    0.6885   -6.5169
    57  378  911  -56.0665    0.6911   -6.5164
    58  377  911  -56.0731    0.6984   -6.5147
    59  376  911  -56.0728    0.6993   -6.5146
    60  379  911  -56.0591    0.6831   -6.5182
    61  375  912  -56.0781    0.7053   -6.5124
    62  374  912  -56.0518    0.6819   -6.5181
    63  373  913  -56.0670    0.6972   -6.5137
    64  372  913  -56.0661    0.6975   -6.5137
    65  371  913  -56.0579    0.6910   -6.5154
    66  374  913  -56.0715    0.7002   -6.5129
    67  371  914  -56.0710    0.7031   -6.5116
    68  370  914  -56.0656    0.6992   -6.5126
    69  369  914  -56.0646    0.6995   -6.5127
    70  368  915  -56.0771    0.7121   -6.5089
    71  367  915  -56.0733    0.7097   -6.5096
    72  366  915  -56.0736    0.7111   -6.5094
    73  365  915  -56.0715    0.7104   -6.5097
    74  364  915  -56.0775    0.7171   -6.5082
    75  369  915  -56.0623    0.6972   -6.5124
    76  364  916  -56.0741    0.7139   -6.5081
    77  363  916  -56.0675    0.7089   -6.5094
    78  362  916  -56.0603    0.7033   -6.5108
    79  361  917  -56.0681    0.7116   -6.5081
    80  360  917  -56.0706    0.7152   -6.5073
    81  362  917  -56.0581    0.7012   -6.5105
    82  358  918  -56.0675    0.7145   -6.5069
    83  357  918  -56.0689    0.7170   -6.5064
    84  356  918  -56.0616    0.7113   -6.5079
    85  355  918  -56.0568    0.7079   -6.5088
    86  354  918  -56.0641    0.7159   -6.5070
    87  353  918  -56.0595    0.7128   -6.5078
    88  352  918  -56.0620    0.7162   -6.5071
    89  351  918  -56.0632    0.7185   -6.5067
    90  350  919  -56.0459    0.7035   -6.5095
    91  349  919  -56.0437    0.7026   -6.5098
    92  348  919  -56.0481    0.7078   -6.5087
    93  347  919  -56.0565    0.7168   -6.5067
    94  351  919  -56.0547    0.7106   -6.5077
    95  347  920  -56.0444    0.7054   -6.5085
    96  346  920  -56.0482    0.7101   -6.5075
    97  345  920  -56.0454    0.7086   -6.5079
    98  344  920  -56.0414    0.7061   -6.5087
    99  343  920  -56.0315    0.6980   -6.5107
   100  342  921  -56.0470    0.7136   -6.5062
   101  341  921  -56.0442    0.7120   -6.5067
   102  340  921  -56.0416    0.7108   -6.5071
   103  343  921  -56.0515    0.7166   -6.5054
   104  340  922  -56.0479    0.7166   -6.5049
   105  339  922  -56.0290    0.7001   -6.5089
   106  338  922  -56.0441    0.7154   -6.5054
   107  336  922  -56.0505    0.7237   -6.5036
   108  335  922  -56.0521    0.7263   -6.5031

    1  475  899  -56.1447    0.6531   -6.5258
    2  480  899  -56.1519    0.6540   -6.5250
    3  479  899  -56.1512    0.6545   -6.5250
    4  478  899  -56.1490    0.6536   -6.5253
    5  477  899  -56.1467    0.6527   -6.5257
    6  476  899  -56.1480    0.6551   -6.5252
    7  473  899  -56.1446    0.6554   -6.5254
    8  474  899  -56.1470    0.6564   -6.5251
    9  472  899  -56.1435    0.6555   -6.5255
   10  481  900  -56.1498    0.6509   -6.5248
   11  472  900  -56.1367    0.6492   -6.5261
   12  470  900  -56.1397    0.6542   -6.5251
   13  470  901  -56.1368    0.6515   -6.5249
   14  469  901  -56.1391    0.6548   -6.5243
   15  468  901  -56.1378    0.6547   -6.5244
   16  467  902  -56.1332    0.6516   -6.5244
   17  466  902  -56.1330    0.6525   -6.5243
   18  468  902  -56.1338    0.6510   -6.5244
   19  466  903  -56.1292    0.6490   -6.5242
   20  465  903  -56.1246    0.6459   -6.5251
   21  464  903  -56.1246    0.6471   -6.5249
   22  463  904  -56.1187    0.6427   -6.5251
   23  462  904  -56.1149    0.6403   -6.5258
   24  464  904  -56.1201    0.6428   -6.5250
   25  461  905  -56.1122    0.6390   -6.5253
   26  460  905  -56.1056    0.6341   -6.5266
   27  459  905  -56.1063    0.6359   -6.5263
   28  458  905  -56.1018    0.6329   -6.5271
   29  457  905  -56.1041    0.6361   -6.5264
   30  457  906  -56.1085    0.6401   -6.5246
   31  456  906  -56.1014    0.6347   -6.5260
   32  455  906  -56.0993    0.6339   -6.5263
   33  454  906  -56.0976    0.6335   -6.5265
   34  453  906  -56.0996    0.6365   -6.5259
   35  452  906  -56.1006    0.6385   -6.5255
   36  450  907  -56.0963    0.6367   -6.5253
   37  449  907  -56.1002    0.6415   -6.5242
   38  451  907  -56.0970    0.6363   -6.5253
   39  449  908  -56.0971    0.6386   -6.5241
   40  448  908  -56.0987    0.6412   -6.5235
   41  447  908  -56.0953    0.6392   -6.5241
   42  446  908  -56.0990    0.6437   -6.5231
   43  445  908  -56.0989    0.6448   -6.5230
   44  443  909  -56.0982    0.6463   -6.5220
   45  442  909  -56.1014    0.6504   -6.5211
   46  444  909  -56.0994    0.6464   -6.5219
   47  440  910  -56.0938    0.6457   -6.5216
   48  441  910  -56.0973    0.6477   -6.5210
   49  439  911  -56.0940    0.6469   -6.5205
   50  438  911  -56.0912    0.6455   -6.5210
   51  437  911  -56.0962    0.6512   -6.5197
   52  436  911  -56.0948    0.6511   -6.5198
   53  435  911  -56.0927    0.6503   -6.5201
   54  434  911  -56.0908    0.6497   -6.5204
   55  433  912  -56.0900    0.6501   -6.5195
   56  434  912  -56.0900    0.6488   -6.5197
   57  424  914  -56.0797    0.6506   -6.5186
   58  423  914  -56.0796    0.6517   -6.5184
   59  422  914  -56.0786    0.6519   -6.5185
   60  421  914  -56.0794    0.6538   -6.5181
   61  425  914  -56.0815    0.6512   -6.5183
   62  421  915  -56.0757    0.6504   -6.5181
   63  420  915  -56.0710    0.6472   -6.5190
   64  419  915  -56.0738    0.6509   -6.5182
   65  418  915  -56.0695    0.6481   -6.5190
   66  417  915  -56.0713    0.6508   -6.5184
   67  416  915  -56.0625    0.6439   -6.5202
   68  415  916  -56.0628    0.6452   -6.5191
   69  416  916  -56.0629    0.6442   -6.5193
   70  401  919  -56.0435    0.6431   -6.5186
   71  400  919  -56.0484    0.6488   -6.5173
   72  399  919  -56.0466    0.6483   -6.5176
   73  399  920  -56.0432    0.6450   -6.5175
   74  398  920  -56.0394    0.6427   -6.5182
   75  397  920  -56.0367    0.6413   -6.5186
   76  388  920  -56.0370    0.6518   -6.5170
   77  387  920  -56.0409    0.6566   -6.5160
   78  395  921  -56.0356    0.6425   -6.5177
   79  394  921  -56.0383    0.6461   -6.5169
   80  396  921  -56.0350    0.6409   -6.5180
   81  392  921  -56.0361    0.6464   -6.5170
   82  391  921  -56.0316    0.6434   -6.5179
   83  390  921  -56.0382    0.6506   -6.5162
   84  389  921  -56.0340    0.6478   -6.5170
   85  397  921  -56.0313    0.6363   -6.5189
   86  393  921  -56.0374    0.6465   -6.5169
   87  384  921  -56.0371    0.6564   -6.5155
   88  383  922  -56.0308    0.6516   -6.5159
   89  381  923  -56.0330    0.6559   -6.5142
   90  379  923  -56.0341    0.6592   -6.5137
   91  378  923  -56.0459    0.6713   -6.5109
   92  377  923  -56.0329    0.6604   -6.5136
   93  376  923  -56.0208    0.6503   -6.5161
   94  375  923  -56.0465    0.6753   -6.5102
   95  374  923  -56.0517    0.6813   -6.5089
   96  373  924  -56.0438    0.6750   -6.5096
   97  372  924  -56.0530    0.6846   -6.5074
   98  371  924  -56.0531    0.6858   -6.5072
   99  374  924  -56.0249    0.6562   -6.5140

    1  608  802  -56.5780    0.8973   -6.5416
    2  607  802  -56.5844    0.9043   -6.5401
    3  606  802  -56.5782    0.8998   -6.5412
    4  605  802  -56.5764    0.8994   -6.5415
    5  609  802  -56.5804    0.8983   -6.5413
    6  605  803  -56.5771    0.9000   -6.5404
    7  604  803  -56.5813    0.9050   -6.5394
    8  603  803  -56.5844    0.9089   -6.5386
    9  602  804  -56.5803    0.9063   -6.5384
   10  601  804  -56.5880    0.9145   -6.5366
   11  603  804  -56.5830    0.9076   -6.5380
   12  600  805  -56.5798    0.9082   -6.5373
   13  601  805  -56.5809    0.9080   -6.5372
   14  597  806  -56.5744    0.9068   -6.5370
   15  598  806  -56.5769    0.9079   -6.5366
   16  599  806  -56.5753    0.9053   -6.5371
   17  596  807  -56.5730    0.9067   -6.5363
   18  595  807  -56.5714    0.9064   -6.5364
   19  594  807  -56.5730    0.9090   -6.5360
   20  593  807  -56.5652    0.9032   -6.5373
   21  597  807  -56.5786    0.9105   -6.5353
   22  592  808  -56.5595    0.8992   -6.5374
   23  591  808  -56.5515    0.8932   -6.5389
   24  590  808  -56.5503    0.8933   -6.5389
   25  589  809  -56.5439    0.8887   -6.5392
   26  590  809  -56.5425    0.8862   -6.5396
   27  588  810  -56.5390    0.8853   -6.5391
   28  589  810  -56.5454    0.8899   -6.5380
   29  588  811  -56.5501    0.8952   -6.5361
