; ENVI Output of ROIs (5.4) [Tue Aug 06 21:31:52 2019]
; Number of ROIs: 11
; File Dimension: 1328 x 1184
;
; ROI name: Region #1
; ROI rgb value: {255, 0, 0}
; ROI npts: 92
;
; ROI name: Region #2
; ROI rgb value: {0, 255, 0}
; ROI npts: 44
;
; ROI name: Region #3
; ROI rgb value: {0, 0, 255}
; ROI npts: 37
;
; ROI name: Region #4
; ROI rgb value: {255, 255, 0}
; ROI npts: 82
;
; ROI name: Region #5
; ROI rgb value: {0, 255, 255}
; ROI npts: 54
;
; ROI name: Region #6
; ROI rgb value: {255, 0, 255}
; ROI npts: 49
;
; ROI name: Region #7
; ROI rgb value: {176, 48, 96}
; ROI npts: 87
;
; ROI name: Region #8
; ROI rgb value: {46, 139, 87}
; ROI npts: 40
;
; ROI name: Region #9
; ROI rgb value: {160, 32, 240}
; ROI npts: 108
;
; ROI name: Region #10
; ROI rgb value: {255, 127, 80}
; ROI npts: 99
;
; ROI name: Region #11
; ROI rgb value: {127, 255, 212}
; ROI npts: 29
;  ID     X     Y      B1      B2      B3
    1  1057   990  0.0408  0.0340  0.0088
    2  1056   990  0.0408  0.0341  0.0088
    3  1055   990  0.0408  0.0340  0.0088
    4  1054   990  0.0409  0.0341  0.0088
    5  1058   990  0.0408  0.0340  0.0088
    6  1052   991  0.0409  0.0341  0.0088
    7  1053   991  0.0409  0.0342  0.0089
    8  1052   992  0.0409  0.0341  0.0089
    9  1051   992  0.0409  0.0341  0.0088
   10  1050   992  0.0408  0.0340  0.0088
   11  1049   992  0.0407  0.0340  0.0088
   12  1048   992  0.0407  0.0340  0.0088
   13  1046   992  0.0408  0.0341  0.0088
   14  1045   992  0.0407  0.0340  0.0088
   15  1044   992  0.0407  0.0340  0.0088
   16  1021   994  0.0407  0.0341  0.0088
   17  1019   995  0.0407  0.0341  0.0088
   18  1020   995  0.0407  0.0341  0.0088
   19  1018   996  0.0407  0.0341  0.0088
   20  1017   996  0.0406  0.0341  0.0088
   21  1013   996  0.0407  0.0341  0.0088
   22  1011   997  0.0406  0.0341  0.0088
   23  1010   997  0.0406  0.0341  0.0088
   24  1009   997  0.0406  0.0341  0.0088
   25  1007   997  0.0406  0.0341  0.0088
   26  1005   997  0.0406  0.0342  0.0089
   27  1004   997  0.0407  0.0342  0.0089
   28  1003   997  0.0407  0.0342  0.0089
   29  1013   997  0.0407  0.0341  0.0088
   30  1003   998  0.0406  0.0342  0.0089
   31  1002   998  0.0407  0.0342  0.0089
   32  1000   998  0.0405  0.0341  0.0088
   33   999   998  0.0407  0.0342  0.0089
   34   998   998  0.0406  0.0342  0.0089
   35   997   998  0.0407  0.0343  0.0089
   36   996   998  0.0407  0.0343  0.0089
   37   995   998  0.0407  0.0342  0.0089
   38   994   998  0.0407  0.0343  0.0089
   39   993   998  0.0408  0.0344  0.0089
   40   993   999  0.0407  0.0343  0.0089
   41   992   999  0.0406  0.0342  0.0089
   42   991   999  0.0407  0.0343  0.0089
   43   990   999  0.0406  0.0342  0.0089
   44   989   999  0.0406  0.0342  0.0089
   45   984   999  0.0408  0.0344  0.0089
   46   986   999  0.0407  0.0343  0.0089
   47   987   999  0.0406  0.0343  0.0089
   48   988   999  0.0405  0.0342  0.0089
   49   983  1000  0.0408  0.0344  0.0089
   50   982  1000  0.0407  0.0343  0.0089
   51   984  1000  0.0408  0.0344  0.0089
   52   981  1001  0.0406  0.0343  0.0089
   53   980  1001  0.0406  0.0343  0.0089
   54   979  1001  0.0406  0.0342  0.0089
   55   978  1001  0.0407  0.0343  0.0089
   56   977  1001  0.0406  0.0343  0.0089
   57   975  1001  0.0407  0.0343  0.0089
   58   974  1001  0.0407  0.0344  0.0089
   59   973  1001  0.0407  0.0344  0.0089
   60   970  1002  0.0407  0.0344  0.0089
   61   969  1002  0.0407  0.0344  0.0089
   62   968  1002  0.0407  0.0344  0.0089
   63   967  1002  0.0407  0.0344  0.0089
   64   966  1002  0.0407  0.0344  0.0089
   65   971  1002  0.0407  0.0344  0.0089
   66   966  1003  0.0407  0.0344  0.0089
   67   965  1003  0.0406  0.0344  0.0089
   68   964  1003  0.0407  0.0344  0.0089
   69   963  1003  0.0406  0.0344  0.0089
   70   962  1003  0.0406  0.0344  0.0089
   71   961  1003  0.0407  0.0344  0.0089
   72   959  1004  0.0406  0.0344  0.0089
   73   958  1004  0.0406  0.0344  0.0089
   74   960  1004  0.0406  0.0344  0.0089
   75   957  1005  0.0406  0.0344  0.0089
   76   956  1005  0.0406  0.0344  0.0089
   77   958  1005  0.0406  0.0344  0.0089
   78   955  1006  0.0405  0.0343  0.0089
   79   956  1006  0.0406  0.0343  0.0089
   80   953  1007  0.0405  0.0343  0.0089
   81   952  1007  0.0405  0.0344  0.0089
   82   951  1007  0.0405  0.0344  0.0089
   83   950  1007  0.0405  0.0343  0.0089
   84   949  1007  0.0405  0.0343  0.0089
   85   947  1007  0.0405  0.0344  0.0089
   86   941  1007  0.0405  0.0344  0.0089
   87   945  1008  0.0405  0.0343  0.0089
   88   944  1008  0.0405  0.0344  0.0089
   89   943  1008  0.0406  0.0344  0.0089
   90   941  1008  0.0405  0.0344  0.0089
   91   946  1008  0.0405  0.0343  0.0089
   92   947  1008  0.0405  0.0343  0.0089

    1  335  820  0.0484  0.0451  0.0102
    2  336  820  0.0484  0.0451  0.0102
    3  332  821  0.0482  0.0450  0.0102
    4  331  821  0.0482  0.0449  0.0102
    5  334  821  0.0484  0.0451  0.0102
    6  331  822  0.0482  0.0449  0.0102
    7  330  822  0.0481  0.0448  0.0102
    8  329  822  0.0483  0.0450  0.0102
    9  328  822  0.0483  0.0451  0.0102
   10  327  822  0.0482  0.0450  0.0102
   11  326  822  0.0482  0.0450  0.0102
   12  325  822  0.0482  0.0450  0.0102
   13  324  822  0.0481  0.0449  0.0102
   14  323  822  0.0481  0.0449  0.0102
   15  322  822  0.0481  0.0449  0.0102
   16  321  823  0.0480  0.0448  0.0102
   17  320  823  0.0481  0.0449  0.0102
   18  319  823  0.0481  0.0450  0.0102
   19  318  823  0.0481  0.0449  0.0102
   20  322  823  0.0481  0.0449  0.0102
   21  318  824  0.0481  0.0449  0.0102
   22  317  824  0.0481  0.0450  0.0102
   23  316  824  0.0481  0.0449  0.0102
   24  315  824  0.0481  0.0450  0.0102
   25  314  824  0.0481  0.0450  0.0102
   26  313  824  0.0480  0.0449  0.0102
   27  312  824  0.0481  0.0450  0.0102
   28  311  824  0.0481  0.0450  0.0102
   29  310  824  0.0481  0.0450  0.0102
   30  309  824  0.0481  0.0450  0.0102
   31  308  824  0.0481  0.0450  0.0102
   32  307  824  0.0481  0.0451  0.0102
   33  298  824  0.0480  0.0450  0.0102
   34  299  824  0.0481  0.0451  0.0102
   35  300  824  0.0481  0.0451  0.0102
   36  297  824  0.0480  0.0450  0.0102
   37  303  825  0.0482  0.0451  0.0103
   38  302  825  0.0481  0.0451  0.0102
   39  301  825  0.0480  0.0450  0.0102
   40  300  825  0.0480  0.0450  0.0102
   41  305  825  0.0479  0.0448  0.0102
   42  306  825  0.0481  0.0450  0.0102
   43  307  825  0.0481  0.0450  0.0102
   44  304  825  0.0478  0.0448  0.0102

    1  327  819  0.0483  0.0451  0.0102
    2  326  819  0.0483  0.0451  0.0102
    3  325  819  0.0483  0.0451  0.0102
    4  324  819  0.0483  0.0451  0.0102
    5  323  819  0.0483  0.0451  0.0102
    6  321  819  0.0481  0.0450  0.0102
    7  320  819  0.0482  0.0451  0.0102
    8  319  819  0.0482  0.0450  0.0102
    9  318  819  0.0481  0.0449  0.0102
   10  317  819  0.0482  0.0451  0.0102
   11  316  819  0.0483  0.0451  0.0102
   12  315  819  0.0483  0.0452  0.0102
   13  314  819  0.0483  0.0452  0.0102
   14  313  819  0.0484  0.0452  0.0102
   15  312  819  0.0484  0.0453  0.0102
   16  311  819  0.0483  0.0452  0.0102
   17  310  819  0.0484  0.0452  0.0102
   18  309  819  0.0484  0.0453  0.0102
   19  308  819  0.0484  0.0453  0.0103
   20  307  819  0.0484  0.0453  0.0103
   21  306  819  0.0484  0.0453  0.0103
   22  305  819  0.0484  0.0453  0.0103
   23  304  819  0.0484  0.0453  0.0103
   24  303  819  0.0483  0.0453  0.0102
   25  302  819  0.0485  0.0454  0.0103
   26  301  819  0.0484  0.0453  0.0102
   27  300  819  0.0484  0.0454  0.0102
   28  300  820  0.0484  0.0453  0.0103
   29  299  820  0.0483  0.0453  0.0102
   30  298  820  0.0483  0.0453  0.0102
   31  297  820  0.0483  0.0453  0.0102
   32  296  820  0.0483  0.0453  0.0102
   33  295  820  0.0482  0.0452  0.0102
   34  294  820  0.0482  0.0452  0.0102
   35  293  820  0.0482  0.0452  0.0102
   36  292  820  0.0482  0.0452  0.0102
   37  292  821  0.0481  0.0451  0.0102

    1  863  1013  0.0402  0.0345  0.0089
    2  863  1014  0.0403  0.0346  0.0090
    3  860  1015  0.0402  0.0345  0.0089
    4  861  1015  0.0401  0.0345  0.0089
    5  858  1016  0.0401  0.0345  0.0089
    6  857  1016  0.0401  0.0344  0.0089
    7  856  1016  0.0400  0.0344  0.0089
    8  855  1016  0.0401  0.0344  0.0089
    9  854  1016  0.0401  0.0345  0.0089
   10  853  1016  0.0401  0.0345  0.0089
   11  851  1017  0.0400  0.0345  0.0089
   12  852  1017  0.0401  0.0345  0.0089
   13  829  1019  0.0401  0.0346  0.0089
   14  830  1019  0.0401  0.0346  0.0089
   15  828  1020  0.0400  0.0346  0.0089
   16  827  1020  0.0400  0.0346  0.0089
   17  829  1020  0.0401  0.0346  0.0089
   18  827  1021  0.0399  0.0345  0.0089
   19  826  1021  0.0399  0.0344  0.0089
   20  825  1021  0.0399  0.0345  0.0089
   21  824  1021  0.0399  0.0345  0.0089
   22  823  1021  0.0399  0.0345  0.0089
   23  821  1021  0.0399  0.0345  0.0089
   24  820  1021  0.0399  0.0345  0.0089
   25  819  1021  0.0399  0.0345  0.0089
   26  818  1021  0.0399  0.0345  0.0089
   27  817  1021  0.0398  0.0345  0.0089
   28  816  1021  0.0399  0.0345  0.0089
   29  815  1021  0.0399  0.0345  0.0089
   30  814  1021  0.0398  0.0345  0.0089
   31  813  1021  0.0398  0.0345  0.0089
   32  811  1022  0.0398  0.0345  0.0089
   33  812  1022  0.0398  0.0345  0.0089
   34  809  1023  0.0398  0.0345  0.0089
   35  808  1023  0.0398  0.0344  0.0089
   36  810  1023  0.0399  0.0345  0.0089
   37  799  1025  0.0396  0.0344  0.0089
   38  798  1026  0.0398  0.0345  0.0089
   39  795  1027  0.0396  0.0343  0.0089
   40  791  1028  0.0397  0.0345  0.0089
   41  792  1028  0.0397  0.0345  0.0089
   42  793  1028  0.0397  0.0344  0.0089
   43  794  1028  0.0397  0.0345  0.0089
   44  790  1029  0.0397  0.0345  0.0089
   45  789  1029  0.0397  0.0345  0.0089
   46  788  1029  0.0397  0.0345  0.0089
   47  791  1029  0.0396  0.0344  0.0089
   48  787  1030  0.0397  0.0345  0.0089
   49  786  1030  0.0397  0.0345  0.0089
   50  788  1030  0.0397  0.0344  0.0089
   51  786  1031  0.0396  0.0344  0.0089
   52  785  1031  0.0397  0.0345  0.0089
   53  784  1031  0.0398  0.0346  0.0089
   54  783  1031  0.0398  0.0346  0.0089
   55  782  1031  0.0398  0.0346  0.0090
   56  780  1032  0.0399  0.0347  0.0090
   57  779  1033  0.0399  0.0347  0.0090
   58  780  1033  0.0398  0.0346  0.0090
   59  776  1034  0.0398  0.0346  0.0090
   60  775  1034  0.0398  0.0347  0.0090
   61  774  1034  0.0398  0.0347  0.0090
   62  778  1034  0.0398  0.0346  0.0090
   63  773  1035  0.0398  0.0346  0.0090
   64  772  1035  0.0398  0.0347  0.0090
   65  771  1035  0.0398  0.0346  0.0090
   66  770  1035  0.0398  0.0347  0.0090
   67  769  1035  0.0398  0.0347  0.0090
   68  767  1036  0.0398  0.0347  0.0090
   69  766  1036  0.0398  0.0347  0.0090
   70  768  1036  0.0398  0.0346  0.0090
   71  765  1037  0.0398  0.0347  0.0090
   72  764  1037  0.0398  0.0347  0.0090
   73  763  1037  0.0399  0.0347  0.0090
   74  762  1037  0.0399  0.0348  0.0090
   75  760  1037  0.0399  0.0348  0.0090
   76  761  1037  0.0399  0.0348  0.0090
   77  759  1038  0.0398  0.0347  0.0090
   78  758  1038  0.0398  0.0347  0.0090
   79  757  1038  0.0397  0.0347  0.0090
   80  760  1038  0.0399  0.0348  0.0090
   81  755  1039  0.0397  0.0347  0.0090
   82  756  1039  0.0397  0.0347  0.0090

    1  1165  691  0.0578  0.0476  0.0108
    2  1165  692  0.0577  0.0474  0.0107
    3  1164  693  0.0576  0.0474  0.0107
    4  1163  693  0.0575  0.0474  0.0107
    5  1165  693  0.0575  0.0473  0.0107
    6  1161  694  0.0575  0.0473  0.0107
    7  1159  694  0.0575  0.0473  0.0107
    8  1162  694  0.0575  0.0473  0.0107
    9  1159  695  0.0574  0.0473  0.0107
   10  1158  695  0.0577  0.0475  0.0107
   11  1157  695  0.0574  0.0473  0.0107
   12  1156  695  0.0574  0.0473  0.0107
   13  1155  695  0.0576  0.0474  0.0107
   14  1153  696  0.0571  0.0471  0.0107
   15  1152  696  0.0575  0.0474  0.0107
   16  1151  696  0.0575  0.0474  0.0107
   17  1150  696  0.0574  0.0474  0.0107
   18  1154  696  0.0574  0.0473  0.0107
   19  1148  697  0.0573  0.0473  0.0107
   20  1147  697  0.0574  0.0473  0.0107
   21  1149  697  0.0571  0.0471  0.0107
   22  1147  698  0.0572  0.0472  0.0107
   23  1146  698  0.0573  0.0473  0.0107
   24  1145  698  0.0573  0.0473  0.0107
   25  1144  698  0.0575  0.0475  0.0107
   26  1143  698  0.0575  0.0475  0.0107
   27  1141  698  0.0575  0.0474  0.0107
   28  1142  698  0.0575  0.0475  0.0107
   29  1139  699  0.0573  0.0473  0.0107
   30  1138  699  0.0573  0.0473  0.0107
   31  1137  699  0.0571  0.0472  0.0107
   32  1136  699  0.0571  0.0472  0.0107
   33  1141  699  0.0573  0.0473  0.0107
   34  1135  700  0.0571  0.0472  0.0107
   35  1133  700  0.0570  0.0471  0.0107
   36  1136  700  0.0571  0.0472  0.0107
   37  1132  701  0.0569  0.0471  0.0107
   38  1131  701  0.0568  0.0470  0.0106
   39  1130  701  0.0568  0.0470  0.0106
   40  1129  701  0.0568  0.0470  0.0106
   41  1128  701  0.0568  0.0470  0.0106
   42  1127  701  0.0567  0.0470  0.0106
   43  1126  702  0.0568  0.0470  0.0106
   44  1127  702  0.0567  0.0470  0.0106
   45  1126  703  0.0567  0.0469  0.0106
   46  1125  703  0.0567  0.0470  0.0106
   47  1124  703  0.0566  0.0469  0.0106
   48  1123  703  0.0566  0.0469  0.0106
   49  1122  703  0.0564  0.0467  0.0106
   50  1121  703  0.0564  0.0467  0.0106
   51  1120  704  0.0565  0.0468  0.0106
   52  1119  704  0.0564  0.0467  0.0106
   53  1118  704  0.0564  0.0467  0.0106
   54  1121  704  0.0563  0.0467  0.0106

    1  1174  693  0.0577  0.0474  0.0107
    2  1175  693  0.0578  0.0475  0.0107
    3  1172  694  0.0576  0.0474  0.0107
    4  1173  694  0.0576  0.0473  0.0107
    5  1172  695  0.0574  0.0472  0.0107
    6  1171  695  0.0575  0.0473  0.0107
    7  1170  696  0.0572  0.0471  0.0107
    8  1169  696  0.0573  0.0471  0.0107
    9  1168  696  0.0572  0.0471  0.0107
   10  1171  696  0.0573  0.0471  0.0107
   11  1167  697  0.0571  0.0469  0.0106
   12  1166  697  0.0571  0.0470  0.0106
   13  1163  698  0.0570  0.0469  0.0106
   14  1164  698  0.0572  0.0470  0.0107
   15  1161  699  0.0571  0.0470  0.0107
   16  1160  699  0.0571  0.0470  0.0106
   17  1162  699  0.0571  0.0470  0.0107
   18  1159  700  0.0570  0.0469  0.0106
   19  1158  700  0.0572  0.0471  0.0107
   20  1160  700  0.0570  0.0470  0.0106
   21  1158  701  0.0571  0.0470  0.0106
   22  1157  701  0.0571  0.0470  0.0106
   23  1156  701  0.0569  0.0469  0.0106
   24  1155  701  0.0567  0.0468  0.0106
   25  1154  701  0.0570  0.0470  0.0106
   26  1153  702  0.0569  0.0469  0.0106
   27  1152  702  0.0570  0.0470  0.0106
   28  1151  702  0.0570  0.0470  0.0106
   29  1150  702  0.0572  0.0472  0.0107
   30  1149  702  0.0572  0.0472  0.0106
   31  1148  702  0.0572  0.0471  0.0106
   32  1154  702  0.0570  0.0470  0.0106
   33  1147  703  0.0571  0.0471  0.0106
   34  1146  703  0.0570  0.0471  0.0106
   35  1145  703  0.0570  0.0470  0.0106
   36  1144  703  0.0569  0.0469  0.0106
   37  1143  703  0.0568  0.0469  0.0106
   38  1142  703  0.0568  0.0469  0.0106
   39  1141  703  0.0567  0.0469  0.0106
   40  1140  704  0.0567  0.0469  0.0106
   41  1139  704  0.0567  0.0468  0.0106
   42  1138  704  0.0566  0.0468  0.0106
   43  1137  704  0.0567  0.0468  0.0106
   44  1141  704  0.0567  0.0468  0.0106
   45  1136  705  0.0565  0.0467  0.0106
   46  1135  705  0.0566  0.0467  0.0106
   47  1134  705  0.0565  0.0467  0.0106
   48  1133  705  0.0566  0.0468  0.0106
   49  1133  706  0.0566  0.0468  0.0106

    1  1052  653  0.0592  0.0496  0.0108
    2  1053  653  0.0591  0.0495  0.0108
    3  1051  654  0.0591  0.0495  0.0108
    4  1050  654  0.0591  0.0495  0.0108
    5  1052  654  0.0590  0.0494  0.0108
    6  1049  655  0.0590  0.0495  0.0108
    7  1048  655  0.0589  0.0494  0.0108
    8  1047  655  0.0590  0.0495  0.0108
    9  1046  656  0.0589  0.0494  0.0108
   10  1045  656  0.0589  0.0494  0.0108
   11  1047  656  0.0589  0.0494  0.0108
   12  1044  657  0.0589  0.0494  0.0108
   13  1043  657  0.0588  0.0493  0.0108
   14  1042  657  0.0588  0.0493  0.0108
   15  1041  657  0.0588  0.0493  0.0108
   16  1040  658  0.0588  0.0494  0.0108
   17  1039  658  0.0588  0.0493  0.0108
   18  1038  658  0.0588  0.0493  0.0108
   19  1037  658  0.0588  0.0493  0.0108
   20  1036  658  0.0587  0.0493  0.0108
   21  1035  658  0.0587  0.0493  0.0108
   22  1033  659  0.0587  0.0493  0.0108
   23  1032  659  0.0587  0.0493  0.0108
   24  1034  659  0.0588  0.0493  0.0108
   25  1031  660  0.0588  0.0494  0.0109
   26  1030  660  0.0588  0.0494  0.0108
   27  1028  661  0.0588  0.0495  0.0109
   28  1027  661  0.0588  0.0495  0.0109
   29  1029  661  0.0589  0.0495  0.0109
   30  1026  662  0.0589  0.0495  0.0109
   31  1025  662  0.0589  0.0495  0.0109
   32  1024  662  0.0589  0.0495  0.0109
   33  1023  662  0.0589  0.0495  0.0109
   34  1022  662  0.0589  0.0495  0.0109
   35  1021  663  0.0588  0.0495  0.0109
   36  1020  663  0.0588  0.0495  0.0109
   37  1022  663  0.0589  0.0495  0.0109
   38  1020  664  0.0588  0.0495  0.0109
   39  1019  664  0.0588  0.0495  0.0109
   40  1017  664  0.0588  0.0495  0.0109
   41  1018  664  0.0588  0.0495  0.0109
   42  1014  665  0.0587  0.0494  0.0109
   43  1015  665  0.0587  0.0494  0.0109
   44  1016  665  0.0587  0.0494  0.0109
   45  1017  665  0.0588  0.0495  0.0109
   46  1011  665  0.0587  0.0495  0.0109
   47  1013  665  0.0586  0.0494  0.0109
   48  1012  665  0.0585  0.0493  0.0109
   49  1009  666  0.0586  0.0494  0.0109
   50  1008  666  0.0585  0.0494  0.0109
   51  1007  666  0.0585  0.0493  0.0108
   52  1006  666  0.0585  0.0494  0.0109
   53  1005  666  0.0585  0.0493  0.0109
   54  1004  666  0.0585  0.0494  0.0109
   55  1003  666  0.0585  0.0493  0.0109
   56  1010  666  0.0586  0.0494  0.0109
   57  1003  667  0.0585  0.0494  0.0109
   58  1002  667  0.0585  0.0494  0.0109
   59  1001  667  0.0585  0.0494  0.0108
   60  1000  667  0.0585  0.0494  0.0108
   61   999  668  0.0585  0.0494  0.0108
   62   998  668  0.0586  0.0494  0.0108
   63   997  668  0.0585  0.0494  0.0108
   64   996  668  0.0585  0.0494  0.0108
   65  1000  668  0.0586  0.0494  0.0108
   66   995  669  0.0586  0.0495  0.0109
   67   996  669  0.0585  0.0494  0.0108
   68   995  670  0.0588  0.0496  0.0109
   69   994  670  0.0585  0.0494  0.0108
   70   993  670  0.0586  0.0495  0.0109
   71   992  670  0.0586  0.0495  0.0109
   72   991  670  0.0585  0.0495  0.0109
   73   990  671  0.0585  0.0494  0.0109
   74   989  671  0.0586  0.0495  0.0109
   75   988  671  0.0585  0.0495  0.0109
   76   991  671  0.0584  0.0494  0.0109
   77   987  672  0.0585  0.0495  0.0109
   78   986  672  0.0584  0.0494  0.0109
   79   988  672  0.0585  0.0495  0.0109
   80   986  673  0.0585  0.0495  0.0109
   81   985  673  0.0585  0.0495  0.0109
   82   984  673  0.0584  0.0494  0.0109
   83   983  673  0.0583  0.0494  0.0109
   84   982  674  0.0583  0.0494  0.0109
   85   981  674  0.0583  0.0494  0.0109
   86   980  674  0.0583  0.0493  0.0109
   87   983  674  0.0583  0.0494  0.0109

    1  831  1028  0.0398  0.0344  0.0089
    2  832  1028  0.0398  0.0344  0.0089
    3  830  1029  0.0398  0.0343  0.0089
    4  829  1030  0.0397  0.0343  0.0089
    5  828  1030  0.0397  0.0343  0.0089
    6  827  1030  0.0397  0.0343  0.0089
    7  826  1030  0.0397  0.0343  0.0089
    8  825  1030  0.0396  0.0342  0.0089
    9  824  1030  0.0396  0.0342  0.0089
   10  823  1030  0.0396  0.0342  0.0089
   11  822  1030  0.0396  0.0342  0.0089
   12  821  1030  0.0395  0.0341  0.0089
   13  783  1038  0.0394  0.0342  0.0089
   14  782  1038  0.0394  0.0343  0.0089
   15  781  1038  0.0395  0.0343  0.0089
   16  784  1038  0.0393  0.0342  0.0089
   17  780  1039  0.0394  0.0343  0.0089
   18  779  1039  0.0394  0.0343  0.0089
   19  776  1040  0.0395  0.0343  0.0089
   20  777  1040  0.0395  0.0343  0.0089
   21  778  1040  0.0394  0.0343  0.0089
   22  774  1040  0.0395  0.0344  0.0090
   23  775  1040  0.0395  0.0344  0.0089
   24  773  1041  0.0395  0.0343  0.0089
   25  772  1041  0.0395  0.0344  0.0090
   26  771  1041  0.0395  0.0344  0.0090
   27  770  1041  0.0395  0.0344  0.0090
   28  774  1041  0.0395  0.0343  0.0089
   29  768  1042  0.0395  0.0344  0.0090
   30  767  1042  0.0395  0.0344  0.0090
   31  769  1042  0.0395  0.0344  0.0090
   32  767  1043  0.0395  0.0344  0.0090
   33  766  1043  0.0395  0.0344  0.0090
   34  765  1043  0.0395  0.0345  0.0090
   35  763  1044  0.0395  0.0344  0.0090
   36  761  1045  0.0395  0.0344  0.0090
   37  760  1045  0.0395  0.0344  0.0090
   38  762  1045  0.0394  0.0344  0.0090
   39  756  1046  0.0394  0.0344  0.0089
   40  757  1046  0.0394  0.0344  0.0090

     1  454  893  0.0453  0.0414  0.0098
     2  451  894  0.0452  0.0414  0.0098
     3  448  895  0.0452  0.0414  0.0098
     4  447  895  0.0452  0.0414  0.0098
     5  450  895  0.0452  0.0414  0.0098
     6  446  896  0.0451  0.0413  0.0098
     7  445  896  0.0451  0.0413  0.0098
     8  444  896  0.0452  0.0414  0.0098
     9  443  896  0.0451  0.0413  0.0098
    10  442  896  0.0451  0.0413  0.0098
    11  441  896  0.0450  0.0412  0.0098
    12  439  897  0.0451  0.0413  0.0098
    13  439  898  0.0449  0.0412  0.0098
    14  438  898  0.0449  0.0412  0.0098
    15  437  898  0.0450  0.0412  0.0098
    16  436  898  0.0449  0.0412  0.0098
    17  434  899  0.0449  0.0412  0.0098
    18  433  899  0.0448  0.0412  0.0098
    19  435  899  0.0449  0.0412  0.0098
    20  432  900  0.0448  0.0412  0.0098
    21  431  900  0.0450  0.0413  0.0098
    22  430  900  0.0449  0.0412  0.0098
    23  428  900  0.0449  0.0413  0.0098
    24  433  900  0.0448  0.0411  0.0098
    25  428  901  0.0448  0.0412  0.0097
    26  426  901  0.0449  0.0412  0.0098
    27  425  901  0.0450  0.0414  0.0098
    28  424  902  0.0449  0.0413  0.0098
    29  423  902  0.0451  0.0415  0.0098
    30  422  902  0.0451  0.0414  0.0098
    31  421  902  0.0451  0.0414  0.0098
    32  420  902  0.0451  0.0415  0.0098
    33  425  902  0.0449  0.0413  0.0098
    34  420  903  0.0451  0.0415  0.0098
    35  419  903  0.0450  0.0414  0.0098
    36  416  904  0.0451  0.0415  0.0098
    37  415  904  0.0451  0.0415  0.0098
    38  414  904  0.0450  0.0414  0.0098
    39  417  904  0.0450  0.0414  0.0098
    40  400  906  0.0447  0.0412  0.0098
    41  399  907  0.0445  0.0411  0.0098
    42  397  907  0.0447  0.0413  0.0098
    43  396  907  0.0444  0.0410  0.0097
    44  393  907  0.0447  0.0412  0.0098
    45  400  907  0.0446  0.0411  0.0098
    46  393  908  0.0444  0.0410  0.0097
    47  392  908  0.0445  0.0411  0.0098
    48  391  908  0.0446  0.0411  0.0098
    49  390  909  0.0445  0.0411  0.0098
    50  389  909  0.0446  0.0412  0.0098
    51  388  909  0.0446  0.0412  0.0098
    52  391  909  0.0445  0.0411  0.0098
    53  384  910  0.0448  0.0414  0.0098
    54  385  910  0.0448  0.0414  0.0098
    55  386  910  0.0448  0.0414  0.0098
    56  387  910  0.0447  0.0413  0.0098
    57  378  911  0.0446  0.0413  0.0098
    58  377  911  0.0447  0.0414  0.0098
    59  376  911  0.0447  0.0414  0.0098
    60  379  911  0.0445  0.0412  0.0098
    61  375  912  0.0448  0.0415  0.0098
    62  374  912  0.0444  0.0411  0.0098
    63  373  913  0.0447  0.0414  0.0098
    64  372  913  0.0446  0.0413  0.0098
    65  371  913  0.0445  0.0412  0.0098
    66  374  913  0.0447  0.0414  0.0098
    67  371  914  0.0447  0.0414  0.0098
    68  370  914  0.0447  0.0414  0.0098
    69  369  914  0.0446  0.0414  0.0098
    70  368  915  0.0448  0.0415  0.0098
    71  367  915  0.0448  0.0415  0.0098
    72  366  915  0.0448  0.0415  0.0098
    73  365  915  0.0447  0.0415  0.0098
    74  364  915  0.0448  0.0416  0.0098
    75  369  915  0.0446  0.0413  0.0098
    76  364  916  0.0448  0.0415  0.0098
    77  363  916  0.0447  0.0415  0.0098
    78  362  916  0.0446  0.0414  0.0098
    79  361  917  0.0447  0.0415  0.0098
    80  360  917  0.0447  0.0415  0.0098
    81  362  917  0.0446  0.0413  0.0098
    82  358  918  0.0447  0.0415  0.0098
    83  357  918  0.0447  0.0415  0.0098
    84  356  918  0.0446  0.0414  0.0098
    85  355  918  0.0445  0.0414  0.0098
    86  354  918  0.0446  0.0415  0.0098
    87  353  918  0.0446  0.0414  0.0098
    88  352  918  0.0446  0.0414  0.0098
    89  351  918  0.0446  0.0415  0.0098
    90  350  919  0.0444  0.0413  0.0098
    91  349  919  0.0444  0.0413  0.0098
    92  348  919  0.0444  0.0413  0.0098
    93  347  919  0.0445  0.0414  0.0098
    94  351  919  0.0445  0.0414  0.0098
    95  347  920  0.0444  0.0413  0.0098
    96  346  920  0.0445  0.0413  0.0098
    97  345  920  0.0444  0.0413  0.0098
    98  344  920  0.0444  0.0413  0.0098
    99  343  920  0.0443  0.0412  0.0098
   100  342  921  0.0445  0.0414  0.0098
   101  341  921  0.0444  0.0413  0.0098
   102  340  921  0.0444  0.0413  0.0098
   103  343  921  0.0445  0.0414  0.0098
   104  340  922  0.0445  0.0414  0.0098
   105  339  922  0.0443  0.0412  0.0098
   106  338  922  0.0444  0.0414  0.0098
   107  336  922  0.0445  0.0414  0.0099
   108  335  922  0.0445  0.0415  0.0099

    1  475  899  0.0452  0.0413  0.0098
    2  480  899  0.0453  0.0413  0.0098
    3  479  899  0.0453  0.0413  0.0098
    4  478  899  0.0453  0.0413  0.0098
    5  477  899  0.0453  0.0413  0.0098
    6  476  899  0.0453  0.0413  0.0098
    7  473  899  0.0453  0.0413  0.0098
    8  474  899  0.0453  0.0413  0.0098
    9  472  899  0.0453  0.0413  0.0098
   10  481  900  0.0453  0.0413  0.0098
   11  472  900  0.0452  0.0412  0.0098
   12  470  900  0.0452  0.0413  0.0098
   13  470  901  0.0452  0.0412  0.0098
   14  469  901  0.0452  0.0413  0.0098
   15  468  901  0.0452  0.0412  0.0098
   16  467  902  0.0451  0.0412  0.0098
   17  466  902  0.0451  0.0412  0.0098
   18  468  902  0.0451  0.0412  0.0098
   19  466  903  0.0451  0.0412  0.0098
   20  465  903  0.0450  0.0411  0.0098
   21  464  903  0.0450  0.0411  0.0098
   22  463  904  0.0450  0.0411  0.0098
   23  462  904  0.0449  0.0411  0.0098
   24  464  904  0.0450  0.0411  0.0098
   25  461  905  0.0449  0.0410  0.0098
   26  460  905  0.0448  0.0410  0.0098
   27  459  905  0.0449  0.0410  0.0098
   28  458  905  0.0448  0.0410  0.0098
   29  457  905  0.0448  0.0410  0.0098
   30  457  906  0.0449  0.0411  0.0098
   31  456  906  0.0448  0.0410  0.0098
   32  455  906  0.0448  0.0410  0.0098
   33  454  906  0.0448  0.0410  0.0098
   34  453  906  0.0448  0.0410  0.0098
   35  452  906  0.0448  0.0410  0.0098
   36  450  907  0.0448  0.0410  0.0098
   37  449  907  0.0448  0.0410  0.0098
   38  451  907  0.0448  0.0410  0.0098
   39  449  908  0.0448  0.0410  0.0098
   40  448  908  0.0448  0.0410  0.0098
   41  447  908  0.0448  0.0410  0.0098
   42  446  908  0.0448  0.0411  0.0098
   43  445  908  0.0448  0.0411  0.0098
   44  443  909  0.0448  0.0411  0.0098
   45  442  909  0.0449  0.0411  0.0098
   46  444  909  0.0448  0.0411  0.0098
   47  440  910  0.0448  0.0411  0.0098
   48  441  910  0.0448  0.0411  0.0098
   49  439  911  0.0448  0.0411  0.0098
   50  438  911  0.0448  0.0410  0.0098
   51  437  911  0.0448  0.0411  0.0098
   52  436  911  0.0448  0.0411  0.0098
   53  435  911  0.0448  0.0411  0.0098
   54  434  911  0.0448  0.0411  0.0098
   55  433  912  0.0448  0.0411  0.0098
   56  434  912  0.0448  0.0411  0.0098
   57  424  914  0.0447  0.0411  0.0098
   58  423  914  0.0447  0.0411  0.0098
   59  422  914  0.0447  0.0411  0.0098
   60  421  914  0.0447  0.0411  0.0098
   61  425  914  0.0447  0.0411  0.0098
   62  421  915  0.0446  0.0410  0.0098
   63  420  915  0.0446  0.0410  0.0098
   64  419  915  0.0446  0.0410  0.0098
   65  418  915  0.0446  0.0410  0.0098
   66  417  915  0.0446  0.0410  0.0098
   67  416  915  0.0445  0.0409  0.0098
   68  415  916  0.0445  0.0409  0.0098
   69  416  916  0.0445  0.0409  0.0098
   70  401  919  0.0442  0.0408  0.0098
   71  400  919  0.0443  0.0409  0.0098
   72  399  919  0.0443  0.0408  0.0098
   73  399  920  0.0442  0.0408  0.0098
   74  398  920  0.0442  0.0408  0.0098
   75  397  920  0.0441  0.0407  0.0098
   76  388  920  0.0442  0.0408  0.0098
   77  387  920  0.0443  0.0409  0.0098
   78  395  921  0.0441  0.0407  0.0098
   79  394  921  0.0442  0.0408  0.0098
   80  396  921  0.0441  0.0407  0.0098
   81  392  921  0.0442  0.0408  0.0098
   82  391  921  0.0441  0.0407  0.0098
   83  390  921  0.0442  0.0408  0.0098
   84  389  921  0.0441  0.0408  0.0098
   85  397  921  0.0441  0.0407  0.0098
   86  393  921  0.0442  0.0408  0.0098
   87  384  921  0.0442  0.0409  0.0098
   88  383  922  0.0441  0.0408  0.0098
   89  381  923  0.0441  0.0408  0.0098
   90  379  923  0.0442  0.0409  0.0098
   91  378  923  0.0443  0.0410  0.0098
   92  377  923  0.0441  0.0408  0.0098
   93  376  923  0.0440  0.0407  0.0098
   94  375  923  0.0444  0.0411  0.0098
   95  374  923  0.0444  0.0411  0.0098
   96  373  924  0.0443  0.0410  0.0098
   97  372  924  0.0444  0.0411  0.0098
   98  371  924  0.0445  0.0412  0.0098
   99  374  924  0.0441  0.0408  0.0098

    1  608  802  0.0498  0.0445  0.0102
    2  607  802  0.0498  0.0446  0.0102
    3  606  802  0.0498  0.0445  0.0102
    4  605  802  0.0497  0.0445  0.0102
    5  609  802  0.0498  0.0446  0.0102
    6  605  803  0.0498  0.0445  0.0102
    7  604  803  0.0498  0.0446  0.0102
    8  603  803  0.0498  0.0446  0.0102
    9  602  804  0.0498  0.0446  0.0102
   10  601  804  0.0499  0.0447  0.0102
   11  603  804  0.0498  0.0446  0.0102
   12  600  805  0.0498  0.0446  0.0102
   13  601  805  0.0498  0.0446  0.0102
   14  597  806  0.0497  0.0446  0.0102
   15  598  806  0.0498  0.0446  0.0102
   16  599  806  0.0497  0.0445  0.0102
   17  596  807  0.0497  0.0445  0.0102
   18  595  807  0.0497  0.0445  0.0102
   19  594  807  0.0497  0.0445  0.0102
   20  593  807  0.0496  0.0445  0.0102
   21  597  807  0.0498  0.0446  0.0102
   22  592  808  0.0496  0.0444  0.0102
   23  591  808  0.0495  0.0444  0.0102
   24  590  808  0.0495  0.0444  0.0102
   25  589  809  0.0494  0.0443  0.0102
   26  590  809  0.0494  0.0443  0.0102
   27  588  810  0.0493  0.0443  0.0102
   28  589  810  0.0494  0.0443  0.0102
   29  588  811  0.0494  0.0443  0.0102
