; ENVI Output of ROIs (5.4) [Tue Aug 13 17:57:09 2019]
; Number of ROIs: 17
; File Dimension: 1328 x 1184
;
; ROI name: Region #1
; ROI rgb value: {255, 0, 0}
; ROI npts: 169
;
; ROI name: Region #2
; ROI rgb value: {0, 255, 0}
; ROI npts: 113
;
; ROI name: Region #3
; ROI rgb value: {0, 0, 255}
; ROI npts: 119
;
; ROI name: Region #4
; ROI rgb value: {255, 255, 0}
; ROI npts: 99
;
; ROI name: Region #5
; ROI rgb value: {0, 255, 255}
; ROI npts: 55
;
; ROI name: Region #6
; ROI rgb value: {255, 0, 255}
; ROI npts: 67
;
; ROI name: Region #7
; ROI rgb value: {176, 48, 96}
; ROI npts: 113
;
; ROI name: Region #8
; ROI rgb value: {46, 139, 87}
; ROI npts: 92
;
; ROI name: Region #9
; ROI rgb value: {160, 32, 240}
; ROI npts: 84
;
; ROI name: Region #10
; ROI rgb value: {255, 127, 80}
; ROI npts: 96
;
; ROI name: Region #11
; ROI rgb value: {127, 255, 212}
; ROI npts: 177
;
; ROI name: Region #12
; ROI rgb value: {218, 112, 214}
; ROI npts: 199
;
; ROI name: Region #13
; ROI rgb value: {160, 82, 45}
; ROI npts: 150
;
; ROI name: Region #14
; ROI rgb value: {127, 255, 0}
; ROI npts: 141
;
; ROI name: Region #15
; ROI rgb value: {216, 191, 216}
; ROI npts: 99
;
; ROI name: Region #16
; ROI rgb value: {238, 0, 0}
; ROI npts: 81
;
; ROI name: Region #17
; ROI rgb value: {205, 0, 0}
; ROI npts: 310
;   ID     X    Y      B1      B2      B3
     1  1183  535  0.0286  0.0590  0.0035
     2  1182  536  0.0287  0.0591  0.0035
     3  1181  536  0.0287  0.0590  0.0035
     4  1183  536  0.0286  0.0591  0.0035
     5  1180  537  0.0287  0.0591  0.0036
     6  1181  537  0.0286  0.0590  0.0036
     7  1180  538  0.0287  0.0590  0.0036
     8  1179  538  0.0286  0.0588  0.0036
     9  1178  538  0.0286  0.0588  0.0035
    10  1178  539  0.0286  0.0589  0.0036
    11  1178  540  0.0285  0.0587  0.0036
    12  1176  541  0.0286  0.0589  0.0036
    13  1177  541  0.0286  0.0589  0.0036
    14  1175  542  0.0287  0.0590  0.0036
    15  1176  542  0.0286  0.0589  0.0036
    16  1174  543  0.0287  0.0589  0.0036
    17  1175  543  0.0286  0.0589  0.0036
    18  1174  544  0.0286  0.0589  0.0036
    19  1173  544  0.0286  0.0589  0.0036
    20  1172  544  0.0286  0.0589  0.0036
    21  1171  545  0.0286  0.0588  0.0036
    22  1170  545  0.0286  0.0588  0.0036
    23  1172  545  0.0286  0.0588  0.0036
    24  1169  546  0.0286  0.0588  0.0036
    25  1168  546  0.0286  0.0587  0.0036
    26  1170  546  0.0286  0.0587  0.0036
    27  1168  547  0.0286  0.0588  0.0036
    28  1167  547  0.0285  0.0587  0.0036
    29  1163  547  0.0285  0.0585  0.0036
    30  1165  547  0.0285  0.0585  0.0036
    31  1164  547  0.0285  0.0586  0.0036
    32  1163  548  0.0285  0.0585  0.0036
    33  1162  548  0.0284  0.0583  0.0036
    34  1161  548  0.0285  0.0584  0.0036
    35  1160  548  0.0285  0.0584  0.0036
    36  1159  548  0.0284  0.0583  0.0036
    37  1166  548  0.0285  0.0586  0.0036
    38  1158  549  0.0285  0.0585  0.0036
    39  1159  549  0.0284  0.0583  0.0036
    40  1157  550  0.0284  0.0583  0.0036
    41  1156  550  0.0284  0.0582  0.0036
    42  1155  550  0.0284  0.0582  0.0036
    43  1155  551  0.0284  0.0581  0.0036
    44  1153  552  0.0283  0.0580  0.0036
    45  1152  552  0.0283  0.0580  0.0036
    46  1154  552  0.0283  0.0580  0.0036
    47  1151  553  0.0283  0.0579  0.0036
    48  1150  553  0.0283  0.0580  0.0036
    49  1152  553  0.0283  0.0580  0.0036
    50  1150  554  0.0283  0.0580  0.0036
    51  1149  554  0.0283  0.0579  0.0036
    52  1148  554  0.0283  0.0579  0.0036
    53  1147  554  0.0283  0.0579  0.0036
    54  1145  554  0.0283  0.0578  0.0036
    55  1144  555  0.0283  0.0578  0.0036
    56  1143  555  0.0283  0.0578  0.0036
    57  1145  555  0.0283  0.0579  0.0036
    58  1141  556  0.0283  0.0578  0.0036
    59  1140  556  0.0283  0.0579  0.0036
    60  1142  556  0.0282  0.0578  0.0036
    61  1138  557  0.0283  0.0579  0.0036
    62  1138  558  0.0284  0.0581  0.0036
    63  1137  558  0.0285  0.0582  0.0036
    64  1136  558  0.0285  0.0582  0.0036
    65  1135  558  0.0285  0.0582  0.0036
    66  1134  558  0.0285  0.0582  0.0036
    67  1132  559  0.0285  0.0582  0.0036
    68  1133  559  0.0285  0.0581  0.0036
    69  1131  560  0.0285  0.0582  0.0036
    70  1132  560  0.0285  0.0581  0.0036
    71  1131  561  0.0283  0.0576  0.0036
    72  1130  561  0.0285  0.0582  0.0036
    73  1129  561  0.0287  0.0585  0.0036
    74  1128  561  0.0286  0.0583  0.0036
    75  1127  561  0.0286  0.0583  0.0036
    76  1126  561  0.0292  0.0594  0.0036
    77  1125  562  0.0284  0.0579  0.0036
    78  1124  562  0.0285  0.0580  0.0036
    79  1126  562  0.0290  0.0592  0.0036
    80  1123  563  0.0287  0.0586  0.0036
    81  1124  563  0.0283  0.0577  0.0036
    82  1121  564  0.0288  0.0586  0.0036
    83  1122  564  0.0285  0.0580  0.0036
    84  1118  565  0.0283  0.0575  0.0036
    85  1119  565  0.0287  0.0585  0.0036
    86  1120  565  0.0300  0.0612  0.0037
    87  1116  566  0.0282  0.0573  0.0036
    88  1117  566  0.0281  0.0572  0.0036
    89  1115  567  0.0282  0.0575  0.0036
    90  1115  568  0.0282  0.0575  0.0036
    91  1114  568  0.0286  0.0582  0.0036
    92  1113  569  0.0287  0.0583  0.0036
    93  1112  569  0.0282  0.0574  0.0036
    94  1110  569  0.0281  0.0570  0.0036
    95  1114  569  0.0285  0.0581  0.0036
    96  1110  570  0.0292  0.0593  0.0036
    97  1109  570  0.0284  0.0576  0.0036
    98  1108  570  0.0282  0.0572  0.0036
    99  1107  570  0.0279  0.0568  0.0036
   100  1106  570  0.0279  0.0567  0.0036
   101  1105  570  0.0295  0.0599  0.0037
   102  1103  571  0.0283  0.0574  0.0036
   103  1100  572  0.0286  0.0580  0.0036
   104  1101  572  0.0288  0.0584  0.0036
   105  1097  573  0.0286  0.0579  0.0036
   106  1098  573  0.0282  0.0571  0.0036
   107  1097  574  0.0282  0.0571  0.0036
   108  1096  574  0.0286  0.0581  0.0036
   109  1095  574  0.0281  0.0570  0.0036
   110  1094  574  0.0285  0.0577  0.0036
   111  1093  574  0.0283  0.0573  0.0036
   112  1091  575  0.0285  0.0578  0.0036
   113  1092  575  0.0285  0.0577  0.0036
   114  1091  576  0.0286  0.0580  0.0036
   115  1089  577  0.0289  0.0584  0.0036
   116  1088  577  0.0287  0.0581  0.0036
   117  1090  577  0.0288  0.0584  0.0036
   118  1087  579  0.0289  0.0584  0.0036
   119  1086  579  0.0287  0.0581  0.0036
   120  1085  579  0.0286  0.0578  0.0036
   121  1083  580  0.0282  0.0571  0.0036
   122  1084  580  0.0284  0.0575  0.0036
   123  1081  581  0.0282  0.0571  0.0036
   124  1080  581  0.0282  0.0569  0.0036
   125  1079  581  0.0281  0.0569  0.0036
   126  1082  581  0.0281  0.0568  0.0036
   127  1078  582  0.0281  0.0568  0.0036
   128  1077  582  0.0281  0.0568  0.0036
   129  1076  582  0.0282  0.0570  0.0036
   130  1075  582  0.0281  0.0567  0.0036
   131  1072  584  0.0281  0.0566  0.0036
   132  1071  584  0.0281  0.0566  0.0036
   133  1073  584  0.0281  0.0567  0.0036
   134  1070  585  0.0281  0.0566  0.0036
   135  1069  585  0.0281  0.0566  0.0036
   136  1071  585  0.0281  0.0567  0.0036
   137  1068  586  0.0281  0.0566  0.0036
   138  1066  587  0.0281  0.0566  0.0036
   139  1065  587  0.0281  0.0566  0.0036
   140  1064  587  0.0281  0.0566  0.0036
   141  1063  588  0.0282  0.0567  0.0036
   142  1062  588  0.0282  0.0567  0.0036
   143  1061  588  0.0281  0.0566  0.0036
   144  1060  588  0.0282  0.0567  0.0036
   145  1064  588  0.0281  0.0565  0.0036
   146  1059  589  0.0281  0.0566  0.0036
   147  1058  589  0.0281  0.0565  0.0036
   148  1060  589  0.0281  0.0566  0.0036
   149  1058  590  0.0281  0.0565  0.0036
   150  1057  590  0.0281  0.0564  0.0036
   151  1055  591  0.0281  0.0564  0.0036
   152  1054  591  0.0280  0.0564  0.0036
   153  1053  591  0.0281  0.0565  0.0036
   154  1056  591  0.0281  0.0564  0.0036
   155  1053  592  0.0281  0.0564  0.0036
   156  1052  593  0.0280  0.0563  0.0036
   157  1050  594  0.0280  0.0563  0.0036
   158  1049  594  0.0281  0.0563  0.0036
   159  1051  594  0.0280  0.0563  0.0036
   160  1049  595  0.0280  0.0563  0.0036
   161  1048  595  0.0281  0.0563  0.0036
   162  1047  595  0.0280  0.0562  0.0036
   163  1046  595  0.0281  0.0563  0.0036
   164  1045  595  0.0281  0.0563  0.0036
   165  1044  595  0.0281  0.0564  0.0036
   166  1043  595  0.0281  0.0564  0.0036
   167  1042  596  0.0280  0.0562  0.0036
   168  1041  596  0.0280  0.0562  0.0036
   169  1043  596  0.0280  0.0563  0.0036

     1  1032  539  0.0291  0.0583  0.0035
     2  1031  540  0.0291  0.0582  0.0035
     3  1032  540  0.0291  0.0582  0.0035
     4  1029  542  0.0291  0.0583  0.0035
     5  1030  542  0.0291  0.0583  0.0035
     6  1029  543  0.0291  0.0583  0.0035
     7  1029  544  0.0291  0.0583  0.0035
     8  1028  544  0.0291  0.0583  0.0035
     9  1028  545  0.0291  0.0582  0.0035
    10  1027  546  0.0292  0.0585  0.0035
    11  1028  546  0.0291  0.0583  0.0035
    12  1026  547  0.0292  0.0584  0.0035
    13  1027  547  0.0291  0.0583  0.0035
    14  1026  548  0.0291  0.0583  0.0035
    15  1025  548  0.0292  0.0584  0.0035
    16  1024  549  0.0292  0.0584  0.0035
    17  1023  549  0.0291  0.0583  0.0035
    18  1025  549  0.0291  0.0582  0.0035
    19  1022  550  0.0291  0.0583  0.0035
    20  1021  550  0.0292  0.0583  0.0035
    21  1023  550  0.0292  0.0583  0.0035
    22  1020  551  0.0290  0.0580  0.0035
    23  1018  552  0.0290  0.0580  0.0035
    24  1019  552  0.0290  0.0580  0.0035
    25  1017  553  0.0289  0.0578  0.0035
    26  1018  553  0.0290  0.0580  0.0035
    27  1015  554  0.0290  0.0580  0.0035
    28  1016  554  0.0291  0.0582  0.0035
    29  1014  555  0.0291  0.0582  0.0035
    30  1013  555  0.0291  0.0581  0.0035
    31  1012  556  0.0291  0.0580  0.0035
    32  1013  556  0.0291  0.0580  0.0035
    33  1012  557  0.0290  0.0579  0.0035
    34  1011  557  0.0290  0.0578  0.0035
    35  1010  557  0.0290  0.0579  0.0035
    36  1009  557  0.0290  0.0578  0.0035
    37  1008  558  0.0290  0.0579  0.0035
    38  1009  558  0.0290  0.0579  0.0035
    39  1007  559  0.0290  0.0577  0.0035
    40  1006  559  0.0289  0.0577  0.0035
    41  1008  559  0.0290  0.0578  0.0035
    42  1006  560  0.0290  0.0578  0.0035
    43  1005  560  0.0289  0.0576  0.0035
    44  1004  560  0.0289  0.0575  0.0035
    45  1003  561  0.0289  0.0576  0.0035
    46  1002  561  0.0288  0.0574  0.0035
    47  1004  561  0.0289  0.0576  0.0035
    48  1001  562  0.0288  0.0573  0.0035
    49  1002  562  0.0288  0.0574  0.0035
    50  1001  563  0.0288  0.0573  0.0035
    51  1000  563  0.0288  0.0574  0.0035
    52   999  563  0.0287  0.0571  0.0035
    53   998  564  0.0287  0.0571  0.0035
    54   997  564  0.0287  0.0570  0.0035
    55   996  564  0.0287  0.0571  0.0035
    56   999  564  0.0287  0.0571  0.0035
    57   994  565  0.0286  0.0570  0.0035
    58   993  566  0.0286  0.0570  0.0035
    59   992  566  0.0286  0.0569  0.0035
    60   994  566  0.0287  0.0570  0.0035
    61   992  567  0.0286  0.0569  0.0035
    62   991  568  0.0286  0.0569  0.0035
    63   990  568  0.0286  0.0569  0.0035
    64   989  568  0.0286  0.0569  0.0035
    65   988  569  0.0286  0.0569  0.0035
    66   987  569  0.0287  0.0569  0.0035
    67   986  569  0.0286  0.0569  0.0035
    68   985  569  0.0287  0.0569  0.0035
    69   984  569  0.0286  0.0569  0.0035
    70   989  569  0.0286  0.0569  0.0035
    71   983  570  0.0286  0.0569  0.0035
    72   982  570  0.0286  0.0568  0.0035
    73   980  570  0.0287  0.0568  0.0035
    74   978  571  0.0286  0.0568  0.0035
    75   977  571  0.0287  0.0568  0.0035
    76   979  571  0.0286  0.0568  0.0035
    77   975  572  0.0286  0.0567  0.0035
    78   976  572  0.0286  0.0567  0.0035
    79   975  573  0.0286  0.0566  0.0035
    80   974  573  0.0286  0.0567  0.0035
    81   973  574  0.0286  0.0566  0.0035
    82   972  574  0.0286  0.0566  0.0035
    83   974  574  0.0286  0.0566  0.0035
    84   972  575  0.0285  0.0565  0.0035
    85   971  575  0.0285  0.0565  0.0035
    86   970  575  0.0285  0.0565  0.0035
    87   969  575  0.0285  0.0564  0.0035
    88   968  575  0.0285  0.0565  0.0035
    89   967  575  0.0286  0.0565  0.0035
    90   966  575  0.0285  0.0565  0.0035
    91   965  575  0.0286  0.0566  0.0035
    92   964  575  0.0286  0.0565  0.0035
    93   963  576  0.0286  0.0565  0.0035
    94   962  576  0.0286  0.0565  0.0035
    95   964  576  0.0286  0.0565  0.0035
    96   961  577  0.0286  0.0565  0.0035
    97   962  577  0.0286  0.0566  0.0035
    98   959  578  0.0286  0.0565  0.0035
    99   958  578  0.0286  0.0565  0.0035
   100   960  578  0.0286  0.0565  0.0035
   101   957  579  0.0286  0.0564  0.0035
   102   956  579  0.0286  0.0564  0.0035
   103   955  579  0.0286  0.0564  0.0035
   104   954  580  0.0286  0.0564  0.0035
   105   955  580  0.0286  0.0564  0.0035
   106   952  581  0.0285  0.0563  0.0035
   107   953  581  0.0285  0.0563  0.0035
   108   951  582  0.0285  0.0562  0.0035
   109   950  582  0.0285  0.0562  0.0035
   110   950  583  0.0285  0.0562  0.0035
   111   949  584  0.0285  0.0562  0.0035
   112   948  584  0.0285  0.0562  0.0035
   113   950  584  0.0285  0.0562  0.0035

     1  1023  529  0.0291  0.0583  0.0034
     2  1024  529  0.0291  0.0583  0.0034
     3  1022  530  0.0291  0.0582  0.0034
     4  1021  530  0.0291  0.0582  0.0034
     5  1023  530  0.0291  0.0582  0.0034
     6  1021  531  0.0291  0.0582  0.0034
     7  1020  532  0.0291  0.0582  0.0034
     8  1019  532  0.0291  0.0582  0.0034
     9  1017  533  0.0291  0.0582  0.0034
    10  1018  533  0.0291  0.0582  0.0034
    11  1016  534  0.0291  0.0582  0.0034
    12  1016  535  0.0291  0.0582  0.0034
    13  1015  536  0.0291  0.0581  0.0034
    14  1014  536  0.0291  0.0582  0.0034
    15  1012  537  0.0291  0.0582  0.0034
    16  1011  537  0.0292  0.0582  0.0034
    17  1013  537  0.0291  0.0582  0.0034
    18  1009  538  0.0291  0.0581  0.0034
    19  1010  538  0.0291  0.0581  0.0034
    20  1008  539  0.0291  0.0581  0.0035
    21  1007  539  0.0291  0.0580  0.0035
    22  1006  539  0.0291  0.0580  0.0034
    23  1005  539  0.0291  0.0580  0.0034
    24  1005  540  0.0291  0.0580  0.0035
    25  1003  541  0.0291  0.0580  0.0035
    26  1004  541  0.0291  0.0580  0.0035
    27  1003  542  0.0291  0.0580  0.0035
    28  1002  543  0.0291  0.0579  0.0035
    29  1001  543  0.0291  0.0579  0.0035
    30  1000  543  0.0291  0.0580  0.0035
    31   998  544  0.0291  0.0579  0.0035
    32   997  544  0.0290  0.0578  0.0035
    33   996  544  0.0291  0.0579  0.0035
    34   999  544  0.0290  0.0578  0.0035
    35   996  545  0.0290  0.0577  0.0035
    36   994  545  0.0291  0.0580  0.0035
    37   994  546  0.0291  0.0580  0.0035
    38   992  547  0.0290  0.0576  0.0035
    39   993  547  0.0290  0.0576  0.0035
    40   991  548  0.0290  0.0576  0.0035
    41   990  548  0.0290  0.0577  0.0035
    42   989  548  0.0291  0.0578  0.0035
    43   988  548  0.0290  0.0577  0.0035
    44   987  548  0.0290  0.0576  0.0035
    45   986  548  0.0291  0.0578  0.0035
    46   985  548  0.0291  0.0578  0.0035
    47   984  548  0.0290  0.0577  0.0035
    48   982  549  0.0288  0.0573  0.0034
    49   983  549  0.0289  0.0574  0.0035
    50   981  550  0.0289  0.0574  0.0035
    51   982  550  0.0289  0.0574  0.0035
    52   981  551  0.0288  0.0572  0.0035
    53   980  551  0.0289  0.0573  0.0035
    54   979  552  0.0289  0.0574  0.0035
    55   980  552  0.0288  0.0572  0.0035
    56   976  554  0.0288  0.0571  0.0035
    57   975  554  0.0288  0.0571  0.0035
    58   977  554  0.0288  0.0571  0.0035
    59   972  555  0.0289  0.0572  0.0035
    60   973  555  0.0288  0.0571  0.0035
    61   974  555  0.0288  0.0571  0.0035
    62   971  556  0.0289  0.0573  0.0035
    63   970  556  0.0289  0.0573  0.0035
    64   969  556  0.0290  0.0574  0.0035
    65   968  556  0.0289  0.0572  0.0035
    66   972  556  0.0289  0.0572  0.0035
    67   968  557  0.0289  0.0571  0.0035
    68   967  557  0.0288  0.0571  0.0035
    69   965  559  0.0288  0.0571  0.0035
    70   964  559  0.0289  0.0572  0.0035
    71   966  559  0.0288  0.0571  0.0035
    72   962  560  0.0289  0.0571  0.0035
    73   963  560  0.0288  0.0570  0.0035
    74   962  561  0.0288  0.0571  0.0035
    75   961  561  0.0289  0.0570  0.0035
    76   960  561  0.0288  0.0570  0.0035
    77   959  561  0.0288  0.0570  0.0035
    78   958  561  0.0289  0.0570  0.0035
    79   957  562  0.0288  0.0569  0.0035
    80   956  562  0.0288  0.0570  0.0035
    81   955  562  0.0288  0.0570  0.0035
    82   954  562  0.0289  0.0571  0.0035
    83   958  562  0.0288  0.0570  0.0035
    84   954  563  0.0289  0.0570  0.0035
    85   953  563  0.0289  0.0571  0.0035
    86   952  563  0.0289  0.0571  0.0035
    87   950  564  0.0289  0.0570  0.0035
    88   951  564  0.0289  0.0570  0.0035
    89   950  565  0.0288  0.0568  0.0035
    90   949  566  0.0288  0.0569  0.0035
    91   948  566  0.0288  0.0568  0.0035
    92   947  566  0.0288  0.0568  0.0035
    93   946  566  0.0288  0.0568  0.0035
    94   945  566  0.0288  0.0567  0.0035
    95   944  566  0.0288  0.0567  0.0035
    96   943  566  0.0288  0.0567  0.0035
    97   942  566  0.0288  0.0567  0.0035
    98   940  567  0.0288  0.0567  0.0035
    99   939  567  0.0288  0.0567  0.0035
   100   941  567  0.0288  0.0567  0.0035
   101   939  568  0.0288  0.0567  0.0035
   102   938  568  0.0288  0.0567  0.0035
   103   937  568  0.0288  0.0568  0.0035
   104   936  568  0.0288  0.0568  0.0035
   105   935  568  0.0288  0.0567  0.0035
   106   934  568  0.0288  0.0567  0.0035
   107   933  568  0.0288  0.0567  0.0035
   108   932  568  0.0288  0.0567  0.0035
   109   931  568  0.0288  0.0567  0.0035
   110   930  569  0.0288  0.0566  0.0035
   111   929  569  0.0288  0.0566  0.0035
   112   931  569  0.0288  0.0566  0.0035
   113   928  570  0.0287  0.0565  0.0035
   114   927  570  0.0287  0.0564  0.0035
   115   926  570  0.0287  0.0564  0.0035
   116   925  570  0.0287  0.0564  0.0035
   117   924  570  0.0288  0.0565  0.0035
   118   922  570  0.0287  0.0564  0.0035
   119   921  570  0.0287  0.0564  0.0035

    1  1020  469  0.0303  0.0607  0.0033
    2  1021  469  0.0303  0.0606  0.0032
    3  1020  470  0.0303  0.0607  0.0033
    4  1019  470  0.0303  0.0607  0.0033
    5  1018  470  0.0304  0.0608  0.0033
    6  1017  470  0.0304  0.0607  0.0033
    7  1016  470  0.0303  0.0606  0.0032
    8  1015  470  0.0304  0.0607  0.0033
    9  1015  471  0.0304  0.0609  0.0033
   10  1014  472  0.0303  0.0606  0.0033
   11  1013  472  0.0303  0.0606  0.0033
   12  1012  472  0.0304  0.0608  0.0033
   13  1011  472  0.0304  0.0607  0.0033
   14  1010  473  0.0304  0.0607  0.0033
   15  1009  473  0.0302  0.0603  0.0032
   16  1007  473  0.0301  0.0601  0.0032
   17  1006  473  0.0304  0.0606  0.0033
   18  1011  473  0.0304  0.0607  0.0033
   19  1006  474  0.0301  0.0600  0.0032
   20  1005  474  0.0303  0.0605  0.0033
   21  1004  474  0.0304  0.0607  0.0033
   22  1003  474  0.0304  0.0606  0.0033
   23  1002  474  0.0303  0.0605  0.0033
   24  1002  475  0.0303  0.0605  0.0033
   25  1001  475  0.0302  0.0603  0.0033
   26  1000  476  0.0303  0.0605  0.0033
   27   999  476  0.0303  0.0604  0.0033
   28   998  476  0.0303  0.0604  0.0033
   29  1001  476  0.0303  0.0604  0.0033
   30   997  477  0.0302  0.0602  0.0033
   31   997  478  0.0301  0.0600  0.0033
   32   996  478  0.0302  0.0602  0.0033
   33   994  478  0.0301  0.0600  0.0033
   34   993  479  0.0301  0.0599  0.0033
   35   994  479  0.0301  0.0600  0.0033
   36   993  480  0.0301  0.0599  0.0033
   37   992  480  0.0301  0.0600  0.0033
   38   991  481  0.0301  0.0599  0.0033
   39   990  481  0.0301  0.0599  0.0033
   40   989  481  0.0301  0.0598  0.0033
   41   988  481  0.0301  0.0599  0.0033
   42   987  481  0.0301  0.0598  0.0033
   43   986  481  0.0301  0.0599  0.0033
   44   985  481  0.0301  0.0599  0.0033
   45   984  482  0.0301  0.0598  0.0033
   46   983  482  0.0300  0.0597  0.0033
   47   985  482  0.0301  0.0598  0.0033
   48   983  483  0.0301  0.0598  0.0033
   49   982  483  0.0301  0.0598  0.0033
   50   981  483  0.0301  0.0599  0.0033
   51   980  484  0.0301  0.0597  0.0033
   52   981  484  0.0301  0.0598  0.0033
   53   979  485  0.0300  0.0596  0.0033
   54   980  485  0.0300  0.0596  0.0033
   55   979  486  0.0300  0.0595  0.0033
   56   978  486  0.0299  0.0595  0.0033
   57   977  486  0.0300  0.0595  0.0033
   58   976  487  0.0300  0.0595  0.0033
   59   975  487  0.0300  0.0595  0.0033
   60   977  487  0.0300  0.0595  0.0033
   61   975  488  0.0300  0.0595  0.0033
   62   974  488  0.0300  0.0595  0.0033
   63   973  489  0.0299  0.0594  0.0033
   64   972  489  0.0300  0.0595  0.0033
   65   974  489  0.0300  0.0595  0.0033
   66   971  490  0.0299  0.0593  0.0033
   67   970  490  0.0299  0.0593  0.0033
   68   969  490  0.0299  0.0593  0.0033
   69   968  491  0.0299  0.0592  0.0033
   70   967  491  0.0298  0.0591  0.0033
   71   969  491  0.0298  0.0592  0.0033
   72   967  492  0.0298  0.0591  0.0033
   73   966  492  0.0299  0.0591  0.0033
   74   965  492  0.0299  0.0592  0.0033
   75   964  492  0.0299  0.0592  0.0033
   76   963  493  0.0299  0.0591  0.0033
   77   962  493  0.0299  0.0592  0.0033
   78   964  493  0.0299  0.0592  0.0033
   79   961  494  0.0299  0.0592  0.0033
   80   962  494  0.0299  0.0592  0.0033
   81   961  495  0.0298  0.0591  0.0033
   82   960  495  0.0298  0.0591  0.0033
   83   959  495  0.0299  0.0591  0.0033
   84   958  495  0.0298  0.0590  0.0033
   85   957  495  0.0299  0.0591  0.0033
   86   956  496  0.0299  0.0591  0.0033
   87   955  496  0.0299  0.0591  0.0033
   88   954  496  0.0299  0.0591  0.0033
   89   953  496  0.0299  0.0591  0.0033
   90   953  497  0.0299  0.0591  0.0033
   91   952  498  0.0298  0.0590  0.0033
   92   951  498  0.0299  0.0591  0.0033
   93   953  498  0.0299  0.0591  0.0033
   94   950  499  0.0298  0.0588  0.0033
   95   949  499  0.0298  0.0589  0.0033
   96   948  499  0.0298  0.0588  0.0033
   97   947  499  0.0298  0.0588  0.0033
   98   946  499  0.0298  0.0589  0.0033
   99   945  499  0.0298  0.0589  0.0033

    1  947  467  0.0305  0.0602  0.0032
    2  946  467  0.0304  0.0601  0.0032
    3  948  467  0.0304  0.0601  0.0032
    4  944  468  0.0304  0.0601  0.0032
    5  943  468  0.0305  0.0601  0.0032
    6  945  468  0.0304  0.0600  0.0032
    7  943  469  0.0304  0.0600  0.0032
    8  942  469  0.0303  0.0598  0.0032
    9  941  469  0.0305  0.0601  0.0032
   10  940  469  0.0304  0.0599  0.0032
   11  938  470  0.0305  0.0600  0.0032
   12  939  470  0.0305  0.0600  0.0032
   13  938  471  0.0303  0.0596  0.0032
   14  937  471  0.0302  0.0596  0.0032
   15  935  472  0.0305  0.0602  0.0032
   16  934  472  0.0302  0.0595  0.0032
   17  936  472  0.0303  0.0597  0.0032
   18  933  473  0.0304  0.0599  0.0032
   19  932  473  0.0305  0.0600  0.0032
   20  931  473  0.0304  0.0598  0.0032
   21  930  473  0.0304  0.0599  0.0032
   22  929  473  0.0303  0.0595  0.0032
   23  928  473  0.0304  0.0598  0.0032
   24  927  473  0.0303  0.0597  0.0032
   25  926  474  0.0302  0.0594  0.0032
   26  927  474  0.0303  0.0596  0.0032
   27  926  475  0.0303  0.0596  0.0032
   28  925  475  0.0303  0.0596  0.0032
   29  923  476  0.0303  0.0596  0.0032
   30  922  476  0.0302  0.0594  0.0032
   31  924  476  0.0303  0.0596  0.0032
   32  922  477  0.0302  0.0594  0.0032
   33  921  477  0.0302  0.0593  0.0032
   34  920  477  0.0302  0.0593  0.0032
   35  919  477  0.0303  0.0595  0.0032
   36  918  477  0.0302  0.0594  0.0032
   37  916  478  0.0303  0.0594  0.0032
   38  915  478  0.0302  0.0594  0.0032
   39  917  478  0.0303  0.0596  0.0032
   40  914  479  0.0302  0.0593  0.0032
   41  913  479  0.0302  0.0593  0.0032
   42  912  479  0.0302  0.0592  0.0032
   43  910  480  0.0302  0.0592  0.0032
   44  909  480  0.0302  0.0592  0.0032
   45  908  480  0.0302  0.0592  0.0032
   46  907  480  0.0302  0.0592  0.0032
   47  911  480  0.0302  0.0592  0.0032
   48  907  481  0.0302  0.0592  0.0032
   49  906  481  0.0302  0.0592  0.0032
   50  905  482  0.0302  0.0592  0.0032
   51  904  482  0.0301  0.0591  0.0032
   52  903  482  0.0302  0.0591  0.0032
   53  901  482  0.0301  0.0590  0.0032
   54  900  482  0.0302  0.0590  0.0032
   55  906  482  0.0302  0.0591  0.0032

    1  664  480  0.0306  0.0574  0.0030
    2  663  480  0.0306  0.0574  0.0030
    3  665  480  0.0306  0.0575  0.0030
    4  662  481  0.0306  0.0574  0.0030
    5  661  481  0.0306  0.0574  0.0030
    6  663  481  0.0306  0.0574  0.0030
    7  660  482  0.0306  0.0573  0.0030
    8  659  482  0.0306  0.0574  0.0030
    9  658  483  0.0306  0.0573  0.0030
   10  659  483  0.0306  0.0574  0.0030
   11  656  484  0.0306  0.0573  0.0030
   12  655  484  0.0307  0.0574  0.0030
   13  654  484  0.0306  0.0574  0.0030
   14  657  484  0.0307  0.0575  0.0030
   15  654  485  0.0306  0.0574  0.0030
   16  653  485  0.0306  0.0573  0.0030
   17  652  485  0.0307  0.0574  0.0030
   18  651  485  0.0307  0.0574  0.0030
   19  650  486  0.0307  0.0574  0.0030
   20  649  486  0.0307  0.0574  0.0030
   21  648  486  0.0307  0.0574  0.0030
   22  647  486  0.0307  0.0573  0.0030
   23  646  486  0.0306  0.0573  0.0030
   24  651  486  0.0307  0.0574  0.0030
   25  646  487  0.0307  0.0574  0.0030
   26  645  487  0.0307  0.0573  0.0030
   27  644  487  0.0307  0.0574  0.0030
   28  643  487  0.0307  0.0573  0.0030
   29  642  487  0.0307  0.0573  0.0030
   30  641  487  0.0307  0.0573  0.0030
   31  641  488  0.0307  0.0573  0.0030
   32  640  488  0.0307  0.0573  0.0031
   33  637  488  0.0307  0.0573  0.0030
   34  638  488  0.0307  0.0573  0.0030
   35  639  488  0.0307  0.0573  0.0030
   36  635  489  0.0307  0.0573  0.0031
   37  634  489  0.0307  0.0573  0.0031
   38  636  489  0.0307  0.0573  0.0031
   39  633  490  0.0307  0.0573  0.0031
   40  632  490  0.0307  0.0573  0.0031
   41  631  490  0.0307  0.0572  0.0031
   42  629  491  0.0307  0.0573  0.0031
   43  628  491  0.0307  0.0572  0.0031
   44  627  491  0.0307  0.0573  0.0031
   45  626  491  0.0307  0.0572  0.0031
   46  630  491  0.0308  0.0573  0.0031
   47  626  492  0.0307  0.0573  0.0031
   48  625  492  0.0307  0.0572  0.0031
   49  624  492  0.0307  0.0571  0.0030
   50  623  492  0.0307  0.0572  0.0031
   51  608  492  0.0310  0.0575  0.0031
   52  607  492  0.0310  0.0576  0.0031
   53  609  492  0.0310  0.0576  0.0031
   54  610  492  0.0309  0.0575  0.0031
   55  611  492  0.0310  0.0575  0.0031
   56  612  492  0.0309  0.0574  0.0031
   57  617  493  0.0308  0.0573  0.0031
   58  616  493  0.0308  0.0574  0.0031
   59  615  493  0.0308  0.0573  0.0031
   60  614  493  0.0308  0.0573  0.0031
   61  613  493  0.0309  0.0574  0.0031
   62  618  493  0.0307  0.0572  0.0031
   63  619  493  0.0308  0.0573  0.0031
   64  620  493  0.0308  0.0572  0.0031
   65  621  493  0.0307  0.0571  0.0031
   66  623  493  0.0307  0.0572  0.0031
   67  622  493  0.0307  0.0572  0.0031

     1  710  275  0.0475  0.0901  0.0030
     2  711  275  0.0475  0.0901  0.0030
     3  710  276  0.0474  0.0899  0.0030
     4  709  277  0.0474  0.0898  0.0030
     5  710  277  0.0474  0.0898  0.0030
     6  708  278  0.0473  0.0896  0.0030
     7  707  278  0.0473  0.0896  0.0030
     8  706  278  0.0473  0.0897  0.0030
     9  705  279  0.0472  0.0895  0.0030
    10  704  279  0.0473  0.0896  0.0030
    11  703  279  0.0473  0.0895  0.0030
    12  702  279  0.0472  0.0895  0.0030
    13  701  279  0.0473  0.0895  0.0030
    14  700  279  0.0473  0.0895  0.0030
    15  706  279  0.0472  0.0895  0.0030
    16  699  280  0.0472  0.0894  0.0030
    17  698  280  0.0472  0.0893  0.0030
    18  697  280  0.0472  0.0893  0.0030
    19  696  280  0.0473  0.0895  0.0030
    20  695  281  0.0472  0.0893  0.0030
    21  694  281  0.0473  0.0895  0.0030
    22  693  281  0.0472  0.0892  0.0030
    23  692  281  0.0473  0.0894  0.0030
    24  696  281  0.0472  0.0894  0.0030
    25  692  282  0.0472  0.0892  0.0030
    26  691  282  0.0473  0.0893  0.0030
    27  690  282  0.0472  0.0892  0.0030
    28  689  283  0.0473  0.0893  0.0030
    29  688  283  0.0473  0.0893  0.0030
    30  690  283  0.0473  0.0894  0.0030
    31  688  284  0.0473  0.0893  0.0030
    32  687  284  0.0473  0.0892  0.0030
    33  686  284  0.0472  0.0891  0.0030
    34  685  284  0.0472  0.0891  0.0030
    35  682  285  0.0472  0.0890  0.0030
    36  681  285  0.0472  0.0889  0.0030
    37  680  285  0.0474  0.0894  0.0030
    38  679  285  0.0473  0.0892  0.0030
    39  684  285  0.0473  0.0892  0.0030
    40  678  286  0.0473  0.0891  0.0030
    41  677  286  0.0473  0.0891  0.0030
    42  676  286  0.0472  0.0890  0.0030
    43  675  286  0.0473  0.0891  0.0030
    44  674  286  0.0473  0.0891  0.0030
    45  673  286  0.0473  0.0890  0.0030
    46  672  287  0.0473  0.0890  0.0030
    47  673  287  0.0473  0.0891  0.0030
    48  671  288  0.0472  0.0889  0.0031
    49  670  288  0.0472  0.0888  0.0030
    50  669  289  0.0472  0.0889  0.0031
    51  668  289  0.0472  0.0888  0.0031
    52  667  289  0.0472  0.0888  0.0031
    53  665  289  0.0472  0.0887  0.0031
    54  666  289  0.0472  0.0888  0.0031
    55  660  290  0.0471  0.0885  0.0031
    56  663  290  0.0471  0.0885  0.0031
    57  664  290  0.0471  0.0885  0.0031
    58  665  290  0.0472  0.0887  0.0031
    59  659  290  0.0471  0.0885  0.0031
    60  662  290  0.0471  0.0885  0.0031
    61  661  290  0.0471  0.0885  0.0031
    62  658  291  0.0471  0.0884  0.0031
    63  657  291  0.0471  0.0884  0.0031
    64  656  291  0.0470  0.0883  0.0031
    65  655  291  0.0471  0.0884  0.0031
    66  654  291  0.0472  0.0885  0.0031
    67  653  291  0.0471  0.0884  0.0031
    68  651  292  0.0472  0.0885  0.0031
    69  650  292  0.0472  0.0885  0.0031
    70  649  292  0.0472  0.0885  0.0031
    71  652  292  0.0471  0.0883  0.0031
    72  648  293  0.0472  0.0885  0.0031
    73  647  293  0.0472  0.0885  0.0031
    74  646  293  0.0472  0.0885  0.0031
    75  645  293  0.0472  0.0884  0.0031
    76  643  294  0.0472  0.0885  0.0031
    77  642  294  0.0472  0.0884  0.0031
    78  641  294  0.0472  0.0884  0.0031
    79  640  294  0.0472  0.0884  0.0031
    80  644  294  0.0473  0.0885  0.0031
    81  640  295  0.0472  0.0884  0.0031
    82  639  295  0.0472  0.0883  0.0031
    83  638  295  0.0472  0.0884  0.0031
    84  636  296  0.0472  0.0883  0.0031
    85  635  296  0.0472  0.0884  0.0031
    86  637  296  0.0472  0.0882  0.0031
    87  635  297  0.0473  0.0884  0.0031
    88  634  297  0.0473  0.0884  0.0031
    89  633  297  0.0473  0.0884  0.0031
    90  632  297  0.0473  0.0884  0.0031
    91  631  297  0.0473  0.0884  0.0031
    92  630  297  0.0473  0.0884  0.0031
    93  629  297  0.0473  0.0884  0.0031
    94  626  298  0.0473  0.0883  0.0031
    95  627  298  0.0473  0.0883  0.0031
    96  624  299  0.0472  0.0881  0.0031
    97  625  299  0.0472  0.0881  0.0031
    98  624  300  0.0473  0.0882  0.0031
    99  623  300  0.0473  0.0882  0.0031
   100  622  300  0.0473  0.0883  0.0031
   101  621  300  0.0474  0.0884  0.0031
   102  620  300  0.0473  0.0883  0.0031
   103  619  300  0.0474  0.0884  0.0031
   104  618  300  0.0473  0.0883  0.0031
   105  616  301  0.0473  0.0882  0.0031
   106  615  301  0.0474  0.0883  0.0031
   107  617  301  0.0473  0.0882  0.0031
   108  615  302  0.0474  0.0883  0.0031
   109  614  302  0.0474  0.0883  0.0031
   110  611  303  0.0474  0.0882  0.0031
   111  610  303  0.0474  0.0883  0.0031
   112  609  303  0.0474  0.0883  0.0031
   113  612  303  0.0474  0.0883  0.0031

    1  728  278  0.0476  0.0906  0.0031
    2  727  278  0.0476  0.0905  0.0031
    3  729  278  0.0477  0.0907  0.0031
    4  725  279  0.0474  0.0901  0.0031
    5  726  279  0.0474  0.0902  0.0031
    6  724  280  0.0473  0.0899  0.0031
    7  725  280  0.0473  0.0900  0.0031
    8  724  281  0.0472  0.0897  0.0031
    9  723  282  0.0472  0.0897  0.0031
   10  722  282  0.0472  0.0898  0.0031
   11  721  282  0.0472  0.0897  0.0031
   12  720  282  0.0472  0.0897  0.0031
   13  719  282  0.0472  0.0896  0.0031
   14  718  282  0.0472  0.0896  0.0031
   15  717  283  0.0472  0.0897  0.0031
   16  716  283  0.0472  0.0896  0.0031
   17  715  283  0.0471  0.0895  0.0031
   18  714  283  0.0472  0.0895  0.0031
   19  718  283  0.0472  0.0896  0.0031
   20  713  284  0.0472  0.0895  0.0031
   21  712  284  0.0470  0.0892  0.0031
   22  711  284  0.0470  0.0892  0.0031
   23  711  285  0.0470  0.0892  0.0031
   24  709  286  0.0469  0.0890  0.0031
   25  708  286  0.0469  0.0889  0.0031
   26  707  286  0.0469  0.0888  0.0031
   27  710  286  0.0470  0.0890  0.0031
   28  705  287  0.0469  0.0888  0.0031
   29  704  287  0.0469  0.0888  0.0031
   30  706  287  0.0469  0.0888  0.0031
   31  704  288  0.0467  0.0885  0.0031
   32  703  288  0.0467  0.0885  0.0031
   33  702  288  0.0468  0.0885  0.0031
   34  701  289  0.0467  0.0883  0.0031
   35  700  289  0.0467  0.0883  0.0031
   36  699  289  0.0468  0.0886  0.0031
   37  698  289  0.0468  0.0885  0.0031
   38  697  289  0.0467  0.0884  0.0031
   39  702  289  0.0467  0.0884  0.0031
   40  696  290  0.0468  0.0884  0.0031
   41  697  290  0.0468  0.0886  0.0031
   42  695  291  0.0467  0.0883  0.0031
   43  694  291  0.0468  0.0884  0.0031
   44  693  291  0.0468  0.0885  0.0031
   45  692  291  0.0468  0.0884  0.0031
   46  690  291  0.0469  0.0886  0.0031
   47  691  291  0.0469  0.0886  0.0031
   48  688  292  0.0470  0.0887  0.0031
   49  687  292  0.0470  0.0887  0.0031
   50  689  292  0.0471  0.0890  0.0031
   51  684  293  0.0470  0.0888  0.0031
   52  686  293  0.0470  0.0886  0.0031
   53  684  294  0.0468  0.0882  0.0031
   54  683  294  0.0469  0.0884  0.0031
   55  682  294  0.0468  0.0882  0.0031
   56  681  294  0.0468  0.0882  0.0031
   57  680  294  0.0469  0.0884  0.0031
   58  679  294  0.0468  0.0883  0.0031
   59  678  294  0.0469  0.0884  0.0031
   60  677  294  0.0470  0.0885  0.0031
   61  676  294  0.0471  0.0887  0.0031
   62  674  295  0.0471  0.0887  0.0031
   63  675  295  0.0472  0.0889  0.0031
   64  672  296  0.0471  0.0887  0.0031
   65  671  296  0.0473  0.0890  0.0031
   66  670  296  0.0473  0.0890  0.0031
   67  669  296  0.0473  0.0891  0.0031
   68  673  296  0.0471  0.0887  0.0031
   69  669  297  0.0474  0.0891  0.0031
   70  668  297  0.0473  0.0890  0.0031
   71  667  297  0.0473  0.0891  0.0031
   72  666  297  0.0473  0.0890  0.0031
   73  665  297  0.0473  0.0890  0.0031
   74  664  297  0.0473  0.0890  0.0031
   75  663  297  0.0474  0.0891  0.0031
   76  662  297  0.0474  0.0890  0.0031
   77  662  298  0.0475  0.0892  0.0031
   78  661  298  0.0474  0.0891  0.0031
   79  660  298  0.0474  0.0890  0.0031
   80  659  298  0.0474  0.0890  0.0031
   81  658  298  0.0474  0.0889  0.0031
   82  657  298  0.0476  0.0893  0.0031
   83  656  298  0.0475  0.0893  0.0031
   84  655  298  0.0475  0.0892  0.0031
   85  654  298  0.0474  0.0890  0.0031
   86  653  299  0.0474  0.0889  0.0031
   87  652  299  0.0474  0.0889  0.0031
   88  654  299  0.0475  0.0891  0.0031
   89  650  300  0.0476  0.0892  0.0031
   90  649  300  0.0474  0.0889  0.0031
   91  648  300  0.0472  0.0886  0.0031
   92  651  300  0.0474  0.0889  0.0031

    1  597  470  0.0312  0.0578  0.0030
    2  596  471  0.0312  0.0578  0.0030
    3  595  471  0.0312  0.0578  0.0030
    4  594  471  0.0312  0.0578  0.0030
    5  593  471  0.0312  0.0578  0.0030
    6  597  471  0.0312  0.0578  0.0030
    7  592  472  0.0312  0.0578  0.0030
    8  593  472  0.0312  0.0578  0.0030
    9  591  473  0.0312  0.0578  0.0030
   10  590  473  0.0312  0.0578  0.0030
   11  589  473  0.0313  0.0579  0.0030
   12  588  473  0.0313  0.0579  0.0030
   13  587  473  0.0313  0.0579  0.0030
   14  586  474  0.0313  0.0579  0.0030
   15  585  474  0.0313  0.0578  0.0030
   16  587  474  0.0313  0.0579  0.0030
   17  583  475  0.0312  0.0578  0.0030
   18  582  475  0.0313  0.0578  0.0030
   19  581  475  0.0313  0.0579  0.0030
   20  584  475  0.0312  0.0578  0.0030
   21  580  476  0.0313  0.0578  0.0030
   22  579  476  0.0313  0.0578  0.0030
   23  578  476  0.0313  0.0579  0.0030
   24  577  476  0.0314  0.0579  0.0030
   25  575  477  0.0314  0.0580  0.0030
   26  576  477  0.0314  0.0580  0.0030
   27  574  478  0.0314  0.0579  0.0030
   28  575  478  0.0314  0.0579  0.0030
   29  572  479  0.0314  0.0579  0.0030
   30  573  479  0.0313  0.0578  0.0030
   31  571  480  0.0314  0.0579  0.0030
   32  570  480  0.0314  0.0579  0.0030
   33  569  480  0.0315  0.0580  0.0030
   34  568  480  0.0315  0.0581  0.0030
   35  567  480  0.0315  0.0581  0.0030
   36  566  480  0.0315  0.0581  0.0030
   37  565  480  0.0315  0.0580  0.0030
   38  564  481  0.0315  0.0581  0.0030
   39  563  481  0.0315  0.0581  0.0030
   40  565  481  0.0315  0.0581  0.0030
   41  563  482  0.0315  0.0581  0.0030
   42  562  483  0.0314  0.0579  0.0030
   43  561  483  0.0314  0.0579  0.0030
   44  560  483  0.0315  0.0580  0.0030
   45  557  485  0.0316  0.0581  0.0030
   46  556  485  0.0316  0.0581  0.0030
   47  555  485  0.0316  0.0581  0.0030
   48  554  485  0.0316  0.0581  0.0030
   49  558  485  0.0316  0.0581  0.0030
   50  553  486  0.0316  0.0580  0.0030
   51  552  486  0.0316  0.0581  0.0030
   52  554  486  0.0316  0.0581  0.0030
   53  551  487  0.0315  0.0580  0.0030
   54  550  487  0.0316  0.0581  0.0030
   55  548  488  0.0316  0.0580  0.0030
   56  547  488  0.0316  0.0580  0.0030
   57  546  488  0.0315  0.0579  0.0030
   58  545  488  0.0316  0.0581  0.0030
   59  544  488  0.0316  0.0580  0.0030
   60  549  488  0.0316  0.0580  0.0030
   61  543  489  0.0316  0.0579  0.0030
   62  544  489  0.0315  0.0579  0.0030
   63  542  490  0.0316  0.0580  0.0030
   64  541  490  0.0316  0.0579  0.0030
   65  540  490  0.0316  0.0579  0.0030
   66  539  490  0.0317  0.0581  0.0030
   67  538  491  0.0315  0.0578  0.0030
   68  539  491  0.0316  0.0580  0.0030
   69  537  492  0.0316  0.0580  0.0030
   70  536  492  0.0317  0.0580  0.0030
   71  538  492  0.0316  0.0579  0.0030
   72  536  493  0.0316  0.0580  0.0031
   73  535  493  0.0316  0.0580  0.0031
   74  534  493  0.0317  0.0580  0.0031
   75  533  493  0.0317  0.0582  0.0031
   76  532  493  0.0318  0.0582  0.0031
   77  531  494  0.0318  0.0582  0.0031
   78  530  494  0.0318  0.0583  0.0031
   79  532  494  0.0317  0.0581  0.0031
   80  528  495  0.0318  0.0582  0.0031
   81  527  495  0.0318  0.0581  0.0031
   82  529  495  0.0318  0.0583  0.0031
   83  525  496  0.0318  0.0582  0.0031
   84  526  496  0.0318  0.0582  0.0031

    1  1188  441  0.0302  0.0624  0.0033
    2  1189  441  0.0302  0.0625  0.0033
    3  1188  442  0.0302  0.0624  0.0033
    4  1187  442  0.0302  0.0624  0.0033
    5  1186  442  0.0302  0.0624  0.0033
    6  1185  442  0.0302  0.0624  0.0033
    7  1183  443  0.0302  0.0622  0.0033
    8  1184  443  0.0302  0.0623  0.0033
    9  1182  444  0.0301  0.0622  0.0033
   10  1181  444  0.0301  0.0622  0.0033
   11  1183  444  0.0301  0.0622  0.0033
   12  1181  445  0.0301  0.0622  0.0033
   13  1180  445  0.0301  0.0622  0.0033
   14  1178  446  0.0301  0.0621  0.0033
   15  1177  446  0.0301  0.0621  0.0033
   16  1179  446  0.0301  0.0621  0.0033
   17  1177  447  0.0301  0.0621  0.0033
   18  1176  447  0.0301  0.0621  0.0033
   19  1175  447  0.0301  0.0621  0.0033
   20  1174  448  0.0302  0.0621  0.0033
   21  1173  448  0.0302  0.0621  0.0033
   22  1175  448  0.0301  0.0621  0.0033
   23  1173  449  0.0301  0.0621  0.0033
   24  1172  449  0.0302  0.0621  0.0033
   25  1171  449  0.0302  0.0622  0.0033
   26  1170  449  0.0302  0.0623  0.0033
   27  1169  449  0.0302  0.0622  0.0033
   28  1168  449  0.0303  0.0623  0.0033
   29  1166  450  0.0303  0.0623  0.0033
   30  1167  450  0.0303  0.0623  0.0033
   31  1165  451  0.0303  0.0623  0.0033
   32  1166  451  0.0303  0.0623  0.0033
   33  1163  453  0.0302  0.0622  0.0033
   34  1162  453  0.0302  0.0622  0.0033
   35  1161  453  0.0302  0.0622  0.0033
   36  1160  454  0.0302  0.0621  0.0033
   37  1161  454  0.0302  0.0621  0.0033
   38  1159  455  0.0303  0.0621  0.0033
   39  1160  455  0.0302  0.0621  0.0033
   40  1158  456  0.0303  0.0622  0.0033
   41  1157  456  0.0303  0.0622  0.0033
   42  1156  456  0.0303  0.0622  0.0033
   43  1154  457  0.0301  0.0618  0.0033
   44  1155  457  0.0303  0.0621  0.0033
   45  1151  459  0.0301  0.0617  0.0033
   46  1152  459  0.0301  0.0617  0.0033
   47  1145  463  0.0300  0.0615  0.0033
   48  1145  464  0.0300  0.0615  0.0033
   49  1144  464  0.0300  0.0615  0.0033
   50  1143  464  0.0300  0.0614  0.0033
   51  1142  465  0.0300  0.0614  0.0033
   52  1143  465  0.0300  0.0614  0.0033
   53  1141  466  0.0299  0.0613  0.0033
   54  1142  466  0.0300  0.0614  0.0033
   55  1141  467  0.0299  0.0613  0.0033
   56  1140  467  0.0299  0.0613  0.0033
   57  1139  467  0.0299  0.0613  0.0033
   58  1138  468  0.0299  0.0613  0.0033
   59  1139  468  0.0299  0.0613  0.0033
   60  1137  469  0.0300  0.0613  0.0033
   61  1138  469  0.0300  0.0613  0.0033
   62  1136  470  0.0299  0.0613  0.0033
   63  1135  470  0.0299  0.0612  0.0033
   64  1134  470  0.0299  0.0611  0.0033
   65  1133  470  0.0299  0.0611  0.0033
   66  1132  470  0.0299  0.0611  0.0033
   67  1131  471  0.0299  0.0610  0.0033
   68  1130  471  0.0299  0.0610  0.0033
   69  1132  471  0.0299  0.0611  0.0033
   70  1129  472  0.0298  0.0610  0.0033
   71  1128  472  0.0298  0.0609  0.0033
   72  1127  472  0.0299  0.0610  0.0033
   73  1130  472  0.0299  0.0610  0.0033
   74  1126  473  0.0298  0.0609  0.0033
   75  1125  474  0.0297  0.0607  0.0033
   76  1123  475  0.0297  0.0606  0.0033
   77  1124  475  0.0297  0.0606  0.0033
   78  1122  476  0.0297  0.0606  0.0033
   79  1123  476  0.0297  0.0606  0.0033
   80  1121  477  0.0297  0.0606  0.0033
   81  1120  477  0.0297  0.0606  0.0033
   82  1118  478  0.0297  0.0606  0.0033
   83  1117  478  0.0297  0.0606  0.0033
   84  1116  478  0.0297  0.0606  0.0033
   85  1119  478  0.0297  0.0606  0.0033
   86  1115  479  0.0297  0.0605  0.0033
   87  1114  479  0.0297  0.0605  0.0033
   88  1113  480  0.0297  0.0605  0.0033
   89  1114  480  0.0297  0.0605  0.0033
   90  1112  481  0.0296  0.0604  0.0033
   91  1113  481  0.0297  0.0604  0.0033
   92  1112  482  0.0296  0.0603  0.0033
   93  1111  482  0.0296  0.0603  0.0033
   94  1110  482  0.0297  0.0605  0.0033
   95  1109  482  0.0296  0.0603  0.0033
   96  1109  483  0.0296  0.0603  0.0033

     1  971  449  0.0306  0.0607  0.0031
     2  972  449  0.0306  0.0607  0.0031
     3  969  450  0.0306  0.0606  0.0031
     4  970  450  0.0306  0.0606  0.0031
     5  968  451  0.0306  0.0606  0.0031
     6  967  451  0.0306  0.0606  0.0031
     7  966  451  0.0306  0.0606  0.0031
     8  964  452  0.0305  0.0604  0.0031
     9  963  452  0.0305  0.0604  0.0031
    10  965  452  0.0305  0.0604  0.0031
    11  962  453  0.0304  0.0603  0.0031
    12  961  453  0.0304  0.0603  0.0031
    13  959  454  0.0305  0.0603  0.0031
    14  958  454  0.0305  0.0604  0.0031
    15  960  454  0.0305  0.0603  0.0031
    16  957  455  0.0305  0.0604  0.0031
    17  956  455  0.0305  0.0604  0.0031
    18  955  455  0.0306  0.0605  0.0031
    19  953  456  0.0305  0.0604  0.0031
    20  952  456  0.0305  0.0604  0.0031
    21  954  456  0.0306  0.0605  0.0031
    22  951  457  0.0306  0.0604  0.0031
    23  950  457  0.0306  0.0605  0.0031
    24  948  458  0.0306  0.0604  0.0032
    25  947  458  0.0306  0.0604  0.0031
    26  949  458  0.0305  0.0604  0.0031
    27  946  459  0.0305  0.0603  0.0032
    28  945  459  0.0306  0.0603  0.0032
    29  944  459  0.0305  0.0603  0.0031
    30  942  460  0.0305  0.0603  0.0032
    31  943  460  0.0305  0.0602  0.0032
    32  940  461  0.0305  0.0601  0.0032
    33  939  461  0.0305  0.0602  0.0032
    34  941  461  0.0305  0.0602  0.0032
    35  938  462  0.0305  0.0602  0.0032
    36  937  462  0.0305  0.0602  0.0032
    37  936  462  0.0305  0.0601  0.0032
    38  934  463  0.0304  0.0600  0.0032
    39  933  463  0.0305  0.0600  0.0032
    40  935  463  0.0305  0.0601  0.0032
    41  931  464  0.0304  0.0599  0.0032
    42  932  464  0.0304  0.0600  0.0032
    43  929  465  0.0304  0.0599  0.0032
    44  928  465  0.0304  0.0599  0.0032
    45  930  465  0.0304  0.0598  0.0032
    46  927  466  0.0304  0.0598  0.0032
    47  926  466  0.0304  0.0599  0.0032
    48  925  466  0.0303  0.0597  0.0032
    49  923  467  0.0304  0.0597  0.0032
    50  922  467  0.0303  0.0596  0.0032
    51  924  467  0.0303  0.0596  0.0032
    52  920  468  0.0303  0.0596  0.0032
    53  921  468  0.0303  0.0596  0.0032
    54  918  469  0.0303  0.0596  0.0032
    55  917  469  0.0302  0.0594  0.0032
    56  919  469  0.0304  0.0597  0.0032
    57  916  470  0.0303  0.0596  0.0032
    58  915  470  0.0304  0.0596  0.0032
    59  914  470  0.0303  0.0595  0.0032
    60  913  470  0.0305  0.0598  0.0032
    61  912  470  0.0305  0.0599  0.0032
    62  910  471  0.0303  0.0595  0.0032
    63  909  471  0.0305  0.0598  0.0032
    64  908  471  0.0303  0.0595  0.0032
    65  907  471  0.0305  0.0598  0.0032
    66  906  471  0.0304  0.0597  0.0032
    67  911  471  0.0304  0.0597  0.0032
    68  905  472  0.0304  0.0596  0.0032
    69  904  472  0.0304  0.0595  0.0032
    70  903  472  0.0303  0.0595  0.0032
    71  902  472  0.0304  0.0595  0.0032
    72  901  472  0.0303  0.0594  0.0032
    73  900  472  0.0303  0.0594  0.0032
    74  899  472  0.0302  0.0592  0.0031
    75  897  473  0.0303  0.0592  0.0032
    76  896  473  0.0302  0.0591  0.0031
    77  895  473  0.0302  0.0592  0.0032
    78  894  473  0.0303  0.0594  0.0032
    79  893  473  0.0303  0.0592  0.0032
    80  892  473  0.0303  0.0593  0.0032
    81  898  473  0.0302  0.0591  0.0031
    82  891  474  0.0303  0.0592  0.0032
    83  890  474  0.0303  0.0591  0.0032
    84  889  474  0.0303  0.0592  0.0032
    85  888  474  0.0303  0.0592  0.0032
    86  886  474  0.0303  0.0593  0.0032
    87  887  474  0.0303  0.0592  0.0032
    88  884  475  0.0304  0.0593  0.0032
    89  885  475  0.0304  0.0593  0.0032
    90  881  475  0.0304  0.0593  0.0032
    91  883  475  0.0304  0.0593  0.0032
    92  882  475  0.0304  0.0593  0.0032
    93  879  476  0.0304  0.0592  0.0032
    94  878  476  0.0303  0.0592  0.0032
    95  880  476  0.0304  0.0593  0.0032
    96  876  477  0.0304  0.0592  0.0032
    97  877  477  0.0303  0.0591  0.0032
    98  874  478  0.0304  0.0592  0.0032
    99  873  478  0.0304  0.0592  0.0032
   100  875  478  0.0303  0.0591  0.0032
   101  872  479  0.0303  0.0590  0.0032
   102  871  479  0.0303  0.0590  0.0032
   103  870  479  0.0303  0.0590  0.0032
   104  868  480  0.0303  0.0590  0.0032
   105  867  480  0.0303  0.0590  0.0032
   106  869  480  0.0303  0.0590  0.0032
   107  865  481  0.0302  0.0589  0.0032
   108  866  481  0.0303  0.0589  0.0032
   109  863  482  0.0302  0.0588  0.0032
   110  862  482  0.0302  0.0588  0.0032
   111  864  482  0.0302  0.0588  0.0032
   112  861  483  0.0302  0.0586  0.0032
   113  860  483  0.0302  0.0586  0.0032
   114  859  483  0.0303  0.0588  0.0032
   115  857  484  0.0302  0.0586  0.0032
   116  856  484  0.0301  0.0585  0.0032
   117  858  484  0.0302  0.0586  0.0032
   118  854  485  0.0302  0.0585  0.0032
   119  853  485  0.0302  0.0586  0.0032
   120  855  485  0.0302  0.0587  0.0032
   121  851  486  0.0303  0.0588  0.0032
   122  852  486  0.0302  0.0587  0.0032
   123  850  487  0.0303  0.0588  0.0032
   124  849  487  0.0303  0.0588  0.0032
   125  848  487  0.0303  0.0587  0.0032
   126  846  488  0.0302  0.0586  0.0032
   127  845  488  0.0302  0.0585  0.0032
   128  847  488  0.0302  0.0586  0.0032
   129  843  489  0.0301  0.0584  0.0032
   130  842  489  0.0301  0.0584  0.0032
   131  844  489  0.0301  0.0584  0.0032
   132  841  490  0.0302  0.0585  0.0032
   133  840  490  0.0302  0.0584  0.0032
   134  839  490  0.0302  0.0584  0.0032
   135  838  490  0.0302  0.0585  0.0032
   136  836  491  0.0302  0.0584  0.0032
   137  835  491  0.0302  0.0584  0.0032
   138  837  491  0.0302  0.0584  0.0032
   139  834  492  0.0302  0.0584  0.0032
   140  833  492  0.0302  0.0583  0.0032
   141  832  492  0.0302  0.0583  0.0032
   142  830  493  0.0302  0.0584  0.0032
   143  829  493  0.0302  0.0584  0.0032
   144  828  493  0.0302  0.0584  0.0032
   145  831  493  0.0302  0.0584  0.0032
   146  827  494  0.0302  0.0584  0.0032
   147  826  494  0.0302  0.0584  0.0032
   148  825  494  0.0303  0.0584  0.0032
   149  823  495  0.0303  0.0584  0.0032
   150  822  495  0.0303  0.0585  0.0032
   151  824  495  0.0303  0.0584  0.0032
   152  820  496  0.0303  0.0585  0.0032
   153  819  496  0.0303  0.0585  0.0032
   154  818  496  0.0303  0.0584  0.0032
   155  821  496  0.0303  0.0585  0.0032
   156  817  497  0.0303  0.0584  0.0032
   157  816  497  0.0303  0.0584  0.0032
   158  815  497  0.0303  0.0584  0.0032
   159  813  498  0.0302  0.0582  0.0032
   160  812  498  0.0303  0.0583  0.0032
   161  814  498  0.0302  0.0583  0.0032
   162  810  499  0.0304  0.0585  0.0032
   163  809  499  0.0304  0.0585  0.0032
   164  808  499  0.0303  0.0583  0.0032
   165  811  499  0.0303  0.0583  0.0032
   166  807  500  0.0303  0.0584  0.0032
   167  806  500  0.0302  0.0582  0.0032
   168  805  500  0.0302  0.0581  0.0032
   169  803  501  0.0302  0.0580  0.0032
   170  802  501  0.0301  0.0580  0.0032
   171  804  501  0.0302  0.0581  0.0032
   172  801  502  0.0301  0.0579  0.0032
   173  800  502  0.0301  0.0579  0.0032
   174  799  502  0.0301  0.0578  0.0032
   175  798  502  0.0301  0.0579  0.0032
   176  796  503  0.0301  0.0579  0.0032
   177  797  503  0.0301  0.0578  0.0032

     1  1270  543  0.0283  0.0593  0.0036
     2  1268  544  0.0283  0.0592  0.0036
     3  1269  544  0.0283  0.0592  0.0036
     4  1266  545  0.0282  0.0589  0.0036
     5  1267  545  0.0282  0.0591  0.0036
     6  1265  546  0.0281  0.0588  0.0036
     7  1264  546  0.0281  0.0587  0.0036
     8  1263  547  0.0280  0.0585  0.0036
     9  1261  548  0.0281  0.0588  0.0036
    10  1262  548  0.0281  0.0587  0.0036
    11  1259  549  0.0281  0.0586  0.0036
    12  1260  549  0.0280  0.0586  0.0036
    13  1258  550  0.0281  0.0587  0.0036
    14  1257  550  0.0281  0.0586  0.0036
    15  1256  551  0.0281  0.0587  0.0036
    16  1254  552  0.0280  0.0585  0.0036
    17  1255  552  0.0281  0.0586  0.0036
    18  1253  553  0.0280  0.0584  0.0036
    19  1252  554  0.0280  0.0585  0.0036
    20  1251  554  0.0280  0.0584  0.0036
    21  1250  555  0.0280  0.0585  0.0036
    22  1248  556  0.0280  0.0585  0.0036
    23  1249  556  0.0280  0.0584  0.0036
    24  1247  557  0.0281  0.0585  0.0036
    25  1246  558  0.0280  0.0585  0.0036
    26  1245  558  0.0281  0.0585  0.0036
    27  1244  559  0.0281  0.0585  0.0037
    28  1243  560  0.0280  0.0584  0.0037
    29  1241  561  0.0280  0.0583  0.0037
    30  1242  561  0.0280  0.0584  0.0037
    31  1240  562  0.0280  0.0582  0.0037
    32  1239  563  0.0279  0.0581  0.0037
    33  1238  563  0.0279  0.0581  0.0037
    34  1237  564  0.0279  0.0580  0.0037
    35  1235  565  0.0278  0.0579  0.0036
    36  1236  565  0.0278  0.0579  0.0037
    37  1234  566  0.0278  0.0577  0.0036
    38  1233  567  0.0277  0.0577  0.0036
    39  1232  567  0.0277  0.0577  0.0037
    40  1231  568  0.0277  0.0577  0.0037
    41  1229  569  0.0278  0.0577  0.0037
    42  1230  569  0.0277  0.0577  0.0037
    43  1228  570  0.0277  0.0576  0.0037
    44  1227  571  0.0277  0.0576  0.0037
    45  1226  571  0.0277  0.0576  0.0037
    46  1225  572  0.0277  0.0576  0.0037
    47  1223  573  0.0277  0.0575  0.0037
    48  1224  573  0.0277  0.0575  0.0037
    49  1222  574  0.0277  0.0574  0.0037
    50  1221  575  0.0277  0.0574  0.0037
    51  1219  576  0.0277  0.0574  0.0037
    52  1220  576  0.0277  0.0574  0.0037
    53  1218  577  0.0277  0.0574  0.0037
    54  1216  578  0.0277  0.0574  0.0037
    55  1217  578  0.0277  0.0574  0.0037
    56  1215  579  0.0277  0.0574  0.0037
    57  1213  580  0.0277  0.0574  0.0037
    58  1214  580  0.0277  0.0574  0.0037
    59  1212  581  0.0277  0.0574  0.0037
    60  1210  582  0.0277  0.0573  0.0037
    61  1211  582  0.0277  0.0573  0.0037
    62  1209  583  0.0277  0.0573  0.0037
    63  1208  583  0.0277  0.0573  0.0037
    64  1206  584  0.0277  0.0572  0.0037
    65  1207  584  0.0276  0.0572  0.0037
    66  1204  585  0.0276  0.0572  0.0037
    67  1203  585  0.0276  0.0572  0.0037
    68  1205  585  0.0276  0.0571  0.0037
    69  1202  586  0.0276  0.0570  0.0037
    70  1201  586  0.0276  0.0571  0.0037
    71  1199  587  0.0276  0.0570  0.0037
    72  1198  587  0.0276  0.0570  0.0037
    73  1200  587  0.0276  0.0570  0.0037
    74  1197  588  0.0276  0.0570  0.0037
    75  1196  588  0.0276  0.0570  0.0037
    76  1194  589  0.0276  0.0570  0.0037
    77  1193  589  0.0276  0.0569  0.0037
    78  1195  589  0.0276  0.0570  0.0037
    79  1191  590  0.0275  0.0567  0.0037
    80  1192  590  0.0275  0.0568  0.0037
    81  1190  591  0.0275  0.0567  0.0037
    82  1189  591  0.0275  0.0568  0.0037
    83  1188  591  0.0276  0.0568  0.0037
    84  1186  592  0.0276  0.0569  0.0037
    85  1187  592  0.0276  0.0569  0.0037
    86  1185  593  0.0276  0.0569  0.0037
    87  1184  593  0.0276  0.0569  0.0037
    88  1183  593  0.0277  0.0570  0.0037
    89  1181  594  0.0276  0.0569  0.0037
    90  1180  594  0.0276  0.0569  0.0037
    91  1182  594  0.0276  0.0568  0.0037
    92  1178  595  0.0276  0.0567  0.0037
    93  1179  595  0.0275  0.0567  0.0037
    94  1177  596  0.0275  0.0566  0.0037
    95  1176  596  0.0275  0.0566  0.0037
    96  1175  596  0.0275  0.0566  0.0037
    97  1173  597  0.0275  0.0564  0.0037
    98  1174  597  0.0275  0.0565  0.0037
    99  1170  598  0.0275  0.0565  0.0037
   100  1171  598  0.0275  0.0565  0.0037
   101  1172  598  0.0275  0.0565  0.0037
   102  1168  599  0.0275  0.0565  0.0037
   103  1169  599  0.0275  0.0565  0.0037
   104  1166  600  0.0276  0.0565  0.0037
   105  1165  600  0.0275  0.0565  0.0037
   106  1167  600  0.0276  0.0566  0.0037
   107  1164  601  0.0276  0.0566  0.0037
   108  1163  601  0.0275  0.0563  0.0037
   109  1161  602  0.0275  0.0563  0.0037
   110  1160  602  0.0275  0.0564  0.0037
   111  1162  602  0.0275  0.0565  0.0037
   112  1159  603  0.0275  0.0564  0.0037
   113  1158  603  0.0275  0.0563  0.0037
   114  1156  604  0.0275  0.0564  0.0037
   115  1155  604  0.0275  0.0564  0.0037
   116  1157  604  0.0275  0.0564  0.0037
   117  1154  605  0.0275  0.0564  0.0037
   118  1153  605  0.0275  0.0564  0.0037
   119  1152  605  0.0276  0.0564  0.0037
   120  1150  606  0.0276  0.0565  0.0037
   121  1151  606  0.0275  0.0563  0.0037
   122  1148  607  0.0276  0.0564  0.0037
   123  1147  607  0.0275  0.0563  0.0037
   124  1149  607  0.0275  0.0564  0.0037
   125  1146  608  0.0275  0.0563  0.0037
   126  1145  608  0.0275  0.0562  0.0037
   127  1144  608  0.0275  0.0562  0.0037
   128  1142  609  0.0275  0.0561  0.0037
   129  1141  609  0.0274  0.0561  0.0037
   130  1143  609  0.0275  0.0562  0.0037
   131  1140  610  0.0274  0.0559  0.0037
   132  1139  610  0.0274  0.0559  0.0037
   133  1138  610  0.0273  0.0558  0.0037
   134  1136  611  0.0274  0.0559  0.0037
   135  1137  611  0.0274  0.0560  0.0037
   136  1134  612  0.0274  0.0559  0.0037
   137  1133  612  0.0274  0.0559  0.0037
   138  1135  612  0.0274  0.0559  0.0037
   139  1132  613  0.0274  0.0559  0.0037
   140  1131  613  0.0275  0.0560  0.0037
   141  1130  613  0.0275  0.0560  0.0037
   142  1128  614  0.0275  0.0561  0.0037
   143  1127  614  0.0275  0.0561  0.0037
   144  1129  614  0.0275  0.0560  0.0037
   145  1125  615  0.0275  0.0560  0.0037
   146  1124  615  0.0275  0.0560  0.0037
   147  1126  615  0.0275  0.0561  0.0037
   148  1122  616  0.0275  0.0560  0.0037
   149  1123  616  0.0275  0.0560  0.0037
   150  1121  617  0.0275  0.0560  0.0037
   151  1120  617  0.0275  0.0560  0.0037
   152  1119  617  0.0275  0.0560  0.0037
   153  1117  618  0.0276  0.0560  0.0037
   154  1116  618  0.0275  0.0560  0.0037
   155  1118  618  0.0276  0.0560  0.0037
   156  1115  619  0.0275  0.0559  0.0037
   157  1114  619  0.0275  0.0559  0.0037
   158  1113  619  0.0275  0.0559  0.0037
   159  1111  620  0.0274  0.0557  0.0037
   160  1110  620  0.0275  0.0557  0.0037
   161  1112  620  0.0274  0.0558  0.0037
   162  1108  621  0.0274  0.0557  0.0037
   163  1109  621  0.0275  0.0558  0.0037
   164  1107  622  0.0274  0.0557  0.0037
   165  1106  622  0.0274  0.0557  0.0037
   166  1105  622  0.0274  0.0556  0.0037
   167  1103  623  0.0274  0.0556  0.0037
   168  1102  623  0.0275  0.0558  0.0037
   169  1104  623  0.0274  0.0556  0.0037
   170  1101  624  0.0275  0.0557  0.0037
   171  1100  624  0.0274  0.0556  0.0037
   172  1099  624  0.0274  0.0555  0.0037
   173  1097  625  0.0274  0.0554  0.0037
   174  1096  625  0.0274  0.0554  0.0037
   175  1098  625  0.0274  0.0555  0.0037
   176  1095  626  0.0274  0.0554  0.0037
   177  1094  626  0.0274  0.0555  0.0037
   178  1092  627  0.0274  0.0554  0.0037
   179  1091  627  0.0274  0.0554  0.0037
   180  1093  627  0.0274  0.0554  0.0037
   181  1090  628  0.0274  0.0553  0.0037
   182  1089  628  0.0274  0.0554  0.0037
   183  1088  628  0.0274  0.0553  0.0037
   184  1086  629  0.0274  0.0554  0.0037
   185  1085  629  0.0274  0.0554  0.0037
   186  1087  629  0.0274  0.0554  0.0037
   187  1084  630  0.0274  0.0554  0.0037
   188  1083  630  0.0274  0.0554  0.0037
   189  1082  630  0.0274  0.0553  0.0037
   190  1080  631  0.0274  0.0553  0.0037
   191  1081  631  0.0274  0.0553  0.0037
   192  1078  632  0.0274  0.0552  0.0037
   193  1077  632  0.0274  0.0552  0.0037
   194  1079  632  0.0274  0.0553  0.0037
   195  1076  633  0.0273  0.0550  0.0037
   196  1075  633  0.0273  0.0550  0.0037
   197  1074  633  0.0272  0.0549  0.0037
   198  1072  634  0.0271  0.0547  0.0037
   199  1073  634  0.0271  0.0547  0.0037

     1  862  225  0.0480  0.0936  0.0029
     2  853  225  0.0480  0.0934  0.0028
     3  852  225  0.0479  0.0933  0.0028
     4  851  225  0.0479  0.0932  0.0028
     5  850  225  0.0479  0.0933  0.0028
     6  849  225  0.0479  0.0932  0.0028
     7  848  225  0.0479  0.0932  0.0028
     8  847  225  0.0480  0.0934  0.0028
     9  855  225  0.0480  0.0935  0.0028
    10  856  225  0.0480  0.0935  0.0028
    11  857  225  0.0480  0.0935  0.0028
    12  858  225  0.0480  0.0936  0.0028
    13  859  225  0.0480  0.0936  0.0028
    14  860  225  0.0480  0.0936  0.0028
    15  861  225  0.0480  0.0936  0.0028
    16  854  225  0.0480  0.0935  0.0028
    17  863  225  0.0479  0.0935  0.0029
    18  864  225  0.0480  0.0937  0.0029
    19  865  225  0.0481  0.0938  0.0029
    20  866  225  0.0480  0.0938  0.0029
    21  867  225  0.0480  0.0938  0.0029
    22  888  226  0.0480  0.0940  0.0029
    23  887  226  0.0481  0.0942  0.0029
    24  886  226  0.0481  0.0943  0.0029
    25  885  226  0.0482  0.0944  0.0029
    26  884  226  0.0481  0.0943  0.0029
    27  883  226  0.0481  0.0943  0.0029
    28  882  226  0.0481  0.0942  0.0029
    29  881  226  0.0480  0.0940  0.0029
    30  880  226  0.0482  0.0943  0.0029
    31  879  226  0.0481  0.0942  0.0029
    32  878  226  0.0483  0.0945  0.0029
    33  877  226  0.0483  0.0944  0.0029
    34  876  226  0.0482  0.0943  0.0029
    35  875  226  0.0481  0.0941  0.0029
    36  874  226  0.0481  0.0941  0.0029
    37  873  226  0.0481  0.0940  0.0029
    38  872  226  0.0480  0.0939  0.0029
    39  871  226  0.0480  0.0938  0.0029
    40  870  226  0.0481  0.0939  0.0029
    41  869  226  0.0481  0.0939  0.0029
    42  868  226  0.0481  0.0938  0.0029
    43  889  226  0.0479  0.0939  0.0029
    44  890  226  0.0478  0.0938  0.0029
    45  891  226  0.0479  0.0940  0.0029
    46  892  226  0.0478  0.0938  0.0029
    47  893  226  0.0478  0.0939  0.0029
    48  894  226  0.0478  0.0938  0.0029
    49  895  226  0.0478  0.0938  0.0029
    50  846  226  0.0480  0.0933  0.0028
    51  845  226  0.0479  0.0932  0.0028
    52  844  226  0.0479  0.0931  0.0028
    53  843  226  0.0478  0.0930  0.0028
    54  842  226  0.0479  0.0932  0.0028
    55  841  226  0.0480  0.0933  0.0028
    56  840  226  0.0480  0.0932  0.0028
    57  839  226  0.0480  0.0933  0.0028
    58  838  226  0.0480  0.0932  0.0028
    59  835  226  0.0482  0.0935  0.0028
    60  837  226  0.0480  0.0932  0.0028
    61  836  226  0.0480  0.0932  0.0028
    62  834  226  0.0482  0.0936  0.0028
    63  833  226  0.0483  0.0938  0.0028
    64  832  226  0.0483  0.0938  0.0028
    65  831  226  0.0483  0.0936  0.0028
    66  825  227  0.0484  0.0938  0.0028
    67  826  227  0.0484  0.0939  0.0028
    68  827  227  0.0484  0.0939  0.0028
    69  828  227  0.0484  0.0939  0.0028
    70  829  227  0.0484  0.0939  0.0028
    71  830  227  0.0484  0.0939  0.0028
    72  824  227  0.0484  0.0938  0.0028
    73  823  227  0.0484  0.0937  0.0028
    74  822  227  0.0485  0.0938  0.0028
    75  821  227  0.0485  0.0938  0.0028
    76  909  227  0.0472  0.0929  0.0028
    77  820  227  0.0484  0.0938  0.0028
    78  819  227  0.0485  0.0939  0.0028
    79  817  227  0.0485  0.0938  0.0028
    80  816  227  0.0485  0.0939  0.0028
    81  815  227  0.0485  0.0938  0.0028
    82  901  227  0.0479  0.0940  0.0029
    83  900  227  0.0479  0.0940  0.0029
    84  899  227  0.0479  0.0941  0.0029
    85  898  227  0.0478  0.0939  0.0029
    86  897  227  0.0479  0.0940  0.0029
    87  896  227  0.0479  0.0940  0.0029
    88  902  227  0.0477  0.0937  0.0029
    89  903  227  0.0476  0.0936  0.0029
    90  904  227  0.0476  0.0935  0.0029
    91  905  227  0.0475  0.0933  0.0029
    92  906  227  0.0473  0.0931  0.0029
    93  907  227  0.0473  0.0930  0.0029
    94  908  227  0.0472  0.0929  0.0029
    95  818  227  0.0485  0.0939  0.0028
    96  814  228  0.0486  0.0939  0.0028
    97  813  228  0.0486  0.0939  0.0028
    98  812  228  0.0486  0.0939  0.0028
    99  811  228  0.0486  0.0938  0.0028
   100  810  228  0.0486  0.0938  0.0028
   101  809  228  0.0485  0.0937  0.0028
   102  808  228  0.0485  0.0937  0.0028
   103  807  228  0.0485  0.0937  0.0028
   104  806  228  0.0485  0.0936  0.0028
   105  805  228  0.0485  0.0936  0.0028
   106  804  228  0.0485  0.0935  0.0028
   107  803  228  0.0485  0.0935  0.0028
   108  802  228  0.0484  0.0934  0.0028
   109  801  228  0.0484  0.0934  0.0028
   110  800  228  0.0484  0.0934  0.0028
   111  799  229  0.0484  0.0933  0.0028
   112  798  229  0.0484  0.0933  0.0028
   113  797  229  0.0484  0.0933  0.0028
   114  796  229  0.0484  0.0932  0.0028
   115  795  229  0.0483  0.0931  0.0028
   116  794  229  0.0483  0.0930  0.0028
   117  793  229  0.0482  0.0928  0.0028
   118  792  229  0.0482  0.0929  0.0028
   119  791  229  0.0482  0.0928  0.0028
   120  790  229  0.0482  0.0928  0.0028
   121  789  229  0.0482  0.0928  0.0028
   122  788  229  0.0482  0.0928  0.0028
   123  787  229  0.0482  0.0928  0.0028
   124  786  229  0.0482  0.0928  0.0028
   125  785  229  0.0482  0.0928  0.0028
   126  784  229  0.0484  0.0930  0.0028
   127  783  230  0.0483  0.0928  0.0028
   128  782  230  0.0482  0.0927  0.0028
   129  781  230  0.0482  0.0927  0.0028
   130  780  230  0.0483  0.0928  0.0028
   131  779  230  0.0483  0.0929  0.0028
   132  778  230  0.0484  0.0929  0.0028
   133  777  230  0.0484  0.0930  0.0028
   134  776  230  0.0485  0.0931  0.0028
   135  775  230  0.0485  0.0932  0.0028
   136  774  230  0.0485  0.0931  0.0028
   137  773  230  0.0486  0.0932  0.0028
   138  772  230  0.0486  0.0932  0.0028
   139  771  230  0.0485  0.0931  0.0028
   140  770  230  0.0486  0.0932  0.0028
   141  769  230  0.0487  0.0934  0.0028
   142  768  230  0.0487  0.0934  0.0028
   143  766  231  0.0488  0.0934  0.0028
   144  765  231  0.0488  0.0935  0.0028
   145  764  231  0.0488  0.0936  0.0028
   146  763  231  0.0489  0.0936  0.0028
   147  762  231  0.0490  0.0938  0.0028
   148  761  231  0.0490  0.0938  0.0028
   149  760  231  0.0490  0.0938  0.0028
   150  767  231  0.0488  0.0935  0.0028

     1  424  338  0.0456  0.0822  0.0030
     2  423  338  0.0457  0.0822  0.0030
     3  422  338  0.0456  0.0821  0.0030
     4  421  338  0.0456  0.0821  0.0030
     5  420  338  0.0457  0.0822  0.0030
     6  425  338  0.0457  0.0823  0.0030
     7  419  339  0.0457  0.0822  0.0030
     8  418  339  0.0457  0.0821  0.0030
     9  417  339  0.0457  0.0822  0.0030
    10  416  339  0.0458  0.0824  0.0031
    11  415  339  0.0458  0.0823  0.0031
    12  414  339  0.0457  0.0822  0.0030
    13  413  339  0.0458  0.0824  0.0031
    14  412  339  0.0459  0.0825  0.0031
    15  411  339  0.0459  0.0825  0.0031
    16  410  339  0.0459  0.0824  0.0031
    17  409  339  0.0459  0.0825  0.0031
    18  408  340  0.0459  0.0823  0.0031
    19  407  340  0.0459  0.0823  0.0031
    20  406  340  0.0459  0.0824  0.0031
    21  405  340  0.0459  0.0824  0.0031
    22  404  340  0.0458  0.0822  0.0031
    23  403  340  0.0458  0.0823  0.0031
    24  402  340  0.0458  0.0822  0.0030
    25  401  340  0.0458  0.0821  0.0030
    26  400  340  0.0458  0.0821  0.0030
    27  399  340  0.0458  0.0821  0.0030
    28  398  341  0.0457  0.0818  0.0030
    29  397  341  0.0457  0.0819  0.0030
    30  396  341  0.0457  0.0818  0.0030
    31  395  341  0.0456  0.0817  0.0030
    32  394  341  0.0455  0.0816  0.0030
    33  393  341  0.0456  0.0817  0.0030
    34  392  341  0.0455  0.0814  0.0030
    35  391  341  0.0462  0.0827  0.0031
    36  390  341  0.0458  0.0820  0.0030
    37  389  341  0.0462  0.0826  0.0031
    38  388  341  0.0452  0.0810  0.0030
    39  387  342  0.0451  0.0807  0.0030
    40  386  342  0.0450  0.0806  0.0030
    41  385  342  0.0453  0.0811  0.0030
    42  384  342  0.0454  0.0813  0.0030
    43  383  342  0.0455  0.0814  0.0030
    44  382  342  0.0456  0.0816  0.0030
    45  381  342  0.0455  0.0814  0.0030
    46  380  342  0.0457  0.0817  0.0030
    47  379  342  0.0457  0.0816  0.0030
    48  378  342  0.0456  0.0815  0.0030
    49  377  342  0.0457  0.0816  0.0030
    50  376  343  0.0456  0.0814  0.0030
    51  375  343  0.0456  0.0815  0.0030
    52  374  343  0.0456  0.0814  0.0030
    56  370  343  0.0458  0.0817  0.0030
    57  369  343  0.0459  0.0818  0.0030
    58  368  343  0.0458  0.0817  0.0030
    59  367  343  0.0459  0.0819  0.0030
    60  366  343  0.0460  0.0820  0.0030
    61  365  344  0.0455  0.0811  0.0030
    62  364  344  0.0455  0.0811  0.0030
    63  363  344  0.0455  0.0810  0.0030
    64  362  344  0.0453  0.0808  0.0030
    65  361  344  0.0451  0.0804  0.0030
    66  360  344  0.0452  0.0804  0.0030
    67  359  344  0.0461  0.0820  0.0030
    68  358  344  0.0462  0.0822  0.0030
    69  357  344  0.0463  0.0823  0.0030
    70  356  344  0.0463  0.0823  0.0030
    71  355  345  0.0462  0.0822  0.0030
    72  354  345  0.0464  0.0825  0.0031
    73  353  345  0.0463  0.0824  0.0030
    74  352  345  0.0468  0.0833  0.0031
    75  351  345  0.0470  0.0835  0.0031
    76  350  345  0.0468  0.0831  0.0031
    77  349  345  0.0467  0.0830  0.0031
    78  348  345  0.0466  0.0828  0.0031
    79  347  345  0.0465  0.0826  0.0031
    80  346  345  0.0464  0.0825  0.0031
    81  345  345  0.0463  0.0823  0.0030
    82  344  346  0.0461  0.0819  0.0030
    83  343  346  0.0462  0.0820  0.0030
    84  342  346  0.0462  0.0820  0.0030
    85  341  346  0.0461  0.0819  0.0030
    86  340  346  0.0459  0.0815  0.0030
    87  339  346  0.0461  0.0817  0.0030
    88  338  346  0.0460  0.0815  0.0030
    89  337  346  0.0459  0.0813  0.0030
    90  336  346  0.0458  0.0813  0.0030
    91  335  346  0.0458  0.0812  0.0030
    92  334  346  0.0457  0.0811  0.0030
    93  333  347  0.0458  0.0812  0.0030
    94  332  347  0.0458  0.0812  0.0030
    95  331  347  0.0460  0.0815  0.0030
    96  330  347  0.0460  0.0815  0.0030
    97  329  347  0.0461  0.0816  0.0030
    98  328  347  0.0460  0.0814  0.0030
    99  327  347  0.0458  0.0811  0.0030
   100  326  347  0.0460  0.0815  0.0030
   101  325  347  0.0461  0.0815  0.0030
   102  324  347  0.0461  0.0816  0.0030
   103  323  347  0.0462  0.0818  0.0030
   104  322  348  0.0461  0.0816  0.0030
   105  321  348  0.0464  0.0821  0.0030
   106  320  348  0.0462  0.0816  0.0030
   107  319  348  0.0463  0.0818  0.0030
   108  318  348  0.0465  0.0822  0.0030
   109  317  348  0.0465  0.0822  0.0030
   110  316  348  0.0465  0.0822  0.0030
   111  315  348  0.0464  0.0820  0.0030
   112  314  348  0.0466  0.0822  0.0030
   113  313  348  0.0466  0.0822  0.0030
   114  312  348  0.0466  0.0823  0.0030
   115  311  349  0.0466  0.0823  0.0030
   116  310  349  0.0466  0.0823  0.0030
   117  309  349  0.0467  0.0824  0.0030
   118  308  349  0.0467  0.0825  0.0031
   119  307  349  0.0466  0.0821  0.0030
   120  306  349  0.0466  0.0822  0.0030
   121  305  349  0.0469  0.0827  0.0031
   122  304  349  0.0467  0.0824  0.0030
   123  303  349  0.0467  0.0824  0.0030
   124  302  349  0.0464  0.0817  0.0030
   125  301  350  0.0467  0.0823  0.0030
   126  300  350  0.0467  0.0822  0.0030
   127  299  350  0.0467  0.0822  0.0030
   128  298  350  0.0469  0.0826  0.0031
   129  297  350  0.0468  0.0824  0.0030
   130  296  350  0.0468  0.0823  0.0030
   131  295  350  0.0467  0.0823  0.0030
   132  294  350  0.0468  0.0823  0.0030
   133  293  350  0.0467  0.0822  0.0030
   134  292  350  0.0467  0.0822  0.0030
   135  291  350  0.0467  0.0821  0.0030
   136  289  351  0.0463  0.0814  0.0030
   137  288  351  0.0464  0.0815  0.0030
   138  287  351  0.0467  0.0821  0.0030
   139  286  351  0.0468  0.0822  0.0030
   140  285  351  0.0467  0.0821  0.0030
   141  290  351  0.0464  0.0817  0.0030

    1  490  288  0.0497  0.0906  0.0030
    2  489  288  0.0496  0.0904  0.0030
    3  491  288  0.0497  0.0906  0.0030
    4  488  289  0.0495  0.0903  0.0030
    5  487  289  0.0495  0.0903  0.0030
    6  486  289  0.0495  0.0902  0.0030
    7  485  289  0.0496  0.0903  0.0030
    8  484  289  0.0497  0.0904  0.0030
    9  483  289  0.0497  0.0905  0.0030
   10  482  290  0.0496  0.0903  0.0030
   11  481  290  0.0496  0.0904  0.0030
   12  480  290  0.0497  0.0904  0.0030
   13  479  290  0.0497  0.0904  0.0030
   14  478  290  0.0497  0.0904  0.0030
   15  476  291  0.0496  0.0902  0.0030
   16  475  291  0.0496  0.0903  0.0030
   17  474  291  0.0497  0.0903  0.0030
   18  473  291  0.0496  0.0902  0.0030
   19  472  291  0.0496  0.0902  0.0030
   20  477  291  0.0496  0.0902  0.0030
   21  471  292  0.0496  0.0901  0.0030
   22  470  292  0.0496  0.0901  0.0030
   23  469  292  0.0496  0.0900  0.0030
   24  468  292  0.0496  0.0900  0.0030
   25  467  292  0.0495  0.0899  0.0030
   26  466  292  0.0495  0.0898  0.0030
   27  464  293  0.0494  0.0896  0.0030
   28  463  293  0.0494  0.0896  0.0030
   29  462  293  0.0494  0.0895  0.0030
   30  461  293  0.0493  0.0895  0.0030
   31  465  293  0.0494  0.0896  0.0030
   32  460  294  0.0492  0.0892  0.0030
   33  459  294  0.0492  0.0892  0.0030
   34  458  294  0.0493  0.0893  0.0030
   35  457  294  0.0492  0.0893  0.0030
   36  456  294  0.0492  0.0892  0.0030
   37  455  294  0.0494  0.0896  0.0030
   38  453  295  0.0494  0.0895  0.0030
   39  452  295  0.0494  0.0895  0.0030
   40  451  295  0.0494  0.0894  0.0030
   41  450  295  0.0494  0.0895  0.0030
   42  449  295  0.0497  0.0899  0.0030
   43  448  295  0.0497  0.0899  0.0030
   44  447  295  0.0497  0.0898  0.0030
   45  454  295  0.0494  0.0894  0.0030
   46  446  296  0.0494  0.0893  0.0030
   47  445  296  0.0493  0.0893  0.0030
   48  444  296  0.0493  0.0892  0.0030
   49  443  296  0.0493  0.0892  0.0030
   50  442  296  0.0495  0.0895  0.0030
   51  441  296  0.0496  0.0896  0.0030
   52  440  296  0.0496  0.0896  0.0030
   53  439  296  0.0496  0.0897  0.0030
   54  438  296  0.0497  0.0897  0.0030
   55  437  296  0.0497  0.0897  0.0030
   56  436  296  0.0497  0.0898  0.0030
   57  435  296  0.0497  0.0898  0.0030
   58  434  297  0.0495  0.0894  0.0030
   59  433  297  0.0496  0.0894  0.0030
   60  432  297  0.0496  0.0895  0.0030
   61  431  297  0.0496  0.0895  0.0030
   62  430  297  0.0497  0.0896  0.0030
   63  429  297  0.0497  0.0896  0.0030
   64  428  297  0.0497  0.0896  0.0030
   65  427  297  0.0497  0.0897  0.0030
   66  426  297  0.0497  0.0896  0.0030
   67  425  298  0.0496  0.0893  0.0030
   68  424  298  0.0495  0.0893  0.0030
   69  423  298  0.0497  0.0895  0.0030
   70  422  298  0.0496  0.0894  0.0030
   71  421  298  0.0496  0.0893  0.0030
   72  419  299  0.0495  0.0890  0.0030
   73  418  299  0.0494  0.0889  0.0030
   74  417  299  0.0495  0.0890  0.0030
   75  416  299  0.0494  0.0888  0.0030
   76  420  299  0.0494  0.0890  0.0030
   77  415  300  0.0494  0.0888  0.0030
   78  414  300  0.0494  0.0888  0.0030
   79  413  300  0.0494  0.0888  0.0030
   80  412  300  0.0495  0.0889  0.0030
   81  411  300  0.0495  0.0890  0.0030
   82  409  301  0.0496  0.0891  0.0030
   83  408  301  0.0496  0.0892  0.0030
   84  407  301  0.0496  0.0892  0.0030
   85  406  301  0.0497  0.0893  0.0030
   86  410  301  0.0495  0.0890  0.0030
   87  405  302  0.0496  0.0890  0.0030
   88  404  302  0.0495  0.0889  0.0030
   89  403  302  0.0496  0.0890  0.0030
   90  402  302  0.0495  0.0889  0.0030
   91  401  302  0.0495  0.0889  0.0030
   92  399  303  0.0495  0.0889  0.0030
   93  398  303  0.0495  0.0887  0.0030
   94  397  303  0.0495  0.0888  0.0030
   95  396  303  0.0495  0.0888  0.0030
   96  400  303  0.0496  0.0889  0.0030
   97  394  304  0.0492  0.0882  0.0030
   98  393  304  0.0494  0.0885  0.0030
   99  395  304  0.0492  0.0882  0.0030

    1  472  284  0.0501  0.0911  0.0029
    2  471  284  0.0502  0.0912  0.0029
    3  470  284  0.0501  0.0911  0.0029
    4  469  284  0.0502  0.0912  0.0029
    5  473  284  0.0501  0.0911  0.0029
    6  468  285  0.0501  0.0910  0.0029
    7  467  285  0.0501  0.0910  0.0029
    8  466  285  0.0501  0.0910  0.0029
    9  465  285  0.0501  0.0909  0.0029
   10  464  285  0.0501  0.0909  0.0029
   11  463  285  0.0501  0.0910  0.0029
   12  462  285  0.0502  0.0910  0.0029
   13  461  285  0.0502  0.0910  0.0029
   14  460  285  0.0502  0.0910  0.0029
   15  459  285  0.0502  0.0910  0.0029
   16  458  286  0.0501  0.0908  0.0029
   17  457  286  0.0500  0.0906  0.0029
   18  456  286  0.0500  0.0906  0.0029
   19  455  286  0.0500  0.0906  0.0029
   20  454  286  0.0500  0.0906  0.0029
   21  453  286  0.0501  0.0907  0.0029
   22  452  286  0.0501  0.0907  0.0029
   23  451  286  0.0501  0.0908  0.0029
   24  450  286  0.0502  0.0908  0.0029
   25  449  287  0.0501  0.0906  0.0029
   26  448  287  0.0502  0.0908  0.0029
   27  447  287  0.0501  0.0907  0.0029
   28  446  287  0.0501  0.0907  0.0029
   29  445  287  0.0501  0.0907  0.0029
   30  444  287  0.0501  0.0907  0.0029
   31  443  287  0.0503  0.0909  0.0029
   32  442  287  0.0503  0.0909  0.0029
   33  441  287  0.0503  0.0910  0.0029
   34  440  287  0.0503  0.0909  0.0029
   35  439  288  0.0503  0.0909  0.0029
   36  438  288  0.0504  0.0910  0.0029
   37  437  288  0.0504  0.0911  0.0029
   38  436  288  0.0506  0.0913  0.0029
   39  435  288  0.0505  0.0913  0.0029
   40  434  288  0.0506  0.0913  0.0029
   41  433  288  0.0506  0.0914  0.0029
   42  431  289  0.0504  0.0908  0.0029
   43  430  289  0.0503  0.0907  0.0029
   44  429  289  0.0502  0.0906  0.0029
   45  432  289  0.0504  0.0910  0.0029
   46  428  290  0.0502  0.0905  0.0029
   47  427  290  0.0502  0.0905  0.0029
   48  426  290  0.0502  0.0906  0.0029
   49  425  290  0.0503  0.0907  0.0029
   50  424  290  0.0504  0.0909  0.0029
   51  423  291  0.0506  0.0911  0.0030
   52  422  291  0.0507  0.0913  0.0030
   53  421  291  0.0508  0.0914  0.0030
   54  420  291  0.0506  0.0911  0.0030
   55  419  291  0.0506  0.0911  0.0030
   56  417  292  0.0504  0.0908  0.0030
   57  416  292  0.0504  0.0908  0.0030
   58  415  292  0.0504  0.0907  0.0030
   59  418  292  0.0505  0.0909  0.0030
   60  414  293  0.0502  0.0904  0.0030
   61  413  293  0.0502  0.0903  0.0030
   62  412  293  0.0501  0.0902  0.0030
   63  411  293  0.0501  0.0901  0.0030
   64  410  293  0.0501  0.0900  0.0030
   65  408  294  0.0501  0.0900  0.0030
   66  407  294  0.0501  0.0900  0.0030
   67  406  294  0.0501  0.0900  0.0030
   68  405  294  0.0502  0.0901  0.0030
   69  409  294  0.0500  0.0899  0.0030
   70  404  295  0.0500  0.0899  0.0030
   71  403  295  0.0504  0.0904  0.0030
   72  402  295  0.0501  0.0899  0.0030
   73  401  295  0.0500  0.0898  0.0030
   74  399  296  0.0499  0.0896  0.0030
   75  398  296  0.0499  0.0895  0.0030
   76  397  296  0.0499  0.0894  0.0030
   77  396  296  0.0500  0.0897  0.0030
   78  400  296  0.0500  0.0898  0.0030
   79  394  297  0.0500  0.0895  0.0030
   80  393  297  0.0499  0.0894  0.0030
   81  395  297  0.0499  0.0895  0.0030

     1  1185  443  0.0302  0.0623  0.0033
     2  1186  443  0.0302  0.0624  0.0033
     3  1183  444  0.0301  0.0622  0.0033
     4  1184  444  0.0302  0.0623  0.0033
     5  1181  445  0.0301  0.0622  0.0033
     6  1182  445  0.0301  0.0622  0.0033
     7  1179  446  0.0301  0.0621  0.0033
     8  1180  446  0.0301  0.0621  0.0033
     9  1178  447  0.0301  0.0621  0.0033
    10  1177  447  0.0301  0.0621  0.0033
    11  1176  447  0.0301  0.0621  0.0033
    12  1174  448  0.0302  0.0621  0.0033
    13  1175  448  0.0301  0.0621  0.0033
    14  1172  449  0.0302  0.0621  0.0033
    15  1173  449  0.0301  0.0621  0.0033
    16  1170  450  0.0302  0.0623  0.0033
    17  1171  450  0.0302  0.0622  0.0033
    18  1169  451  0.0302  0.0622  0.0033
    19  1168  451  0.0303  0.0623  0.0033
    20  1166  452  0.0303  0.0623  0.0033
    21  1165  452  0.0302  0.0622  0.0033
    22  1167  452  0.0303  0.0623  0.0033
    23  1164  453  0.0302  0.0622  0.0033
    24  1163  453  0.0302  0.0622  0.0033
    25  1161  454  0.0302  0.0621  0.0033
    26  1162  454  0.0302  0.0621  0.0033
    27  1159  455  0.0303  0.0621  0.0033
    28  1160  455  0.0302  0.0621  0.0033
    29  1158  456  0.0303  0.0622  0.0033
    30  1157  456  0.0303  0.0622  0.0033
    31  1156  456  0.0303  0.0622  0.0033
    32  1154  457  0.0301  0.0618  0.0033
    33  1155  457  0.0303  0.0621  0.0033
    34  1152  458  0.0300  0.0616  0.0033
    35  1153  458  0.0301  0.0618  0.0033
    36  1150  459  0.0301  0.0616  0.0033
    37  1151  459  0.0301  0.0617  0.0033
    38  1149  460  0.0301  0.0616  0.0033
    39  1148  460  0.0300  0.0615  0.0033
    40  1146  461  0.0300  0.0616  0.0033
    41  1145  461  0.0300  0.0615  0.0033
    42  1147  461  0.0301  0.0616  0.0033
    43  1144  462  0.0300  0.0615  0.0033
    44  1143  462  0.0300  0.0615  0.0033
    45  1141  463  0.0300  0.0615  0.0033
    46  1142  463  0.0300  0.0615  0.0033
    47  1139  464  0.0300  0.0614  0.0033
    48  1140  464  0.0300  0.0614  0.0033
    49  1138  465  0.0299  0.0612  0.0033
    50  1137  465  0.0299  0.0612  0.0033
    51  1136  465  0.0299  0.0612  0.0033
    52  1134  466  0.0299  0.0612  0.0033
    53  1135  466  0.0299  0.0611  0.0033
    54  1132  467  0.0300  0.0612  0.0033
    55  1133  467  0.0299  0.0611  0.0033
    56  1130  468  0.0299  0.0612  0.0033
    57  1131  468  0.0299  0.0612  0.0033
    58  1129  469  0.0300  0.0612  0.0033
    59  1128  469  0.0299  0.0610  0.0033
    60  1126  470  0.0298  0.0608  0.0033
    61  1125  470  0.0298  0.0609  0.0033
    62  1127  470  0.0298  0.0609  0.0033
    63  1123  471  0.0298  0.0609  0.0033
    64  1124  471  0.0298  0.0609  0.0033
    65  1121  472  0.0298  0.0608  0.0033
    66  1122  472  0.0298  0.0608  0.0033
    67  1120  473  0.0298  0.0607  0.0033
    68  1119  473  0.0298  0.0608  0.0033
    69  1117  474  0.0298  0.0606  0.0033
    70  1116  474  0.0298  0.0606  0.0033
    71  1118  474  0.0297  0.0606  0.0033
    72  1114  475  0.0297  0.0606  0.0033
    73  1113  475  0.0298  0.0606  0.0033
    74  1112  475  0.0297  0.0605  0.0033
    75  1115  475  0.0297  0.0606  0.0033
    76  1111  476  0.0297  0.0606  0.0033
    77  1110  476  0.0297  0.0605  0.0033
    78  1109  476  0.0298  0.0606  0.0033
    79  1108  476  0.0298  0.0605  0.0033
    80  1106  477  0.0298  0.0606  0.0033
    81  1105  477  0.0298  0.0606  0.0033
    82  1107  477  0.0298  0.0606  0.0033
    83  1103  478  0.0298  0.0606  0.0033
    84  1102  478  0.0299  0.0607  0.0033
    85  1101  478  0.0299  0.0607  0.0033
    86  1104  478  0.0298  0.0607  0.0033
    87  1100  479  0.0299  0.0607  0.0033
    88  1099  479  0.0299  0.0608  0.0033
    89  1098  479  0.0299  0.0607  0.0033
    90  1097  479  0.0299  0.0608  0.0033
    91  1095  480  0.0300  0.0608  0.0033
    92  1094  480  0.0299  0.0607  0.0033
    93  1096  480  0.0300  0.0608  0.0034
    94  1092  481  0.0300  0.0608  0.0033
    95  1091  481  0.0299  0.0607  0.0033
    96  1090  481  0.0299  0.0607  0.0033
    97  1093  481  0.0299  0.0607  0.0033
    98  1089  482  0.0299  0.0607  0.0033
    99  1088  482  0.0300  0.0607  0.0033
   100  1087  482  0.0300  0.0607  0.0033
   101  1086  482  0.0300  0.0607  0.0033
   102  1084  483  0.0299  0.0606  0.0033
   103  1083  483  0.0299  0.0606  0.0033
   104  1082  483  0.0299  0.0606  0.0033
   105  1085  483  0.0299  0.0606  0.0033
   106  1080  484  0.0299  0.0605  0.0033
   107  1079  484  0.0299  0.0604  0.0033
   108  1081  484  0.0299  0.0605  0.0033
   109  1078  485  0.0298  0.0603  0.0033
   110  1077  485  0.0298  0.0602  0.0033
   111  1076  485  0.0298  0.0602  0.0033
   112  1075  485  0.0298  0.0602  0.0033
   113  1073  486  0.0297  0.0601  0.0033
   114  1072  486  0.0297  0.0601  0.0033
   115  1071  486  0.0298  0.0601  0.0033
   116  1074  486  0.0297  0.0601  0.0033
   117  1070  487  0.0297  0.0600  0.0033
   118  1069  487  0.0298  0.0601  0.0033
   119  1068  487  0.0298  0.0601  0.0033
   120  1066  488  0.0298  0.0601  0.0033
   121  1067  488  0.0298  0.0601  0.0033
   122  1064  489  0.0298  0.0600  0.0033
   123  1065  489  0.0298  0.0600  0.0033
   124  1062  490  0.0298  0.0600  0.0033
   125  1061  490  0.0298  0.0600  0.0033
   126  1063  490  0.0297  0.0600  0.0033
   127  1060  491  0.0297  0.0600  0.0033
   128  1059  491  0.0298  0.0600  0.0034
   129  1057  492  0.0298  0.0599  0.0033
   130  1058  492  0.0298  0.0600  0.0033
   131  1055  493  0.0298  0.0599  0.0034
   132  1056  493  0.0297  0.0599  0.0034
   133  1053  494  0.0297  0.0598  0.0033
   134  1052  494  0.0297  0.0598  0.0033
   135  1054  494  0.0297  0.0599  0.0034
   136  1051  495  0.0297  0.0598  0.0034
   137  1050  495  0.0297  0.0598  0.0034
   138  1048  496  0.0297  0.0598  0.0034
   139  1049  496  0.0297  0.0598  0.0034
   140  1046  497  0.0297  0.0597  0.0034
   141  1047  497  0.0297  0.0597  0.0034
   142  1044  498  0.0296  0.0596  0.0034
   143  1045  498  0.0296  0.0596  0.0034
   144  1043  499  0.0296  0.0595  0.0034
   145  1042  500  0.0296  0.0594  0.0034
   146  1041  501  0.0296  0.0594  0.0034
   147  1040  501  0.0296  0.0594  0.0034
   148  1039  502  0.0296  0.0594  0.0034
   149  1038  503  0.0296  0.0594  0.0034
   150  1036  504  0.0295  0.0593  0.0034
   151  1037  504  0.0296  0.0593  0.0034
   152  1035  505  0.0295  0.0592  0.0034
   153  1033  506  0.0295  0.0592  0.0034
   154  1034  506  0.0295  0.0591  0.0034
   155  1032  507  0.0295  0.0591  0.0034
   156  1031  508  0.0295  0.0591  0.0034
   157  1029  509  0.0294  0.0590  0.0034
   158  1030  509  0.0294  0.0590  0.0034
   159  1028  510  0.0294  0.0590  0.0034
   160  1027  511  0.0295  0.0590  0.0034
   161  1025  512  0.0295  0.0590  0.0034
   162  1026  512  0.0294  0.0590  0.0034
   163  1024  513  0.0295  0.0590  0.0034
   164  1023  513  0.0295  0.0590  0.0034
   165  1021  514  0.0295  0.0590  0.0034
   166  1020  514  0.0295  0.0589  0.0034
   167  1019  514  0.0295  0.0590  0.0034
   168  1022  514  0.0295  0.0590  0.0034
   169  1017  515  0.0295  0.0589  0.0034
   170  1016  515  0.0295  0.0589  0.0034
   171  1018  515  0.0295  0.0589  0.0034
   172  1015  516  0.0294  0.0588  0.0034
   173  1014  516  0.0294  0.0587  0.0034
   174  1013  516  0.0294  0.0587  0.0034
   175  1012  516  0.0294  0.0587  0.0034
   176  1010  517  0.0293  0.0585  0.0034
   177  1009  517  0.0293  0.0585  0.0034
   178  1008  517  0.0293  0.0585  0.0034
   179  1011  517  0.0294  0.0586  0.0034
   180  1006  518  0.0293  0.0585  0.0034
   181  1005  518  0.0293  0.0585  0.0034
   182  1007  518  0.0293  0.0585  0.0034
   183  1004  519  0.0293  0.0584  0.0034
   184  1003  519  0.0293  0.0584  0.0034
   185  1002  519  0.0293  0.0584  0.0034
   186  1001  519  0.0293  0.0584  0.0034
   187   999  520  0.0294  0.0586  0.0034
   188   998  520  0.0294  0.0585  0.0034
   189  1000  520  0.0294  0.0586  0.0034
   190   996  521  0.0293  0.0584  0.0034
   191   995  521  0.0293  0.0584  0.0034
   192   994  521  0.0293  0.0583  0.0034
   193   997  521  0.0293  0.0584  0.0034
   194   993  522  0.0293  0.0582  0.0034
   195   992  522  0.0293  0.0583  0.0034
   196   991  522  0.0293  0.0583  0.0034
   197   990  522  0.0293  0.0582  0.0034
   198   988  523  0.0293  0.0582  0.0034
   199   987  523  0.0293  0.0583  0.0034
   200   989  523  0.0292  0.0582  0.0034
   201   985  524  0.0293  0.0582  0.0034
   202   984  524  0.0293  0.0582  0.0034
   203   983  524  0.0293  0.0582  0.0034
   204   986  524  0.0293  0.0582  0.0034
   205   982  525  0.0293  0.0582  0.0034
   206   981  525  0.0293  0.0582  0.0034
   207   980  526  0.0293  0.0581  0.0034
   208   978  527  0.0293  0.0581  0.0034
   209   979  527  0.0293  0.0581  0.0034
   210   977  528  0.0293  0.0581  0.0034
   211   975  529  0.0293  0.0580  0.0034
   212   976  529  0.0293  0.0581  0.0034
   213   974  530  0.0293  0.0580  0.0034
   214   973  530  0.0293  0.0580  0.0034
   215   972  530  0.0293  0.0581  0.0034
   216   970  531  0.0293  0.0580  0.0034
   217   969  531  0.0293  0.0581  0.0034
   218   971  531  0.0293  0.0581  0.0034
   219   967  532  0.0293  0.0580  0.0034
   220   966  532  0.0293  0.0580  0.0034
   221   968  532  0.0293  0.0581  0.0034
   222   965  533  0.0293  0.0579  0.0034
   223   964  533  0.0293  0.0580  0.0034
   224   963  533  0.0293  0.0580  0.0034
   225   961  534  0.0294  0.0581  0.0034
   226   960  534  0.0294  0.0581  0.0034
   227   959  534  0.0293  0.0580  0.0034
   228   962  534  0.0293  0.0580  0.0034
   229   957  535  0.0293  0.0579  0.0034
   230   956  535  0.0293  0.0578  0.0034
   231   958  535  0.0293  0.0580  0.0034
   232   955  536  0.0293  0.0578  0.0034
   233   954  536  0.0292  0.0578  0.0034
   234   953  536  0.0292  0.0577  0.0034
   235   951  537  0.0291  0.0575  0.0034
   236   950  537  0.0292  0.0576  0.0034
   237   952  537  0.0292  0.0576  0.0034
   238   948  538  0.0292  0.0576  0.0034
   239   947  538  0.0292  0.0576  0.0034
   240   949  538  0.0292  0.0576  0.0034
   241   946  539  0.0292  0.0575  0.0034
   242   945  539  0.0292  0.0577  0.0034
   243   944  539  0.0292  0.0576  0.0034
   244   942  540  0.0292  0.0575  0.0034
   245   941  540  0.0291  0.0574  0.0034
   246   940  540  0.0292  0.0575  0.0034
   247   943  540  0.0292  0.0575  0.0034
   248   938  541  0.0291  0.0574  0.0034
   249   937  541  0.0291  0.0574  0.0034
   250   939  541  0.0291  0.0574  0.0034
   251   936  542  0.0291  0.0573  0.0034
   252   935  542  0.0291  0.0574  0.0034
   253   934  542  0.0291  0.0573  0.0034
   254   932  543  0.0291  0.0573  0.0034
   255   931  543  0.0292  0.0574  0.0034
   256   933  543  0.0291  0.0573  0.0034
   257   929  544  0.0291  0.0572  0.0034
   258   928  544  0.0291  0.0572  0.0034
   259   927  544  0.0291  0.0572  0.0034
   260   930  544  0.0291  0.0573  0.0034
   261   926  545  0.0291  0.0572  0.0034
   262   925  545  0.0291  0.0571  0.0034
   263   924  545  0.0291  0.0572  0.0034
   264   922  546  0.0291  0.0571  0.0034
   265   921  546  0.0291  0.0571  0.0034
   266   923  546  0.0291  0.0571  0.0034
   267   919  547  0.0291  0.0570  0.0034
   268   918  547  0.0291  0.0570  0.0034
   269   920  547  0.0291  0.0571  0.0034
   270   917  548  0.0291  0.0570  0.0034
   271   916  548  0.0290  0.0569  0.0034
   272   915  548  0.0290  0.0569  0.0034
   273   914  548  0.0290  0.0568  0.0034
   274   912  549  0.0290  0.0568  0.0034
   275   911  549  0.0290  0.0568  0.0034
   276   913  549  0.0290  0.0568  0.0034
   277   910  550  0.0290  0.0568  0.0034
   278   909  550  0.0290  0.0568  0.0034
   279   908  550  0.0290  0.0568  0.0034
   280   906  551  0.0290  0.0568  0.0034
   281   905  551  0.0290  0.0568  0.0034
   282   907  551  0.0290  0.0568  0.0034
   283   904  552  0.0290  0.0568  0.0034
   284   903  552  0.0290  0.0568  0.0034
   285   902  552  0.0290  0.0568  0.0034
   286   901  552  0.0290  0.0568  0.0034
   287   899  553  0.0290  0.0568  0.0034
   288   898  553  0.0290  0.0567  0.0034
   289   900  553  0.0290  0.0568  0.0034
   290   896  554  0.0290  0.0566  0.0034
   291   897  554  0.0290  0.0567  0.0034
   292   895  555  0.0290  0.0566  0.0034
   293   894  556  0.0290  0.0566  0.0034
   294   893  557  0.0290  0.0566  0.0034
   295   891  558  0.0290  0.0565  0.0034
   296   892  558  0.0290  0.0566  0.0034
   297   890  559  0.0290  0.0565  0.0034
   298   889  560  0.0289  0.0564  0.0034
   299   888  561  0.0288  0.0563  0.0034
   300   887  562  0.0288  0.0562  0.0034
   301   886  563  0.0289  0.0563  0.0034
   302   885  564  0.0289  0.0563  0.0034
   303   884  565  0.0289  0.0563  0.0034
   304   883  566  0.0289  0.0562  0.0034
   305   881  567  0.0289  0.0562  0.0034
   306   882  567  0.0289  0.0563  0.0034
   307   880  568  0.0288  0.0562  0.0034
   308   879  569  0.0289  0.0563  0.0034
   309   878  570  0.0289  0.0563  0.0034
   310   877  571  0.0288  0.0561  0.0034
