; ENVI Output of ROIs (5.4) [Tue Aug 13 18:06:29 2019]
; Number of ROIs: 13
; File Dimension: 1328 x 1184
;
; ROI name: Region #1
; ROI rgb value: {255, 0, 0}
; ROI npts: 98
;
; ROI name: Region #2
; ROI rgb value: {0, 255, 0}
; ROI npts: 35
;
; ROI name: Region #3
; ROI rgb value: {0, 0, 255}
; ROI npts: 31
;
; ROI name: Region #4
; ROI rgb value: {255, 255, 0}
; ROI npts: 95
;
; ROI name: Region #5
; ROI rgb value: {0, 255, 255}
; ROI npts: 37
;
; ROI name: Region #6
; ROI rgb value: {255, 0, 255}
; ROI npts: 35
;
; ROI name: Region #7
; ROI rgb value: {176, 48, 96}
; ROI npts: 92
;
; ROI name: Region #8
; ROI rgb value: {46, 139, 87}
; ROI npts: 61
;
; ROI name: Region #9
; ROI rgb value: {160, 32, 240}
; ROI npts: 85
;
; ROI name: Region #10
; ROI rgb value: {255, 127, 80}
; ROI npts: 113
;
; ROI name: Region #11
; ROI rgb value: {127, 255, 212}
; ROI npts: 83
;
; ROI name: Region #12
; ROI rgb value: {218, 112, 214}
; ROI npts: 148
;
; ROI name: Region #13
; ROI rgb value: {160, 82, 45}
; ROI npts: 154
;  ID    X    Y      B1      B2      B3
    1  930  761  0.0094  0.0287  0.0058
    2  929  762  0.0094  0.0287  0.0058
    3  928  763  0.0094  0.0287  0.0058
    4  927  764  0.0093  0.0287  0.0058
    5  926  765  0.0093  0.0286  0.0058
    6  925  766  0.0093  0.0286  0.0058
    7  924  767  0.0093  0.0285  0.0058
    8  922  768  0.0093  0.0285  0.0058
    9  923  768  0.0093  0.0285  0.0058
   10  921  769  0.0093  0.0285  0.0058
   11  920  770  0.0093  0.0285  0.0058
   12  919  771  0.0093  0.0285  0.0058
   13  918  772  0.0093  0.0285  0.0058
   14  917  773  0.0093  0.0285  0.0058
   15  916  774  0.0093  0.0285  0.0058
   16  914  775  0.0093  0.0284  0.0058
   17  915  775  0.0093  0.0284  0.0058
   18  913  776  0.0093  0.0284  0.0058
   19  912  776  0.0093  0.0284  0.0058
   20  911  777  0.0093  0.0284  0.0058
   21  909  778  0.0093  0.0284  0.0058
   22  910  778  0.0093  0.0284  0.0058
   23  907  779  0.0093  0.0284  0.0058
   24  908  779  0.0093  0.0283  0.0058
   25  906  780  0.0093  0.0283  0.0058
   26  904  781  0.0093  0.0283  0.0058
   27  905  781  0.0093  0.0283  0.0058
   28  902  782  0.0093  0.0283  0.0058
   29  903  782  0.0093  0.0283  0.0058
   30  900  783  0.0093  0.0283  0.0058
   31  901  783  0.0093  0.0283  0.0058
   32  899  784  0.0093  0.0283  0.0058
   33  897  785  0.0093  0.0283  0.0058
   34  898  785  0.0093  0.0283  0.0058
   35  895  786  0.0093  0.0283  0.0058
   36  896  786  0.0093  0.0282  0.0058
   37  894  787  0.0093  0.0282  0.0058
   38  893  788  0.0093  0.0282  0.0058
   39  893  789  0.0093  0.0282  0.0058
   40  892  790  0.0093  0.0282  0.0058
   41  891  791  0.0093  0.0282  0.0058
   42  891  792  0.0093  0.0281  0.0058
   43  890  793  0.0093  0.0281  0.0058
   44  889  794  0.0093  0.0281  0.0058
   45  889  795  0.0093  0.0281  0.0058
   46  888  796  0.0093  0.0281  0.0058
   47  887  797  0.0092  0.0280  0.0058
   48  886  798  0.0092  0.0280  0.0058
   49  886  799  0.0092  0.0280  0.0058
   50  885  800  0.0092  0.0279  0.0058
   51  884  801  0.0092  0.0279  0.0058
   52  884  802  0.0092  0.0279  0.0058
   53  883  803  0.0092  0.0279  0.0058
   54  882  804  0.0092  0.0279  0.0058
   55  882  805  0.0092  0.0279  0.0058
   56  881  806  0.0092  0.0279  0.0058
   57  880  807  0.0092  0.0278  0.0058
   58  880  808  0.0092  0.0278  0.0058
   59  879  809  0.0092  0.0277  0.0058
   60  879  810  0.0092  0.0277  0.0058
   61  878  811  0.0092  0.0278  0.0058
   62  878  812  0.0092  0.0278  0.0058
   63  877  813  0.0092  0.0278  0.0057
   64  877  814  0.0092  0.0277  0.0057
   65  876  815  0.0092  0.0277  0.0057
   66  876  816  0.0091  0.0276  0.0057
   67  875  817  0.0092  0.0276  0.0057
   68  875  818  0.0091  0.0276  0.0058
   69  874  819  0.0091  0.0275  0.0057
   70  874  820  0.0091  0.0274  0.0057
   71  873  821  0.0091  0.0273  0.0057
   72  872  822  0.0090  0.0272  0.0057
   73  872  823  0.0090  0.0273  0.0057
   74  871  824  0.0090  0.0273  0.0057
   75  871  825  0.0090  0.0272  0.0057
   76  870  826  0.0090  0.0271  0.0057
   77  870  827  0.0090  0.0272  0.0057
   78  869  828  0.0090  0.0272  0.0057
   79  869  829  0.0090  0.0272  0.0057
   80  868  830  0.0090  0.0272  0.0057
   81  868  831  0.0090  0.0272  0.0057
   82  867  832  0.0090  0.0272  0.0057
   83  867  833  0.0090  0.0272  0.0057
   84  865  834  0.0090  0.0272  0.0057
   85  866  834  0.0090  0.0272  0.0057
   86  864  835  0.0090  0.0272  0.0057
   87  863  835  0.0090  0.0272  0.0057
   88  861  836  0.0090  0.0272  0.0057
   89  862  836  0.0090  0.0272  0.0057
   90  859  837  0.0091  0.0272  0.0057
   91  858  837  0.0091  0.0272  0.0057
   92  860  837  0.0090  0.0272  0.0057
   93  857  838  0.0091  0.0273  0.0057
   94  856  838  0.0091  0.0273  0.0057
   95  854  839  0.0091  0.0273  0.0057
   96  855  839  0.0091  0.0273  0.0057
   97  852  840  0.0091  0.0273  0.0057
   98  853  840  0.0091  0.0273  0.0057

    1  74  1098  0.0090  0.0224  0.0051
    2  72  1099  0.0090  0.0224  0.0051
    3  71  1099  0.0090  0.0224  0.0051
    4  73  1099  0.0090  0.0224  0.0051
    5  71  1100  0.0090  0.0224  0.0051
    6  70  1100  0.0090  0.0224  0.0051
    7  68  1101  0.0090  0.0224  0.0051
    8  67  1101  0.0090  0.0224  0.0051
    9  66  1101  0.0090  0.0224  0.0051
   10  65  1101  0.0090  0.0224  0.0051
   11  69  1101  0.0090  0.0224  0.0051
   12  65  1102  0.0090  0.0224  0.0051
   13  64  1102  0.0090  0.0224  0.0051
   14  63  1102  0.0090  0.0224  0.0051
   15  62  1102  0.0090  0.0224  0.0051
   16  61  1102  0.0090  0.0224  0.0051
   17  60  1102  0.0090  0.0224  0.0051
   18  59  1102  0.0090  0.0224  0.0051
   19  58  1103  0.0090  0.0223  0.0051
   20  57  1103  0.0090  0.0223  0.0051
   21  56  1103  0.0090  0.0223  0.0051
   22  59  1103  0.0090  0.0224  0.0051
   23  55  1104  0.0090  0.0223  0.0051
   24  54  1105  0.0090  0.0223  0.0051
   25  53  1105  0.0090  0.0223  0.0051
   26  55  1105  0.0090  0.0223  0.0051
   27  53  1106  0.0090  0.0223  0.0051
   28  52  1107  0.0090  0.0223  0.0051
   29  51  1108  0.0090  0.0223  0.0051
   30  52  1108  0.0090  0.0223  0.0051
   31  50  1109  0.0090  0.0223  0.0051
   32  49  1109  0.0090  0.0223  0.0051
   33  51  1109  0.0090  0.0223  0.0051
   34  48  1110  0.0090  0.0223  0.0051
   35  49  1110  0.0090  0.0223  0.0051

    1  615  1084  0.0087  0.0244  0.0056
    2  616  1084  0.0087  0.0244  0.0056
    3  617  1084  0.0087  0.0244  0.0056
    4  614  1084  0.0087  0.0244  0.0056
    5  617  1085  0.0087  0.0244  0.0056
    6  618  1085  0.0087  0.0244  0.0056
    7  619  1085  0.0087  0.0244  0.0056
    8  620  1085  0.0086  0.0244  0.0056
    9  622  1085  0.0087  0.0244  0.0056
   10  623  1085  0.0086  0.0244  0.0056
   11  624  1085  0.0086  0.0244  0.0056
   12  624  1086  0.0086  0.0244  0.0056
   13  625  1086  0.0086  0.0244  0.0056
   14  626  1086  0.0086  0.0244  0.0056
   15  627  1086  0.0086  0.0244  0.0056
   16  629  1086  0.0086  0.0244  0.0056
   17  630  1086  0.0086  0.0244  0.0056
   18  632  1087  0.0086  0.0244  0.0056
   19  633  1087  0.0086  0.0244  0.0056
   20  634  1087  0.0086  0.0244  0.0056
   21  635  1087  0.0086  0.0244  0.0056
   22  631  1087  0.0086  0.0244  0.0056
   23  636  1088  0.0086  0.0244  0.0056
   24  637  1088  0.0086  0.0244  0.0056
   25  643  1088  0.0086  0.0244  0.0056
   26  642  1088  0.0086  0.0244  0.0056
   27  641  1088  0.0086  0.0244  0.0056
   28  640  1089  0.0086  0.0244  0.0056
   29  639  1089  0.0086  0.0244  0.0056
   30  638  1089  0.0086  0.0244  0.0056
   31  641  1089  0.0086  0.0244  0.0056

    1  1070  926  0.0085  0.0269  0.0059
    2  1071  926  0.0085  0.0268  0.0059
    3  1069  927  0.0085  0.0268  0.0059
    4  1068  927  0.0085  0.0268  0.0059
    5  1070  927  0.0085  0.0268  0.0059
    6  1068  928  0.0085  0.0268  0.0059
    7  1067  928  0.0085  0.0268  0.0059
    8  1066  928  0.0085  0.0268  0.0059
    9  1065  929  0.0085  0.0268  0.0059
   10  1064  930  0.0085  0.0268  0.0059
   11  1063  931  0.0085  0.0268  0.0059
   12  1062  931  0.0085  0.0268  0.0059
   13  1061  931  0.0085  0.0268  0.0059
   14  1060  932  0.0085  0.0268  0.0059
   15  1058  932  0.0085  0.0267  0.0059
   16  1061  932  0.0085  0.0268  0.0059
   17  1058  933  0.0085  0.0267  0.0059
   18  1057  933  0.0085  0.0267  0.0059
   19  1056  933  0.0085  0.0267  0.0059
   20  1055  934  0.0085  0.0267  0.0059
   21  1054  934  0.0085  0.0267  0.0059
   22  1056  934  0.0085  0.0267  0.0059
   23  1054  935  0.0085  0.0267  0.0059
   24  1053  935  0.0085  0.0267  0.0059
   25  1052  935  0.0085  0.0267  0.0059
   26  1051  935  0.0085  0.0267  0.0059
   27  1050  936  0.0085  0.0267  0.0059
   28  1049  937  0.0085  0.0267  0.0059
   29  1048  937  0.0085  0.0267  0.0059
   30  1050  937  0.0085  0.0267  0.0059
   31  1048  938  0.0085  0.0267  0.0059
   32  1047  938  0.0085  0.0267  0.0059
   33  1046  938  0.0085  0.0267  0.0059
   34  1045  939  0.0085  0.0267  0.0059
   35  1044  939  0.0085  0.0267  0.0059
   36  1046  939  0.0085  0.0267  0.0059
   37  1043  940  0.0085  0.0267  0.0059
   38  1042  940  0.0085  0.0267  0.0059
   39  1041  941  0.0085  0.0267  0.0059
   40  1040  941  0.0085  0.0267  0.0059
   41  1039  941  0.0085  0.0267  0.0059
   42  1038  941  0.0085  0.0267  0.0059
   43  1037  941  0.0085  0.0267  0.0059
   44  1036  941  0.0085  0.0267  0.0059
   45  1035  941  0.0085  0.0267  0.0059
   46  1034  942  0.0085  0.0267  0.0059
   47  1035  942  0.0085  0.0267  0.0059
   48  1033  944  0.0085  0.0267  0.0059
   49  1032  944  0.0085  0.0267  0.0059
   50  1030  945  0.0085  0.0266  0.0059
   51  1029  945  0.0085  0.0266  0.0059
   52  1031  945  0.0085  0.0266  0.0059
   53  1029  946  0.0085  0.0267  0.0059
   54  1029  947  0.0085  0.0266  0.0059
   55  1027  948  0.0085  0.0267  0.0059
   56  1027  949  0.0085  0.0266  0.0059
   57  1026  950  0.0085  0.0266  0.0059
   58  1026  951  0.0085  0.0266  0.0059
   59  1025  951  0.0085  0.0266  0.0059
   60  1024  952  0.0085  0.0266  0.0059
   61  1021  953  0.0085  0.0266  0.0059
   62  1020  954  0.0085  0.0266  0.0059
   63  1018  954  0.0085  0.0266  0.0059
   64  1021  954  0.0085  0.0266  0.0059
   65  1017  955  0.0085  0.0266  0.0059
   66  1015  955  0.0085  0.0266  0.0059
   67  1013  955  0.0085  0.0266  0.0059
   68  1011  956  0.0085  0.0266  0.0059
   69  1012  956  0.0085  0.0266  0.0059
   70  1009  957  0.0085  0.0265  0.0059
   71  1009  958  0.0085  0.0265  0.0059
   72  1008  959  0.0085  0.0265  0.0059
   73  1008  960  0.0085  0.0265  0.0059
   74  1009  960  0.0085  0.0265  0.0059
   75  1009  961  0.0085  0.0265  0.0059
   76  1007  962  0.0085  0.0265  0.0059
   77  1006  963  0.0085  0.0265  0.0059
   78  1007  963  0.0085  0.0265  0.0059
   79  1004  964  0.0085  0.0265  0.0059
   80  1003  965  0.0085  0.0265  0.0059
   81  1002  965  0.0085  0.0265  0.0059
   82  1001  965  0.0085  0.0265  0.0059
   83   998  966  0.0085  0.0265  0.0059
   84   999  966  0.0085  0.0265  0.0059
   85   997  967  0.0085  0.0265  0.0059
   86   996  967  0.0085  0.0265  0.0059
   87   995  967  0.0085  0.0265  0.0059
   88   994  967  0.0085  0.0265  0.0059
   89   993  967  0.0085  0.0265  0.0059
   90   991  967  0.0086  0.0265  0.0059
   91   990  967  0.0086  0.0265  0.0059
   92   989  967  0.0086  0.0265  0.0059
   93   988  967  0.0086  0.0265  0.0059
   94   987  967  0.0086  0.0265  0.0059
   95   986  967  0.0086  0.0265  0.0059

    1  982  946  0.0086  0.0266  0.0058
    2  981  947  0.0086  0.0266  0.0058
    3  980  947  0.0086  0.0266  0.0058
    4  982  947  0.0086  0.0266  0.0058
    5  980  948  0.0086  0.0266  0.0058
    6  979  948  0.0086  0.0266  0.0058
    7  978  949  0.0086  0.0266  0.0058
    8  977  949  0.0086  0.0266  0.0058
    9  979  949  0.0086  0.0266  0.0058
   10  975  951  0.0086  0.0266  0.0058
   11  974  951  0.0086  0.0266  0.0058
   12  971  952  0.0086  0.0266  0.0058
   13  972  952  0.0086  0.0266  0.0058
   14  969  953  0.0086  0.0266  0.0058
   15  968  954  0.0086  0.0265  0.0058
   16  967  954  0.0086  0.0265  0.0058
   17  965  954  0.0086  0.0265  0.0058
   18  964  954  0.0086  0.0265  0.0058
   19  962  955  0.0086  0.0265  0.0058
   20  961  955  0.0086  0.0265  0.0058
   21  959  956  0.0086  0.0265  0.0058
   22  958  956  0.0086  0.0265  0.0058
   23  937  956  0.0087  0.0265  0.0058
   24  938  956  0.0087  0.0265  0.0058
   25  939  956  0.0087  0.0265  0.0058
   26  936  956  0.0087  0.0265  0.0058
   27  942  957  0.0087  0.0265  0.0058
   28  954  957  0.0086  0.0265  0.0058
   29  940  957  0.0087  0.0265  0.0058
   30  956  957  0.0086  0.0265  0.0058
   31  944  958  0.0086  0.0265  0.0058
   32  950  958  0.0086  0.0265  0.0058
   33  952  958  0.0086  0.0264  0.0058
   34  947  958  0.0086  0.0265  0.0058
   35  948  958  0.0086  0.0265  0.0058
   36  943  958  0.0086  0.0265  0.0058
   37  945  958  0.0086  0.0265  0.0058

    1  977  916  0.0086  0.0267  0.0058
    2  978  916  0.0086  0.0266  0.0058
    3  976  917  0.0086  0.0267  0.0058
    4  974  918  0.0086  0.0266  0.0058
    5  975  919  0.0086  0.0266  0.0058
    6  972  920  0.0086  0.0266  0.0058
    7  970  921  0.0086  0.0266  0.0058
    8  966  923  0.0086  0.0266  0.0058
    9  967  923  0.0086  0.0266  0.0058
   10  964  924  0.0087  0.0266  0.0058
   11  963  924  0.0086  0.0266  0.0058
   12  962  924  0.0087  0.0266  0.0058
   13  961  924  0.0087  0.0266  0.0058
   14  958  925  0.0087  0.0266  0.0058
   15  956  925  0.0087  0.0267  0.0058
   16  955  925  0.0087  0.0267  0.0058
   17  959  925  0.0087  0.0266  0.0058
   18  953  926  0.0087  0.0267  0.0058
   19  952  926  0.0087  0.0267  0.0058
   20  951  926  0.0087  0.0267  0.0058
   21  949  926  0.0087  0.0267  0.0058
   22  947  927  0.0087  0.0267  0.0058
   23  945  927  0.0087  0.0266  0.0058
   24  944  927  0.0087  0.0267  0.0058
   25  942  927  0.0087  0.0267  0.0058
   26  941  927  0.0087  0.0267  0.0058
   27  948  927  0.0087  0.0267  0.0058
   28  940  928  0.0087  0.0267  0.0058
   29  938  929  0.0087  0.0267  0.0058
   30  936  930  0.0087  0.0267  0.0058
   31  935  931  0.0087  0.0267  0.0058
   32  932  932  0.0087  0.0266  0.0058
   33  934  932  0.0087  0.0267  0.0058
   34  931  933  0.0087  0.0266  0.0058
   35  932  933  0.0087  0.0266  0.0058

    1  982  881  0.0087  0.0271  0.0058
    2  981  881  0.0087  0.0271  0.0058
    3  982  882  0.0087  0.0271  0.0058
    4  982  883  0.0087  0.0271  0.0058
    5  981  883  0.0087  0.0271  0.0058
    6  980  883  0.0088  0.0271  0.0058
    7  978  884  0.0088  0.0271  0.0058
    8  977  884  0.0088  0.0271  0.0058
    9  979  884  0.0087  0.0271  0.0058
   10  977  885  0.0088  0.0271  0.0058
   11  976  885  0.0087  0.0270  0.0058
   12  975  885  0.0087  0.0271  0.0058
   13  974  885  0.0087  0.0270  0.0058
   14  972  886  0.0087  0.0270  0.0058
   15  973  886  0.0087  0.0270  0.0058
   16  970  887  0.0088  0.0270  0.0058
   17  971  887  0.0088  0.0270  0.0058
   18  970  888  0.0087  0.0270  0.0058
   19  969  888  0.0088  0.0270  0.0058
   20  968  888  0.0087  0.0270  0.0058
   21  967  888  0.0088  0.0271  0.0058
   22  967  889  0.0088  0.0270  0.0058
   23  967  890  0.0087  0.0270  0.0058
   24  966  890  0.0088  0.0270  0.0058
   25  966  891  0.0088  0.0270  0.0058
   26  965  892  0.0088  0.0270  0.0058
   27  966  892  0.0088  0.0270  0.0058
   28  965  893  0.0088  0.0270  0.0058
   29  964  893  0.0088  0.0270  0.0058
   30  962  893  0.0088  0.0270  0.0058
   31  961  893  0.0088  0.0270  0.0058
   32  958  894  0.0088  0.0270  0.0058
   33  959  894  0.0088  0.0270  0.0058
   34  957  895  0.0088  0.0270  0.0058
   35  955  896  0.0087  0.0269  0.0058
   36  953  896  0.0088  0.0269  0.0058
   37  951  897  0.0088  0.0269  0.0058
   38  950  898  0.0088  0.0269  0.0058
   39  947  899  0.0087  0.0269  0.0058
   40  949  899  0.0087  0.0269  0.0058
   41  945  900  0.0088  0.0269  0.0058
   42  944  901  0.0087  0.0268  0.0058
   43  943  901  0.0087  0.0268  0.0058
   44  945  901  0.0087  0.0268  0.0058
   45  941  902  0.0088  0.0269  0.0058
   46  938  902  0.0088  0.0270  0.0058
   47  940  902  0.0088  0.0269  0.0058
   48  938  903  0.0088  0.0269  0.0058
   49  936  904  0.0088  0.0270  0.0058
   50  937  904  0.0088  0.0269  0.0058
   51  933  905  0.0088  0.0268  0.0058
   52  932  905  0.0088  0.0268  0.0058
   53  934  905  0.0088  0.0269  0.0058
   54  931  906  0.0088  0.0268  0.0058
   55  932  906  0.0087  0.0267  0.0058
   56  930  907  0.0088  0.0268  0.0058
   57  929  907  0.0087  0.0268  0.0058
   58  928  908  0.0088  0.0268  0.0058
   59  925  909  0.0088  0.0268  0.0058
   60  924  909  0.0088  0.0267  0.0058
   61  926  909  0.0088  0.0267  0.0058
   62  924  910  0.0088  0.0267  0.0058
   63  923  910  0.0088  0.0268  0.0058
   64  921  910  0.0088  0.0268  0.0058
   65  921  911  0.0088  0.0268  0.0058
   66  919  912  0.0088  0.0268  0.0058
   67  918  913  0.0088  0.0267  0.0058
   68  917  913  0.0088  0.0268  0.0058
   69  916  913  0.0088  0.0268  0.0058
   70  915  913  0.0088  0.0267  0.0058
   71  914  914  0.0088  0.0267  0.0058
   72  911  915  0.0088  0.0267  0.0058
   73  910  915  0.0088  0.0267  0.0058
   74  912  915  0.0088  0.0267  0.0058
   75  909  916  0.0088  0.0267  0.0058
   76  908  916  0.0088  0.0267  0.0058
   77  907  916  0.0088  0.0267  0.0058
   78  905  917  0.0088  0.0266  0.0058
   79  906  917  0.0088  0.0267  0.0058
   80  903  918  0.0088  0.0266  0.0058
   81  901  918  0.0088  0.0266  0.0058
   82  900  918  0.0088  0.0266  0.0058
   83  898  919  0.0088  0.0267  0.0058
   84  896  919  0.0088  0.0267  0.0058
   85  895  919  0.0088  0.0268  0.0058
   86  894  919  0.0088  0.0268  0.0058
   87  892  919  0.0088  0.0268  0.0058
   88  891  919  0.0088  0.0268  0.0058
   89  890  919  0.0088  0.0268  0.0058
   90  889  919  0.0088  0.0267  0.0058
   91  888  919  0.0088  0.0267  0.0058
   92  887  919  0.0088  0.0267  0.0058

    1  941  880  0.0088  0.0271  0.0058
    2  939  881  0.0088  0.0271  0.0058
    3  940  881  0.0088  0.0271  0.0058
    4  938  882  0.0088  0.0271  0.0058
    5  939  882  0.0088  0.0271  0.0058
    6  938  883  0.0088  0.0271  0.0058
    7  937  883  0.0088  0.0271  0.0058
    8  936  884  0.0088  0.0271  0.0058
    9  937  884  0.0088  0.0271  0.0058
   10  934  885  0.0088  0.0270  0.0058
   11  933  885  0.0088  0.0270  0.0058
   12  935  885  0.0088  0.0271  0.0058
   13  932  886  0.0088  0.0270  0.0058
   14  931  886  0.0088  0.0270  0.0058
   15  930  886  0.0088  0.0270  0.0058
   16  929  886  0.0088  0.0270  0.0058
   17  928  886  0.0088  0.0270  0.0058
   18  927  886  0.0088  0.0270  0.0058
   19  926  886  0.0088  0.0269  0.0058
   20  925  887  0.0088  0.0269  0.0058
   21  926  887  0.0088  0.0269  0.0058
   22  924  888  0.0088  0.0269  0.0058
   23  925  888  0.0088  0.0269  0.0058
   24  924  889  0.0088  0.0269  0.0058
   25  923  889  0.0088  0.0269  0.0058
   26  922  889  0.0088  0.0269  0.0058
   27  919  891  0.0088  0.0269  0.0058
   28  917  893  0.0088  0.0269  0.0058
   29  916  893  0.0088  0.0269  0.0058
   30  918  893  0.0088  0.0269  0.0058
   31  914  894  0.0088  0.0269  0.0058
   32  911  895  0.0088  0.0269  0.0058
   33  913  895  0.0088  0.0269  0.0058
   34  909  896  0.0088  0.0268  0.0058
   35  908  896  0.0088  0.0268  0.0058
   36  910  896  0.0088  0.0268  0.0058
   37  907  897  0.0088  0.0268  0.0058
   38  908  897  0.0088  0.0268  0.0058
   39  906  898  0.0088  0.0268  0.0058
   40  905  898  0.0088  0.0268  0.0058
   41  903  899  0.0088  0.0268  0.0058
   42  902  899  0.0088  0.0268  0.0058
   43  904  899  0.0088  0.0268  0.0058
   44  899  900  0.0088  0.0268  0.0058
   45  898  900  0.0088  0.0268  0.0058
   46  900  900  0.0088  0.0268  0.0058
   47  897  901  0.0088  0.0268  0.0058
   48  895  901  0.0088  0.0268  0.0058
   49  894  901  0.0089  0.0268  0.0058
   50  892  902  0.0088  0.0267  0.0058
   51  891  902  0.0088  0.0268  0.0058
   52  893  902  0.0089  0.0268  0.0058
   53  890  903  0.0088  0.0267  0.0058
   54  889  903  0.0088  0.0267  0.0058
   55  888  903  0.0088  0.0268  0.0058
   56  886  903  0.0088  0.0267  0.0058
   57  885  903  0.0088  0.0268  0.0058
   58  884  903  0.0089  0.0267  0.0058
   59  883  903  0.0089  0.0267  0.0058
   60  882  903  0.0089  0.0268  0.0058
   61  881  903  0.0088  0.0267  0.0058

    1  938  869  0.0089  0.0272  0.0058
    2  939  869  0.0089  0.0272  0.0058
    3  937  870  0.0089  0.0272  0.0058
    4  938  870  0.0089  0.0272  0.0058
    5  937  871  0.0089  0.0272  0.0058
    6  935  872  0.0089  0.0271  0.0058
    7  934  873  0.0089  0.0271  0.0058
    8  935  873  0.0088  0.0271  0.0058
    9  933  874  0.0089  0.0271  0.0058
   10  934  874  0.0089  0.0271  0.0058
   11  933  875  0.0089  0.0271  0.0058
   12  932  875  0.0088  0.0271  0.0058
   13  931  876  0.0088  0.0271  0.0058
   14  930  876  0.0088  0.0271  0.0058
   15  932  876  0.0088  0.0271  0.0058
   16  929  877  0.0088  0.0271  0.0058
   17  930  877  0.0089  0.0271  0.0058
   18  928  878  0.0088  0.0271  0.0058
   19  927  878  0.0088  0.0270  0.0058
   20  926  878  0.0088  0.0270  0.0058
   21  925  878  0.0088  0.0270  0.0058
   22  924  878  0.0089  0.0270  0.0058
   23  924  879  0.0088  0.0270  0.0058
   24  923  879  0.0088  0.0270  0.0058
   25  922  879  0.0088  0.0270  0.0058
   26  921  879  0.0088  0.0270  0.0058
   27  919  880  0.0088  0.0269  0.0058
   28  918  880  0.0088  0.0269  0.0058
   29  920  880  0.0088  0.0269  0.0058
   30  916  881  0.0088  0.0269  0.0058
   31  915  881  0.0088  0.0269  0.0058
   32  917  881  0.0088  0.0269  0.0058
   33  913  882  0.0088  0.0269  0.0058
   34  914  882  0.0088  0.0269  0.0058
   35  911  884  0.0088  0.0269  0.0058
   36  910  884  0.0088  0.0269  0.0058
   37  909  884  0.0088  0.0269  0.0058
   38  908  885  0.0088  0.0269  0.0058
   39  909  885  0.0088  0.0269  0.0058
   40  907  886  0.0088  0.0268  0.0058
   41  906  887  0.0088  0.0268  0.0058
   42  907  887  0.0088  0.0268  0.0058
   43  906  888  0.0088  0.0268  0.0058
   44  905  888  0.0088  0.0268  0.0058
   45  904  889  0.0088  0.0268  0.0058
   46  903  890  0.0088  0.0268  0.0058
   47  904  890  0.0088  0.0268  0.0058
   48  901  891  0.0088  0.0268  0.0058
   49  900  891  0.0088  0.0268  0.0058
   50  899  891  0.0088  0.0268  0.0058
   51  902  891  0.0088  0.0268  0.0058
   52  898  892  0.0088  0.0268  0.0058
   53  897  892  0.0088  0.0268  0.0058
   54  888  892  0.0089  0.0269  0.0058
   55  889  892  0.0089  0.0269  0.0058
   56  896  893  0.0088  0.0268  0.0058
   57  887  893  0.0089  0.0269  0.0058
   58  895  893  0.0088  0.0268  0.0058
   59  886  893  0.0089  0.0269  0.0058
   60  893  894  0.0089  0.0268  0.0058
   61  894  894  0.0088  0.0268  0.0058
   62  895  894  0.0088  0.0268  0.0058
   63  891  894  0.0089  0.0268  0.0058
   64  892  894  0.0089  0.0268  0.0058
   65  885  894  0.0089  0.0269  0.0058
   66  884  894  0.0089  0.0269  0.0058
   67  882  895  0.0089  0.0268  0.0058
   68  880  896  0.0089  0.0268  0.0058
   69  881  896  0.0089  0.0268  0.0058
   70  878  897  0.0089  0.0268  0.0058
   71  876  897  0.0089  0.0268  0.0058
   72  875  897  0.0089  0.0268  0.0058
   73  879  897  0.0089  0.0268  0.0058
   74  873  898  0.0089  0.0268  0.0058
   75  871  898  0.0089  0.0268  0.0058
   76  869  898  0.0089  0.0268  0.0058
   77  868  898  0.0089  0.0268  0.0058
   78  867  898  0.0089  0.0268  0.0058
   79  864  899  0.0089  0.0268  0.0058
   80  863  899  0.0089  0.0268  0.0058
   81  861  899  0.0089  0.0268  0.0058
   82  860  899  0.0089  0.0268  0.0058
   83  859  899  0.0089  0.0268  0.0058
   84  858  899  0.0089  0.0268  0.0058
   85  865  899  0.0089  0.0268  0.0058

     1  925  829  0.0090  0.0276  0.0058
     2  925  830  0.0090  0.0276  0.0058
     3  924  831  0.0090  0.0276  0.0058
     4  925  831  0.0090  0.0276  0.0058
     5  923  832  0.0090  0.0276  0.0058
     6  923  833  0.0090  0.0276  0.0058
     7  922  833  0.0090  0.0276  0.0058
     8  921  834  0.0090  0.0275  0.0058
     9  920  835  0.0090  0.0275  0.0058
    10  921  835  0.0090  0.0275  0.0058
    11  918  836  0.0090  0.0274  0.0058
    12  917  836  0.0090  0.0274  0.0058
    13  919  836  0.0090  0.0274  0.0058
    14  917  837  0.0090  0.0274  0.0058
    15  916  837  0.0090  0.0273  0.0058
    16  915  838  0.0090  0.0273  0.0058
    17  916  838  0.0090  0.0273  0.0058
    18  915  839  0.0090  0.0273  0.0058
    19  915  840  0.0090  0.0273  0.0058
    20  915  841  0.0089  0.0273  0.0058
    21  915  842  0.0089  0.0273  0.0058
    22  915  843  0.0089  0.0273  0.0058
    23  915  844  0.0089  0.0272  0.0058
    24  916  844  0.0089  0.0272  0.0058
    25  916  845  0.0089  0.0272  0.0058
    26  917  846  0.0089  0.0272  0.0058
    27  916  846  0.0089  0.0272  0.0058
    28  917  847  0.0089  0.0272  0.0057
    29  917  848  0.0089  0.0272  0.0057
    30  917  849  0.0089  0.0272  0.0057
    31  916  850  0.0089  0.0272  0.0057
    32  915  851  0.0089  0.0272  0.0057
    33  916  851  0.0089  0.0272  0.0057
    34  914  852  0.0089  0.0272  0.0058
    35  913  852  0.0089  0.0272  0.0058
    36  915  852  0.0089  0.0272  0.0058
    37  913  853  0.0089  0.0272  0.0058
    38  912  854  0.0089  0.0272  0.0057
    39  911  855  0.0089  0.0271  0.0057
    40  909  856  0.0089  0.0272  0.0057
    41  908  856  0.0089  0.0271  0.0057
    42  910  856  0.0089  0.0271  0.0057
    43  907  857  0.0089  0.0271  0.0057
    44  908  857  0.0089  0.0271  0.0057
    45  906  858  0.0089  0.0271  0.0057
    46  905  858  0.0089  0.0271  0.0057
    47  904  858  0.0089  0.0272  0.0057
    48  903  858  0.0089  0.0272  0.0057
    49  902  859  0.0089  0.0271  0.0057
    50  901  859  0.0089  0.0272  0.0057
    51  903  859  0.0089  0.0271  0.0057
    52  901  860  0.0089  0.0271  0.0057
    53  900  861  0.0089  0.0271  0.0057
    54  900  862  0.0089  0.0271  0.0057
    55  899  862  0.0089  0.0271  0.0057
    56  898  863  0.0089  0.0271  0.0057
    57  899  863  0.0089  0.0271  0.0057
    58  897  863  0.0089  0.0271  0.0057
    59  896  863  0.0089  0.0271  0.0057
    60  894  864  0.0089  0.0271  0.0057
    61  894  865  0.0089  0.0271  0.0057
    62  892  866  0.0089  0.0270  0.0057
    63  891  867  0.0089  0.0270  0.0057
    64  890  867  0.0089  0.0270  0.0057
    65  888  867  0.0089  0.0270  0.0057
    66  886  868  0.0089  0.0270  0.0057
    67  885  868  0.0089  0.0270  0.0057
    68  884  868  0.0089  0.0270  0.0057
    69  882  868  0.0089  0.0270  0.0057
    70  887  868  0.0089  0.0270  0.0057
    71  881  869  0.0089  0.0270  0.0057
    72  880  869  0.0089  0.0270  0.0057
    73  878  870  0.0089  0.0270  0.0057
    74  879  870  0.0089  0.0270  0.0057
    75  878  871  0.0089  0.0269  0.0057
    76  877  871  0.0089  0.0269  0.0057
    77  876  871  0.0089  0.0269  0.0057
    78  875  871  0.0089  0.0269  0.0057
    79  873  872  0.0089  0.0269  0.0057
    80  874  872  0.0089  0.0269  0.0057
    81  872  873  0.0089  0.0269  0.0057
    82  870  874  0.0089  0.0269  0.0057
    83  869  875  0.0089  0.0269  0.0057
    84  867  875  0.0089  0.0269  0.0057
    85  866  875  0.0089  0.0269  0.0057
    86  865  875  0.0089  0.0269  0.0057
    87  864  875  0.0089  0.0269  0.0057
    88  863  875  0.0089  0.0269  0.0057
    89  861  877  0.0090  0.0269  0.0057
    90  859  877  0.0090  0.0269  0.0057
    91  858  877  0.0090  0.0270  0.0058
    92  857  877  0.0090  0.0270  0.0058
    93  856  877  0.0090  0.0271  0.0058
    94  862  877  0.0089  0.0269  0.0057
    95  855  878  0.0090  0.0271  0.0058
    96  854  878  0.0090  0.0271  0.0058
    97  852  878  0.0090  0.0271  0.0058
    98  851  878  0.0090  0.0271  0.0058
    99  849  878  0.0090  0.0271  0.0058
   100  848  878  0.0090  0.0270  0.0058
   101  846  879  0.0091  0.0271  0.0058
   102  845  879  0.0090  0.0271  0.0058
   103  843  879  0.0090  0.0270  0.0058
   104  842  879  0.0090  0.0270  0.0058
   105  841  879  0.0090  0.0270  0.0057
   106  840  879  0.0090  0.0269  0.0057
   107  839  879  0.0090  0.0269  0.0057
   108  838  879  0.0090  0.0269  0.0057
   109  837  879  0.0090  0.0269  0.0057
   110  836  879  0.0090  0.0269  0.0057
   111  835  879  0.0090  0.0269  0.0057
   112  833  879  0.0090  0.0269  0.0057
   113  834  879  0.0090  0.0269  0.0057

    1  841  817  0.0091  0.0273  0.0057
    2  839  818  0.0091  0.0273  0.0057
    3  840  818  0.0091  0.0273  0.0057
    4  838  819  0.0091  0.0273  0.0057
    5  837  819  0.0091  0.0273  0.0057
    6  839  819  0.0091  0.0273  0.0057
    7  836  820  0.0091  0.0272  0.0057
    8  837  820  0.0091  0.0273  0.0057
    9  835  821  0.0091  0.0272  0.0057
   10  834  821  0.0091  0.0272  0.0057
   11  833  822  0.0091  0.0272  0.0057
   12  833  823  0.0091  0.0272  0.0057
   13  832  823  0.0091  0.0272  0.0057
   14  831  823  0.0091  0.0272  0.0057
   15  830  823  0.0091  0.0272  0.0057
   16  829  823  0.0091  0.0272  0.0057
   17  828  823  0.0091  0.0272  0.0057
   18  827  824  0.0091  0.0272  0.0057
   19  828  824  0.0091  0.0272  0.0057
   20  827  825  0.0091  0.0273  0.0057
   21  826  825  0.0091  0.0273  0.0057
   22  825  825  0.0091  0.0273  0.0057
   23  823  825  0.0091  0.0273  0.0057
   24  825  826  0.0091  0.0272  0.0057
   25  823  826  0.0091  0.0272  0.0057
   26  822  826  0.0091  0.0272  0.0057
   27  821  826  0.0091  0.0272  0.0057
   28  820  826  0.0091  0.0272  0.0057
   29  824  826  0.0091  0.0272  0.0057
   30  819  827  0.0091  0.0272  0.0057
   31  818  828  0.0091  0.0272  0.0057
   32  816  828  0.0091  0.0272  0.0057
   33  817  828  0.0092  0.0272  0.0057
   34  815  829  0.0092  0.0272  0.0057
   35  813  829  0.0091  0.0272  0.0057
   36  813  830  0.0091  0.0271  0.0057
   37  812  830  0.0091  0.0272  0.0057
   38  810  831  0.0092  0.0272  0.0057
   39  811  831  0.0091  0.0272  0.0057
   40  809  832  0.0092  0.0273  0.0057
   41  808  832  0.0092  0.0272  0.0057
   42  806  833  0.0092  0.0272  0.0057
   43  803  834  0.0092  0.0273  0.0057
   44  805  834  0.0092  0.0272  0.0057
   45  801  834  0.0092  0.0273  0.0057
   46  804  834  0.0092  0.0272  0.0057
   47  800  835  0.0092  0.0272  0.0057
   48  799  835  0.0092  0.0272  0.0057
   49  798  836  0.0092  0.0271  0.0057
   50  796  836  0.0091  0.0271  0.0057
   51  795  836  0.0092  0.0271  0.0057
   52  794  836  0.0092  0.0272  0.0057
   53  789  837  0.0092  0.0273  0.0057
   54  792  837  0.0092  0.0271  0.0057
   55  793  837  0.0091  0.0271  0.0057
   56  790  837  0.0092  0.0273  0.0057
   57  791  837  0.0092  0.0272  0.0057
   58  778  838  0.0092  0.0272  0.0057
   59  787  838  0.0092  0.0273  0.0057
   60  786  838  0.0092  0.0273  0.0057
   61  785  838  0.0093  0.0273  0.0057
   62  784  838  0.0093  0.0273  0.0057
   63  782  838  0.0093  0.0273  0.0057
   64  780  838  0.0092  0.0273  0.0057
   65  779  838  0.0092  0.0273  0.0057
   66  781  838  0.0092  0.0272  0.0057
   67  776  839  0.0092  0.0271  0.0057
   68  775  839  0.0092  0.0271  0.0057
   69  774  839  0.0092  0.0271  0.0057
   70  773  839  0.0092  0.0272  0.0057
   71  777  839  0.0092  0.0272  0.0057
   72  772  840  0.0092  0.0272  0.0057
   73  771  840  0.0092  0.0272  0.0057
   74  770  840  0.0092  0.0272  0.0057
   75  769  841  0.0092  0.0272  0.0057
   76  768  841  0.0092  0.0271  0.0057
   77  766  841  0.0092  0.0271  0.0057
   78  765  841  0.0092  0.0271  0.0057
   79  764  841  0.0092  0.0271  0.0057
   80  763  841  0.0092  0.0271  0.0057
   81  762  841  0.0092  0.0271  0.0057
   82  770  841  0.0092  0.0271  0.0057
   83  767  841  0.0092  0.0271  0.0057

     1  1011  794  0.0091  0.0285  0.0059
     2  1010  795  0.0091  0.0285  0.0059
     3  1009  796  0.0091  0.0284  0.0059
     4  1009  797  0.0091  0.0284  0.0059
     5  1008  798  0.0091  0.0284  0.0059
     6  1007  799  0.0091  0.0284  0.0059
     7  1006  800  0.0091  0.0284  0.0059
     8  1005  801  0.0091  0.0284  0.0059
     9  1005  802  0.0091  0.0283  0.0059
    10  1004  803  0.0091  0.0283  0.0059
    11  1003  804  0.0091  0.0283  0.0059
    12  1002  805  0.0091  0.0283  0.0059
    13  1001  806  0.0091  0.0283  0.0059
    14  1001  807  0.0090  0.0282  0.0059
    15  1000  808  0.0090  0.0282  0.0059
    16   999  809  0.0090  0.0282  0.0059
    17   998  810  0.0090  0.0282  0.0059
    18   997  811  0.0090  0.0282  0.0059
    19   996  812  0.0090  0.0282  0.0059
    20   996  813  0.0090  0.0282  0.0059
    21   995  814  0.0090  0.0281  0.0059
    22   994  815  0.0090  0.0281  0.0059
    23   993  816  0.0090  0.0281  0.0059
    24   992  817  0.0090  0.0280  0.0059
    25   992  818  0.0090  0.0280  0.0059
    26   991  819  0.0090  0.0280  0.0059
    27   990  820  0.0090  0.0280  0.0059
    28   989  821  0.0090  0.0280  0.0059
    29   988  822  0.0090  0.0280  0.0059
    30   987  823  0.0090  0.0280  0.0059
    31   987  824  0.0090  0.0280  0.0059
    32   986  825  0.0090  0.0280  0.0059
    33   985  826  0.0090  0.0280  0.0059
    34   984  827  0.0090  0.0280  0.0059
    35   983  828  0.0090  0.0279  0.0059
    36   982  829  0.0090  0.0279  0.0059
    37   982  830  0.0090  0.0279  0.0059
    38   981  831  0.0090  0.0279  0.0059
    39   980  832  0.0090  0.0279  0.0058
    40   979  833  0.0090  0.0278  0.0058
    41   978  834  0.0089  0.0277  0.0058
    42   977  835  0.0089  0.0277  0.0058
    43   977  836  0.0089  0.0276  0.0058
    44   976  837  0.0089  0.0277  0.0058
    45   975  838  0.0089  0.0276  0.0058
    46   974  839  0.0089  0.0276  0.0058
    47   973  840  0.0089  0.0276  0.0058
    48   972  841  0.0089  0.0275  0.0058
    49   972  842  0.0089  0.0276  0.0058
    50   971  843  0.0089  0.0276  0.0058
    51   970  844  0.0089  0.0276  0.0058
    52   969  845  0.0089  0.0275  0.0058
    53   968  846  0.0089  0.0275  0.0058
    54   967  847  0.0089  0.0275  0.0058
    55   967  848  0.0089  0.0275  0.0058
    56   966  849  0.0089  0.0275  0.0058
    57   965  850  0.0089  0.0275  0.0058
    58   964  851  0.0089  0.0275  0.0058
    59   963  852  0.0089  0.0275  0.0058
    60   961  853  0.0089  0.0275  0.0058
    61   962  853  0.0089  0.0275  0.0058
    62   960  854  0.0089  0.0274  0.0058
    63   959  855  0.0089  0.0274  0.0058
    64   958  856  0.0089  0.0274  0.0058
    65   957  856  0.0089  0.0273  0.0058
    66   956  857  0.0089  0.0273  0.0058
    67   955  858  0.0089  0.0273  0.0058
    68   953  859  0.0089  0.0273  0.0058
    69   954  859  0.0088  0.0273  0.0058
    70   952  860  0.0088  0.0272  0.0058
    71   951  861  0.0088  0.0272  0.0058
    72   949  862  0.0088  0.0272  0.0058
    73   950  862  0.0088  0.0272  0.0058
    74   948  863  0.0088  0.0272  0.0058
    75   947  864  0.0088  0.0272  0.0058
    76   945  865  0.0088  0.0272  0.0058
    77   946  865  0.0088  0.0272  0.0058
    78   944  866  0.0088  0.0272  0.0058
    79   943  867  0.0088  0.0272  0.0058
    80   941  868  0.0089  0.0272  0.0058
    81   942  868  0.0089  0.0272  0.0058
    82   940  869  0.0089  0.0272  0.0058
    83   939  870  0.0089  0.0272  0.0058
    84   938  871  0.0089  0.0271  0.0058
    85   937  871  0.0089  0.0272  0.0058
    86   936  872  0.0089  0.0271  0.0058
    87   934  873  0.0089  0.0271  0.0058
    88   935  873  0.0088  0.0271  0.0058
    89   932  874  0.0088  0.0271  0.0058
    90   933  874  0.0089  0.0271  0.0058
    91   930  875  0.0088  0.0271  0.0058
    92   931  875  0.0088  0.0271  0.0058
    93   929  876  0.0088  0.0271  0.0058
    94   928  876  0.0088  0.0271  0.0058
    95   926  877  0.0089  0.0270  0.0058
    96   927  877  0.0088  0.0270  0.0058
    97   924  878  0.0089  0.0270  0.0058
    98   925  878  0.0088  0.0270  0.0058
    99   922  879  0.0088  0.0270  0.0058
   100   923  879  0.0088  0.0270  0.0058
   101   920  880  0.0088  0.0269  0.0058
   102   921  880  0.0088  0.0269  0.0058
   103   919  881  0.0088  0.0269  0.0058
   104   918  881  0.0088  0.0269  0.0058
   105   916  882  0.0088  0.0269  0.0058
   106   917  882  0.0088  0.0269  0.0058
   107   914  883  0.0088  0.0269  0.0058
   108   915  883  0.0088  0.0269  0.0058
   109   912  884  0.0088  0.0269  0.0058
   110   913  884  0.0088  0.0269  0.0058
   111   911  885  0.0088  0.0269  0.0058
   112   910  885  0.0088  0.0269  0.0058
   113   908  886  0.0088  0.0268  0.0058
   114   909  886  0.0088  0.0268  0.0058
   115   906  887  0.0088  0.0268  0.0058
   116   907  887  0.0088  0.0268  0.0058
   117   904  888  0.0088  0.0268  0.0058
   118   903  888  0.0088  0.0268  0.0058
   119   905  888  0.0088  0.0268  0.0058
   120   902  889  0.0088  0.0268  0.0058
   121   901  889  0.0088  0.0268  0.0058
   122   900  889  0.0088  0.0268  0.0058
   123   898  890  0.0089  0.0268  0.0058
   124   899  890  0.0088  0.0268  0.0058
   125   896  891  0.0088  0.0268  0.0058
   126   895  891  0.0089  0.0268  0.0058
   127   897  891  0.0088  0.0268  0.0058
   128   893  892  0.0088  0.0268  0.0058
   129   892  892  0.0089  0.0268  0.0058
   130   894  892  0.0089  0.0268  0.0058
   131   891  893  0.0089  0.0268  0.0058
   132   890  893  0.0089  0.0268  0.0058
   133   888  894  0.0089  0.0269  0.0058
   134   887  894  0.0089  0.0269  0.0058
   135   889  894  0.0089  0.0268  0.0058
   136   885  895  0.0089  0.0269  0.0058
   137   884  895  0.0089  0.0269  0.0058
   138   886  895  0.0089  0.0268  0.0058
   139   883  896  0.0089  0.0269  0.0058
   140   882  896  0.0089  0.0269  0.0058
   141   881  896  0.0089  0.0268  0.0058
   142   879  897  0.0089  0.0268  0.0058
   143   880  897  0.0089  0.0268  0.0058
   144   877  898  0.0089  0.0268  0.0058
   145   876  898  0.0089  0.0268  0.0058
   146   878  898  0.0089  0.0268  0.0058
   147   874  899  0.0089  0.0268  0.0058
   148   875  899  0.0089  0.0268  0.0058

     1  1035  811  0.0090  0.0284  0.0059
     2  1034  812  0.0090  0.0283  0.0059
     3  1034  813  0.0090  0.0283  0.0059
     4  1033  814  0.0090  0.0283  0.0059
     5  1032  815  0.0090  0.0282  0.0059
     6  1031  816  0.0090  0.0282  0.0059
     7  1031  817  0.0090  0.0282  0.0059
     8  1030  818  0.0090  0.0282  0.0059
     9  1029  819  0.0090  0.0282  0.0059
    10  1028  820  0.0090  0.0282  0.0059
    11  1027  821  0.0089  0.0281  0.0059
    12  1027  822  0.0089  0.0281  0.0059
    13  1026  823  0.0089  0.0280  0.0059
    14  1025  824  0.0089  0.0280  0.0059
    15  1024  825  0.0089  0.0280  0.0059
    16  1023  826  0.0089  0.0280  0.0059
    17  1023  827  0.0089  0.0280  0.0059
    18  1022  828  0.0089  0.0280  0.0059
    19  1021  829  0.0089  0.0280  0.0059
    20  1020  830  0.0089  0.0280  0.0059
    21  1019  831  0.0089  0.0280  0.0059
    22  1019  832  0.0089  0.0279  0.0059
    23  1018  833  0.0089  0.0279  0.0059
    24  1017  834  0.0089  0.0279  0.0059
    25  1016  835  0.0089  0.0279  0.0059
    26  1015  836  0.0089  0.0279  0.0059
    27  1015  837  0.0089  0.0279  0.0059
    28  1014  838  0.0089  0.0279  0.0059
    29  1013  839  0.0089  0.0279  0.0059
    30  1012  840  0.0089  0.0278  0.0059
    31  1011  841  0.0089  0.0278  0.0059
    32  1011  842  0.0089  0.0277  0.0059
    33  1010  843  0.0089  0.0277  0.0059
    34  1009  844  0.0089  0.0277  0.0059
    35  1008  845  0.0089  0.0277  0.0059
    36  1007  846  0.0089  0.0277  0.0059
    37  1007  847  0.0089  0.0277  0.0059
    38  1006  848  0.0089  0.0277  0.0059
    39  1005  849  0.0089  0.0276  0.0059
    40  1004  850  0.0089  0.0276  0.0059
    41  1004  851  0.0089  0.0276  0.0059
    42  1003  852  0.0089  0.0276  0.0059
    43  1002  853  0.0088  0.0276  0.0059
    44  1001  854  0.0088  0.0275  0.0059
    45  1001  855  0.0088  0.0275  0.0059
    46  1000  856  0.0088  0.0274  0.0058
    47   999  857  0.0088  0.0275  0.0058
    48   998  858  0.0088  0.0275  0.0058
    49   998  859  0.0088  0.0276  0.0058
    50   997  860  0.0089  0.0276  0.0058
    51   996  861  0.0089  0.0276  0.0058
    52   995  862  0.0089  0.0275  0.0058
    53   995  863  0.0088  0.0275  0.0058
    54   994  864  0.0089  0.0276  0.0059
    55   993  865  0.0088  0.0275  0.0059
    56   992  866  0.0088  0.0274  0.0059
    57   992  867  0.0088  0.0274  0.0058
    58   991  868  0.0088  0.0274  0.0058
    59   990  869  0.0088  0.0273  0.0058
    60   989  870  0.0088  0.0273  0.0058
    61   989  871  0.0088  0.0272  0.0058
    62   988  872  0.0088  0.0272  0.0058
    63   987  873  0.0088  0.0272  0.0058
    64   986  874  0.0088  0.0272  0.0058
    65   986  875  0.0087  0.0271  0.0058
    66   985  876  0.0088  0.0271  0.0058
    67   984  877  0.0087  0.0271  0.0058
    68   983  878  0.0087  0.0271  0.0058
    69   983  879  0.0087  0.0271  0.0058
    70   982  880  0.0088  0.0271  0.0058
    71   981  881  0.0087  0.0271  0.0058
    72   979  882  0.0087  0.0271  0.0058
    73   980  882  0.0087  0.0271  0.0058
    74   977  883  0.0088  0.0271  0.0058
    75   978  883  0.0088  0.0271  0.0058
    76   976  884  0.0088  0.0271  0.0058
    77   975  884  0.0088  0.0271  0.0058
    78   974  885  0.0087  0.0270  0.0058
    79   972  886  0.0087  0.0270  0.0058
    80   973  886  0.0087  0.0270  0.0058
    81   970  887  0.0088  0.0270  0.0058
    82   971  887  0.0088  0.0270  0.0058
    83   968  888  0.0087  0.0270  0.0058
    84   969  888  0.0088  0.0270  0.0058
    85   967  889  0.0088  0.0270  0.0058
    86   966  890  0.0088  0.0270  0.0058
    87   965  890  0.0088  0.0270  0.0058
    88   964  891  0.0088  0.0270  0.0058
    89   963  892  0.0088  0.0270  0.0058
    90   961  893  0.0088  0.0270  0.0058
    91   962  893  0.0088  0.0270  0.0058
    92   960  894  0.0088  0.0270  0.0058
    93   958  895  0.0088  0.0270  0.0058
    94   959  895  0.0088  0.0270  0.0058
    95   957  896  0.0088  0.0269  0.0058
    96   956  896  0.0088  0.0269  0.0058
    97   954  897  0.0088  0.0269  0.0058
    98   955  897  0.0088  0.0269  0.0058
    99   952  898  0.0088  0.0269  0.0058
   100   953  898  0.0087  0.0269  0.0058
   101   950  899  0.0087  0.0268  0.0058
   102   951  899  0.0088  0.0269  0.0058
   103   949  900  0.0088  0.0269  0.0058
   104   948  900  0.0088  0.0269  0.0058
   105   947  900  0.0088  0.0269  0.0058
   106   945  901  0.0087  0.0268  0.0058
   107   946  901  0.0088  0.0269  0.0058
   108   943  902  0.0087  0.0268  0.0058
   109   944  902  0.0087  0.0268  0.0058
   110   941  903  0.0088  0.0269  0.0058
   111   942  903  0.0087  0.0268  0.0058
   112   939  904  0.0088  0.0269  0.0058
   113   940  904  0.0088  0.0268  0.0058
   114   938  905  0.0087  0.0268  0.0058
   115   937  905  0.0088  0.0269  0.0058
   116   936  905  0.0088  0.0268  0.0058
   117   934  906  0.0087  0.0268  0.0058
   118   935  906  0.0087  0.0268  0.0058
   119   932  907  0.0088  0.0268  0.0058
   120   933  907  0.0087  0.0267  0.0058
   121   931  908  0.0087  0.0267  0.0058
   122   930  908  0.0087  0.0267  0.0058
   123   928  909  0.0087  0.0267  0.0058
   124   927  909  0.0088  0.0267  0.0058
   125   929  909  0.0087  0.0267  0.0058
   126   926  910  0.0088  0.0267  0.0058
   127   925  910  0.0088  0.0267  0.0058
   128   923  911  0.0088  0.0267  0.0058
   129   922  911  0.0088  0.0267  0.0058
   130   924  911  0.0088  0.0267  0.0058
   131   920  912  0.0088  0.0267  0.0058
   132   921  912  0.0088  0.0268  0.0058
   133   918  913  0.0088  0.0267  0.0058
   134   917  913  0.0088  0.0268  0.0058
   135   919  913  0.0088  0.0268  0.0058
   136   916  914  0.0088  0.0267  0.0058
   137   915  914  0.0088  0.0267  0.0058
   138   913  915  0.0088  0.0267  0.0058
   139   912  915  0.0088  0.0267  0.0058
   140   914  915  0.0088  0.0267  0.0058
   141   910  916  0.0088  0.0267  0.0058
   142   911  916  0.0088  0.0267  0.0058
   143   908  917  0.0088  0.0266  0.0058
   144   907  917  0.0088  0.0266  0.0058
   145   909  917  0.0088  0.0266  0.0058
   146   906  918  0.0088  0.0266  0.0058
   147   905  918  0.0088  0.0266  0.0058
   148   903  919  0.0088  0.0266  0.0058
   149   902  919  0.0088  0.0266  0.0058
   150   904  919  0.0088  0.0266  0.0058
   151   900  920  0.0088  0.0266  0.0058
   152   901  920  0.0088  0.0266  0.0058
   153   898  921  0.0088  0.0267  0.0058
   154   899  921  0.0088  0.0267  0.0058
