; ENVI Output of ROIs (5.4) [Tue Aug 13 18:06:14 2019]
; Number of ROIs: 13
; File Dimension: 1328 x 1184
;
; ROI name: Region #1
; ROI rgb value: {255, 0, 0}
; ROI npts: 98
;
; ROI name: Region #2
; ROI rgb value: {0, 255, 0}
; ROI npts: 35
;
; ROI name: Region #3
; ROI rgb value: {0, 0, 255}
; ROI npts: 31
;
; ROI name: Region #4
; ROI rgb value: {255, 255, 0}
; ROI npts: 95
;
; ROI name: Region #5
; ROI rgb value: {0, 255, 255}
; ROI npts: 37
;
; ROI name: Region #6
; ROI rgb value: {255, 0, 255}
; ROI npts: 35
;
; ROI name: Region #7
; ROI rgb value: {176, 48, 96}
; ROI npts: 92
;
; ROI name: Region #8
; ROI rgb value: {46, 139, 87}
; ROI npts: 61
;
; ROI name: Region #9
; ROI rgb value: {160, 32, 240}
; ROI npts: 85
;
; ROI name: Region #10
; ROI rgb value: {255, 127, 80}
; ROI npts: 113
;
; ROI name: Region #11
; ROI rgb value: {127, 255, 212}
; ROI npts: 83
;
; ROI name: Region #12
; ROI rgb value: {218, 112, 214}
; ROI npts: 148
;
; ROI name: Region #13
; ROI rgb value: {160, 82, 45}
; ROI npts: 154
;  ID    X    Y         B1         B2         B3
    1  930  761  -177.6574    62.2212   -27.7485
    2  929  762  -177.6583    62.2204   -27.7479
    3  928  763  -177.6579    62.2235   -27.7479
    4  927  764  -177.6578    62.2262   -27.7478
    5  926  765  -177.6559    62.2339   -27.7487
    6  925  766  -177.6554    62.2374   -27.7488
    7  924  767  -177.6552    62.2400   -27.7488
    8  922  768  -177.6549    62.2448   -27.7492
    9  923  768  -177.6548    62.2433   -27.7489
   10  921  769  -177.6553    62.2457   -27.7488
   11  920  770  -177.6551    62.2485   -27.7488
   12  919  771  -177.6557    62.2487   -27.7483
   13  918  772  -177.6581    62.2434   -27.7467
   14  917  773  -177.6575    62.2473   -27.7469
   15  916  774  -177.6581    62.2475   -27.7464
   16  914  775  -177.6586    62.2499   -27.7464
   17  915  775  -177.6582    62.2493   -27.7462
   18  913  776  -177.6586    62.2520   -27.7462
   19  912  776  -177.6587    62.2535   -27.7465
   20  911  777  -177.6591    62.2544   -27.7461
   21  909  778  -177.6587    62.2596   -27.7466
   22  910  778  -177.6586    62.2582   -27.7463
   23  907  779  -177.6593    62.2615   -27.7464
   24  908  779  -177.6582    62.2630   -27.7467
   25  906  780  -177.6597    62.2625   -27.7461
   26  904  781  -177.6601    62.2651   -27.7460
   27  905  781  -177.6591    62.2665   -27.7463
   28  902  782  -177.6601    62.2690   -27.7462
   29  903  782  -177.6593    62.2696   -27.7463
   30  900  783  -177.6611    62.2698   -27.7458
   31  901  783  -177.6604    62.2702   -27.7459
   32  899  784  -177.6623    62.2685   -27.7451
   33  897  785  -177.6627    62.2710   -27.7450
   34  898  785  -177.6626    62.2695   -27.7447
   35  895  786  -177.6624    62.2758   -27.7454
   36  896  786  -177.6614    62.2769   -27.7456
   37  894  787  -177.6617    62.2799   -27.7456
   38  893  788  -177.6616    62.2824   -27.7456
   39  893  789  -177.6615    62.2828   -27.7451
   40  892  790  -177.6611    62.2860   -27.7451
   41  891  791  -177.6612    62.2878   -27.7449
   42  891  792  -177.6608    62.2891   -27.7446
   43  890  793  -177.6609    62.2910   -27.7444
   44  889  794  -177.6600    62.2956   -27.7447
   45  889  795  -177.6597    62.2967   -27.7443
   46  888  796  -177.6597    62.2987   -27.7442
   47  887  797  -177.6587    62.3039   -27.7447
   48  886  798  -177.6579    62.3082   -27.7450
   49  886  799  -177.6573    62.3101   -27.7447
   50  885  800  -177.6570    62.3131   -27.7447
   51  884  801  -177.6558    62.3188   -27.7453
   52  884  802  -177.6552    62.3209   -27.7450
   53  883  803  -177.6550    62.3234   -27.7449
   54  882  804  -177.6546    62.3266   -27.7450
   55  882  805  -177.6542    62.3281   -27.7447
   56  881  806  -177.6534    62.3324   -27.7450
   57  880  807  -177.6528    62.3362   -27.7452
   58  880  808  -177.6523    62.3380   -27.7450
   59  879  809  -177.6513    62.3429   -27.7454
   60  879  810  -177.6506    62.3454   -27.7452
   61  878  811  -177.6528    62.3409   -27.7438
   62  878  812  -177.6522    62.3429   -27.7436
   63  877  813  -177.6512    62.3478   -27.7439
   64  877  814  -177.6496    62.3526   -27.7443
   65  876  815  -177.6488    62.3570   -27.7447
   66  876  816  -177.6488    62.3572   -27.7442
   67  875  817  -177.6492    62.3583   -27.7438
   68  875  818  -177.6486    62.3602   -27.7436
   69  874  819  -177.6452    62.3722   -27.7456
   70  874  820  -177.6442    62.3755   -27.7456
   71  873  821  -177.6424    62.3827   -27.7466
   72  872  822  -177.6401    62.3916   -27.7479
   73  872  823  -177.6396    62.3932   -27.7475
   74  871  824  -177.6394    62.3960   -27.7475
   75  871  825  -177.6383    62.3993   -27.7476
   76  870  826  -177.6367    62.4061   -27.7485
   77  870  827  -177.6372    62.4049   -27.7475
   78  869  828  -177.6365    62.4090   -27.7478
   79  869  829  -177.6360    62.4107   -27.7474
   80  868  830  -177.6361    62.4124   -27.7471
   81  868  831  -177.6365    62.4115   -27.7464
   82  867  832  -177.6368    62.4125   -27.7460
   83  867  833  -177.6373    62.4114   -27.7452
   84  865  834  -177.6375    62.4143   -27.7453
   85  866  834  -177.6379    62.4115   -27.7447
   86  864  835  -177.6387    62.4127   -27.7444
   87  863  835  -177.6392    62.4132   -27.7445
   88  861  836  -177.6404    62.4133   -27.7440
   89  862  836  -177.6397    62.4137   -27.7440
   90  859  837  -177.6425    62.4110   -27.7430
   91  858  837  -177.6433    62.4103   -27.7429
   92  860  837  -177.6416    62.4118   -27.7431
   93  857  838  -177.6448    62.4080   -27.7419
   94  856  838  -177.6454    62.4079   -27.7419
   95  854  839  -177.6470    62.4069   -27.7412
   96  855  839  -177.6466    62.4062   -27.7410
   97  852  840  -177.6481    62.4075   -27.7408
   98  853  840  -177.6479    62.4061   -27.7405

    1  74  1098  -177.8717    63.0778   -27.7568
    2  72  1099  -177.8737    63.0759   -27.7559
    3  71  1099  -177.8735    63.0778   -27.7563
    4  73  1099  -177.8722    63.0782   -27.7564
    5  71  1100  -177.8735    63.0780   -27.7558
    6  70  1100  -177.8744    63.0772   -27.7557
    7  68  1101  -177.8752    63.0782   -27.7554
    8  67  1101  -177.8753    63.0794   -27.7557
    9  66  1101  -177.8754    63.0804   -27.7559
   10  65  1101  -177.8761    63.0802   -27.7559
   11  69  1101  -177.8747    63.0781   -27.7553
   12  65  1102  -177.8757    63.0813   -27.7556
   13  64  1102  -177.8760    63.0818   -27.7558
   14  63  1102  -177.8770    63.0809   -27.7556
   15  62  1102  -177.8766    63.0831   -27.7561
   16  61  1102  -177.8776    63.0820   -27.7559
   17  60  1102  -177.8772    63.0844   -27.7565
   18  59  1102  -177.8779    63.0842   -27.7564
   19  58  1103  -177.8775    63.0867   -27.7565
   20  57  1103  -177.8774    63.0882   -27.7568
   21  56  1103  -177.8777    63.0888   -27.7570
   22  59  1103  -177.8778    63.0846   -27.7560
   23  55  1104  -177.8777    63.0904   -27.7568
   24  54  1105  -177.8783    63.0905   -27.7563
   25  53  1105  -177.8788    63.0908   -27.7564
   26  55  1105  -177.8776    63.0908   -27.7564
   27  53  1106  -177.8790    63.0903   -27.7557
   28  52  1107  -177.8787    63.0928   -27.7558
   29  51  1108  -177.8784    63.0950   -27.7557
   30  52  1108  -177.8784    63.0936   -27.7554
   31  50  1109  -177.8782    63.0970   -27.7557
   32  49  1109  -177.8780    63.0988   -27.7561
   33  51  1109  -177.8783    63.0954   -27.7553
   34  48  1110  -177.8781    63.1001   -27.7559
   35  49  1110  -177.8781    63.0987   -27.7555

    1  615  1084  -177.6667    62.8035   -27.6903
    2  616  1084  -177.6658    62.8042   -27.6904
    3  617  1084  -177.6649    62.8051   -27.6906
    4  614  1084  -177.6667    62.8051   -27.6907
    5  617  1085  -177.6647    62.8058   -27.6902
    6  618  1085  -177.6647    62.8044   -27.6898
    7  619  1085  -177.6639    62.8048   -27.6899
    8  620  1085  -177.6630    62.8060   -27.6901
    9  622  1085  -177.6624    62.8044   -27.6897
   10  623  1085  -177.6613    62.8059   -27.6900
   11  624  1085  -177.6615    62.8037   -27.6895
   12  624  1086  -177.6609    62.8055   -27.6894
   13  625  1086  -177.6608    62.8043   -27.6891
   14  626  1086  -177.6605    62.8033   -27.6889
   15  627  1086  -177.6597    62.8040   -27.6890
   16  629  1086  -177.6591    62.8025   -27.6886
   17  630  1086  -177.6591    62.8008   -27.6882
   18  632  1087  -177.6576    62.8020   -27.6879
   19  633  1087  -177.6573    62.8011   -27.6876
   20  634  1087  -177.6563    62.8025   -27.6879
   21  635  1087  -177.6554    62.8033   -27.6880
   22  631  1087  -177.6579    62.8027   -27.6880
   23  636  1088  -177.6545    62.8044   -27.6877
   24  637  1088  -177.6537    62.8051   -27.6878
   25  643  1088  -177.6502    62.8051   -27.6877
   26  642  1088  -177.6508    62.8052   -27.6877
   27  641  1088  -177.6513    62.8053   -27.6878
   28  640  1089  -177.6514    62.8069   -27.6876
   29  639  1089  -177.6520    62.8068   -27.6876
   30  638  1089  -177.6528    62.8061   -27.6875
   31  641  1089  -177.6512    62.8056   -27.6873

    1  1070  926  -177.5054    62.4652   -27.6961
    2  1071  926  -177.5047    62.4656   -27.6962
    3  1069  927  -177.5052    62.4679   -27.6962
    4  1068  927  -177.5052    62.4696   -27.6966
    5  1070  927  -177.5044    62.4685   -27.6963
    6  1068  928  -177.5056    62.4685   -27.6957
    7  1067  928  -177.5061    62.4688   -27.6958
    8  1066  928  -177.5068    62.4685   -27.6958
    9  1065  929  -177.5064    62.4719   -27.6959
   10  1064  930  -177.5065    62.4737   -27.6958
   11  1063  931  -177.5067    62.4751   -27.6955
   12  1062  931  -177.5076    62.4739   -27.6953
   13  1061  931  -177.5087    62.4725   -27.6950
   14  1060  932  -177.5078    62.4773   -27.6955
   15  1058  932  -177.5084    62.4790   -27.6959
   16  1061  932  -177.5079    62.4751   -27.6950
   17  1058  933  -177.5078    62.4810   -27.6957
   18  1057  933  -177.5083    62.4814   -27.6958
   19  1056  933  -177.5075    62.4857   -27.6967
   20  1055  934  -177.5083    62.4854   -27.6961
   21  1054  934  -177.5092    62.4842   -27.6959
   22  1056  934  -177.5078    62.4850   -27.6960
   23  1054  935  -177.5093    62.4842   -27.6954
   24  1053  935  -177.5098    62.4844   -27.6954
   25  1052  935  -177.5102    62.4851   -27.6956
   26  1051  935  -177.5101    62.4870   -27.6960
   27  1050  936  -177.5103    62.4887   -27.6958
   28  1049  937  -177.5112    62.4877   -27.6950
   29  1048  937  -177.5127    62.4850   -27.6945
   30  1050  937  -177.5099    62.4900   -27.6955
   31  1048  938  -177.5123    62.4864   -27.6941
   32  1047  938  -177.5123    62.4883   -27.6946
   33  1046  938  -177.5117    62.4920   -27.6954
   34  1045  939  -177.5127    62.4911   -27.6946
   35  1044  939  -177.5153    62.4847   -27.6933
   36  1046  939  -177.5118    62.4920   -27.6948
   37  1043  940  -177.5169    62.4817   -27.6922
   38  1042  940  -177.5161    62.4861   -27.6931
   39  1041  941  -177.5175    62.4837   -27.6921
   40  1040  941  -177.5183    62.4832   -27.6920
   41  1039  941  -177.5184    62.4846   -27.6923
   42  1038  941  -177.5179    62.4879   -27.6930
   43  1037  941  -177.5179    62.4898   -27.6935
   44  1036  941  -177.5189    62.4885   -27.6932
   45  1035  941  -177.5191    62.4899   -27.6935
   46  1034  942  -177.5193    62.4912   -27.6932
   47  1035  942  -177.5191    62.4900   -27.6929
   48  1033  944  -177.5190    62.4942   -27.6927
   49  1032  944  -177.5204    62.4918   -27.6922
   50  1030  945  -177.5206    62.4951   -27.6924
   51  1029  945  -177.5214    62.4945   -27.6924
   52  1031  945  -177.5201    62.4948   -27.6923
   53  1029  946  -177.5215    62.4944   -27.6917
   54  1029  947  -177.5210    62.4961   -27.6915
   55  1027  948  -177.5224    62.4957   -27.6909
   56  1027  949  -177.5219    62.4975   -27.6907
   57  1026  950  -177.5220    62.4990   -27.6904
   58  1026  951  -177.5221    62.4990   -27.6898
   59  1025  951  -177.5222    62.5005   -27.6902
   60  1024  952  -177.5223    62.5023   -27.6900
   61  1021  953  -177.5235    62.5040   -27.6899
   62  1020  954  -177.5240    62.5045   -27.6894
   63  1018  954  -177.5252    62.5047   -27.6895
   64  1021  954  -177.5241    62.5024   -27.6890
   65  1017  955  -177.5258    62.5048   -27.6890
   66  1015  955  -177.5264    62.5065   -27.6894
   67  1013  955  -177.5281    62.5049   -27.6891
   68  1011  956  -177.5283    62.5080   -27.6893
   69  1012  956  -177.5280    62.5072   -27.6891
   70  1009  957  -177.5292    62.5091   -27.6890
   71  1009  958  -177.5291    62.5095   -27.6885
   72  1008  959  -177.5293    62.5111   -27.6883
   73  1008  960  -177.5288    62.5129   -27.6881
   74  1009  960  -177.5284    62.5123   -27.6880
   75  1009  961  -177.5280    62.5138   -27.6877
   76  1007  962  -177.5287    62.5152   -27.6875
   77  1006  963  -177.5294    62.5150   -27.6869
   78  1007  963  -177.5288    62.5152   -27.6869
   79  1004  964  -177.5311    62.5136   -27.6861
   80  1003  965  -177.5318    62.5136   -27.6855
   81  1002  965  -177.5322    62.5141   -27.6857
   82  1001  965  -177.5330    62.5135   -27.6856
   83   998  966  -177.5343    62.5152   -27.6854
   84   999  966  -177.5341    62.5139   -27.6851
   85   997  967  -177.5348    62.5156   -27.6850
   86   996  967  -177.5356    62.5150   -27.6849
   87   995  967  -177.5358    62.5162   -27.6851
   88   994  967  -177.5362    62.5168   -27.6853
   89   993  967  -177.5368    62.5167   -27.6853
   90   991  967  -177.5388    62.5141   -27.6848
   91   990  967  -177.5393    62.5144   -27.6849
   92   989  967  -177.5399    62.5145   -27.6849
   93   988  967  -177.5402    62.5152   -27.6851
   94   987  967  -177.5406    62.5160   -27.6853
   95   986  967  -177.5415    62.5150   -27.6851

    1  982  946  -177.5467    62.5019   -27.6946
    2  981  947  -177.5481    62.4996   -27.6935
    3  980  947  -177.5481    62.5013   -27.6939
    4  982  947  -177.5461    62.5038   -27.6944
    5  980  948  -177.5475    62.5033   -27.6937
    6  979  948  -177.5480    62.5037   -27.6939
    7  978  949  -177.5494    62.5016   -27.6929
    8  977  949  -177.5497    62.5022   -27.6930
    9  979  949  -177.5485    62.5023   -27.6930
   10  975  951  -177.5502    62.5049   -27.6925
   11  974  951  -177.5509    62.5046   -27.6925
   12  971  952  -177.5521    62.5065   -27.6924
   13  972  952  -177.5512    62.5074   -27.6925
   14  969  953  -177.5530    62.5073   -27.6920
   15  968  954  -177.5530    62.5095   -27.6920
   16  967  954  -177.5536    62.5093   -27.6919
   17  965  954  -177.5549    62.5090   -27.6919
   18  964  954  -177.5551    62.5103   -27.6922
   19  962  955  -177.5557    62.5121   -27.6921
   20  961  955  -177.5557    62.5141   -27.6925
   21  959  956  -177.5564    62.5157   -27.6923
   22  958  956  -177.5571    62.5152   -27.6923
   23  937  956  -177.5694    62.5156   -27.6929
   24  938  956  -177.5689    62.5152   -27.6928
   25  939  956  -177.5685    62.5149   -27.6927
   26  936  956  -177.5700    62.5156   -27.6929
   27  942  957  -177.5668    62.5148   -27.6920
   28  954  957  -177.5583    62.5191   -27.6926
   29  940  957  -177.5677    62.5155   -27.6922
   30  956  957  -177.5566    62.5205   -27.6928
   31  944  958  -177.5636    62.5209   -27.6926
   32  950  958  -177.5607    62.5191   -27.6921
   33  952  958  -177.5585    62.5223   -27.6927
   34  947  958  -177.5625    62.5190   -27.6922
   35  948  958  -177.5611    62.5214   -27.6926
   36  943  958  -177.5647    62.5194   -27.6924
   37  945  958  -177.5644    62.5168   -27.6918

    1  977  916  -177.5526    62.4866   -27.7090
    2  978  916  -177.5510    62.4895   -27.7095
    3  976  917  -177.5526    62.4886   -27.7088
    4  974  918  -177.5537    62.4891   -27.7084
    5  975  919  -177.5522    62.4918   -27.7083
    6  972  920  -177.5539    62.4925   -27.7080
    7  970  921  -177.5552    62.4921   -27.7074
    8  966  923  -177.5576    62.4926   -27.7064
    9  967  923  -177.5570    62.4925   -27.7063
   10  964  924  -177.5589    62.4922   -27.7058
   11  963  924  -177.5593    62.4929   -27.7060
   12  962  924  -177.5597    62.4936   -27.7061
   13  961  924  -177.5606    62.4926   -27.7060
   14  958  925  -177.5620    62.4939   -27.7057
   15  956  925  -177.5638    62.4921   -27.7054
   16  955  925  -177.5650    62.4903   -27.7050
   17  959  925  -177.5607    62.4960   -27.7061
   18  953  926  -177.5657    62.4920   -27.7049
   19  952  926  -177.5666    62.4911   -27.7047
   20  951  926  -177.5673    62.4906   -27.7047
   21  949  926  -177.5686    62.4902   -27.7046
   22  947  927  -177.5700    62.4899   -27.7041
   23  945  927  -177.5701    62.4931   -27.7048
   24  944  927  -177.5717    62.4900   -27.7042
   25  942  927  -177.5737    62.4877   -27.7037
   26  941  927  -177.5739    62.4888   -27.7040
   27  948  927  -177.5697    62.4891   -27.7039
   28  940  928  -177.5748    62.4880   -27.7033
   29  938  929  -177.5759    62.4884   -27.7029
   30  936  930  -177.5777    62.4870   -27.7020
   31  935  931  -177.5768    62.4916   -27.7025
   32  932  932  -177.5777    62.4944   -27.7026
   33  934  932  -177.5775    62.4916   -27.7019
   34  931  933  -177.5781    62.4952   -27.7022
   35  932  933  -177.5778    62.4944   -27.7019

    1  982  881  -177.5642    62.4346   -27.7184
    2  981  881  -177.5646    62.4353   -27.7186
    3  982  882  -177.5640    62.4356   -27.7180
    4  982  883  -177.5634    62.4375   -27.7178
    5  981  883  -177.5641    62.4371   -27.7178
    6  980  883  -177.5654    62.4352   -27.7174
    7  978  884  -177.5667    62.4351   -27.7168
    8  977  884  -177.5670    62.4358   -27.7170
    9  979  884  -177.5650    62.4384   -27.7175
   10  977  885  -177.5667    62.4372   -27.7167
   11  976  885  -177.5656    62.4421   -27.7177
   12  975  885  -177.5667    62.4406   -27.7175
   13  974  885  -177.5665    62.4430   -27.7180
   14  972  886  -177.5671    62.4451   -27.7179
   15  973  886  -177.5673    62.4428   -27.7174
   16  970  887  -177.5685    62.4447   -27.7173
   17  971  887  -177.5679    62.4446   -27.7172
   18  970  888  -177.5685    62.4449   -27.7167
   19  969  888  -177.5687    62.4459   -27.7169
   20  968  888  -177.5693    62.4462   -27.7170
   21  967  888  -177.5705    62.4442   -27.7166
   22  967  889  -177.5701    62.4458   -27.7164
   23  967  890  -177.5694    62.4480   -27.7163
   24  966  890  -177.5703    62.4471   -27.7161
   25  966  891  -177.5701    62.4478   -27.7157
   26  965  892  -177.5712    62.4466   -27.7148
   27  966  892  -177.5703    62.4473   -27.7150
   28  965  893  -177.5702    62.4498   -27.7149
   29  964  893  -177.5707    62.4501   -27.7150
   30  962  893  -177.5717    62.4507   -27.7152
   31  961  893  -177.5720    62.4515   -27.7154
   32  958  894  -177.5735    62.4526   -27.7151
   33  959  894  -177.5732    62.4517   -27.7149
   34  957  895  -177.5738    62.4538   -27.7148
   35  955  896  -177.5740    62.4569   -27.7150
   36  953  896  -177.5752    62.4569   -27.7151
   37  951  897  -177.5770    62.4551   -27.7142
   38  950  898  -177.5767    62.4582   -27.7143
   39  947  899  -177.5772    62.4623   -27.7146
   40  949  899  -177.5758    62.4628   -27.7147
   41  945  900  -177.5792    62.4598   -27.7135
   42  944  901  -177.5778    62.4662   -27.7144
   43  943  901  -177.5778    62.4681   -27.7148
   44  945  901  -177.5770    62.4667   -27.7144
   45  941  902  -177.5804    62.4640   -27.7134
   46  938  902  -177.5849    62.4558   -27.7117
   47  940  902  -177.5830    62.4578   -27.7121
   48  938  903  -177.5845    62.4571   -27.7114
   49  936  904  -177.5856    62.4578   -27.7110
   50  937  904  -177.5837    62.4617   -27.7118
   51  933  905  -177.5842    62.4675   -27.7126
   52  932  905  -177.5844    62.4686   -27.7128
   53  934  905  -177.5854    62.4619   -27.7113
   54  931  906  -177.5827    62.4756   -27.7138
   55  932  906  -177.5810    62.4790   -27.7144
   56  930  907  -177.5844    62.4726   -27.7125
   57  929  907  -177.5835    62.4771   -27.7135
   58  928  908  -177.5842    62.4770   -27.7130
   59  925  909  -177.5857    62.4780   -27.7127
   60  924  909  -177.5859    62.4792   -27.7129
   61  926  909  -177.5846    62.4794   -27.7129
   62  924  910  -177.5860    62.4790   -27.7123
   63  923  910  -177.5872    62.4771   -27.7119
   64  921  910  -177.5883    62.4777   -27.7121
   65  921  911  -177.5882    62.4780   -27.7116
   66  919  912  -177.5899    62.4768   -27.7108
   67  918  913  -177.5896    62.4795   -27.7108
   68  917  913  -177.5904    62.4791   -27.7108
   69  916  913  -177.5909    62.4794   -27.7108
   70  915  913  -177.5906    62.4820   -27.7114
   71  914  914  -177.5913    62.4820   -27.7109
   72  911  915  -177.5917    62.4863   -27.7113
   73  910  915  -177.5922    62.4863   -27.7113
   74  912  915  -177.5911    62.4861   -27.7112
   75  909  916  -177.5925    62.4875   -27.7110
   76  908  916  -177.5936    62.4860   -27.7107
   77  907  916  -177.5933    62.4886   -27.7113
   78  905  917  -177.5937    62.4913   -27.7114
   79  906  917  -177.5934    62.4903   -27.7111
   80  903  918  -177.5941    62.4939   -27.7114
   81  901  918  -177.5956    62.4930   -27.7112
   82  900  918  -177.5967    62.4915   -27.7109
   83  898  919  -177.5989    62.4885   -27.7098
   84  896  919  -177.6024    62.4817   -27.7085
   85  895  919  -177.6044    62.4776   -27.7076
   86  894  919  -177.6049    62.4777   -27.7077
   87  892  919  -177.6062    62.4774   -27.7076
   88  891  919  -177.6071    62.4765   -27.7075
   89  890  919  -177.6066    62.4798   -27.7082
   90  889  919  -177.6064    62.4822   -27.7087
   91  888  919  -177.6068    62.4827   -27.7088
   92  887  919  -177.6066    62.4851   -27.7094

    1  941  880  -177.5895    62.4317   -27.7196
    2  939  881  -177.5899    62.4343   -27.7196
    3  940  881  -177.5895    62.4337   -27.7194
    4  938  882  -177.5909    62.4333   -27.7188
    5  939  882  -177.5893    62.4364   -27.7194
    6  938  883  -177.5903    62.4355   -27.7187
    7  937  883  -177.5912    62.4344   -27.7185
    8  936  884  -177.5910    62.4371   -27.7185
    9  937  884  -177.5904    62.4370   -27.7184
   10  934  885  -177.5903    62.4430   -27.7192
   11  933  885  -177.5904    62.4445   -27.7195
   12  935  885  -177.5908    62.4397   -27.7185
   13  932  886  -177.5897    62.4487   -27.7198
   14  931  886  -177.5897    62.4503   -27.7202
   15  930  886  -177.5903    62.4505   -27.7203
   16  929  886  -177.5910    62.4502   -27.7202
   17  928  886  -177.5914    62.4506   -27.7203
   18  927  886  -177.5916    62.4519   -27.7206
   19  926  886  -177.5914    62.4543   -27.7211
   20  925  887  -177.5919    62.4547   -27.7206
   21  926  887  -177.5908    62.4564   -27.7209
   22  924  888  -177.5917    62.4574   -27.7206
   23  925  888  -177.5918    62.4554   -27.7202
   24  924  889  -177.5918    62.4573   -27.7200
   25  923  889  -177.5923    62.4576   -27.7201
   26  922  889  -177.5926    62.4583   -27.7203
   27  919  891  -177.5939    62.4603   -27.7196
   28  917  893  -177.5952    62.4604   -27.7185
   29  916  893  -177.5960    62.4597   -27.7184
   30  918  893  -177.5944    62.4609   -27.7186
   31  914  894  -177.5967    62.4614   -27.7183
   32  911  895  -177.5976    62.4644   -27.7184
   33  913  895  -177.5965    62.4640   -27.7182
   34  909  896  -177.5982    62.4664   -27.7183
   35  908  896  -177.5981    62.4684   -27.7187
   36  910  896  -177.5971    62.4677   -27.7185
   37  907  897  -177.5983    62.4697   -27.7185
   38  908  897  -177.5982    62.4682   -27.7181
   39  906  898  -177.5987    62.4704   -27.7181
   40  905  898  -177.5999    62.4687   -27.7177
   41  903  899  -177.6010    62.4693   -27.7173
   42  902  899  -177.6006    62.4720   -27.7179
   43  904  899  -177.6003    62.4694   -27.7173
   44  899  900  -177.6041    62.4673   -27.7165
   45  898  900  -177.6045    62.4679   -27.7166
   46  900  900  -177.6030    62.4687   -27.7167
   47  897  901  -177.6035    62.4728   -27.7171
   48  895  901  -177.6054    62.4708   -27.7167
   49  894  901  -177.6068    62.4683   -27.7162
   50  892  902  -177.6058    62.4749   -27.7171
   51  891  902  -177.6073    62.4723   -27.7166
   52  893  902  -177.6067    62.4706   -27.7162
   53  890  903  -177.6071    62.4749   -27.7166
   54  889  903  -177.6075    62.4754   -27.7167
   55  888  903  -177.6088    62.4735   -27.7163
   56  886  903  -177.6091    62.4759   -27.7169
   57  885  903  -177.6106    62.4734   -27.7164
   58  884  903  -177.6109    62.4743   -27.7166
   59  883  903  -177.6114    62.4744   -27.7167
   60  882  903  -177.6120    62.4746   -27.7167
   61  881  903  -177.6117    62.4771   -27.7173

    1  938  869  -177.5928    62.4249   -27.7247
    2  939  869  -177.5922    62.4250   -27.7247
    3  937  870  -177.5929    62.4265   -27.7245
    4  938  870  -177.5927    62.4253   -27.7242
    5  937  871  -177.5930    62.4264   -27.7239
    6  935  872  -177.5934    62.4291   -27.7239
    7  934  873  -177.5938    62.4299   -27.7235
    8  935  873  -177.5935    62.4291   -27.7233
    9  933  874  -177.5942    62.4307   -27.7231
   10  934  874  -177.5938    62.4301   -27.7230
   11  933  875  -177.5939    62.4318   -27.7227
   12  932  875  -177.5932    62.4358   -27.7236
   13  931  876  -177.5928    62.4388   -27.7236
   14  930  876  -177.5932    62.4394   -27.7238
   15  932  876  -177.5930    62.4364   -27.7231
   16  929  877  -177.5941    62.4388   -27.7231
   17  930  877  -177.5934    62.4391   -27.7231
   18  928  878  -177.5946    62.4394   -27.7227
   19  927  878  -177.5945    62.4414   -27.7231
   20  926  878  -177.5943    62.4438   -27.7236
   21  925  878  -177.5950    62.4435   -27.7236
   22  924  878  -177.5956    62.4434   -27.7236
   23  924  879  -177.5956    62.4437   -27.7231
   24  923  879  -177.5956    62.4456   -27.7235
   25  922  879  -177.5956    62.4473   -27.7239
   26  921  879  -177.5954    62.4496   -27.7244
   27  919  880  -177.5954    62.4534   -27.7247
   28  918  880  -177.5954    62.4552   -27.7251
   29  920  880  -177.5954    62.4515   -27.7243
   30  916  881  -177.5971    62.4538   -27.7243
   31  915  881  -177.5972    62.4556   -27.7247
   32  917  881  -177.5964    62.4543   -27.7243
   33  913  882  -177.5974    62.4587   -27.7248
   34  914  882  -177.5969    62.4583   -27.7247
   35  911  884  -177.5979    62.4610   -27.7241
   36  910  884  -177.5989    62.4599   -27.7239
   37  909  884  -177.5993    62.4604   -27.7241
   38  908  885  -177.5995    62.4618   -27.7238
   39  909  885  -177.5986    62.4627   -27.7239
   40  907  886  -177.5995    62.4639   -27.7237
   41  906  887  -177.5995    62.4658   -27.7235
   42  907  887  -177.5993    62.4647   -27.7232
   43  906  888  -177.5995    62.4661   -27.7230
   44  905  888  -177.6000    62.4662   -27.7230
   45  904  889  -177.6001    62.4682   -27.7229
   46  903  890  -177.6005    62.4689   -27.7225
   47  904  890  -177.6003    62.4678   -27.7222
   48  901  891  -177.6009    62.4715   -27.7225
   49  900  891  -177.6028    62.4676   -27.7217
   50  899  891  -177.6036    62.4670   -27.7216
   51  902  891  -177.6007    62.4703   -27.7222
   52  898  892  -177.6030    62.4707   -27.7218
   53  897  892  -177.6035    62.4710   -27.7219
   54  888  892  -177.6112    62.4638   -27.7207
   55  889  892  -177.6114    62.4615   -27.7202
   56  896  893  -177.6037    62.4722   -27.7216
   57  887  893  -177.6125    62.4622   -27.7198
   58  895  893  -177.6052    62.4696   -27.7211
   59  886  893  -177.6134    62.4610   -27.7196
   60  893  894  -177.6069    62.4683   -27.7203
   61  894  894  -177.6060    62.4694   -27.7205
   62  895  894  -177.6043    62.4724   -27.7211
   63  891  894  -177.6084    62.4674   -27.7202
   64  892  894  -177.6068    62.4703   -27.7208
   65  885  894  -177.6135    62.4629   -27.7194
   66  884  894  -177.6144    62.4618   -27.7192
   67  882  895  -177.6152    62.4632   -27.7190
   68  880  896  -177.6151    62.4673   -27.7193
   69  881  896  -177.6153    62.4650   -27.7188
   70  878  897  -177.6159    62.4688   -27.7191
   71  876  897  -177.6185    62.4645   -27.7183
   72  875  897  -177.6192    62.4643   -27.7183
   73  879  897  -177.6152    62.4690   -27.7191
   74  873  898  -177.6195    62.4672   -27.7184
   75  871  898  -177.6203    62.4682   -27.7186
   76  869  898  -177.6222    62.4662   -27.7183
   77  868  898  -177.6230    62.4654   -27.7182
   78  867  898  -177.6233    62.4664   -27.7184
   79  864  899  -177.6234    62.4716   -27.7189
   80  863  899  -177.6254    62.4673   -27.7181
   81  861  899  -177.6271    62.4659   -27.7179
   82  860  899  -177.6272    62.4674   -27.7182
   83  859  899  -177.6284    62.4655   -27.7178
   84  858  899  -177.6279    62.4690   -27.7186
   85  865  899  -177.6229    62.4713   -27.7188

     1  925  829  -177.6200    62.3577   -27.7351
     2  925  830  -177.6192    62.3604   -27.7350
     3  924  831  -177.6191    62.3627   -27.7349
     4  925  831  -177.6186    62.3624   -27.7348
     5  923  832  -177.6189    62.3653   -27.7349
     6  923  833  -177.6180    62.3683   -27.7349
     7  922  833  -177.6185    62.3686   -27.7350
     8  921  834  -177.6177    62.3730   -27.7354
     9  920  835  -177.6168    62.3778   -27.7358
    10  921  835  -177.6163    62.3773   -27.7357
    11  918  836  -177.6166    62.3821   -27.7362
    12  917  836  -177.6158    62.3864   -27.7371
    13  919  836  -177.6163    62.3811   -27.7359
    14  917  837  -177.6157    62.3869   -27.7366
    15  916  837  -177.6157    62.3888   -27.7370
    16  915  838  -177.6154    62.3915   -27.7370
    17  916  838  -177.6152    62.3905   -27.7367
    18  915  839  -177.6150    62.3931   -27.7367
    19  915  840  -177.6143    62.3955   -27.7366
    20  915  841  -177.6137    62.3973   -27.7363
    21  915  842  -177.6122    62.4020   -27.7367
    22  915  843  -177.6118    62.4034   -27.7364
    23  915  844  -177.6112    62.4054   -27.7362
    24  916  844  -177.6107    62.4054   -27.7362
    25  916  845  -177.6099    62.4078   -27.7360
    26  917  846  -177.6094    62.4078   -27.7354
    27  916  846  -177.6094    62.4096   -27.7358
    28  917  847  -177.6083    62.4114   -27.7355
    29  917  848  -177.6078    62.4129   -27.7352
    30  917  849  -177.6074    62.4145   -27.7349
    31  916  850  -177.6077    62.4156   -27.7346
    32  915  851  -177.6084    62.4153   -27.7340
    33  916  851  -177.6078    62.4154   -27.7340
    34  914  852  -177.6094    62.4145   -27.7333
    35  913  852  -177.6095    62.4158   -27.7336
    36  915  852  -177.6085    62.4153   -27.7334
    37  913  853  -177.6090    62.4177   -27.7334
    38  912  854  -177.6084    62.4216   -27.7336
    39  911  855  -177.6082    62.4241   -27.7336
    40  909  856  -177.6101    62.4222   -27.7326
    41  908  856  -177.6103    62.4235   -27.7329
    42  910  856  -177.6094    62.4224   -27.7327
    43  907  857  -177.6099    62.4266   -27.7330
    44  908  857  -177.6096    62.4256   -27.7328
    45  906  858  -177.6104    62.4272   -27.7325
    46  905  858  -177.6110    62.4271   -27.7325
    47  904  858  -177.6127    62.4237   -27.7319
    48  903  858  -177.6130    62.4246   -27.7321
    49  902  859  -177.6122    62.4289   -27.7324
    50  901  859  -177.6138    62.4260   -27.7318
    51  903  859  -177.6121    62.4277   -27.7321
    52  901  860  -177.6129    62.4290   -27.7319
    53  900  861  -177.6138    62.4283   -27.7311
    54  900  862  -177.6133    62.4299   -27.7309
    55  899  862  -177.6131    62.4323   -27.7314
    56  898  863  -177.6138    62.4325   -27.7309
    57  899  863  -177.6128    62.4335   -27.7311
    58  897  863  -177.6145    62.4320   -27.7308
    59  896  863  -177.6143    62.4344   -27.7313
    60  894  864  -177.6148    62.4368   -27.7313
    61  894  865  -177.6146    62.4375   -27.7309
    62  892  866  -177.6145    62.4414   -27.7311
    63  891  867  -177.6150    62.4421   -27.7308
    64  890  867  -177.6158    62.4413   -27.7306
    65  888  867  -177.6161    62.4442   -27.7313
    66  886  868  -177.6171    62.4448   -27.7309
    67  885  868  -177.6175    62.4455   -27.7310
    68  884  868  -177.6174    62.4476   -27.7315
    69  882  868  -177.6185    62.4479   -27.7316
    70  887  868  -177.6163    62.4454   -27.7310
    71  881  869  -177.6188    62.4488   -27.7312
    72  880  869  -177.6199    62.4473   -27.7310
    73  878  870  -177.6210    62.4480   -27.7306
    74  879  870  -177.6207    62.4472   -27.7304
    75  878  871  -177.6200    62.4510   -27.7306
    76  877  871  -177.6211    62.4497   -27.7304
    77  876  871  -177.6208    62.4523   -27.7309
    78  875  871  -177.6208    62.4541   -27.7313
    79  873  872  -177.6209    62.4574   -27.7315
    80  874  872  -177.6214    62.4544   -27.7308
    81  872  873  -177.6217    62.4571   -27.7309
    82  870  874  -177.6229    62.4572   -27.7304
    83  869  875  -177.6234    62.4579   -27.7299
    84  867  875  -177.6253    62.4556   -27.7295
    85  866  875  -177.6275    62.4509   -27.7286
    86  865  875  -177.6268    62.4548   -27.7294
    87  864  875  -177.6276    62.4541   -27.7293
    88  863  875  -177.6282    62.4541   -27.7294
    89  861  877  -177.6302    62.4522   -27.7279
    90  859  877  -177.6319    62.4506   -27.7276
    91  858  877  -177.6345    62.4448   -27.7264
    92  857  877  -177.6366    62.4403   -27.7256
    93  856  877  -177.6381    62.4377   -27.7250
    94  862  877  -177.6278    62.4574   -27.7289
    95  855  878  -177.6404    62.4329   -27.7235
    96  854  878  -177.6409    62.4331   -27.7236
    97  852  878  -177.6421    62.4332   -27.7236
    98  851  878  -177.6428    62.4328   -27.7236
    99  849  878  -177.6439    62.4332   -27.7237
   100  848  878  -177.6420    62.4406   -27.7253
   101  846  879  -177.6457    62.4334   -27.7233
   102  845  879  -177.6448    62.4377   -27.7242
   103  843  879  -177.6451    62.4404   -27.7248
   104  842  879  -177.6446    62.4437   -27.7255
   105  841  879  -177.6434    62.4488   -27.7266
   106  840  879  -177.6427    62.4529   -27.7274
   107  839  879  -177.6430    62.4537   -27.7276
   108  838  879  -177.6434    62.4542   -27.7278
   109  837  879  -177.6438    62.4550   -27.7279
   110  836  879  -177.6446    62.4542   -27.7278
   111  835  879  -177.6445    62.4564   -27.7283
   112  833  879  -177.6454    62.4572   -27.7285
   113  834  879  -177.6447    62.4573   -27.7285

    1  841  817  -177.6552    62.4010   -27.7533
    2  839  818  -177.6555    62.4039   -27.7534
    3  840  818  -177.6550    62.4039   -27.7533
    4  838  819  -177.6554    62.4062   -27.7532
    5  837  819  -177.6567    62.4043   -27.7529
    6  839  819  -177.6552    62.4052   -27.7530
    7  836  820  -177.6558    62.4088   -27.7532
    8  837  820  -177.6557    62.4074   -27.7529
    9  835  821  -177.6557    62.4110   -27.7531
   10  834  821  -177.6567    62.4099   -27.7529
   11  833  822  -177.6571    62.4107   -27.7525
   12  833  823  -177.6564    62.4129   -27.7524
   13  832  823  -177.6573    62.4121   -27.7522
   14  831  823  -177.6580    62.4120   -27.7522
   15  830  823  -177.6593    62.4099   -27.7519
   16  829  823  -177.6594    62.4114   -27.7522
   17  828  823  -177.6600    62.4114   -27.7522
   18  827  824  -177.6602    62.4126   -27.7519
   19  828  824  -177.6597    62.4125   -27.7518
   20  827  825  -177.6613    62.4096   -27.7507
   21  826  825  -177.6620    62.4094   -27.7507
   22  825  825  -177.6623    62.4103   -27.7509
   23  823  825  -177.6640    62.4088   -27.7507
   24  825  826  -177.6622    62.4108   -27.7504
   25  823  826  -177.6633    62.4111   -27.7505
   26  822  826  -177.6644    62.4098   -27.7503
   27  821  826  -177.6645    62.4111   -27.7506
   28  820  826  -177.6656    62.4098   -27.7504
   29  824  826  -177.6629    62.4106   -27.7504
   30  819  827  -177.6654    62.4123   -27.7503
   31  818  828  -177.6661    62.4122   -27.7498
   32  816  828  -177.6674    62.4118   -27.7497
   33  817  828  -177.6670    62.4112   -27.7496
   34  815  829  -177.6683    62.4112   -27.7491
   35  813  829  -177.6685    62.4141   -27.7497
   36  813  830  -177.6667    62.4195   -27.7502
   37  812  830  -177.6678    62.4183   -27.7500
   38  810  831  -177.6709    62.4128   -27.7483
   39  811  831  -177.6698    62.4143   -27.7486
   40  809  832  -177.6722    62.4110   -27.7474
   41  808  832  -177.6718    62.4140   -27.7480
   42  806  833  -177.6720    62.4171   -27.7481
   43  803  834  -177.6791    62.4020   -27.7446
   44  805  834  -177.6741    62.4128   -27.7467
   45  801  834  -177.6773    62.4107   -27.7464
   46  804  834  -177.6743    62.4142   -27.7470
   47  800  835  -177.6761    62.4161   -27.7470
   48  799  835  -177.6772    62.4146   -27.7467
   49  798  836  -177.6749    62.4232   -27.7479
   50  796  836  -177.6739    62.4298   -27.7493
   51  795  836  -177.6774    62.4211   -27.7476
   52  794  836  -177.6793    62.4176   -27.7469
   53  789  837  -177.6859    62.4071   -27.7443
   54  792  837  -177.6777    62.4257   -27.7480
   55  793  837  -177.6762    62.4286   -27.7485
   56  790  837  -177.6847    62.4090   -27.7447
   57  791  837  -177.6811    62.4178   -27.7464
   58  778  838  -177.6912    62.4114   -27.7449
   59  787  838  -177.6891    62.4018   -27.7427
   60  786  838  -177.6895    62.4021   -27.7428
   61  785  838  -177.6900    62.4024   -27.7429
   62  784  838  -177.6907    62.4023   -27.7429
   63  782  838  -177.6908    62.4055   -27.7436
   64  780  838  -177.6916    62.4068   -27.7439
   65  779  838  -177.6920    62.4073   -27.7441
   66  781  838  -177.6895    62.4111   -27.7448
   67  776  839  -177.6890    62.4215   -27.7464
   68  775  839  -177.6897    62.4212   -27.7464
   69  774  839  -177.6903    62.4213   -27.7465
   70  773  839  -177.6910    62.4209   -27.7464
   71  777  839  -177.6885    62.4211   -27.7463
   72  772  840  -177.6920    62.4199   -27.7457
   73  771  840  -177.6927    62.4197   -27.7457
   74  770  840  -177.6926    62.4216   -27.7461
   75  769  841  -177.6935    62.4209   -27.7454
   76  768  841  -177.6934    62.4230   -27.7458
   77  766  841  -177.6943    62.4239   -27.7461
   78  765  841  -177.6953    62.4230   -27.7459
   79  764  841  -177.6956    62.4235   -27.7460
   80  763  841  -177.6973    62.4206   -27.7455
   81  762  841  -177.6976    62.4212   -27.7456
   82  770  841  -177.6922    62.4231   -27.7457
   83  767  841  -177.6940    62.4231   -27.7458

     1  1011  794  -177.6013    62.2484   -27.7316
     2  1010  795  -177.6010    62.2517   -27.7317
     3  1009  796  -177.6006    62.2549   -27.7318
     4  1009  797  -177.5993    62.2592   -27.7320
     5  1008  798  -177.5996    62.2602   -27.7317
     6  1007  799  -177.5981    62.2670   -27.7323
     7  1006  800  -177.5997    62.2641   -27.7313
     8  1005  801  -177.6012    62.2617   -27.7303
     9  1005  802  -177.6006    62.2636   -27.7301
    10  1004  803  -177.5997    62.2685   -27.7304
    11  1003  804  -177.6001    62.2694   -27.7301
    12  1002  805  -177.6006    62.2699   -27.7297
    13  1001  806  -177.6007    62.2718   -27.7295
    14  1001  807  -177.5994    62.2760   -27.7297
    15  1000  808  -177.5996    62.2774   -27.7294
    16   999  809  -177.5998    62.2788   -27.7291
    17   998  810  -177.6002    62.2797   -27.7288
    18   997  811  -177.6002    62.2816   -27.7286
    19   996  812  -177.6003    62.2835   -27.7284
    20   996  813  -177.6009    62.2820   -27.7275
    21   995  814  -177.6001    62.2864   -27.7279
    22   994  815  -177.5999    62.2892   -27.7279
    23   993  816  -177.5989    62.2942   -27.7283
    24   992  817  -177.5980    62.2989   -27.7287
    25   992  818  -177.5966    62.3036   -27.7290
    26   991  819  -177.5970    62.3045   -27.7286
    27   990  820  -177.5978    62.3040   -27.7279
    28   989  821  -177.5979    62.3059   -27.7278
    29   988  822  -177.5980    62.3076   -27.7275
    30   987  823  -177.5980    62.3097   -27.7274
    31   987  824  -177.5979    62.3101   -27.7269
    32   986  825  -177.5982    62.3113   -27.7265
    33   985  826  -177.5988    62.3115   -27.7260
    34   984  827  -177.5989    62.3134   -27.7258
    35   983  828  -177.5980    62.3182   -27.7261
    36   982  829  -177.5979    62.3207   -27.7260
    37   982  830  -177.5972    62.3230   -27.7259
    38   981  831  -177.5964    62.3274   -27.7263
    39   980  832  -177.5957    62.3317   -27.7265
    40   979  833  -177.5948    62.3364   -27.7270
    41   978  834  -177.5946    62.3389   -27.7270
    42   977  835  -177.5936    62.3442   -27.7275
    43   977  836  -177.5912    62.3517   -27.7284
    44   976  837  -177.5928    62.3488   -27.7272
    45   975  838  -177.5921    62.3530   -27.7275
    46   974  839  -177.5920    62.3553   -27.7274
    47   973  840  -177.5909    62.3608   -27.7279
    48   972  841  -177.5910    62.3624   -27.7277
    49   972  842  -177.5906    62.3641   -27.7274
    50   971  843  -177.5903    62.3671   -27.7274
    51   970  844  -177.5893    62.3722   -27.7278
    52   969  845  -177.5895    62.3735   -27.7276
    53   968  846  -177.5913    62.3701   -27.7263
    54   967  847  -177.5922    62.3695   -27.7257
    55   967  848  -177.5916    62.3714   -27.7255
    56   966  849  -177.5916    62.3735   -27.7253
    57   965  850  -177.5928    62.3720   -27.7244
    58   964  851  -177.5933    62.3724   -27.7240
    59   963  852  -177.5936    62.3735   -27.7236
    60   961  853  -177.5928    62.3796   -27.7244
    61   962  853  -177.5925    62.3790   -27.7242
    62   960  854  -177.5919    62.3844   -27.7248
    63   959  855  -177.5924    62.3851   -27.7244
    64   958  856  -177.5919    62.3885   -27.7246
    65   957  856  -177.5905    62.3946   -27.7257
    66   956  857  -177.5899    62.3986   -27.7260
    67   955  858  -177.5904    62.3991   -27.7256
    68   953  859  -177.5905    62.4025   -27.7257
    69   954  859  -177.5905    62.4007   -27.7254
    70   952  860  -177.5891    62.4089   -27.7264
    71   951  861  -177.5879    62.4144   -27.7270
    72   949  862  -177.5879    62.4183   -27.7272
    73   950  862  -177.5874    62.4179   -27.7271
    74   948  863  -177.5877    62.4209   -27.7271
    75   947  864  -177.5883    62.4213   -27.7267
    76   945  865  -177.5890    62.4228   -27.7264
    77   946  865  -177.5886    62.4224   -27.7263
    78   944  866  -177.5899    62.4222   -27.7257
    79   943  867  -177.5903    62.4231   -27.7254
    80   941  868  -177.5911    62.4243   -27.7251
    81   942  868  -177.5907    62.4239   -27.7250
    82   940  869  -177.5914    62.4255   -27.7248
    83   939  870  -177.5921    62.4254   -27.7242
    84   938  871  -177.5923    62.4269   -27.7239
    85   937  871  -177.5930    62.4264   -27.7239
    86   936  872  -177.5934    62.4274   -27.7235
    87   934  873  -177.5938    62.4299   -27.7235
    88   935  873  -177.5935    62.4291   -27.7233
    89   932  874  -177.5936    62.4344   -27.7239
    90   933  874  -177.5942    62.4307   -27.7231
    91   930  875  -177.5937    62.4378   -27.7240
    92   931  875  -177.5936    62.4365   -27.7238
    93   929  876  -177.5939    62.4394   -27.7238
    94   928  876  -177.5945    62.4393   -27.7238
    95   926  877  -177.5949    62.4418   -27.7238
    96   927  877  -177.5945    62.4413   -27.7237
    97   924  878  -177.5956    62.4434   -27.7236
    98   925  878  -177.5950    62.4435   -27.7236
    99   922  879  -177.5956    62.4473   -27.7239
   100   923  879  -177.5956    62.4456   -27.7235
   101   920  880  -177.5954    62.4515   -27.7243
   102   921  880  -177.5952    62.4505   -27.7240
   103   919  881  -177.5954    62.4537   -27.7241
   104   918  881  -177.5957    62.4545   -27.7243
   105   916  882  -177.5965    62.4561   -27.7242
   106   917  882  -177.5965    62.4542   -27.7237
   107   914  883  -177.5968    62.4587   -27.7241
   108   915  883  -177.5962    62.4589   -27.7241
   109   912  884  -177.5972    62.4613   -27.7241
   110   913  884  -177.5969    62.4606   -27.7240
   111   911  885  -177.5977    62.4619   -27.7237
   112   910  885  -177.5983    62.4618   -27.7237
   113   908  886  -177.5991    62.4633   -27.7235
   114   909  886  -177.5985    62.4633   -27.7235
   115   906  887  -177.5995    62.4658   -27.7235
   116   907  887  -177.5993    62.4647   -27.7232
   117   904  888  -177.5997    62.4689   -27.7236
   118   903  888  -177.6004    62.4687   -27.7236
   119   905  888  -177.6000    62.4662   -27.7230
   120   902  889  -177.6009    62.4693   -27.7231
   121   901  889  -177.6019    62.4679   -27.7229
   122   900  889  -177.6019    62.4698   -27.7233
   123   898  890  -177.6044    62.4662   -27.7220
   124   899  890  -177.6029    62.4689   -27.7226
   125   896  891  -177.6044    62.4700   -27.7223
   126   895  891  -177.6055    62.4682   -27.7220
   127   897  891  -177.6042    62.4686   -27.7220
   128   893  892  -177.6065    62.4692   -27.7216
   129   892  892  -177.6077    62.4674   -27.7213
   130   894  892  -177.6057    62.4696   -27.7217
   131   891  893  -177.6086    62.4664   -27.7206
   132   890  893  -177.6087    62.4680   -27.7209
   133   888  894  -177.6120    62.4620   -27.7192
   134   887  894  -177.6133    62.4598   -27.7187
   135   889  894  -177.6101    62.4660   -27.7200
   136   885  895  -177.6140    62.4616   -27.7186
   137   884  895  -177.6142    62.4629   -27.7189
   138   886  895  -177.6126    62.4638   -27.7190
   139   883  896  -177.6147    62.4631   -27.7184
   140   882  896  -177.6151    62.4638   -27.7185
   141   881  896  -177.6153    62.4650   -27.7188
   142   879  897  -177.6152    62.4690   -27.7191
   143   880  897  -177.6144    62.4697   -27.7192
   144   877  898  -177.6174    62.4662   -27.7180
   145   876  898  -177.6172    62.4684   -27.7185
   146   878  898  -177.6160    62.4686   -27.7185
   147   874  899  -177.6177    62.4709   -27.7185
   148   875  899  -177.6174    62.4700   -27.7183

     1  1035  811  -177.5821    62.2667   -27.7243
     2  1034  812  -177.5823    62.2682   -27.7241
     3  1034  813  -177.5812    62.2717   -27.7242
     4  1033  814  -177.5798    62.2782   -27.7249
     5  1032  815  -177.5790    62.2828   -27.7253
     6  1031  816  -177.5789    62.2851   -27.7251
     7  1031  817  -177.5787    62.2859   -27.7247
     8  1030  818  -177.5793    62.2864   -27.7243
     9  1029  819  -177.5794    62.2879   -27.7240
    10  1028  820  -177.5787    62.2922   -27.7243
    11  1027  821  -177.5777    62.2976   -27.7248
    12  1027  822  -177.5761    62.3025   -27.7252
    13  1026  823  -177.5757    62.3059   -27.7254
    14  1025  824  -177.5763    62.3062   -27.7249
    15  1024  825  -177.5767    62.3070   -27.7245
    16  1023  826  -177.5768    62.3086   -27.7243
    17  1023  827  -177.5765    62.3099   -27.7239
    18  1022  828  -177.5765    62.3119   -27.7237
    19  1021  829  -177.5777    62.3104   -27.7229
    20  1020  830  -177.5769    62.3148   -27.7232
    21  1019  831  -177.5777    62.3144   -27.7225
    22  1019  832  -177.5769    62.3172   -27.7225
    23  1018  833  -177.5774    62.3177   -27.7221
    24  1017  834  -177.5775    62.3194   -27.7218
    25  1016  835  -177.5775    62.3216   -27.7217
    26  1015  836  -177.5779    62.3226   -27.7213
    27  1015  837  -177.5767    62.3262   -27.7214
    28  1014  838  -177.5770    62.3274   -27.7211
    29  1013  839  -177.5769    62.3299   -27.7211
    30  1012  840  -177.5760    62.3347   -27.7215
    31  1011  841  -177.5755    62.3381   -27.7216
    32  1011  842  -177.5749    62.3403   -27.7215
    33  1010  843  -177.5749    62.3423   -27.7213
    34  1009  844  -177.5751    62.3438   -27.7211
    35  1008  845  -177.5752    62.3455   -27.7209
    36  1007  846  -177.5746    62.3494   -27.7211
    37  1007  847  -177.5741    62.3514   -27.7209
    38  1006  848  -177.5739    62.3541   -27.7208
    39  1005  849  -177.5741    62.3553   -27.7205
    40  1004  850  -177.5748    62.3552   -27.7200
    41  1004  851  -177.5744    62.3568   -27.7197
    42  1003  852  -177.5742    62.3593   -27.7197
    43  1002  853  -177.5725    62.3666   -27.7206
    44  1001  854  -177.5718    62.3710   -27.7209
    45  1001  855  -177.5710    62.3737   -27.7209
    46  1000  856  -177.5706    62.3767   -27.7209
    47   999  857  -177.5719    62.3749   -27.7200
    48   998  858  -177.5721    62.3765   -27.7197
    49   998  859  -177.5734    62.3728   -27.7183
    50   997  860  -177.5743    62.3719   -27.7175
    51   996  861  -177.5735    62.3763   -27.7178
    52   995  862  -177.5739    62.3772   -27.7175
    53   995  863  -177.5723    62.3825   -27.7180
    54   994  864  -177.5757    62.3739   -27.7157
    55   993  865  -177.5757    62.3762   -27.7156
    56   992  866  -177.5742    62.3827   -27.7165
    57   992  867  -177.5729    62.3867   -27.7166
    58   991  868  -177.5720    62.3917   -27.7171
    59   990  869  -177.5701    62.3994   -27.7182
    60   989  870  -177.5689    62.4052   -27.7188
    61   989  871  -177.5690    62.4051   -27.7182
    62   988  872  -177.5684    62.4089   -27.7184
    63   987  873  -177.5677    62.4130   -27.7187
    64   986  874  -177.5674    62.4162   -27.7188
    65   986  875  -177.5669    62.4179   -27.7185
    66   985  876  -177.5666    62.4209   -27.7186
    67   984  877  -177.5651    62.4275   -27.7193
    68   983  878  -177.5656    62.4280   -27.7188
    69   983  879  -177.5644    62.4318   -27.7190
    70   982  880  -177.5646    62.4332   -27.7187
    71   981  881  -177.5646    62.4353   -27.7186
    72   979  882  -177.5649    62.4382   -27.7186
    73   980  882  -177.5647    62.4371   -27.7183
    74   977  883  -177.5663    62.4377   -27.7179
    75   978  883  -177.5659    62.4372   -27.7178
    76   976  884  -177.5670    62.4377   -27.7174
    77   975  884  -177.5674    62.4382   -27.7175
    78   974  885  -177.5665    62.4430   -27.7180
    79   972  886  -177.5671    62.4451   -27.7179
    80   973  886  -177.5673    62.4428   -27.7174
    81   970  887  -177.5685    62.4447   -27.7173
    82   971  887  -177.5679    62.4446   -27.7172
    83   968  888  -177.5693    62.4462   -27.7170
    84   969  888  -177.5687    62.4459   -27.7169
    85   967  889  -177.5701    62.4458   -27.7164
    86   966  890  -177.5703    62.4471   -27.7161
    87   965  890  -177.5704    62.4485   -27.7164
    88   964  891  -177.5713    62.4479   -27.7158
    89   963  892  -177.5713    62.4498   -27.7156
    90   961  893  -177.5720    62.4515   -27.7154
    91   962  893  -177.5717    62.4507   -27.7152
    92   960  894  -177.5731    62.4502   -27.7146
    93   958  895  -177.5741    62.4508   -27.7142
    94   959  895  -177.5731    62.4523   -27.7145
    95   957  896  -177.5732    62.4557   -27.7147
    96   956  896  -177.5738    62.4557   -27.7147
    97   954  897  -177.5748    62.4565   -27.7143
    98   955  897  -177.5740    62.4570   -27.7144
    99   952  898  -177.5758    62.4573   -27.7140
   100   953  898  -177.5746    62.4590   -27.7143
   101   950  899  -177.5748    62.4641   -27.7149
   102   951  899  -177.5764    62.4574   -27.7135
   103   949  900  -177.5764    62.4612   -27.7137
   104   948  900  -177.5763    62.4633   -27.7142
   105   947  900  -177.5774    62.4617   -27.7139
   106   945  901  -177.5770    62.4667   -27.7144
   107   946  901  -177.5772    62.4643   -27.7139
   108   943  902  -177.5775    62.4691   -27.7144
   109   944  902  -177.5766    62.4700   -27.7146
   110   941  903  -177.5811    62.4620   -27.7123
   111   942  903  -177.5784    62.4685   -27.7137
   112   939  904  -177.5836    62.4582   -27.7110
   113   940  904  -177.5802    62.4666   -27.7128
   114   938  905  -177.5794    62.4728   -27.7136
   115   937  905  -177.5834    62.4628   -27.7115
   116   936  905  -177.5827    62.4666   -27.7123
   117   934  906  -177.5807    62.4764   -27.7138
   118   935  906  -177.5805    62.4751   -27.7135
   119   932  907  -177.5845    62.4687   -27.7117
   120   933  907  -177.5811    62.4771   -27.7134
   121   931  908  -177.5817    62.4791   -27.7133
   122   930  908  -177.5829    62.4773   -27.7130
   123   928  909  -177.5826    62.4819   -27.7134
   124   927  909  -177.5840    62.4796   -27.7129
   125   929  909  -177.5825    62.4806   -27.7131
   126   926  910  -177.5849    62.4787   -27.7122
   127   925  910  -177.5854    62.4792   -27.7123
   128   923  911  -177.5865    62.4796   -27.7119
   129   922  911  -177.5872    62.4792   -27.7118
   130   924  911  -177.5862    62.4788   -27.7117
   131   920  912  -177.5883    62.4798   -27.7114
   132   921  912  -177.5881    62.4786   -27.7111
   133   918  913  -177.5896    62.4795   -27.7108
   134   917  913  -177.5904    62.4791   -27.7108
   135   919  913  -177.5891    62.4793   -27.7108
   136   916  914  -177.5891    62.4849   -27.7114
   137   915  914  -177.5905    62.4823   -27.7109
   138   913  915  -177.5905    62.4861   -27.7112
   139   912  915  -177.5911    62.4861   -27.7112
   140   914  915  -177.5913    62.4822   -27.7103
   141   910  916  -177.5924    62.4862   -27.7107
   142   911  916  -177.5913    62.4876   -27.7110
   143   908  917  -177.5921    62.4906   -27.7111
   144   907  917  -177.5925    62.4914   -27.7113
   145   909  917  -177.5915    62.4907   -27.7111
   146   906  918  -177.5928    62.4924   -27.7110
   147   905  918  -177.5934    62.4925   -27.7110
   148   903  919  -177.5945    62.4927   -27.7106
   149   902  919  -177.5954    62.4919   -27.7104
   150   904  919  -177.5929    62.4958   -27.7112
   151   900  920  -177.5963    62.4930   -27.7101
   152   901  920  -177.5957    62.4931   -27.7101
   153   898  921  -177.5990    62.4888   -27.7087
   154   899  921  -177.5984    62.4886   -27.7086
