; ENVI Output of ROIs (5.4) [Mon Aug 05 13:31:33 2019]
; Number of ROIs: 12
; File Dimension: 1328 x 1184
;
; ROI name: Region #1
; ROI rgb value: {255, 0, 0}
; ROI npts: 82
;
; ROI name: Region #2
; ROI rgb value: {0, 255, 0}
; ROI npts: 41
;
; ROI name: Region #3
; ROI rgb value: {0, 0, 255}
; ROI npts: 33
;
; ROI name: Region #4
; ROI rgb value: {255, 255, 0}
; ROI npts: 23
;
; ROI name: Region #5
; ROI rgb value: {0, 255, 255}
; ROI npts: 22
;
; ROI name: Region #6
; ROI rgb value: {255, 0, 255}
; ROI npts: 27
;
; ROI name: Region #7
; ROI rgb value: {176, 48, 96}
; ROI npts: 28
;
; ROI name: Region #8
; ROI rgb value: {46, 139, 87}
; ROI npts: 37
;
; ROI name: Region #9
; ROI rgb value: {160, 32, 240}
; ROI npts: 26
;
; ROI name: Region #10
; ROI rgb value: {255, 127, 80}
; ROI npts: 44
;
; ROI name: Region #11
; ROI rgb value: {127, 255, 212}
; ROI npts: 62
;
; ROI name: Region #12
; ROI rgb value: {218, 112, 214}
; ROI npts: 72
;  ID    X     Y         B1         B2         B3
    1  970  1014  -177.6468    63.9247   -27.6484
    2  971  1014  -177.6461    63.9252   -27.6485
    3  969  1015  -177.6460    63.9281   -27.6488
    4  968  1015  -177.6460    63.9292   -27.6491
    5  967  1015  -177.6465    63.9291   -27.6491
    6  970  1015  -177.6460    63.9267   -27.6485
    7  966  1016  -177.6463    63.9310   -27.6491
    8  965  1016  -177.6463    63.9322   -27.6495
    9  964  1016  -177.6466    63.9325   -27.6496
   10  963  1016  -177.6476    63.9314   -27.6493
   11  961  1016  -177.6486    63.9314   -27.6493
   12  959  1017  -177.6486    63.9340   -27.6495
   13  960  1017  -177.6496    63.9306   -27.6486
   14  959  1018  -177.6481    63.9353   -27.6494
   15  958  1018  -177.6489    63.9345   -27.6492
   16  957  1018  -177.6494    63.9347   -27.6492
   17  956  1018  -177.6493    63.9360   -27.6496
   18  955  1018  -177.6494    63.9370   -27.6498
   19  954  1018  -177.6498    63.9373   -27.6499
   20  953  1018  -177.6497    63.9386   -27.6503
   21  952  1018  -177.6497    63.9399   -27.6506
   22  951  1018  -177.6509    63.9382   -27.6502
   23  950  1019  -177.6515    63.9380   -27.6496
   24  949  1019  -177.6516    63.9390   -27.6499
   25  948  1019  -177.6515    63.9404   -27.6503
   26  951  1019  -177.6508    63.9386   -27.6498
   27  947  1020  -177.6516    63.9416   -27.6501
   28  946  1020  -177.6528    63.9400   -27.6497
   29  945  1020  -177.6527    63.9414   -27.6501
   30  944  1020  -177.6527    63.9425   -27.6504
   31  943  1020  -177.6533    63.9423   -27.6503
   32  941  1021  -177.6538    63.9437   -27.6502
   33  942  1021  -177.6534    63.9433   -27.6501
   34  940  1022  -177.6537    63.9453   -27.6502
   35  939  1022  -177.6538    63.9462   -27.6504
   36  938  1022  -177.6546    63.9456   -27.6502
   37  941  1022  -177.6533    63.9450   -27.6501
   38  938  1023  -177.6550    63.9446   -27.6495
   39  937  1023  -177.6560    63.9435   -27.6492
   40  936  1023  -177.6564    63.9438   -27.6493
   41  935  1023  -177.6573    63.9429   -27.6490
   42  934  1024  -177.6573    63.9443   -27.6489
   43  935  1024  -177.6563    63.9454   -27.6492
   44  933  1025  -177.6580    63.9439   -27.6483
   45  934  1025  -177.6572    63.9444   -27.6485
   46  933  1026  -177.6582    63.9435   -27.6477
   47  931  1027  -177.6578    63.9469   -27.6482
   48  930  1027  -177.6580    63.9477   -27.6484
   49  932  1027  -177.6581    63.9450   -27.6476
   50  930  1028  -177.6571    63.9500   -27.6485
   51  929  1028  -177.6575    63.9501   -27.6486
   52  928  1028  -177.6577    63.9508   -27.6488
   53  927  1028  -177.6583    63.9506   -27.6487
   54  926  1028  -177.6588    63.9506   -27.6487
   55  925  1028  -177.6597    63.9498   -27.6485
   56  924  1028  -177.6602    63.9497   -27.6484
   57  923  1029  -177.6606    63.9501   -27.6481
   58  922  1029  -177.6613    63.9497   -27.6479
   59  921  1029  -177.6613    63.9509   -27.6483
   60  920  1029  -177.6614    63.9518   -27.6485
   61  924  1029  -177.6596    63.9512   -27.6484
   62  919  1030  -177.6618    63.9522   -27.6482
   63  917  1031  -177.6610    63.9566   -27.6489
   64  916  1031  -177.6613    63.9570   -27.6490
   65  915  1031  -177.6626    63.9552   -27.6485
   66  918  1031  -177.6616    63.9538   -27.6481
   67  914  1032  -177.6630    63.9555   -27.6481
   68  913  1032  -177.6636    63.9553   -27.6480
   69  912  1032  -177.6645    63.9544   -27.6478
   70  901  1032  -177.6683    63.9585   -27.6489
   71  902  1032  -177.6684    63.9571   -27.6485
   72  903  1032  -177.6683    63.9562   -27.6483
   73  900  1032  -177.6681    63.9602   -27.6493
   74  904  1032  -177.6685    63.9546   -27.6478
   75  907  1032  -177.6671    63.9541   -27.6477
   76  906  1032  -177.6677    63.9540   -27.6477
   77  905  1032  -177.6683    63.9537   -27.6476
   78  909  1033  -177.6669    63.9525   -27.6468
   79  910  1033  -177.6661    63.9532   -27.6470
   80  911  1033  -177.6651    63.9542   -27.6473
   81  908  1033  -177.6679    63.9512   -27.6465
   82  907  1033  -177.6674    63.9537   -27.6471

    1  830  1098  -177.6739    64.0363   -27.6384
    2  829  1099  -177.6746    64.0360   -27.6378
    3  828  1099  -177.6748    64.0367   -27.6380
    4  827  1099  -177.6764    64.0343   -27.6374
    5  826  1099  -177.6765    64.0351   -27.6376
    6  825  1099  -177.6770    64.0350   -27.6376
    7  824  1099  -177.6776    64.0349   -27.6375
    8  830  1099  -177.6739    64.0366   -27.6380
    9  824  1100  -177.6772    64.0359   -27.6373
   10  823  1100  -177.6766    64.0384   -27.6380
   11  821  1100  -177.6789    64.0355   -27.6372
   12  820  1100  -177.6796    64.0352   -27.6371
   13  819  1100  -177.6793    64.0369   -27.6376
   14  817  1101  -177.6794    64.0391   -27.6377
   15  816  1101  -177.6801    64.0387   -27.6376
   16  818  1101  -177.6797    64.0372   -27.6372
   17  814  1102  -177.6795    64.0424   -27.6381
   18  813  1102  -177.6799    64.0427   -27.6382
   19  815  1102  -177.6798    64.0406   -27.6376
   20  812  1103  -177.6816    64.0401   -27.6370
   21  813  1103  -177.6798    64.0431   -27.6378
   22  808  1103  -177.6794    64.0496   -27.6397
   23  807  1103  -177.6805    64.0482   -27.6393
   24  811  1103  -177.6814    64.0417   -27.6374
   25  809  1103  -177.6800    64.0472   -27.6390
   26  806  1104  -177.6797    64.0513   -27.6397
   27  805  1104  -177.6803    64.0512   -27.6396
   28  804  1104  -177.6813    64.0499   -27.6393
   29  807  1104  -177.6797    64.0501   -27.6393
   30  804  1105  -177.6813    64.0500   -27.6388
   31  803  1105  -177.6804    64.0533   -27.6398
   32  802  1105  -177.6810    64.0529   -27.6397
   33  801  1105  -177.6818    64.0522   -27.6395
   34  800  1105  -177.6816    64.0539   -27.6399
   35  799  1105  -177.6818    64.0546   -27.6402
   36  798  1105  -177.6822    64.0549   -27.6402
   37  797  1106  -177.6811    64.0586   -27.6408
   38  796  1106  -177.6811    64.0596   -27.6411
   39  795  1106  -177.6814    64.0601   -27.6412
   40  794  1106  -177.6806    64.0631   -27.6420
   41  798  1106  -177.6816    64.0564   -27.6402

    1  325  647  -178.0491    63.7367   -27.7875
    2  323  647  -178.0492    63.7386   -27.7880
    3  322  647  -178.0517    63.7347   -27.7871
    4  321  647  -178.0524    63.7343   -27.7870
    5  320  647  -178.0526    63.7351   -27.7872
    6  326  647  -178.0484    63.7368   -27.7876
    7  318  648  -178.0546    63.7332   -27.7863
    8  295  648  -178.0633    63.7410   -27.7884
    9  294  648  -178.0650    63.7387   -27.7878
   10  315  649  -178.0534    63.7391   -27.7872
   11  314  649  -178.0535    63.7401   -27.7875
   12  313  649  -178.0555    63.7371   -27.7868
   13  311  649  -178.0559    63.7385   -27.7871
   14  310  649  -178.0564    63.7387   -27.7871
   15  309  649  -178.0568    63.7389   -27.7872
   16  308  649  -178.0573    63.7389   -27.7872
   17  316  649  -178.0530    63.7389   -27.7872
   18  296  649  -178.0634    63.7398   -27.7876
   19  295  649  -178.0641    63.7394   -27.7875
   20  317  649  -178.0526    63.7385   -27.7871
   21  307  650  -178.0547    63.7455   -27.7883
   22  304  650  -178.0567    63.7449   -27.7882
   23  305  650  -178.0569    63.7432   -27.7878
   24  306  650  -178.0558    63.7445   -27.7881
   25  303  650  -178.0593    63.7406   -27.7872
   26  296  650  -178.0636    63.7396   -27.7870
   27  297  650  -178.0629    63.7399   -27.7871
   28  298  651  -178.0615    63.7418   -27.7870
   29  299  651  -178.0606    63.7424   -27.7871
   30  300  651  -178.0587    63.7453   -27.7878
   31  301  651  -178.0600    63.7415   -27.7869
   32  302  651  -178.0580    63.7446   -27.7876
   33  297  651  -178.0625    63.7407   -27.7868

    1  331  652  -178.0422    63.7448   -27.7868
    2  332  652  -178.0418    63.7445   -27.7868
    3  328  653  -178.0440    63.7447   -27.7863
    4  329  653  -178.0430    63.7455   -27.7865
    5  326  654  -178.0445    63.7459   -27.7861
    6  325  654  -178.0450    63.7460   -27.7862
    7  323  654  -178.0460    63.7462   -27.7862
    8  322  654  -178.0464    63.7464   -27.7863
    9  321  654  -178.0481    63.7440   -27.7858
   10  320  655  -178.0476    63.7463   -27.7858
   11  319  655  -178.0471    63.7485   -27.7864
   12  317  655  -178.0490    63.7469   -27.7860
   13  316  655  -178.0498    63.7464   -27.7859
   14  315  655  -178.0509    63.7453   -27.7856
   15  313  655  -178.0519    63.7453   -27.7856
   16  312  655  -178.0553    63.7395   -27.7842
   17  311  655  -178.0532    63.7449   -27.7855
   18  309  656  -178.0524    63.7490   -27.7860
   19  308  656  -178.0528    63.7493   -27.7861
   20  306  656  -178.0539    63.7492   -27.7861
   21  310  656  -178.0533    63.7459   -27.7853
   22  304  657  -178.0536    63.7523   -27.7864
   23  305  657  -178.0531    63.7522   -27.7863

    1  436  583  -178.0285    63.6443   -27.7975
    2  436  584  -178.0279    63.6456   -27.7973
    3  436  585  -178.0281    63.6453   -27.7967
    4  435  586  -178.0282    63.6465   -27.7965
    5  436  586  -178.0278    63.6462   -27.7964
    6  434  587  -178.0287    63.6467   -27.7960
    7  433  587  -178.0285    63.6482   -27.7964
    8  432  587  -178.0292    63.6480   -27.7964
    9  431  587  -178.0295    63.6485   -27.7965
   10  427  587  -178.0310    63.6499   -27.7969
   11  428  587  -178.0305    63.6499   -27.7968
   12  429  587  -178.0304    63.6489   -27.7966
   13  430  587  -178.0297    63.6492   -27.7967
   14  425  588  -178.0323    63.6497   -27.7963
   15  424  588  -178.0329    63.6496   -27.7963
   16  426  588  -178.0316    63.6500   -27.7964
   17  423  589  -178.0336    63.6495   -27.7958
   18  421  590  -178.0336    63.6519   -27.7958
   19  420  590  -178.0345    63.6510   -27.7956
   20  419  591  -178.0343    63.6528   -27.7956
   21  416  592  -178.0360    63.6527   -27.7950
   22  417  592  -178.0353    63.6530   -27.7951

    1  1116  395  -177.8552    63.1524   -27.7780
    2  1115  396  -177.8546    63.1555   -27.7781
    3  1114  396  -177.8561    63.1530   -27.7776
    4  1116  396  -177.8545    63.1542   -27.7778
    5  1113  397  -177.8572    63.1519   -27.7768
    6  1112  398  -177.8573    63.1532   -27.7766
    7  1111  398  -177.8576    63.1537   -27.7767
    8  1109  400  -177.8582    63.1554   -27.7760
    9  1108  400  -177.8595    63.1535   -27.7756
   10  1107  400  -177.8601    63.1536   -27.7756
   11  1106  400  -177.8602    63.1545   -27.7758
   12  1110  400  -177.8577    63.1552   -27.7759
   13  1105  401  -177.8602    63.1563   -27.7757
   14  1104  401  -177.8613    63.1549   -27.7754
   15  1101  402  -177.8615    63.1587   -27.7757
   16  1103  402  -177.8606    63.1581   -27.7756
   17  1100  403  -177.8610    63.1613   -27.7758
   18  1099  403  -177.8614    63.1618   -27.7759
   19  1098  403  -177.8618    63.1621   -27.7760
   20  1097  403  -177.8623    63.1624   -27.7761
   21  1096  403  -177.8625    63.1632   -27.7763
   22  1095  403  -177.8633    63.1625   -27.7761
   23  1094  403  -177.8630    63.1647   -27.7766
   24  1093  403  -177.8635    63.1647   -27.7766
   25  1092  403  -177.8637    63.1657   -27.7769
   26  1091  403  -177.8651    63.1637   -27.7765
   27  1090  403  -177.8651    63.1651   -27.7767

    1  1131  404  -177.8480    63.1506   -27.7725
    2  1131  405  -177.8483    63.1500   -27.7718
    3  1130  405  -177.8488    63.1503   -27.7718
    4  1129  405  -177.8492    63.1508   -27.7719
    5  1128  405  -177.8496    63.1511   -27.7720
    6  1127  405  -177.8503    63.1508   -27.7720
    7  1125  405  -177.8506    63.1528   -27.7725
    8  1123  406  -177.8508    63.1551   -27.7725
    9  1124  406  -177.8506    63.1543   -27.7723
   10  1122  407  -177.8510    63.1562   -27.7722
   11  1121  407  -177.8515    63.1563   -27.7722
   12  1120  407  -177.8522    63.1559   -27.7722
   13  1119  407  -177.8523    63.1571   -27.7724
   14  1118  407  -177.8517    63.1599   -27.7731
   15  1116  408  -177.8522    63.1617   -27.7730
   16  1115  408  -177.8521    63.1632   -27.7733
   17  1114  408  -177.8527    63.1632   -27.7733
   18  1117  408  -177.8523    63.1599   -27.7726
   19  1113  409  -177.8533    63.1632   -27.7728
   20  1112  410  -177.8528    63.1660   -27.7729
   21  1111  411  -177.8527    63.1677   -27.7727
   22  1112  411  -177.8523    63.1673   -27.7727
   23  1111  412  -177.8520    63.1696   -27.7726
   24  1109  413  -177.8525    63.1712   -27.7725
   25  1107  414  -177.8514    63.1768   -27.7732
   26  1106  414  -177.8507    63.1799   -27.7738
   27  1105  414  -177.8528    63.1762   -27.7730
   28  1108  414  -177.8515    63.1753   -27.7728

    1  540  548  -178.0125    63.5513   -27.7931
    2  537  549  -178.0136    63.5525   -27.7929
    3  536  549  -178.0140    63.5529   -27.7930
    4  538  549  -178.0133    63.5521   -27.7928
    5  532  550  -178.0148    63.5562   -27.7933
    6  531  550  -178.0155    63.5558   -27.7932
    7  534  550  -178.0145    63.5545   -27.7928
    8  530  551  -178.0157    63.5567   -27.7929
    9  529  551  -178.0158    63.5577   -27.7931
   10  527  552  -178.0164    63.5589   -27.7929
   11  526  552  -178.0171    63.5586   -27.7928
   12  528  552  -178.0156    63.5595   -27.7930
   13  524  553  -178.0179    63.5594   -27.7925
   14  523  553  -178.0179    63.5605   -27.7928
   15  522  553  -178.0184    63.5607   -27.7928
   16  525  553  -178.0165    63.5611   -27.7929
   17  521  554  -178.0177    63.5634   -27.7930
   18  518  554  -178.0187    63.5649   -27.7933
   19  519  554  -178.0175    63.5663   -27.7937
   20  520  554  -178.0174    63.5652   -27.7934
   21  516  555  -178.0198    63.5650   -27.7929
   22  517  555  -178.0177    63.5683   -27.7936
   23  515  556  -178.0186    63.5689   -27.7933
   24  514  556  -178.0200    63.5671   -27.7929
   25  516  556  -178.0183    63.5685   -27.7932
   26  512  557  -178.0219    63.5655   -27.7920
   27  513  557  -178.0202    63.5679   -27.7926
   28  510  558  -178.0238    63.5640   -27.7911
   29  509  558  -178.0236    63.5656   -27.7915
   30  506  559  -178.0257    63.5648   -27.7909
   31  504  559  -178.0264    63.5657   -27.7911
   32  508  559  -178.0251    63.5636   -27.7906
   33  502  560  -178.0268    63.5673   -27.7910
   34  501  561  -178.0277    63.5668   -27.7903
   35  499  562  -178.0326    63.5587   -27.7880
   36  498  562  -178.0316    63.5621   -27.7888
   37  500  562  -178.0298    63.5634   -27.7890

    1  834  1011  -177.7042    63.9516   -27.6575
    2  835  1012  -177.7033    63.9525   -27.6572
    3  836  1012  -177.7026    63.9530   -27.6574
    4  834  1012  -177.7034    63.9535   -27.6575
    5  837  1013  -177.7019    63.9534   -27.6570
    6  838  1013  -177.7010    63.9545   -27.6572
    7  839  1013  -177.7011    63.9529   -27.6568
    8  836  1013  -177.7020    63.9544   -27.6572
    9  839  1014  -177.7012    63.9529   -27.6563
   10  840  1014  -177.7003    63.9538   -27.6566
   11  841  1014  -177.6997    63.9541   -27.6566
   12  842  1014  -177.6997    63.9528   -27.6563
   13  844  1014  -177.6989    63.9523   -27.6561
   14  845  1014  -177.6983    63.9527   -27.6562
   15  846  1014  -177.6978    63.9525   -27.6562
   16  847  1014  -177.6977    63.9517   -27.6560
   17  855  1014  -177.6934    63.9522   -27.6561
   18  854  1014  -177.6938    63.9524   -27.6562
   19  853  1014  -177.6952    63.9504   -27.6556
   20  852  1014  -177.6955    63.9507   -27.6557
   21  856  1014  -177.6932    63.9513   -27.6559
   22  849  1015  -177.6967    63.9517   -27.6555
   23  848  1015  -177.6970    63.9523   -27.6556
   24  847  1015  -177.6972    63.9529   -27.6558
   25  850  1015  -177.6958    63.9527   -27.6557
   26  851  1015  -177.6954    63.9523   -27.6556

    1  373  632  -178.0311    63.7178   -27.7903
    2  373  633  -178.0303    63.7196   -27.7902
    3  372  633  -178.0316    63.7179   -27.7898
    4  371  633  -178.0323    63.7176   -27.7897
    5  370  633  -178.0334    63.7164   -27.7895
    6  369  633  -178.0330    63.7185   -27.7900
    7  368  633  -178.0340    63.7176   -27.7898
    8  367  633  -178.0344    63.7178   -27.7898
    9  366  633  -178.0345    63.7187   -27.7901
   10  365  634  -178.0352    63.7185   -27.7895
   11  364  634  -178.0351    63.7199   -27.7899
   12  362  635  -178.0367    63.7190   -27.7891
   13  363  635  -178.0361    63.7191   -27.7892
   14  361  636  -178.0369    63.7198   -27.7888
   15  362  636  -178.0366    63.7194   -27.7887
   16  360  637  -178.0370    63.7210   -27.7886
   17  361  637  -178.0364    63.7210   -27.7886
   18  360  638  -178.0367    63.7216   -27.7882
   19  359  639  -178.0373    63.7217   -27.7878
   20  358  639  -178.0378    63.7217   -27.7878
   21  357  639  -178.0382    63.7221   -27.7879
   22  356  639  -178.0386    63.7224   -27.7880
   23  355  640  -178.0379    63.7250   -27.7881
   24  354  640  -178.0383    63.7254   -27.7882
   25  356  640  -178.0378    63.7241   -27.7878
   26  354  641  -178.0387    63.7247   -27.7875
   27  353  641  -178.0383    63.7267   -27.7880
   28  352  641  -178.0384    63.7275   -27.7882
   29  351  642  -178.0382    63.7292   -27.7881
   30  352  642  -178.0381    63.7283   -27.7879
   31  349  643  -178.0389    63.7301   -27.7878
   32  350  643  -178.0386    63.7297   -27.7877
   33  349  644  -178.0373    63.7336   -27.7881
   34  348  644  -178.0382    63.7330   -27.7880
   35  347  644  -178.0380    63.7344   -27.7884
   36  346  644  -178.0398    63.7318   -27.7877
   37  345  644  -178.0390    63.7345   -27.7884
   38  344  645  -178.0407    63.7324   -27.7874
   39  343  645  -178.0408    63.7333   -27.7876
   40  342  645  -178.0392    63.7377   -27.7887
   41  341  645  -178.0405    63.7362   -27.7883
   42  345  645  -178.0396    63.7336   -27.7877
   43  340  646  -178.0409    63.7366   -27.7879
   44  341  646  -178.0405    63.7363   -27.7878

    1  389  546  -178.0497    63.6488   -27.8180
    2  390  546  -178.0491    63.6488   -27.8180
    3  388  547  -178.0504    63.6487   -27.8175
    4  387  547  -178.0508    63.6489   -27.8176
    5  389  547  -178.0500    63.6482   -27.8174
    6  387  548  -178.0509    63.6488   -27.8171
    7  386  548  -178.0517    63.6484   -27.8170
    8  385  548  -178.0517    63.6495   -27.8172
    9  384  548  -178.0520    63.6498   -27.8173
   10  383  548  -178.0526    63.6497   -27.8173
   11  382  549  -178.0524    63.6516   -27.8172
   12  381  549  -178.0528    63.6518   -27.8173
   13  380  549  -178.0528    63.6531   -27.8176
   14  383  549  -178.0524    63.6504   -27.8170
   15  380  550  -178.0531    63.6525   -27.8169
   16  379  550  -178.0534    63.6531   -27.8171
   17  377  551  -178.0535    63.6552   -27.8171
   18  376  551  -178.0540    63.6554   -27.8171
   19  375  551  -178.0540    63.6564   -27.8173
   20  374  551  -178.0541    63.6575   -27.8176
   21  373  551  -178.0543    63.6582   -27.8178
   22  372  551  -178.0545    63.6589   -27.8180
   23  378  551  -178.0530    63.6551   -27.8170
   24  372  552  -178.0538    63.6604   -27.8178
   25  371  552  -178.0542    63.6608   -27.8179
   26  369  553  -178.0547    63.6621   -27.8177
   27  370  553  -178.0540    63.6625   -27.8178
   28  368  554  -178.0546    63.6636   -27.8176
   29  367  554  -178.0542    63.6657   -27.8181
   30  369  554  -178.0546    63.6626   -27.8173
   31  365  555  -178.0554    63.6656   -27.8176
   32  366  555  -178.0548    63.6656   -27.8175
   33  363  556  -178.0544    63.6701   -27.8181
   34  362  556  -178.0545    63.6711   -27.8184
   35  361  556  -178.0559    63.6693   -27.8179
   36  360  556  -178.0549    63.6724   -27.8187
   37  358  556  -178.0573    63.6698   -27.8181
   38  364  556  -178.0551    63.6674   -27.8175
   39  358  557  -178.0568    63.6709   -27.8178
   40  357  557  -178.0576    63.6705   -27.8177
   41  356  557  -178.0585    63.6695   -27.8175
   42  355  557  -178.0589    63.6700   -27.8177
   43  354  558  -178.0592    63.6706   -27.8173
   44  353  558  -178.0603    63.6694   -27.8170
   45  352  558  -178.0609    63.6693   -27.8170
   46  351  558  -178.0616    63.6691   -27.8170
   47  355  558  -178.0587    63.6705   -27.8172
   48  351  559  -178.0611    63.6703   -27.8167
   49  350  559  -178.0615    63.6706   -27.8168
   50  349  559  -178.0618    63.6711   -27.8169
   51  348  559  -178.0621    63.6715   -27.8170
   52  347  560  -178.0625    63.6719   -27.8166
   53  348  560  -178.0618    63.6723   -27.8167
   54  346  561  -178.0628    63.6726   -27.8163
   55  345  561  -178.0634    63.6725   -27.8163
   56  347  561  -178.0619    63.6733   -27.8164
   57  345  562  -178.0633    63.6729   -27.8158
   58  344  562  -178.0636    63.6735   -27.8160
   59  344  563  -178.0628    63.6752   -27.8159
   60  342  564  -178.0632    63.6767   -27.8158
   61  343  564  -178.0633    63.6754   -27.8154
   62  342  565  -178.0638    63.6756   -27.8150

    1  704  615  -177.9273    63.5497   -27.7563
    2  703  615  -177.9274    63.5507   -27.7566
    3  705  615  -177.9265    63.5502   -27.7565
    4  700  616  -177.9286    63.5517   -27.7563
    5  702  616  -177.9274    63.5520   -27.7564
    6  700  617  -177.9282    63.5528   -27.7561
    7  699  617  -177.9295    63.5512   -27.7557
    8  698  617  -177.9292    63.5531   -27.7561
    9  696  618  -177.9292    63.5557   -27.7562
   10  694  618  -177.9293    63.5579   -27.7568
   11  697  618  -177.9294    63.5540   -27.7558
   12  691  619  -177.9312    63.5575   -27.7562
   13  690  619  -177.9315    63.5579   -27.7563
   14  689  619  -177.9317    63.5587   -27.7565
   15  692  619  -177.9301    63.5587   -27.7565
   16  687  620  -177.9304    63.5642   -27.7573
   17  686  620  -177.9305    63.5652   -27.7575
   18  685  620  -177.9309    63.5656   -27.7576
   19  682  621  -177.9326    63.5655   -27.7571
   20  683  621  -177.9316    63.5666   -27.7574
   21  680  622  -177.9328    63.5676   -27.7571
   22  679  622  -177.9329    63.5686   -27.7573
   23  681  622  -177.9323    63.5676   -27.7571
   24  677  623  -177.9342    63.5683   -27.7568
   25  676  623  -177.9347    63.5684   -27.7568
   26  678  623  -177.9334    63.5688   -27.7569
   27  675  624  -177.9346    63.5700   -27.7567
   28  674  624  -177.9346    63.5713   -27.7570
   29  673  624  -177.9347    63.5722   -27.7572
   30  672  624  -177.9352    63.5723   -27.7572
   31  671  624  -177.9355    63.5728   -27.7574
   32  670  625  -177.9360    63.5731   -27.7569
   33  669  625  -177.9373    63.5716   -27.7566
   34  671  625  -177.9354    63.5732   -27.7569
   35  668  626  -177.9367    63.5742   -27.7567
   36  666  626  -177.9394    63.5706   -27.7558
   37  667  626  -177.9376    63.5734   -27.7565
   38  663  627  -177.9402    63.5725   -27.7558
   39  665  627  -177.9397    63.5712   -27.7555
   40  662  628  -177.9404    63.5736   -27.7556
   41  661  628  -177.9399    63.5757   -27.7561
   42  663  628  -177.9388    63.5759   -27.7562
   43  659  629  -177.9404    63.5773   -27.7560
   44  660  629  -177.9405    63.5759   -27.7556
   45  659  630  -177.9396    63.5792   -27.7559
   46  658  630  -177.9397    63.5800   -27.7561
   47  657  630  -177.9397    63.5814   -27.7564
   48  656  631  -177.9400    63.5820   -27.7561
   49  655  631  -177.9406    63.5820   -27.7561
   50  654  631  -177.9413    63.5816   -27.7560
   51  657  631  -177.9395    63.5820   -27.7561
   52  654  632  -177.9409    63.5825   -27.7557
   53  653  632  -177.9409    63.5839   -27.7560
   54  652  632  -177.9415    63.5837   -27.7560
   55  651  632  -177.9411    63.5858   -27.7565
   56  650  632  -177.9409    63.5874   -27.7569
   57  649  632  -177.9416    63.5872   -27.7569
   58  648  633  -177.9409    63.5900   -27.7570
   59  647  633  -177.9403    63.5925   -27.7576
   60  649  633  -177.9408    63.5889   -27.7568
   61  646  634  -177.9412    63.5918   -27.7570
   62  645  634  -177.9393    63.5972   -27.7583
   63  647  634  -177.9406    63.5919   -27.7570
   64  645  635  -177.9395    63.5970   -27.7577
   65  644  635  -177.9398    63.5974   -27.7578
   66  643  635  -177.9395    63.5994   -27.7583
   67  640  636  -177.9408    63.6002   -27.7580
   68  641  636  -177.9406    63.5993   -27.7578
   69  639  637  -177.9422    63.5986   -27.7571
   70  637  638  -177.9421    63.6012   -27.7572
   71  636  638  -177.9411    63.6045   -27.7580
   72  638  638  -177.9414    63.6017   -27.7573
