; ENVI Output of ROIs (5.4) [Mon Aug 05 13:31:48 2019]
; Number of ROIs: 12
; File Dimension: 1328 x 1184
;
; ROI name: Region #1
; ROI rgb value: {255, 0, 0}
; ROI npts: 82
;
; ROI name: Region #2
; ROI rgb value: {0, 255, 0}
; ROI npts: 41
;
; ROI name: Region #3
; ROI rgb value: {0, 0, 255}
; ROI npts: 33
;
; ROI name: Region #4
; ROI rgb value: {255, 255, 0}
; ROI npts: 23
;
; ROI name: Region #5
; ROI rgb value: {0, 255, 255}
; ROI npts: 22
;
; ROI name: Region #6
; ROI rgb value: {255, 0, 255}
; ROI npts: 27
;
; ROI name: Region #7
; ROI rgb value: {176, 48, 96}
; ROI npts: 28
;
; ROI name: Region #8
; ROI rgb value: {46, 139, 87}
; ROI npts: 37
;
; ROI name: Region #9
; ROI rgb value: {160, 32, 240}
; ROI npts: 26
;
; ROI name: Region #10
; ROI rgb value: {255, 127, 80}
; ROI npts: 44
;
; ROI name: Region #11
; ROI rgb value: {127, 255, 212}
; ROI npts: 62
;
; ROI name: Region #12
; ROI rgb value: {218, 112, 214}
; ROI npts: 72
;  ID    X     Y      B1      B2      B3
    1  970  1014  0.0074  0.0176  0.0050
    2  971  1014  0.0074  0.0176  0.0050
    3  969  1015  0.0074  0.0175  0.0050
    4  968  1015  0.0074  0.0175  0.0050
    5  967  1015  0.0074  0.0175  0.0050
    6  970  1015  0.0074  0.0175  0.0050
    7  966  1016  0.0074  0.0175  0.0050
    8  965  1016  0.0074  0.0175  0.0050
    9  964  1016  0.0074  0.0175  0.0050
   10  963  1016  0.0074  0.0175  0.0050
   11  961  1016  0.0074  0.0175  0.0050
   12  959  1017  0.0074  0.0175  0.0050
   13  960  1017  0.0074  0.0175  0.0050
   14  959  1018  0.0074  0.0175  0.0050
   15  958  1018  0.0074  0.0175  0.0050
   16  957  1018  0.0074  0.0175  0.0050
   17  956  1018  0.0074  0.0175  0.0050
   18  955  1018  0.0074  0.0175  0.0050
   19  954  1018  0.0074  0.0175  0.0050
   20  953  1018  0.0074  0.0175  0.0050
   21  952  1018  0.0074  0.0175  0.0050
   22  951  1018  0.0074  0.0175  0.0050
   23  950  1019  0.0074  0.0175  0.0050
   24  949  1019  0.0074  0.0175  0.0050
   25  948  1019  0.0074  0.0174  0.0050
   26  951  1019  0.0074  0.0175  0.0050
   27  947  1020  0.0074  0.0174  0.0050
   28  946  1020  0.0074  0.0175  0.0050
   29  945  1020  0.0074  0.0174  0.0050
   30  944  1020  0.0074  0.0174  0.0050
   31  943  1020  0.0074  0.0174  0.0050
   32  941  1021  0.0074  0.0174  0.0050
   33  942  1021  0.0074  0.0174  0.0050
   34  940  1022  0.0074  0.0174  0.0050
   35  939  1022  0.0074  0.0174  0.0050
   36  938  1022  0.0074  0.0174  0.0050
   37  941  1022  0.0074  0.0174  0.0050
   38  938  1023  0.0074  0.0174  0.0050
   39  937  1023  0.0074  0.0174  0.0050
   40  936  1023  0.0074  0.0174  0.0050
   41  935  1023  0.0074  0.0174  0.0050
   42  934  1024  0.0074  0.0174  0.0050
   43  935  1024  0.0074  0.0174  0.0050
   44  933  1025  0.0074  0.0174  0.0050
   45  934  1025  0.0074  0.0174  0.0050
   46  933  1026  0.0074  0.0174  0.0050
   47  931  1027  0.0074  0.0174  0.0050
   48  930  1027  0.0074  0.0174  0.0050
   49  932  1027  0.0074  0.0174  0.0050
   50  930  1028  0.0074  0.0174  0.0050
   51  929  1028  0.0074  0.0174  0.0050
   52  928  1028  0.0074  0.0174  0.0050
   53  927  1028  0.0074  0.0174  0.0050
   54  926  1028  0.0074  0.0174  0.0050
   55  925  1028  0.0074  0.0174  0.0050
   56  924  1028  0.0074  0.0174  0.0050
   57  923  1029  0.0074  0.0174  0.0050
   58  922  1029  0.0074  0.0174  0.0050
   59  921  1029  0.0074  0.0174  0.0050
   60  920  1029  0.0074  0.0174  0.0050
   61  924  1029  0.0074  0.0174  0.0050
   62  919  1030  0.0074  0.0174  0.0050
   63  917  1031  0.0074  0.0174  0.0050
   64  916  1031  0.0074  0.0174  0.0050
   65  915  1031  0.0074  0.0174  0.0050
   66  918  1031  0.0074  0.0174  0.0050
   67  914  1032  0.0074  0.0174  0.0050
   68  913  1032  0.0074  0.0174  0.0050
   69  912  1032  0.0074  0.0174  0.0050
   70  901  1032  0.0074  0.0174  0.0050
   71  902  1032  0.0074  0.0174  0.0050
   72  903  1032  0.0074  0.0174  0.0050
   73  900  1032  0.0074  0.0173  0.0050
   74  904  1032  0.0074  0.0174  0.0050
   75  907  1032  0.0074  0.0174  0.0050
   76  906  1032  0.0074  0.0174  0.0050
   77  905  1032  0.0074  0.0174  0.0050
   78  909  1033  0.0074  0.0174  0.0050
   79  910  1033  0.0074  0.0174  0.0050
   80  911  1033  0.0074  0.0174  0.0050
   81  908  1033  0.0074  0.0174  0.0050
   82  907  1033  0.0074  0.0174  0.0050

    1  830  1098  0.0074  0.0169  0.0049
    2  829  1099  0.0074  0.0169  0.0049
    3  828  1099  0.0073  0.0169  0.0049
    4  827  1099  0.0074  0.0169  0.0049
    5  826  1099  0.0074  0.0169  0.0049
    6  825  1099  0.0074  0.0169  0.0049
    7  824  1099  0.0074  0.0169  0.0049
    8  830  1099  0.0073  0.0169  0.0049
    9  824  1100  0.0074  0.0169  0.0049
   10  823  1100  0.0074  0.0169  0.0049
   11  821  1100  0.0074  0.0169  0.0049
   12  820  1100  0.0074  0.0169  0.0049
   13  819  1100  0.0074  0.0169  0.0049
   14  817  1101  0.0074  0.0169  0.0049
   15  816  1101  0.0074  0.0169  0.0049
   16  818  1101  0.0074  0.0169  0.0049
   17  814  1102  0.0074  0.0169  0.0049
   18  813  1102  0.0074  0.0169  0.0049
   19  815  1102  0.0074  0.0169  0.0049
   20  812  1103  0.0074  0.0169  0.0049
   21  813  1103  0.0074  0.0169  0.0049
   22  808  1103  0.0074  0.0168  0.0049
   23  807  1103  0.0074  0.0168  0.0049
   24  811  1103  0.0074  0.0169  0.0049
   25  809  1103  0.0074  0.0168  0.0049
   26  806  1104  0.0073  0.0168  0.0049
   27  805  1104  0.0073  0.0168  0.0049
   28  804  1104  0.0074  0.0168  0.0049
   29  807  1104  0.0074  0.0168  0.0049
   30  804  1105  0.0074  0.0168  0.0049
   31  803  1105  0.0073  0.0168  0.0049
   32  802  1105  0.0074  0.0168  0.0049
   33  801  1105  0.0074  0.0168  0.0049
   34  800  1105  0.0074  0.0168  0.0049
   35  799  1105  0.0074  0.0168  0.0049
   36  798  1105  0.0073  0.0168  0.0049
   37  797  1106  0.0073  0.0167  0.0049
   38  796  1106  0.0073  0.0167  0.0049
   39  795  1106  0.0073  0.0167  0.0049
   40  794  1106  0.0073  0.0167  0.0049
   41  798  1106  0.0073  0.0168  0.0049

    1  325  647  0.0089  0.0187  0.0046
    2  323  647  0.0089  0.0187  0.0046
    3  322  647  0.0089  0.0187  0.0047
    4  321  647  0.0089  0.0187  0.0047
    5  320  647  0.0089  0.0187  0.0047
    6  326  647  0.0089  0.0187  0.0046
    7  318  648  0.0089  0.0187  0.0047
    8  295  648  0.0090  0.0186  0.0046
    9  294  648  0.0090  0.0187  0.0046
   10  315  649  0.0089  0.0187  0.0046
   11  314  649  0.0089  0.0186  0.0046
   12  313  649  0.0089  0.0187  0.0047
   13  311  649  0.0089  0.0187  0.0047
   14  310  649  0.0089  0.0187  0.0046
   15  309  649  0.0089  0.0187  0.0046
   16  308  649  0.0089  0.0187  0.0046
   17  316  649  0.0089  0.0187  0.0047
   18  296  649  0.0089  0.0186  0.0046
   19  295  649  0.0089  0.0186  0.0047
   20  317  649  0.0089  0.0187  0.0047
   21  307  650  0.0089  0.0186  0.0046
   22  304  650  0.0089  0.0186  0.0046
   23  305  650  0.0089  0.0186  0.0046
   24  306  650  0.0089  0.0186  0.0046
   25  303  650  0.0089  0.0186  0.0046
   26  296  650  0.0089  0.0186  0.0047
   27  297  650  0.0089  0.0186  0.0047
   28  298  651  0.0089  0.0186  0.0046
   29  299  651  0.0089  0.0186  0.0046
   30  300  651  0.0089  0.0186  0.0046
   31  301  651  0.0089  0.0186  0.0046
   32  302  651  0.0089  0.0186  0.0046
   33  297  651  0.0089  0.0186  0.0047

    1  331  652  0.0089  0.0186  0.0046
    2  332  652  0.0089  0.0186  0.0046
    3  328  653  0.0089  0.0186  0.0046
    4  329  653  0.0089  0.0186  0.0046
    5  326  654  0.0089  0.0186  0.0046
    6  325  654  0.0089  0.0186  0.0046
    7  323  654  0.0089  0.0186  0.0046
    8  322  654  0.0089  0.0186  0.0046
    9  321  654  0.0089  0.0186  0.0047
   10  320  655  0.0089  0.0186  0.0046
   11  319  655  0.0089  0.0186  0.0046
   12  317  655  0.0089  0.0186  0.0046
   13  316  655  0.0089  0.0186  0.0047
   14  315  655  0.0089  0.0186  0.0047
   15  313  655  0.0089  0.0186  0.0046
   16  312  655  0.0089  0.0187  0.0047
   17  311  655  0.0089  0.0186  0.0046
   18  309  656  0.0089  0.0186  0.0046
   19  308  656  0.0089  0.0186  0.0046
   20  306  656  0.0089  0.0186  0.0046
   21  310  656  0.0089  0.0186  0.0046
   22  304  657  0.0089  0.0186  0.0046
   23  305  657  0.0089  0.0186  0.0046

    1  436  583  0.0090  0.0193  0.0047
    2  436  584  0.0090  0.0192  0.0047
    3  436  585  0.0090  0.0192  0.0047
    4  435  586  0.0090  0.0192  0.0047
    5  436  586  0.0090  0.0192  0.0047
    6  434  587  0.0090  0.0192  0.0047
    7  433  587  0.0090  0.0192  0.0047
    8  432  587  0.0090  0.0192  0.0047
    9  431  587  0.0090  0.0192  0.0047
   10  427  587  0.0090  0.0192  0.0047
   11  428  587  0.0090  0.0192  0.0047
   12  429  587  0.0090  0.0192  0.0047
   13  430  587  0.0090  0.0192  0.0047
   14  425  588  0.0090  0.0192  0.0047
   15  424  588  0.0090  0.0192  0.0047
   16  426  588  0.0090  0.0192  0.0047
   17  423  589  0.0090  0.0192  0.0047
   18  421  590  0.0090  0.0192  0.0047
   19  420  590  0.0090  0.0192  0.0047
   20  419  591  0.0090  0.0192  0.0047
   21  416  592  0.0090  0.0192  0.0047
   22  417  592  0.0090  0.0192  0.0047

    1  1116  395  0.0091  0.0225  0.0051
    2  1115  396  0.0091  0.0225  0.0051
    3  1114  396  0.0091  0.0225  0.0051
    4  1116  396  0.0091  0.0225  0.0051
    5  1113  397  0.0091  0.0226  0.0051
    6  1112  398  0.0091  0.0225  0.0051
    7  1111  398  0.0091  0.0225  0.0051
    8  1109  400  0.0091  0.0225  0.0051
    9  1108  400  0.0091  0.0225  0.0051
   10  1107  400  0.0091  0.0225  0.0051
   11  1106  400  0.0091  0.0225  0.0051
   12  1110  400  0.0091  0.0225  0.0051
   13  1105  401  0.0091  0.0225  0.0051
   14  1104  401  0.0091  0.0225  0.0051
   15  1101  402  0.0091  0.0225  0.0051
   16  1103  402  0.0091  0.0225  0.0051
   17  1100  403  0.0091  0.0225  0.0051
   18  1099  403  0.0091  0.0225  0.0051
   19  1098  403  0.0091  0.0225  0.0051
   20  1097  403  0.0091  0.0225  0.0051
   21  1096  403  0.0091  0.0225  0.0051
   22  1095  403  0.0091  0.0225  0.0051
   23  1094  403  0.0091  0.0225  0.0051
   24  1093  403  0.0091  0.0225  0.0051
   25  1092  403  0.0091  0.0225  0.0051
   26  1091  403  0.0091  0.0225  0.0051
   27  1090  403  0.0091  0.0225  0.0051

    1  1131  404  0.0091  0.0226  0.0051
    2  1131  405  0.0091  0.0226  0.0051
    3  1130  405  0.0091  0.0226  0.0051
    4  1129  405  0.0091  0.0226  0.0051
    5  1128  405  0.0091  0.0226  0.0051
    6  1127  405  0.0091  0.0226  0.0051
    7  1125  405  0.0091  0.0226  0.0051
    8  1123  406  0.0091  0.0225  0.0051
    9  1124  406  0.0091  0.0225  0.0051
   10  1122  407  0.0091  0.0225  0.0051
   11  1121  407  0.0091  0.0225  0.0051
   12  1120  407  0.0091  0.0225  0.0051
   13  1119  407  0.0091  0.0225  0.0051
   14  1118  407  0.0091  0.0225  0.0051
   15  1116  408  0.0091  0.0225  0.0051
   16  1115  408  0.0091  0.0225  0.0051
   17  1114  408  0.0091  0.0225  0.0051
   18  1117  408  0.0091  0.0225  0.0051
   19  1113  409  0.0091  0.0225  0.0051
   20  1112  410  0.0091  0.0224  0.0051
   21  1111  411  0.0091  0.0224  0.0051
   22  1112  411  0.0091  0.0224  0.0051
   23  1111  412  0.0091  0.0224  0.0051
   24  1109  413  0.0091  0.0224  0.0051
   25  1107  414  0.0091  0.0224  0.0051
   26  1106  414  0.0090  0.0224  0.0051
   27  1105  414  0.0091  0.0224  0.0051
   28  1108  414  0.0090  0.0224  0.0051

    1  540  548  0.0091  0.0199  0.0048
    2  537  549  0.0091  0.0198  0.0048
    3  536  549  0.0091  0.0198  0.0048
    4  538  549  0.0091  0.0199  0.0048
    5  532  550  0.0091  0.0198  0.0048
    6  531  550  0.0091  0.0198  0.0048
    7  534  550  0.0091  0.0198  0.0048
    8  530  551  0.0091  0.0198  0.0048
    9  529  551  0.0091  0.0198  0.0048
   10  527  552  0.0091  0.0198  0.0048
   11  526  552  0.0091  0.0198  0.0048
   12  528  552  0.0091  0.0198  0.0048
   13  524  553  0.0091  0.0198  0.0048
   14  523  553  0.0091  0.0198  0.0048
   15  522  553  0.0091  0.0198  0.0048
   16  525  553  0.0091  0.0198  0.0048
   17  521  554  0.0091  0.0198  0.0048
   18  518  554  0.0091  0.0198  0.0048
   19  519  554  0.0091  0.0197  0.0048
   20  520  554  0.0091  0.0198  0.0048
   21  516  555  0.0091  0.0198  0.0048
   22  517  555  0.0091  0.0197  0.0048
   23  515  556  0.0091  0.0197  0.0048
   24  514  556  0.0091  0.0197  0.0048
   25  516  556  0.0090  0.0197  0.0048
   26  512  557  0.0091  0.0198  0.0048
   27  513  557  0.0091  0.0197  0.0048
   28  510  558  0.0091  0.0198  0.0048
   29  509  558  0.0091  0.0198  0.0048
   30  506  559  0.0091  0.0198  0.0048
   31  504  559  0.0091  0.0197  0.0048
   32  508  559  0.0091  0.0198  0.0048
   33  502  560  0.0091  0.0197  0.0048
   34  501  561  0.0091  0.0197  0.0048
   35  499  562  0.0091  0.0198  0.0048
   36  498  562  0.0091  0.0198  0.0048
   37  500  562  0.0091  0.0198  0.0048

    1  834  1011  0.0075  0.0174  0.0049
    2  835  1012  0.0075  0.0174  0.0049
    3  836  1012  0.0075  0.0174  0.0049
    4  834  1012  0.0075  0.0174  0.0049
    5  837  1013  0.0075  0.0174  0.0049
    6  838  1013  0.0075  0.0174  0.0049
    7  839  1013  0.0075  0.0174  0.0049
    8  836  1013  0.0075  0.0174  0.0049
    9  839  1014  0.0075  0.0174  0.0049
   10  840  1014  0.0075  0.0174  0.0049
   11  841  1014  0.0075  0.0174  0.0049
   12  842  1014  0.0075  0.0174  0.0049
   13  844  1014  0.0075  0.0174  0.0049
   14  845  1014  0.0075  0.0174  0.0049
   15  846  1014  0.0075  0.0174  0.0049
   16  847  1014  0.0075  0.0174  0.0049
   17  855  1014  0.0075  0.0174  0.0049
   18  854  1014  0.0075  0.0174  0.0049
   19  853  1014  0.0075  0.0174  0.0049
   20  852  1014  0.0075  0.0174  0.0049
   21  856  1014  0.0075  0.0174  0.0049
   22  849  1015  0.0075  0.0174  0.0049
   23  848  1015  0.0075  0.0174  0.0049
   24  847  1015  0.0075  0.0174  0.0049
   25  850  1015  0.0075  0.0174  0.0049
   26  851  1015  0.0075  0.0174  0.0049

    1  373  632  0.0089  0.0188  0.0047
    2  373  633  0.0089  0.0188  0.0047
    3  372  633  0.0089  0.0188  0.0047
    4  371  633  0.0089  0.0188  0.0047
    5  370  633  0.0089  0.0188  0.0047
    6  369  633  0.0089  0.0188  0.0047
    7  368  633  0.0089  0.0188  0.0047
    8  367  633  0.0089  0.0188  0.0047
    9  366  633  0.0089  0.0188  0.0047
   10  365  634  0.0089  0.0188  0.0047
   11  364  634  0.0089  0.0188  0.0047
   12  362  635  0.0089  0.0188  0.0047
   13  363  635  0.0089  0.0188  0.0047
   14  361  636  0.0089  0.0188  0.0047
   15  362  636  0.0089  0.0188  0.0047
   16  360  637  0.0089  0.0188  0.0047
   17  361  637  0.0089  0.0188  0.0047
   18  360  638  0.0089  0.0188  0.0047
   19  359  639  0.0089  0.0188  0.0047
   20  358  639  0.0089  0.0188  0.0047
   21  357  639  0.0089  0.0188  0.0047
   22  356  639  0.0089  0.0188  0.0047
   23  355  640  0.0089  0.0187  0.0047
   24  354  640  0.0089  0.0187  0.0047
   25  356  640  0.0089  0.0187  0.0047
   26  354  641  0.0089  0.0187  0.0047
   27  353  641  0.0089  0.0187  0.0047
   28  352  641  0.0089  0.0187  0.0047
   29  351  642  0.0089  0.0187  0.0047
   30  352  642  0.0089  0.0187  0.0047
   31  349  643  0.0089  0.0187  0.0047
   32  350  643  0.0089  0.0187  0.0047
   33  349  644  0.0089  0.0187  0.0047
   34  348  644  0.0089  0.0187  0.0047
   35  347  644  0.0089  0.0187  0.0047
   36  346  644  0.0089  0.0187  0.0047
   37  345  644  0.0089  0.0187  0.0046
   38  344  645  0.0089  0.0187  0.0047
   39  343  645  0.0089  0.0187  0.0047
   40  342  645  0.0089  0.0187  0.0046
   41  341  645  0.0089  0.0187  0.0046
   42  345  645  0.0089  0.0187  0.0047
   43  340  646  0.0089  0.0187  0.0046
   44  341  646  0.0089  0.0187  0.0046

    1  389  546  0.0090  0.0192  0.0046
    2  390  546  0.0090  0.0192  0.0046
    3  388  547  0.0090  0.0192  0.0046
    4  387  547  0.0090  0.0192  0.0046
    5  389  547  0.0090  0.0192  0.0046
    6  387  548  0.0090  0.0192  0.0046
    7  386  548  0.0090  0.0192  0.0046
    8  385  548  0.0090  0.0192  0.0046
    9  384  548  0.0090  0.0192  0.0046
   10  383  548  0.0090  0.0192  0.0046
   11  382  549  0.0090  0.0192  0.0046
   12  381  549  0.0090  0.0192  0.0046
   13  380  549  0.0090  0.0192  0.0046
   14  383  549  0.0090  0.0192  0.0046
   15  380  550  0.0090  0.0192  0.0046
   16  379  550  0.0090  0.0192  0.0046
   17  377  551  0.0090  0.0192  0.0046
   18  376  551  0.0090  0.0192  0.0046
   19  375  551  0.0090  0.0192  0.0046
   20  374  551  0.0090  0.0192  0.0046
   21  373  551  0.0090  0.0191  0.0046
   22  372  551  0.0090  0.0191  0.0046
   23  378  551  0.0090  0.0192  0.0046
   24  372  552  0.0090  0.0191  0.0046
   25  371  552  0.0090  0.0191  0.0046
   26  369  553  0.0090  0.0191  0.0046
   27  370  553  0.0090  0.0191  0.0046
   28  368  554  0.0090  0.0191  0.0046
   29  367  554  0.0090  0.0191  0.0046
   30  369  554  0.0090  0.0191  0.0046
   31  365  555  0.0090  0.0191  0.0046
   32  366  555  0.0090  0.0191  0.0046
   33  363  556  0.0090  0.0191  0.0046
   34  362  556  0.0090  0.0191  0.0046
   35  361  556  0.0090  0.0191  0.0046
   36  360  556  0.0090  0.0190  0.0046
   37  358  556  0.0090  0.0191  0.0046
   38  364  556  0.0090  0.0191  0.0046
   39  358  557  0.0090  0.0191  0.0046
   40  357  557  0.0090  0.0191  0.0046
   41  356  557  0.0090  0.0191  0.0046
   42  355  557  0.0090  0.0191  0.0046
   43  354  558  0.0090  0.0191  0.0046
   44  353  558  0.0090  0.0191  0.0046
   45  352  558  0.0090  0.0191  0.0046
   46  351  558  0.0090  0.0191  0.0046
   47  355  558  0.0090  0.0191  0.0046
   48  351  559  0.0090  0.0191  0.0046
   49  350  559  0.0090  0.0191  0.0046
   50  349  559  0.0090  0.0191  0.0046
   51  348  559  0.0090  0.0191  0.0046
   52  347  560  0.0090  0.0191  0.0046
   53  348  560  0.0090  0.0191  0.0046
   54  346  561  0.0090  0.0191  0.0046
   55  345  561  0.0090  0.0191  0.0046
   56  347  561  0.0090  0.0191  0.0046
   57  345  562  0.0090  0.0191  0.0046
   58  344  562  0.0090  0.0190  0.0046
   59  344  563  0.0090  0.0190  0.0046
   60  342  564  0.0090  0.0190  0.0046
   61  343  564  0.0090  0.0190  0.0046
   62  342  565  0.0090  0.0190  0.0046

    1  704  615  0.0088  0.0198  0.0049
    2  703  615  0.0088  0.0198  0.0049
    3  705  615  0.0088  0.0198  0.0049
    4  700  616  0.0088  0.0198  0.0049
    5  702  616  0.0088  0.0198  0.0049
    6  700  617  0.0088  0.0198  0.0049
    7  699  617  0.0088  0.0199  0.0049
    8  698  617  0.0088  0.0198  0.0049
    9  696  618  0.0088  0.0198  0.0049
   10  694  618  0.0088  0.0198  0.0049
   11  697  618  0.0088  0.0198  0.0049
   12  691  619  0.0088  0.0198  0.0049
   13  690  619  0.0088  0.0198  0.0049
   14  689  619  0.0088  0.0198  0.0049
   15  692  619  0.0088  0.0198  0.0049
   16  687  620  0.0088  0.0198  0.0049
   17  686  620  0.0088  0.0198  0.0049
   18  685  620  0.0088  0.0198  0.0049
   19  682  621  0.0088  0.0198  0.0049
   20  683  621  0.0088  0.0198  0.0049
   21  680  622  0.0088  0.0198  0.0049
   22  679  622  0.0088  0.0197  0.0049
   23  681  622  0.0088  0.0198  0.0049
   24  677  623  0.0088  0.0198  0.0049
   25  676  623  0.0088  0.0198  0.0049
   26  678  623  0.0088  0.0198  0.0049
   27  675  624  0.0088  0.0197  0.0049
   28  674  624  0.0088  0.0197  0.0049
   29  673  624  0.0088  0.0197  0.0049
   30  672  624  0.0088  0.0197  0.0049
   31  671  624  0.0088  0.0197  0.0049
   32  670  625  0.0088  0.0197  0.0049
   33  669  625  0.0088  0.0197  0.0049
   34  671  625  0.0088  0.0197  0.0049
   35  668  626  0.0088  0.0197  0.0049
   36  666  626  0.0088  0.0197  0.0049
   37  667  626  0.0088  0.0197  0.0049
   38  663  627  0.0088  0.0197  0.0049
   39  665  627  0.0088  0.0197  0.0049
   40  662  628  0.0088  0.0197  0.0049
   41  661  628  0.0088  0.0197  0.0049
   42  663  628  0.0088  0.0197  0.0049
   43  659  629  0.0088  0.0197  0.0049
   44  660  629  0.0088  0.0197  0.0049
   45  659  630  0.0088  0.0197  0.0049
   46  658  630  0.0088  0.0197  0.0049
   47  657  630  0.0088  0.0197  0.0049
   48  656  631  0.0088  0.0197  0.0049
   49  655  631  0.0088  0.0197  0.0049
   50  654  631  0.0088  0.0197  0.0049
   51  657  631  0.0088  0.0197  0.0049
   52  654  632  0.0088  0.0197  0.0049
   53  653  632  0.0088  0.0197  0.0049
   54  652  632  0.0088  0.0196  0.0049
   55  651  632  0.0088  0.0196  0.0049
   56  650  632  0.0088  0.0196  0.0049
   57  649  632  0.0088  0.0196  0.0049
   58  648  633  0.0088  0.0196  0.0049
   59  647  633  0.0088  0.0196  0.0049
   60  649  633  0.0088  0.0196  0.0049
   61  646  634  0.0088  0.0196  0.0049
   62  645  634  0.0087  0.0195  0.0049
   63  647  634  0.0088  0.0196  0.0049
   64  645  635  0.0087  0.0195  0.0049
   65  644  635  0.0087  0.0195  0.0049
   66  643  635  0.0087  0.0195  0.0049
   67  640  636  0.0087  0.0195  0.0049
   68  641  636  0.0088  0.0195  0.0049
   69  639  637  0.0088  0.0195  0.0049
   70  637  638  0.0088  0.0195  0.0049
   71  636  638  0.0087  0.0195  0.0048
   72  638  638  0.0087  0.0195  0.0049
