; ENVI Output of ROIs (5.4) [Sat Aug 17 17:50:03 2019]
; Number of ROIs: 4
; File Dimension: 1328 x 1184
;
; ROI name: Region #1
; ROI rgb value: {255, 0, 0}
; ROI npts: 58
;
; ROI name: Region #2
; ROI rgb value: {0, 255, 0}
; ROI npts: 93
;
; ROI name: Region #3
; ROI rgb value: {0, 0, 255}
; ROI npts: 94
;
; ROI name: Region #4
; ROI rgb value: {255, 255, 0}
; ROI npts: 76
;  ID    X    Y      B1      B2      B3
    1  820  826  0.0091  0.0272  0.0057
    2  818  827  0.0091  0.0272  0.0057
    3  819  827  0.0091  0.0272  0.0057
    4  817  828  0.0092  0.0272  0.0057
    5  816  829  0.0091  0.0272  0.0057
    6  815  829  0.0092  0.0272  0.0057
    7  814  830  0.0092  0.0272  0.0057
    8  812  831  0.0092  0.0272  0.0057
    9  813  831  0.0092  0.0272  0.0057
   10  810  832  0.0092  0.0274  0.0057
   11  811  832  0.0092  0.0273  0.0057
   12  809  833  0.0092  0.0273  0.0057
   13  808  833  0.0092  0.0273  0.0057
   14  807  833  0.0092  0.0272  0.0057
   15  805  834  0.0092  0.0272  0.0057
   16  804  834  0.0092  0.0272  0.0057
   17  803  834  0.0092  0.0273  0.0057
   18  806  834  0.0092  0.0274  0.0057
   19  802  835  0.0092  0.0272  0.0057
   20  801  835  0.0092  0.0273  0.0057
   21  800  835  0.0092  0.0272  0.0057
   22  799  835  0.0092  0.0272  0.0057
   23  797  836  0.0092  0.0272  0.0057
   24  796  836  0.0091  0.0271  0.0057
   25  795  836  0.0092  0.0271  0.0057
   26  798  836  0.0092  0.0271  0.0057
   27  794  837  0.0092  0.0271  0.0057
   28  793  837  0.0091  0.0271  0.0057
   29  791  837  0.0092  0.0272  0.0057
   30  792  837  0.0092  0.0271  0.0057
   31  789  838  0.0092  0.0272  0.0057
   32  788  838  0.0092  0.0272  0.0057
   33  790  838  0.0092  0.0272  0.0057
   34  787  839  0.0092  0.0273  0.0057
   35  786  839  0.0092  0.0273  0.0057
   36  785  839  0.0092  0.0273  0.0057
   37  784  839  0.0092  0.0273  0.0057
   38  782  840  0.0092  0.0273  0.0057
   39  781  840  0.0093  0.0273  0.0057
   40  780  840  0.0092  0.0272  0.0057
   41  779  840  0.0092  0.0273  0.0057
   42  778  840  0.0092  0.0271  0.0057
   43  783  840  0.0092  0.0273  0.0057
   44  777  841  0.0092  0.0271  0.0057
   45  776  841  0.0092  0.0271  0.0057
   46  775  841  0.0092  0.0271  0.0057
   47  774  841  0.0092  0.0272  0.0057
   48  773  841  0.0092  0.0272  0.0057
   49  772  841  0.0092  0.0272  0.0057
   50  771  841  0.0092  0.0271  0.0057
   51  770  841  0.0092  0.0271  0.0057
   52  769  841  0.0092  0.0272  0.0057
   53  768  841  0.0092  0.0271  0.0057
   54  766  842  0.0092  0.0271  0.0057
   55  765  842  0.0092  0.0272  0.0057
   56  764  842  0.0092  0.0272  0.0057
   57  763  842  0.0092  0.0272  0.0057
   58  767  842  0.0092  0.0271  0.0057

    1  919  847  0.0089  0.0272  0.0057
    2  919  848  0.0089  0.0272  0.0057
    3  918  849  0.0089  0.0272  0.0057
    4  918  850  0.0089  0.0272  0.0057
    5  918  851  0.0089  0.0272  0.0058
    6  917  852  0.0089  0.0272  0.0058
    7  917  853  0.0089  0.0272  0.0058
    8  915  854  0.0089  0.0272  0.0058
    9  916  854  0.0089  0.0272  0.0058
   10  914  855  0.0089  0.0272  0.0058
   11  912  856  0.0089  0.0271  0.0057
   12  913  856  0.0089  0.0272  0.0057
   13  910  857  0.0089  0.0271  0.0057
   14  911  857  0.0089  0.0271  0.0058
   15  909  858  0.0089  0.0271  0.0057
   16  907  859  0.0089  0.0271  0.0057
   17  908  859  0.0089  0.0271  0.0057
   18  906  860  0.0089  0.0272  0.0058
   19  905  861  0.0089  0.0271  0.0057
   20  904  861  0.0089  0.0271  0.0057
   21  902  862  0.0089  0.0271  0.0057
   22  903  862  0.0089  0.0271  0.0057
   23  900  863  0.0089  0.0271  0.0057
   24  901  863  0.0089  0.0271  0.0057
   25  898  864  0.0089  0.0271  0.0057
   26  899  864  0.0089  0.0271  0.0057
   27  896  865  0.0089  0.0270  0.0057
   28  897  865  0.0089  0.0270  0.0057
   29  895  866  0.0089  0.0270  0.0057
   30  894  866  0.0089  0.0270  0.0057
   31  892  867  0.0089  0.0270  0.0057
   32  891  867  0.0089  0.0270  0.0057
   33  890  867  0.0089  0.0270  0.0057
   34  893  867  0.0089  0.0270  0.0057
   35  888  868  0.0089  0.0270  0.0057
   36  887  868  0.0089  0.0270  0.0057
   37  889  868  0.0089  0.0270  0.0057
   38  887  869  0.0089  0.0270  0.0057
   39  886  870  0.0089  0.0269  0.0057
   40  885  870  0.0089  0.0269  0.0057
   41  884  870  0.0089  0.0270  0.0057
   42  883  870  0.0089  0.0269  0.0057
   43  882  870  0.0089  0.0269  0.0057
   44  881  870  0.0089  0.0269  0.0057
   45  880  870  0.0089  0.0270  0.0057
   46  879  870  0.0089  0.0270  0.0057
   47  878  870  0.0089  0.0270  0.0057
   48  876  871  0.0089  0.0269  0.0057
   49  875  871  0.0089  0.0269  0.0057
   50  877  871  0.0089  0.0269  0.0057
   51  874  872  0.0089  0.0269  0.0057
   52  874  873  0.0089  0.0269  0.0057
   53  873  874  0.0089  0.0269  0.0057
   54  873  875  0.0089  0.0269  0.0057
   55  872  876  0.0089  0.0269  0.0057
   56  871  876  0.0089  0.0269  0.0057
   57  870  876  0.0089  0.0269  0.0057
   58  868  877  0.0089  0.0269  0.0057
   59  867  877  0.0089  0.0269  0.0057
   60  866  877  0.0089  0.0269  0.0057
   61  865  877  0.0089  0.0269  0.0057
   62  864  877  0.0089  0.0269  0.0057
   63  869  877  0.0089  0.0269  0.0057
   64  863  878  0.0089  0.0269  0.0057
   65  862  878  0.0089  0.0269  0.0057
   66  861  878  0.0089  0.0269  0.0057
   67  860  878  0.0090  0.0269  0.0057
   68  859  878  0.0090  0.0270  0.0058
   69  858  878  0.0090  0.0270  0.0058
   70  857  878  0.0090  0.0271  0.0058
   71  856  878  0.0090  0.0271  0.0058
   72  855  878  0.0090  0.0271  0.0058
   73  854  878  0.0090  0.0271  0.0058
   74  853  878  0.0090  0.0271  0.0058
   75  852  878  0.0090  0.0271  0.0058
   76  851  878  0.0090  0.0271  0.0058
   77  850  878  0.0090  0.0271  0.0058
   78  849  878  0.0090  0.0271  0.0058
   79  848  878  0.0090  0.0270  0.0058
   80  847  878  0.0090  0.0271  0.0058
   81  846  879  0.0091  0.0271  0.0058
   82  845  879  0.0090  0.0271  0.0058
   83  844  879  0.0090  0.0271  0.0058
   84  843  879  0.0090  0.0270  0.0058
   85  842  879  0.0090  0.0270  0.0058
   86  841  879  0.0090  0.0270  0.0057
   87  834  879  0.0090  0.0269  0.0057
   88  835  879  0.0090  0.0269  0.0057
   89  837  880  0.0090  0.0269  0.0057
   90  836  880  0.0090  0.0269  0.0057
   91  839  880  0.0090  0.0269  0.0057
   92  840  880  0.0090  0.0269  0.0057
   93  838  880  0.0090  0.0269  0.0057

    1  972  762  0.0093  0.0289  0.0059
    2  972  763  0.0093  0.0288  0.0059
    3  972  764  0.0093  0.0288  0.0059
    4  971  765  0.0093  0.0288  0.0059
    5  971  766  0.0093  0.0288  0.0059
    6  970  767  0.0093  0.0287  0.0059
    7  970  768  0.0093  0.0287  0.0059
    8  969  769  0.0092  0.0287  0.0059
    9  968  770  0.0092  0.0286  0.0059
   10  967  771  0.0092  0.0286  0.0059
   11  966  772  0.0092  0.0286  0.0059
   12  965  772  0.0092  0.0285  0.0058
   13  964  773  0.0092  0.0285  0.0058
   14  963  774  0.0092  0.0285  0.0058
   15  963  775  0.0092  0.0285  0.0058
   16  963  776  0.0092  0.0285  0.0058
   17  963  777  0.0092  0.0285  0.0058
   18  963  778  0.0092  0.0285  0.0058
   19  963  779  0.0092  0.0285  0.0058
   20  963  780  0.0092  0.0285  0.0058
   21  963  781  0.0092  0.0284  0.0059
   22  962  782  0.0092  0.0284  0.0058
   23  962  783  0.0092  0.0284  0.0059
   24  961  784  0.0092  0.0284  0.0058
   25  960  785  0.0092  0.0284  0.0058
   26  960  786  0.0092  0.0283  0.0058
   27  959  787  0.0092  0.0283  0.0058
   28  958  788  0.0092  0.0283  0.0058
   29  957  788  0.0092  0.0283  0.0058
   30  956  789  0.0092  0.0283  0.0058
   31  954  790  0.0092  0.0283  0.0058
   32  955  790  0.0092  0.0283  0.0058
   33  952  791  0.0092  0.0283  0.0058
   34  953  791  0.0092  0.0283  0.0058
   35  951  792  0.0092  0.0282  0.0058
   36  949  793  0.0092  0.0282  0.0058
   37  950  793  0.0091  0.0281  0.0058
   38  948  794  0.0091  0.0281  0.0058
   39  946  795  0.0091  0.0282  0.0058
   40  947  795  0.0091  0.0281  0.0058
   41  945  796  0.0092  0.0282  0.0058
   42  944  796  0.0092  0.0282  0.0058
   43  942  797  0.0092  0.0282  0.0058
   44  943  797  0.0092  0.0282  0.0058
   45  941  798  0.0092  0.0282  0.0058
   46  940  799  0.0092  0.0281  0.0058
   47  939  799  0.0091  0.0281  0.0058
   48  937  800  0.0092  0.0281  0.0058
   49  938  800  0.0092  0.0281  0.0058
   50  936  801  0.0092  0.0281  0.0058
   51  936  802  0.0092  0.0281  0.0058
   52  935  803  0.0092  0.0281  0.0058
   53  935  804  0.0092  0.0281  0.0058
   54  934  805  0.0092  0.0281  0.0058
   55  934  806  0.0092  0.0281  0.0058
   56  932  807  0.0091  0.0280  0.0058
   57  933  807  0.0092  0.0280  0.0058
   58  931  808  0.0091  0.0280  0.0058
   59  930  809  0.0091  0.0280  0.0058
   60  928  810  0.0091  0.0280  0.0058
   61  929  810  0.0091  0.0280  0.0058
   62  927  811  0.0091  0.0280  0.0058
   63  927  812  0.0091  0.0279  0.0058
   64  926  813  0.0091  0.0279  0.0058
   65  926  814  0.0091  0.0279  0.0058
   66  925  815  0.0091  0.0279  0.0058
   67  925  816  0.0091  0.0279  0.0058
   68  924  817  0.0091  0.0279  0.0058
   69  924  818  0.0091  0.0279  0.0058
   70  923  819  0.0091  0.0279  0.0058
   71  923  820  0.0091  0.0279  0.0058
   72  924  821  0.0091  0.0278  0.0058
   73  924  822  0.0091  0.0278  0.0058
   74  924  823  0.0091  0.0278  0.0058
   75  924  824  0.0091  0.0277  0.0058
   76  924  825  0.0090  0.0277  0.0058
   77  925  826  0.0090  0.0277  0.0058
   78  925  827  0.0090  0.0277  0.0058
   79  925  828  0.0090  0.0277  0.0058
   80  925  829  0.0090  0.0276  0.0058
   81  925  830  0.0090  0.0276  0.0058
   82  925  831  0.0090  0.0276  0.0058
   83  924  832  0.0090  0.0276  0.0058
   84  924  833  0.0090  0.0276  0.0058
   85  924  834  0.0090  0.0275  0.0058
   86  923  835  0.0090  0.0275  0.0058
   87  923  836  0.0090  0.0275  0.0058
   88  922  837  0.0090  0.0274  0.0058
   89  922  838  0.0090  0.0274  0.0058
   90  921  839  0.0090  0.0274  0.0058
   91  921  840  0.0090  0.0274  0.0058
   92  920  841  0.0090  0.0274  0.0058
   93  920  842  0.0090  0.0273  0.0058
   94  919  843  0.0089  0.0273  0.0058

    1  981  883  0.0087  0.0271  0.0058
    2  982  883  0.0087  0.0271  0.0058
    3  979  884  0.0087  0.0271  0.0058
    4  980  884  0.0087  0.0271  0.0058
    5  977  885  0.0088  0.0271  0.0058
    6  978  885  0.0087  0.0271  0.0058
    7  976  886  0.0087  0.0271  0.0058
    8  975  886  0.0087  0.0271  0.0058
    9  974  886  0.0087  0.0270  0.0058
   10  973  886  0.0087  0.0270  0.0058
   11  971  887  0.0088  0.0270  0.0058
   12  970  887  0.0088  0.0270  0.0058
   13  969  887  0.0087  0.0270  0.0058
   14  972  887  0.0087  0.0270  0.0058
   15  968  888  0.0087  0.0270  0.0058
   16  968  889  0.0088  0.0270  0.0058
   17  967  890  0.0087  0.0270  0.0058
   18  966  891  0.0088  0.0270  0.0058
   19  966  892  0.0088  0.0270  0.0058
   20  965  893  0.0088  0.0270  0.0058
   21  964  894  0.0087  0.0270  0.0058
   22  962  895  0.0088  0.0270  0.0058
   23  963  895  0.0088  0.0270  0.0058
   24  960  896  0.0087  0.0270  0.0058
   25  959  896  0.0088  0.0270  0.0058
   26  958  896  0.0087  0.0269  0.0058
   27  961  896  0.0088  0.0270  0.0058
   28  957  897  0.0087  0.0269  0.0058
   29  956  897  0.0088  0.0269  0.0058
   30  955  897  0.0088  0.0269  0.0058
   31  954  897  0.0088  0.0269  0.0058
   32  953  897  0.0088  0.0269  0.0058
   33  952  897  0.0088  0.0270  0.0058
   34  950  898  0.0088  0.0269  0.0058
   35  949  898  0.0087  0.0269  0.0058
   36  948  898  0.0088  0.0269  0.0058
   37  951  898  0.0088  0.0269  0.0058
   38  947  899  0.0087  0.0269  0.0058
   39  946  899  0.0088  0.0269  0.0058
   40  944  900  0.0088  0.0269  0.0058
   41  945  900  0.0088  0.0269  0.0058
   42  943  901  0.0087  0.0268  0.0058
   43  942  902  0.0088  0.0268  0.0058
   44  941  902  0.0088  0.0269  0.0058
   45  939  903  0.0088  0.0269  0.0058
   46  940  903  0.0088  0.0269  0.0058
   47  937  904  0.0088  0.0269  0.0058
   48  938  904  0.0088  0.0269  0.0058
   49  936  905  0.0088  0.0268  0.0058
   50  935  905  0.0088  0.0269  0.0058
   51  934  905  0.0088  0.0269  0.0058
   52  933  905  0.0088  0.0268  0.0058
   53  931  906  0.0088  0.0268  0.0058
   54  932  906  0.0087  0.0267  0.0058
   55  930  907  0.0088  0.0268  0.0058
   56  929  908  0.0088  0.0268  0.0058
   57  928  909  0.0087  0.0267  0.0058
   58  929  910  0.0088  0.0267  0.0058
   59  929  911  0.0088  0.0268  0.0058
   60  928  911  0.0088  0.0267  0.0058
   61  927  911  0.0088  0.0267  0.0058
   62  926  911  0.0088  0.0267  0.0058
   63  925  911  0.0088  0.0267  0.0058
   64  930  911  0.0087  0.0268  0.0058
   65  923  912  0.0088  0.0267  0.0058
   66  924  912  0.0088  0.0267  0.0058
   67  922  913  0.0088  0.0268  0.0058
   68  921  913  0.0088  0.0267  0.0058
   69  919  914  0.0088  0.0267  0.0058
   70  918  914  0.0088  0.0267  0.0058
   71  917  914  0.0088  0.0267  0.0058
   72  920  914  0.0088  0.0268  0.0058
   73  915  915  0.0088  0.0267  0.0058
   74  914  915  0.0088  0.0267  0.0058
   75  913  915  0.0088  0.0267  0.0058
   76  916  915  0.0088  0.0267  0.0058
