; ENVI Output of ROIs (5.4) [Sat Aug 17 17:49:47 2019]
; Number of ROIs: 4
; File Dimension: 1328 x 1184
;
; ROI name: Region #1
; ROI rgb value: {255, 0, 0}
; ROI npts: 58
;
; ROI name: Region #2
; ROI rgb value: {0, 255, 0}
; ROI npts: 93
;
; ROI name: Region #3
; ROI rgb value: {0, 0, 255}
; ROI npts: 94
;
; ROI name: Region #4
; ROI rgb value: {255, 255, 0}
; ROI npts: 76
;  ID    X    Y         B1         B2         B3
    1  820  826  -177.6656    62.4098   -27.7504
    2  818  827  -177.6660    62.4122   -27.7503
    3  819  827  -177.6654    62.4123   -27.7503
    4  817  828  -177.6670    62.4112   -27.7496
    5  816  829  -177.6676    62.4114   -27.7491
    6  815  829  -177.6683    62.4112   -27.7491
    7  814  830  -177.6685    62.4125   -27.7488
    8  812  831  -177.6706    62.4103   -27.7478
    9  813  831  -177.6696    62.4114   -27.7480
   10  810  832  -177.6762    62.3976   -27.7446
   11  811  832  -177.6709    62.4113   -27.7474
   12  809  833  -177.6740    62.4060   -27.7458
   13  808  833  -177.6740    62.4079   -27.7462
   14  807  833  -177.6730    62.4125   -27.7472
   15  805  834  -177.6741    62.4128   -27.7467
   16  804  834  -177.6743    62.4142   -27.7470
   17  803  834  -177.6791    62.4020   -27.7446
   18  806  834  -177.6778    62.4003   -27.7441
   19  802  835  -177.6749    62.4161   -27.7469
   20  801  835  -177.6787    62.4066   -27.7450
   21  800  835  -177.6761    62.4161   -27.7470
   22  799  835  -177.6772    62.4146   -27.7467
   23  797  836  -177.6771    62.4186   -27.7470
   24  796  836  -177.6739    62.4298   -27.7493
   25  795  836  -177.6774    62.4211   -27.7476
   26  798  836  -177.6749    62.4232   -27.7479
   27  794  837  -177.6775    62.4230   -27.7474
   28  793  837  -177.6762    62.4286   -27.7485
   29  791  837  -177.6811    62.4178   -27.7464
   30  792  837  -177.6777    62.4257   -27.7480
   31  789  838  -177.6842    62.4123   -27.7448
   32  788  838  -177.6856    62.4100   -27.7444
   33  790  838  -177.6835    62.4126   -27.7448
   34  787  839  -177.6876    62.4063   -27.7430
   35  786  839  -177.6892    62.4032   -27.7424
   36  785  839  -177.6903    62.4018   -27.7422
   37  784  839  -177.6898    62.4050   -27.7428
   38  782  840  -177.6905    62.4068   -27.7427
   39  781  840  -177.6907    62.4078   -27.7429
   40  780  840  -177.6874    62.4193   -27.7453
   41  779  840  -177.6915    62.4093   -27.7433
   42  778  840  -177.6866    62.4250   -27.7465
   43  783  840  -177.6898    62.4072   -27.7427
   44  777  841  -177.6867    62.4269   -27.7463
   45  776  841  -177.6876    62.4258   -27.7461
   46  775  841  -177.6889    62.4239   -27.7458
   47  774  841  -177.6906    62.4208   -27.7452
   48  773  841  -177.6918    62.4189   -27.7448
   49  772  841  -177.6915    62.4217   -27.7454
   50  771  841  -177.6921    62.4215   -27.7454
   51  770  841  -177.6922    62.4231   -27.7457
   52  769  841  -177.6935    62.4209   -27.7454
   53  768  841  -177.6934    62.4230   -27.7458
   54  766  842  -177.6948    62.4226   -27.7452
   55  765  842  -177.6970    62.4180   -27.7443
   56  764  842  -177.6977    62.4179   -27.7444
   57  763  842  -177.6980    62.4188   -27.7446
   58  767  842  -177.6945    62.4219   -27.7450

    1  919  847  -177.6068    62.4122   -27.7356
    2  919  848  -177.6069    62.4120   -27.7350
    3  918  849  -177.6073    62.4128   -27.7346
    4  918  850  -177.6067    62.4149   -27.7344
    5  918  851  -177.6068    62.4149   -27.7338
    6  917  852  -177.6073    62.4153   -27.7333
    7  917  853  -177.6064    62.4184   -27.7334
    8  915  854  -177.6071    62.4200   -27.7332
    9  916  854  -177.6067    62.4194   -27.7331
   10  914  855  -177.6077    62.4202   -27.7327
   11  912  856  -177.6080    62.4230   -27.7327
   12  913  856  -177.6072    62.4237   -27.7328
   13  910  857  -177.6079    62.4272   -27.7330
   14  911  857  -177.6086    62.4232   -27.7322
   15  909  858  -177.6087    62.4267   -27.7324
   16  907  859  -177.6104    62.4256   -27.7316
   17  908  859  -177.6096    62.4262   -27.7317
   18  906  860  -177.6113    62.4247   -27.7308
   19  905  861  -177.6109    62.4281   -27.7310
   20  904  861  -177.6119    62.4269   -27.7307
   21  902  862  -177.6120    62.4304   -27.7309
   22  903  862  -177.6118    62.4290   -27.7306
   23  900  863  -177.6130    62.4311   -27.7305
   24  901  863  -177.6123    62.4314   -27.7306
   25  898  864  -177.6126    62.4362   -27.7310
   26  899  864  -177.6122    62.4354   -27.7309
   27  896  865  -177.6122    62.4409   -27.7315
   28  897  865  -177.6109    62.4431   -27.7319
   29  895  866  -177.6132    62.4401   -27.7308
   30  894  866  -177.6137    62.4403   -27.7308
   31  892  867  -177.6138    62.4438   -27.7311
   32  891  867  -177.6150    62.4421   -27.7308
   33  890  867  -177.6158    62.4413   -27.7306
   34  893  867  -177.6134    62.4432   -27.7309
   35  888  868  -177.6152    62.4469   -27.7312
   36  887  868  -177.6163    62.4454   -27.7310
   37  889  868  -177.6145    62.4473   -27.7313
   38  887  869  -177.6160    62.4467   -27.7306
   39  886  870  -177.6157    62.4495   -27.7307
   40  885  870  -177.6154    62.4520   -27.7312
   41  884  870  -177.6167    62.4500   -27.7308
   42  883  870  -177.6174    62.4498   -27.7308
   43  882  870  -177.6176    62.4508   -27.7311
   44  881  870  -177.6185    62.4500   -27.7309
   45  880  870  -177.6193    62.4495   -27.7308
   46  879  870  -177.6207    62.4472   -27.7304
   47  878  870  -177.6210    62.4480   -27.7306
   48  876  871  -177.6208    62.4523   -27.7309
   49  875  871  -177.6208    62.4541   -27.7313
   50  877  871  -177.6211    62.4497   -27.7304
   51  874  872  -177.6214    62.4544   -27.7308
   52  874  873  -177.6215    62.4542   -27.7302
   53  873  874  -177.6206    62.4588   -27.7306
   54  873  875  -177.6206    62.4591   -27.7301
   55  872  876  -177.6213    62.4589   -27.7295
   56  871  876  -177.6214    62.4605   -27.7298
   57  870  876  -177.6238    62.4550   -27.7287
   58  868  877  -177.6242    62.4577   -27.7288
   59  867  877  -177.6256    62.4553   -27.7283
   60  866  877  -177.6262    62.4551   -27.7283
   61  865  877  -177.6265    62.4561   -27.7285
   62  864  877  -177.6270    62.4563   -27.7286
   63  869  877  -177.6232    62.4589   -27.7290
   64  863  878  -177.6266    62.4594   -27.7287
   65  862  878  -177.6284    62.4559   -27.7280
   66  861  878  -177.6290    62.4559   -27.7280
   67  860  878  -177.6309    62.4522   -27.7273
   68  859  878  -177.6334    62.4465   -27.7261
   69  858  878  -177.6354    62.4423   -27.7253
   70  857  878  -177.6376    62.4377   -27.7244
   71  856  878  -177.6387    62.4361   -27.7241
   72  855  878  -177.6404    62.4329   -27.7235
   73  854  878  -177.6409    62.4331   -27.7236
   74  853  878  -177.6412    62.4340   -27.7238
   75  852  878  -177.6421    62.4332   -27.7236
   76  851  878  -177.6428    62.4328   -27.7236
   77  850  878  -177.6430    62.4340   -27.7239
   78  849  878  -177.6439    62.4332   -27.7237
   79  848  878  -177.6420    62.4406   -27.7253
   80  847  878  -177.6439    62.4368   -27.7245
   81  846  879  -177.6457    62.4334   -27.7233
   82  845  879  -177.6448    62.4377   -27.7242
   83  844  879  -177.6457    62.4370   -27.7241
   84  843  879  -177.6451    62.4404   -27.7248
   85  842  879  -177.6446    62.4437   -27.7255
   86  841  879  -177.6434    62.4488   -27.7266
   87  834  879  -177.6447    62.4573   -27.7285
   88  835  879  -177.6445    62.4564   -27.7283
   89  837  880  -177.6438    62.4551   -27.7274
   90  836  880  -177.6446    62.4544   -27.7273
   91  839  880  -177.6425    62.4552   -27.7274
   92  840  880  -177.6426    62.4533   -27.7269
   93  838  880  -177.6434    62.4545   -27.7272

    1  972  762  -177.6384    62.2008   -27.7427
    2  972  763  -177.6371    62.2049   -27.7429
    3  972  764  -177.6359    62.2088   -27.7430
    4  971  765  -177.6362    62.2101   -27.7428
    5  971  766  -177.6348    62.2146   -27.7430
    6  970  767  -177.6345    62.2174   -27.7430
    7  970  768  -177.6342    62.2185   -27.7426
    8  969  769  -177.6337    62.2222   -27.7428
    9  968  770  -177.6333    62.2254   -27.7429
   10  967  771  -177.6320    62.2317   -27.7436
   11  966  772  -177.6316    62.2348   -27.7436
   12  965  772  -177.6315    62.2372   -27.7441
   13  964  773  -177.6310    62.2408   -27.7442
   14  963  774  -177.6308    62.2435   -27.7441
   15  963  775  -177.6299    62.2464   -27.7440
   16  963  776  -177.6299    62.2466   -27.7434
   17  963  777  -177.6296    62.2476   -27.7430
   18  963  778  -177.6293    62.2489   -27.7428
   19  963  779  -177.6291    62.2496   -27.7423
   20  963  780  -177.6288    62.2507   -27.7419
   21  963  781  -177.6287    62.2513   -27.7416
   22  962  782  -177.6281    62.2553   -27.7417
   23  962  783  -177.6282    62.2550   -27.7411
   24  961  784  -177.6292    62.2543   -27.7403
   25  960  785  -177.6281    62.2596   -27.7408
   26  960  786  -177.6266    62.2645   -27.7412
   27  959  787  -177.6264    62.2670   -27.7411
   28  958  788  -177.6269    62.2675   -27.7407
   29  957  788  -177.6281    62.2658   -27.7403
   30  956  789  -177.6288    62.2657   -27.7398
   31  954  790  -177.6296    62.2670   -27.7395
   32  955  790  -177.6284    62.2689   -27.7399
   33  952  791  -177.6303    62.2689   -27.7393
   34  953  791  -177.6295    62.2697   -27.7395
   35  951  792  -177.6291    62.2745   -27.7399
   36  949  793  -177.6283    62.2809   -27.7406
   37  950  793  -177.6261    62.2857   -27.7415
   38  948  794  -177.6259    62.2903   -27.7419
   39  946  795  -177.6285    62.2864   -27.7406
   40  947  795  -177.6274    62.2879   -27.7408
   41  945  796  -177.6297    62.2848   -27.7397
   42  944  796  -177.6305    62.2842   -27.7396
   43  942  797  -177.6315    62.2850   -27.7392
   44  943  797  -177.6311    62.2843   -27.7390
   45  941  798  -177.6311    62.2884   -27.7393
   46  940  799  -177.6311    62.2902   -27.7391
   47  939  799  -177.6313    62.2918   -27.7395
   48  937  800  -177.6320    62.2934   -27.7392
   49  938  800  -177.6317    62.2924   -27.7390
   50  936  801  -177.6326    62.2937   -27.7387
   51  936  802  -177.6325    62.2942   -27.7382
   52  935  803  -177.6330    62.2946   -27.7377
   53  935  804  -177.6326    62.2963   -27.7375
   54  934  805  -177.6326    62.2983   -27.7373
   55  934  806  -177.6316    62.3013   -27.7373
   56  932  807  -177.6317    62.3050   -27.7375
   57  933  807  -177.6316    62.3036   -27.7372
   58  931  808  -177.6317    62.3071   -27.7374
   59  930  809  -177.6313    62.3103   -27.7374
   60  928  810  -177.6313    62.3143   -27.7377
   61  929  810  -177.6304    62.3151   -27.7378
   62  927  811  -177.6307    62.3180   -27.7378
   63  927  812  -177.6292    62.3229   -27.7382
   64  926  813  -177.6284    62.3272   -27.7384
   65  926  814  -177.6280    62.3288   -27.7381
   66  925  815  -177.6288    62.3283   -27.7374
   67  925  816  -177.6270    62.3341   -27.7380
   68  924  817  -177.6282    62.3324   -27.7371
   69  924  818  -177.6286    62.3313   -27.7363
   70  923  819  -177.6284    62.3340   -27.7363
   71  923  820  -177.6286    62.3337   -27.7357
   72  924  821  -177.6267    62.3378   -27.7358
   73  924  822  -177.6248    62.3435   -27.7364
   74  924  823  -177.6246    62.3446   -27.7360
   75  924  824  -177.6236    62.3477   -27.7361
   76  924  825  -177.6224    62.3516   -27.7363
   77  925  826  -177.6216    62.3524   -27.7358
   78  925  827  -177.6211    62.3540   -27.7356
   79  925  828  -177.6203    62.3568   -27.7355
   80  925  829  -177.6200    62.3577   -27.7351
   81  925  830  -177.6192    62.3604   -27.7350
   82  925  831  -177.6186    62.3624   -27.7348
   83  924  832  -177.6184    62.3651   -27.7348
   84  924  833  -177.6179    62.3667   -27.7346
   85  924  834  -177.6169    62.3701   -27.7347
   86  923  835  -177.6163    62.3737   -27.7349
   87  923  836  -177.6157    62.3760   -27.7348
   88  922  837  -177.6151    62.3795   -27.7350
   89  922  838  -177.6140    62.3831   -27.7351
   90  921  839  -177.6130    62.3883   -27.7355
   91  921  840  -177.6128    62.3891   -27.7350
   92  920  841  -177.6122    62.3929   -27.7353
   93  920  842  -177.6110    62.3968   -27.7354
   94  919  843  -177.6104    62.4006   -27.7357

    1  981  883  -177.5641    62.4371   -27.7178
    2  982  883  -177.5634    62.4375   -27.7178
    3  979  884  -177.5650    62.4384   -27.7175
    4  980  884  -177.5647    62.4374   -27.7173
    5  977  885  -177.5667    62.4372   -27.7167
    6  978  885  -177.5658    62.4379   -27.7168
    7  976  886  -177.5659    62.4416   -27.7170
    8  975  886  -177.5665    62.4415   -27.7171
    9  974  886  -177.5664    62.4436   -27.7175
   10  973  886  -177.5673    62.4428   -27.7174
   11  971  887  -177.5679    62.4446   -27.7172
   12  970  887  -177.5685    62.4447   -27.7173
   13  969  887  -177.5691    62.4447   -27.7173
   14  972  887  -177.5672    62.4449   -27.7173
   15  968  888  -177.5693    62.4462   -27.7170
   16  968  889  -177.5693    62.4462   -27.7165
   17  967  890  -177.5694    62.4480   -27.7163
   18  966  891  -177.5701    62.4478   -27.7157
   19  966  892  -177.5703    62.4473   -27.7150
   20  965  893  -177.5702    62.4498   -27.7149
   21  964  894  -177.5708    62.4499   -27.7144
   22  962  895  -177.5712    62.4526   -27.7145
   23  963  895  -177.5712    62.4507   -27.7140
   24  960  896  -177.5719    62.4543   -27.7143
   25  959  896  -177.5729    62.4530   -27.7140
   26  958  896  -177.5728    62.4553   -27.7146
   27  961  896  -177.5715    62.4537   -27.7141
   28  957  897  -177.5723    62.4586   -27.7147
   29  956  897  -177.5732    62.4576   -27.7145
   30  955  897  -177.5740    62.4570   -27.7144
   31  954  897  -177.5748    62.4565   -27.7143
   32  953  897  -177.5749    62.4581   -27.7147
   33  952  897  -177.5773    62.4524   -27.7136
   34  950  898  -177.5767    62.4582   -27.7143
   35  949  898  -177.5759    62.4623   -27.7152
   36  948  898  -177.5775    62.4592   -27.7145
   37  951  898  -177.5760    62.4584   -27.7143
   38  947  899  -177.5772    62.4623   -27.7146
   39  946  899  -177.5779    62.4619   -27.7146
   40  944  900  -177.5802    62.4587   -27.7133
   41  945  900  -177.5792    62.4598   -27.7135
   42  943  901  -177.5778    62.4681   -27.7148
   43  942  902  -177.5786    62.4676   -27.7141
   44  941  902  -177.5804    62.4640   -27.7134
   45  939  903  -177.5836    62.4582   -27.7116
   46  940  903  -177.5829    62.4584   -27.7116
   47  937  904  -177.5837    62.4617   -27.7118
   48  938  904  -177.5843    62.4578   -27.7110
   49  936  905  -177.5827    62.4666   -27.7123
   50  935  905  -177.5851    62.4612   -27.7111
   51  934  905  -177.5854    62.4619   -27.7113
   52  933  905  -177.5842    62.4675   -27.7126
   53  931  906  -177.5827    62.4756   -27.7138
   54  932  906  -177.5810    62.4790   -27.7144
   55  930  907  -177.5844    62.4726   -27.7125
   56  929  908  -177.5839    62.4762   -27.7128
   57  928  909  -177.5826    62.4819   -27.7134
   58  929  910  -177.5834    62.4779   -27.7120
   59  929  911  -177.5835    62.4781   -27.7114
   60  928  911  -177.5836    62.4794   -27.7117
   61  927  911  -177.5843    62.4790   -27.7116
   62  926  911  -177.5852    62.4783   -27.7115
   63  925  911  -177.5857    62.4786   -27.7116
   64  930  911  -177.5830    62.4776   -27.7113
   65  923  912  -177.5866    62.4795   -27.7113
   66  924  912  -177.5861    62.4794   -27.7112
   67  922  913  -177.5881    62.4771   -27.7102
   68  921  913  -177.5876    62.4802   -27.7109
   69  919  914  -177.5889    62.4801   -27.7103
   70  918  914  -177.5891    62.4812   -27.7106
   71  917  914  -177.5901    62.4801   -27.7104
   72  920  914  -177.5886    62.4794   -27.7102
   73  915  915  -177.5894    62.4859   -27.7111
   74  914  915  -177.5913    62.4822   -27.7103
   75  913  915  -177.5905    62.4861   -27.7112
   76  916  915  -177.5896    62.4836   -27.7106
