; ENVI Output of ROIs (5.4) [Tue Aug 06 18:28:32 2019]
; Number of ROIs: 21
; File Dimension: 1328 x 1184
;
; ROI name: Region #2
; ROI rgb value: {0, 255, 0}
; ROI npts: 91
;
; ROI name: Region #3
; ROI rgb value: {0, 0, 255}
; ROI npts: 68
;
; ROI name: Region #4
; ROI rgb value: {255, 255, 0}
; ROI npts: 46
;
; ROI name: Region #5
; ROI rgb value: {0, 255, 255}
; ROI npts: 133
;
; ROI name: Region #6
; ROI rgb value: {255, 0, 255}
; ROI npts: 53
;
; ROI name: Region #7
; ROI rgb value: {176, 48, 96}
; ROI npts: 77
;
; ROI name: Region #8
; ROI rgb value: {46, 139, 87}
; ROI npts: 75
;
; ROI name: Region #1
; ROI rgb value: {255, 0, 0}
; ROI npts: 113
;
; ROI name: Region #9
; ROI rgb value: {160, 32, 240}
; ROI npts: 146
;
; ROI name: Region #10
; ROI rgb value: {255, 127, 80}
; ROI npts: 121
;
; ROI name: Region #11
; ROI rgb value: {127, 255, 212}
; ROI npts: 59
;
; ROI name: Region #12
; ROI rgb value: {218, 112, 214}
; ROI npts: 33
;
; ROI name: Region #13
; ROI rgb value: {160, 82, 45}
; ROI npts: 38
;
; ROI name: Region #14
; ROI rgb value: {127, 255, 0}
; ROI npts: 46
;
; ROI name: Region #15
; ROI rgb value: {216, 191, 216}
; ROI npts: 90
;
; ROI name: Region #16
; ROI rgb value: {238, 0, 0}
; ROI npts: 77
;
; ROI name: Region #17
; ROI rgb value: {205, 0, 0}
; ROI npts: 51
;
; ROI name: Region #18
; ROI rgb value: {139, 0, 0}
; ROI npts: 63
;
; ROI name: Region #19
; ROI rgb value: {0, 238, 0}
; ROI npts: 53
;
; ROI name: Region #20
; ROI rgb value: {0, 205, 0}
; ROI npts: 46
;
; ROI name: Region #21
; ROI rgb value: {0, 139, 0}
; ROI npts: 130
;  ID    X    Y      B1      B2      B3
    1  261  605  0.0057  0.0037  0.0021
    2  260  605  0.0057  0.0037  0.0021
    3  258  605  0.0058  0.0038  0.0021
    4  256  605  0.0057  0.0037  0.0021
    5  255  605  0.0057  0.0037  0.0021
    6  254  605  0.0057  0.0037  0.0021
    7  251  606  0.0057  0.0037  0.0021
    8  250  606  0.0057  0.0037  0.0021
    9  249  606  0.0057  0.0037  0.0021
   10  252  606  0.0057  0.0037  0.0021
   11  248  607  0.0057  0.0037  0.0021
   12  247  608  0.0057  0.0037  0.0021
   13  246  608  0.0057  0.0037  0.0021
   20  236  608  0.0058  0.0038  0.0021
   21  235  608  0.0058  0.0037  0.0021
   22  234  608  0.0058  0.0037  0.0021
   24  232  609  0.0057  0.0037  0.0021
   25  230  609  0.0057  0.0037  0.0021
   26  229  609  0.0057  0.0037  0.0021
   27  228  609  0.0057  0.0037  0.0021
   28  227  609  0.0057  0.0037  0.0021
   29  226  609  0.0057  0.0037  0.0021
   30  224  610  0.0057  0.0037  0.0021
   31  225  610  0.0057  0.0037  0.0021
   32  222  611  0.0057  0.0037  0.0021
   33  222  612  0.0057  0.0037  0.0021
   34  220  612  0.0057  0.0037  0.0021
   35  216  613  0.0057  0.0037  0.0021
   36  215  613  0.0057  0.0037  0.0021
   37  214  613  0.0057  0.0037  0.0021
   38  212  613  0.0057  0.0037  0.0021
   39  211  613  0.0057  0.0037  0.0021
   40  208  613  0.0057  0.0037  0.0021
   41  205  613  0.0056  0.0037  0.0021
   42  218  613  0.0057  0.0037  0.0021
   46  202  614  0.0057  0.0037  0.0021
   47  199  615  0.0057  0.0037  0.0021
   48  197  615  0.0057  0.0037  0.0021
   49  196  615  0.0057  0.0037  0.0021
   50  200  615  0.0057  0.0037  0.0021
   51  194  616  0.0057  0.0037  0.0021
   52  192  616  0.0056  0.0037  0.0021
   53  189  616  0.0057  0.0037  0.0021
   54  195  616  0.0057  0.0037  0.0021
   55  176  617  0.0056  0.0037  0.0021
   56  187  617  0.0057  0.0037  0.0021
   57  185  617  0.0057  0.0037  0.0021
   58  184  617  0.0057  0.0037  0.0021
   59  183  617  0.0056  0.0037  0.0021
   60  182  617  0.0056  0.0037  0.0021
   61  181  617  0.0056  0.0037  0.0021
   62  180  617  0.0056  0.0037  0.0021
   63  178  617  0.0056  0.0037  0.0021
   64  177  617  0.0056  0.0037  0.0021
   65  188  617  0.0057  0.0037  0.0021
   66  174  617  0.0056  0.0037  0.0021
   67  173  617  0.0056  0.0037  0.0021
   68  172  617  0.0056  0.0037  0.0021
   69  171  617  0.0056  0.0037  0.0021
   70  170  617  0.0056  0.0037  0.0021
   71  169  617  0.0056  0.0037  0.0021
   72  168  617  0.0056  0.0037  0.0021
   73  167  617  0.0056  0.0037  0.0021
   74  166  617  0.0056  0.0037  0.0021
   75  165  617  0.0056  0.0037  0.0021
   76  164  617  0.0056  0.0037  0.0021
   77  163  617  0.0056  0.0037  0.0021
   78  162  617  0.0056  0.0037  0.0021
   79  161  617  0.0056  0.0037  0.0021
   80  160  617  0.0056  0.0037  0.0021
   81  159  617  0.0056  0.0037  0.0021
   82  158  617  0.0056  0.0037  0.0021
   83  157  617  0.0056  0.0037  0.0021
   84  156  617  0.0056  0.0037  0.0021
   85  155  617  0.0056  0.0037  0.0021
   86  154  617  0.0056  0.0037  0.0021
   87  153  617  0.0056  0.0037  0.0021
   88  152  617  0.0056  0.0037  0.0021
   89  151  617  0.0056  0.0037  0.0021
   90  150  617  0.0056  0.0037  0.0021
   91  149  617  0.0056  0.0037  0.0021

    1  791  488  0.0063  0.0037  0.0022
    2  792  488  0.0063  0.0037  0.0022
    3  790  489  0.0063  0.0037  0.0022
    4  786  490  0.0063  0.0037  0.0022
    5  788  490  0.0063  0.0037  0.0022
    6  785  491  0.0063  0.0037  0.0022
    7  784  491  0.0063  0.0037  0.0022
    8  783  491  0.0063  0.0037  0.0022
    9  781  491  0.0063  0.0037  0.0022
   10  780  491  0.0063  0.0037  0.0022
   11  779  491  0.0063  0.0037  0.0022
   12  778  492  0.0063  0.0037  0.0022
   13  777  492  0.0063  0.0037  0.0022
   14  776  492  0.0063  0.0037  0.0022
   15  768  493  0.0063  0.0037  0.0022
   16  767  493  0.0063  0.0037  0.0022
   17  766  493  0.0063  0.0037  0.0022
   18  765  493  0.0063  0.0037  0.0022
   19  764  493  0.0063  0.0037  0.0022
   20  770  493  0.0063  0.0037  0.0022
   21  763  494  0.0063  0.0037  0.0022
   22  761  494  0.0063  0.0037  0.0022
   23  760  494  0.0063  0.0037  0.0022
   24  759  495  0.0063  0.0037  0.0022
   25  756  496  0.0063  0.0037  0.0022
   26  757  496  0.0063  0.0037  0.0022
   27  754  497  0.0063  0.0037  0.0022
   28  752  497  0.0063  0.0037  0.0022
   29  751  497  0.0063  0.0037  0.0022
   30  750  497  0.0063  0.0037  0.0022
   31  749  497  0.0063  0.0037  0.0022
   32  748  497  0.0063  0.0037  0.0022
   33  747  497  0.0063  0.0037  0.0022
   34  746  497  0.0063  0.0037  0.0022
   35  743  498  0.0063  0.0037  0.0022
   36  744  498  0.0063  0.0037  0.0022
   37  741  499  0.0063  0.0037  0.0022
   38  740  499  0.0063  0.0037  0.0022
   39  742  499  0.0063  0.0037  0.0022
   40  738  500  0.0062  0.0037  0.0022
   41  737  500  0.0062  0.0037  0.0022
   42  734  500  0.0062  0.0037  0.0022
   43  733  500  0.0062  0.0037  0.0022
   44  732  500  0.0062  0.0037  0.0022
   45  731  500  0.0062  0.0037  0.0022
   46  730  500  0.0062  0.0037  0.0022
   47  707  505  0.0062  0.0037  0.0022
   48  706  505  0.0062  0.0037  0.0022
   49  708  505  0.0062  0.0037  0.0022
   50  705  506  0.0062  0.0037  0.0022
   51  703  506  0.0062  0.0037  0.0022
   52  701  506  0.0062  0.0037  0.0022
   53  699  506  0.0062  0.0037  0.0022
   54  696  507  0.0062  0.0037  0.0022
   55  697  507  0.0062  0.0037  0.0022
   56  694  508  0.0062  0.0037  0.0022
   57  692  508  0.0062  0.0037  0.0022
   58  691  508  0.0062  0.0037  0.0022
   59  690  508  0.0062  0.0037  0.0022
   60  696  508  0.0062  0.0037  0.0022
   61  688  509  0.0062  0.0037  0.0022
   62  687  509  0.0062  0.0037  0.0022
   63  684  509  0.0062  0.0037  0.0022
   64  682  509  0.0062  0.0037  0.0022
   65  680  509  0.0062  0.0037  0.0022
   66  679  509  0.0062  0.0037  0.0022
   67  678  509  0.0062  0.0037  0.0022
   68  677  509  0.0062  0.0037  0.0022

    1  787  387  0.0063  0.0037  0.0021
    2  786  387  0.0063  0.0037  0.0021
    3  784  387  0.0063  0.0037  0.0021
    4  783  387  0.0063  0.0037  0.0021
    5  782  387  0.0063  0.0037  0.0021
    6  780  387  0.0063  0.0037  0.0021
    7  778  387  0.0063  0.0037  0.0021
    8  777  387  0.0063  0.0037  0.0021
    9  777  388  0.0063  0.0037  0.0021
   10  776  389  0.0063  0.0037  0.0021
   11  775  389  0.0063  0.0037  0.0021
   12  773  389  0.0063  0.0037  0.0021
   13  769  390  0.0063  0.0037  0.0021
   14  771  390  0.0063  0.0037  0.0021
   15  767  391  0.0063  0.0037  0.0021
   16  765  391  0.0063  0.0037  0.0021
   17  763  391  0.0063  0.0037  0.0021
   18  769  391  0.0063  0.0037  0.0021
   19  762  392  0.0063  0.0037  0.0021
   20  761  392  0.0063  0.0037  0.0021
   21  759  392  0.0063  0.0037  0.0021
   22  758  392  0.0063  0.0037  0.0021
   23  755  392  0.0063  0.0037  0.0021
   24  752  392  0.0063  0.0037  0.0021
   25  749  393  0.0063  0.0037  0.0021
   26  748  393  0.0063  0.0037  0.0021
   27  746  393  0.0063  0.0037  0.0021
   28  745  393  0.0063  0.0037  0.0021
   29  751  393  0.0063  0.0037  0.0021
   30  745  394  0.0063  0.0037  0.0021
   31  742  394  0.0063  0.0037  0.0021
   32  740  394  0.0063  0.0037  0.0021
   33  734  395  0.0063  0.0037  0.0021
   34  737  395  0.0063  0.0037  0.0021
   35  731  396  0.0063  0.0037  0.0021
   36  729  396  0.0063  0.0037  0.0021
   37  727  397  0.0063  0.0037  0.0021
   38  726  397  0.0063  0.0037  0.0021
   39  725  397  0.0063  0.0037  0.0021
   40  722  397  0.0063  0.0037  0.0021
   41  721  397  0.0063  0.0037  0.0021
   42  720  397  0.0063  0.0037  0.0021
   43  719  397  0.0062  0.0037  0.0021
   44  716  397  0.0062  0.0037  0.0021
   45  711  398  0.0062  0.0037  0.0021
   46  713  398  0.0062  0.0037  0.0021

    1  1030  33  0.0067  0.0038  0.0020
    91  1029  33  0.0067  0.0038  0.0020
    92  1027  33  0.0067  0.0038  0.0020
    93  1025  33  0.0067  0.0038  0.0020
    94  1022  33  0.0067  0.0038  0.0020
    97  1017  34  0.0067  0.0038  0.0020
    98  1015  34  0.0067  0.0038  0.0020
    99  1014  34  0.0067  0.0038  0.0020
   100  1012  34  0.0067  0.0038  0.0020
   101  1010  34  0.0067  0.0038  0.0020
   102   958  34  0.0067  0.0038  0.0020
   103   959  34  0.0067  0.0038  0.0020
   104   961  34  0.0067  0.0038  0.0020
   105   964  34  0.0067  0.0038  0.0020
   106   965  34  0.0067  0.0038  0.0020
   107   967  34  0.0067  0.0038  0.0020
   108   969  34  0.0067  0.0038  0.0020
   109   956  34  0.0067  0.0038  0.0020
   110   976  35  0.0067  0.0038  0.0020
   111  1008  35  0.0067  0.0038  0.0020
   112  1006  35  0.0067  0.0038  0.0020
   113   971  35  0.0067  0.0038  0.0020
   114   972  35  0.0067  0.0038  0.0020
   115  1007  35  0.0067  0.0038  0.0020
   116   973  35  0.0067  0.0038  0.0020
   117  1004  35  0.0067  0.0038  0.0020
   118   983  36  0.0067  0.0038  0.0020
   119   981  36  0.0067  0.0038  0.0020
   120   985  36  0.0067  0.0038  0.0020
   121   977  36  0.0067  0.0038  0.0020
   122   988  36  0.0067  0.0038  0.0020
   123   986  36  0.0067  0.0038  0.0020
   124   989  36  0.0067  0.0038  0.0020
   125   991  36  0.0067  0.0038  0.0020
   126   993  36  0.0067  0.0038  0.0020
   127  1001  36  0.0067  0.0038  0.0020
   128  1002  36  0.0067  0.0038  0.0020
   129   980  36  0.0067  0.0038  0.0020
   130   998  37  0.0067  0.0038  0.0020
   131   995  37  0.0067  0.0038  0.0020
   132   996  37  0.0067  0.0038  0.0020
   133   999  37  0.0067  0.0038  0.0020

    1  826  35  0.0066  0.0038  0.0020
    2  825  35  0.0066  0.0039  0.0020
    3  824  35  0.0066  0.0039  0.0020
    4  828  35  0.0066  0.0038  0.0020
    5  819  36  0.0066  0.0039  0.0020
    6  822  36  0.0066  0.0039  0.0020
    7  818  37  0.0066  0.0039  0.0020
    8  816  38  0.0066  0.0039  0.0020
    9  813  38  0.0066  0.0039  0.0020
   10  812  38  0.0066  0.0039  0.0020
   11  811  38  0.0066  0.0039  0.0020
   12  809  38  0.0066  0.0038  0.0020
   13  805  39  0.0066  0.0039  0.0020
   14  804  39  0.0066  0.0039  0.0020
   15  807  39  0.0066  0.0038  0.0020
   16  802  40  0.0066  0.0038  0.0020
   17  799  40  0.0066  0.0039  0.0020
   18  797  40  0.0065  0.0038  0.0020
   19  795  40  0.0065  0.0038  0.0020
   20  792  40  0.0065  0.0038  0.0020
   21  791  40  0.0065  0.0039  0.0020
   22  793  40  0.0065  0.0038  0.0020
   23  773  41  0.0065  0.0039  0.0020
   24  774  41  0.0065  0.0039  0.0020
   25  775  41  0.0065  0.0039  0.0020
   26  778  41  0.0065  0.0039  0.0020
   27  781  41  0.0065  0.0038  0.0020
   28  784  41  0.0065  0.0039  0.0020
   29  786  41  0.0065  0.0039  0.0020
   30  788  41  0.0065  0.0039  0.0020
   31  789  41  0.0065  0.0039  0.0020
   32  768  41  0.0065  0.0039  0.0020
   33  767  41  0.0065  0.0039  0.0020
   34  771  41  0.0065  0.0039  0.0020
   35  762  44  0.0065  0.0039  0.0020
   36  763  44  0.0065  0.0039  0.0020
   37  759  46  0.0065  0.0039  0.0020
   38  757  46  0.0065  0.0039  0.0020
   39  731  46  0.0065  0.0039  0.0019
   40  730  46  0.0065  0.0039  0.0019
   41  753  47  0.0065  0.0039  0.0020
   42  752  47  0.0065  0.0039  0.0020
   43  749  47  0.0065  0.0039  0.0020
   44  754  47  0.0065  0.0039  0.0020
   45  732  47  0.0065  0.0039  0.0019
   46  734  47  0.0065  0.0039  0.0019
   47  755  47  0.0065  0.0039  0.0020
   48  735  47  0.0065  0.0039  0.0019
   49  742  48  0.0065  0.0039  0.0020
   50  745  48  0.0065  0.0039  0.0020
   51  739  48  0.0065  0.0039  0.0020
   52  738  48  0.0065  0.0039  0.0020
   53  747  48  0.0065  0.0039  0.0020

    1  191  319  0.0058  0.0038  0.0020
    2  246  319  0.0059  0.0038  0.0020
    3  245  319  0.0059  0.0038  0.0020
    4  198  319  0.0058  0.0038  0.0020
    5  197  319  0.0058  0.0038  0.0020
    6  196  319  0.0058  0.0038  0.0020
    7  195  319  0.0058  0.0038  0.0020
    8  193  319  0.0058  0.0038  0.0020
    9  247  319  0.0059  0.0038  0.0020
   10  188  319  0.0058  0.0038  0.0020
   11  185  319  0.0058  0.0038  0.0020
   12  184  319  0.0058  0.0038  0.0020
   13  183  319  0.0058  0.0038  0.0020
   14  181  319  0.0058  0.0038  0.0020
   15  180  319  0.0058  0.0038  0.0020
   16  179  319  0.0058  0.0038  0.0020
   17  177  319  0.0058  0.0038  0.0020
   18  175  319  0.0058  0.0038  0.0020
   19  173  319  0.0058  0.0038  0.0020
   20  162  319  0.0058  0.0038  0.0020
   21  163  319  0.0058  0.0038  0.0020
   22  164  319  0.0058  0.0038  0.0020
   23  165  319  0.0058  0.0038  0.0020
   24  166  319  0.0058  0.0038  0.0020
   25  168  319  0.0058  0.0038  0.0020
   26  169  319  0.0058  0.0038  0.0020
   27  170  319  0.0058  0.0038  0.0020
   28  171  319  0.0058  0.0038  0.0020
   29  160  320  0.0058  0.0038  0.0020
   30  159  320  0.0058  0.0038  0.0020
   31  157  320  0.0058  0.0038  0.0020
   32  154  320  0.0058  0.0038  0.0020
   33  152  320  0.0058  0.0038  0.0020
   34  150  320  0.0058  0.0038  0.0020
   35  149  320  0.0058  0.0038  0.0020
   36  148  320  0.0058  0.0038  0.0020
   37  146  320  0.0058  0.0038  0.0020
   38  144  320  0.0058  0.0038  0.0020
   39  143  320  0.0058  0.0038  0.0020
   40  133  320  0.0058  0.0038  0.0020
   41  134  320  0.0058  0.0038  0.0020
   42  244  320  0.0059  0.0038  0.0020
   43  137  320  0.0058  0.0038  0.0020
   44  135  320  0.0058  0.0038  0.0020
   45  199  320  0.0058  0.0038  0.0020
   46  243  320  0.0059  0.0038  0.0020
   47  242  320  0.0059  0.0038  0.0020
   48  240  320  0.0059  0.0038  0.0020
   49  239  320  0.0058  0.0038  0.0020
   50  236  320  0.0058  0.0038  0.0020
   51  235  320  0.0058  0.0038  0.0020
   52  233  320  0.0059  0.0038  0.0020
   53  132  320  0.0058  0.0038  0.0020
   54  231  320  0.0058  0.0038  0.0020
   55  230  320  0.0058  0.0038  0.0020
   56  229  320  0.0058  0.0038  0.0020
   57  227  320  0.0059  0.0038  0.0020
   58  226  320  0.0059  0.0038  0.0020
   59  225  320  0.0059  0.0038  0.0020
   60  222  321  0.0058  0.0038  0.0020
   61  221  321  0.0058  0.0038  0.0020
   62  220  321  0.0058  0.0038  0.0020
   63  216  321  0.0058  0.0038  0.0020
   64  215  321  0.0058  0.0038  0.0020
   65  140  321  0.0058  0.0038  0.0020
   66  138  321  0.0058  0.0038  0.0020
   67  200  321  0.0058  0.0038  0.0020
   68  141  321  0.0058  0.0038  0.0020
   69  201  321  0.0058  0.0038  0.0020
   70  201  322  0.0058  0.0038  0.0020
   71  204  322  0.0058  0.0038  0.0020
   72  207  322  0.0058  0.0038  0.0020
   73  212  322  0.0058  0.0038  0.0020
   74  214  322  0.0058  0.0038  0.0020
   75  205  322  0.0058  0.0038  0.0020
   76  202  322  0.0058  0.0038  0.0020
   77  210  322  0.0058  0.0038  0.0020

    1  104  601  0.0056  0.0037  0.0021
    2  103  601  0.0056  0.0037  0.0021
    3  102  601  0.0056  0.0037  0.0021
    4  101  601  0.0056  0.0037  0.0021
    5  105  601  0.0056  0.0037  0.0021
    6  100  602  0.0056  0.0037  0.0021
    7   99  602  0.0056  0.0037  0.0021
    8   98  602  0.0056  0.0037  0.0021
    9   97  602  0.0056  0.0037  0.0021
   10   96  602  0.0056  0.0037  0.0021
   11   87  602  0.0056  0.0037  0.0021
   12   86  602  0.0056  0.0037  0.0021
   13   85  602  0.0056  0.0037  0.0021
   14   82  603  0.0056  0.0037  0.0021
   15   81  603  0.0056  0.0037  0.0021
   16   79  603  0.0056  0.0037  0.0021
   17   78  603  0.0056  0.0037  0.0021
   18   83  603  0.0056  0.0037  0.0021
   19   77  604  0.0056  0.0037  0.0021
   20   76  604  0.0056  0.0037  0.0021
   21   78  604  0.0056  0.0037  0.0021
   22   75  605  0.0056  0.0037  0.0021
   23   74  605  0.0056  0.0037  0.0021
   24   71  605  0.0056  0.0037  0.0021
   25   70  605  0.0056  0.0037  0.0021
   26   69  605  0.0056  0.0037  0.0021
   27   72  605  0.0056  0.0037  0.0021
   28   68  605  0.0056  0.0037  0.0021
   29   67  605  0.0056  0.0037  0.0021
   30   66  605  0.0056  0.0037  0.0021
   31   65  605  0.0056  0.0037  0.0021
   32   62  606  0.0056  0.0037  0.0021
   33   63  606  0.0056  0.0037  0.0021
   34   61  606  0.0056  0.0037  0.0021
   35   60  606  0.0056  0.0037  0.0021
   36   59  606  0.0056  0.0037  0.0021
   37   64  606  0.0056  0.0037  0.0021
   38   56  607  0.0056  0.0037  0.0021
   39   55  607  0.0056  0.0037  0.0021
   40   54  607  0.0056  0.0037  0.0021
   41   52  607  0.0056  0.0037  0.0021
   42   53  607  0.0056  0.0037  0.0021
   43   58  607  0.0056  0.0037  0.0021
   44   57  607  0.0056  0.0037  0.0021
   45   51  607  0.0056  0.0037  0.0021
   46   50  607  0.0056  0.0037  0.0021
   47   49  607  0.0056  0.0037  0.0021
   48   47  607  0.0056  0.0037  0.0021
   49   45  607  0.0056  0.0037  0.0021
   50   44  607  0.0056  0.0037  0.0021
   51   43  607  0.0056  0.0037  0.0021
   52   46  607  0.0056  0.0037  0.0021
   53   42  608  0.0056  0.0037  0.0021
   54   41  609  0.0056  0.0037  0.0021
   55   40  609  0.0056  0.0037  0.0021
   56   39  609  0.0056  0.0037  0.0021
   57   38  609  0.0056  0.0037  0.0021
   58   37  609  0.0056  0.0037  0.0021
   59   36  609  0.0055  0.0037  0.0021
   60   35  609  0.0055  0.0037  0.0021
   61   34  609  0.0055  0.0037  0.0021
   62   32  609  0.0055  0.0037  0.0021
   63   31  609  0.0055  0.0037  0.0021
   64   30  610  0.0055  0.0037  0.0021
   65   29  610  0.0055  0.0037  0.0021
   66   28  610  0.0055  0.0037  0.0021
   67   27  610  0.0055  0.0037  0.0021
   68   26  610  0.0055  0.0037  0.0021
   69   25  610  0.0055  0.0037  0.0021
   70   24  610  0.0055  0.0037  0.0021
   71   23  610  0.0055  0.0037  0.0021
   72   22  610  0.0055  0.0037  0.0021
   73   21  611  0.0055  0.0037  0.0021
   74   20  611  0.0055  0.0037  0.0021
   75   22  611  0.0055  0.0037  0.0021

    1  130  715  0.0053  0.0035  0.0021
    46  129  715  0.0053  0.0035  0.0021
    47  127  716  0.0053  0.0035  0.0021
    48  129  716  0.0053  0.0035  0.0021
    49  125  717  0.0053  0.0035  0.0021
    50  124  717  0.0053  0.0035  0.0021
    51  123  717  0.0053  0.0035  0.0021
    52  126  717  0.0053  0.0035  0.0021
    53  123  718  0.0053  0.0035  0.0021
    54  122  718  0.0053  0.0035  0.0021
    55  121  718  0.0052  0.0035  0.0021
    56  120  719  0.0052  0.0035  0.0021
    57  121  719  0.0053  0.0035  0.0021
    58  119  719  0.0052  0.0035  0.0021
    59  118  719  0.0052  0.0034  0.0021
    60  116  720  0.0052  0.0035  0.0021
    61  115  720  0.0052  0.0034  0.0021
    62  114  720  0.0052  0.0035  0.0021
    63  117  720  0.0052  0.0035  0.0021
    64  114  721  0.0052  0.0035  0.0021
    65  113  721  0.0052  0.0035  0.0021
    66  112  721  0.0052  0.0035  0.0021
    67  111  721  0.0052  0.0035  0.0021
    68  110  721  0.0052  0.0035  0.0021
    69  109  721  0.0052  0.0035  0.0021
    70  109  722  0.0052  0.0035  0.0021
    71  108  722  0.0052  0.0035  0.0021
    72  107  722  0.0052  0.0035  0.0021
    73  106  722  0.0052  0.0035  0.0021
    74  104  723  0.0052  0.0035  0.0021
    75  103  723  0.0052  0.0035  0.0021
    76  102  723  0.0052  0.0035  0.0021
    77  101  723  0.0052  0.0035  0.0021
    78  100  723  0.0052  0.0035  0.0021
    79  105  723  0.0052  0.0035  0.0021
    81   98  724  0.0053  0.0035  0.0021
    82   97  724  0.0053  0.0035  0.0021
    83   96  724  0.0053  0.0035  0.0021
    84   94  724  0.0052  0.0034  0.0020
    85   93  725  0.0052  0.0035  0.0021
    86   92  726  0.0055  0.0037  0.0021
    87   91  726  0.0055  0.0037  0.0021
    88   90  726  0.0055  0.0037  0.0021
    89   88  727  0.0056  0.0037  0.0021
    90   89  727  0.0055  0.0037  0.0021
    91   86  728  0.0055  0.0036  0.0021
    92   85  729  0.0055  0.0037  0.0021
    93   84  729  0.0055  0.0037  0.0021
    94   83  729  0.0055  0.0037  0.0021
    95   82  729  0.0055  0.0037  0.0021
    96   80  730  0.0055  0.0036  0.0021
    97   79  730  0.0055  0.0037  0.0021
    98   78  730  0.0055  0.0037  0.0021
    99   81  730  0.0055  0.0036  0.0021
   100   77  731  0.0056  0.0037  0.0021
   101   76  731  0.0055  0.0037  0.0021
   102   75  731  0.0055  0.0037  0.0021
   103   74  732  0.0055  0.0036  0.0021
   104   73  732  0.0055  0.0037  0.0021
   105   72  732  0.0055  0.0036  0.0021
   106   71  732  0.0055  0.0037  0.0021
   107   70  732  0.0055  0.0036  0.0021
   108   69  732  0.0055  0.0036  0.0021
   109   68  732  0.0055  0.0036  0.0021
   110   67  732  0.0055  0.0036  0.0021
   111   66  732  0.0055  0.0036  0.0021
   112   65  733  0.0055  0.0036  0.0021
   113   66  733  0.0055  0.0036  0.0021

    1  129  747  0.0053  0.0035  0.0021
    22  129  748  0.0053  0.0035  0.0021
    23  127  748  0.0053  0.0035  0.0021
    24  128  748  0.0053  0.0035  0.0021
    25  126  748  0.0053  0.0035  0.0021
    26  125  749  0.0053  0.0035  0.0021
    27  126  749  0.0053  0.0035  0.0021
    28  122  749  0.0053  0.0035  0.0021
    30  123  749  0.0053  0.0035  0.0021
    31  121  749  0.0053  0.0035  0.0021
    33  121  750  0.0053  0.0035  0.0021
    37  117  751  0.0053  0.0035  0.0021
    38  116  751  0.0053  0.0035  0.0021
    39  115  751  0.0052  0.0035  0.0021
    40  114  751  0.0053  0.0035  0.0021
    67   89  758  0.0053  0.0035  0.0021
    68   87  758  0.0053  0.0035  0.0021
    69   82  759  0.0055  0.0036  0.0021
    70   85  759  0.0055  0.0036  0.0021
    71   84  759  0.0055  0.0036  0.0021
    72   81  760  0.0055  0.0036  0.0021
    73   80  760  0.0055  0.0036  0.0021
    74   82  760  0.0055  0.0036  0.0021
    75   79  761  0.0055  0.0036  0.0021
    76   78  761  0.0055  0.0036  0.0021
    77   77  761  0.0055  0.0036  0.0021
    78   69  761  0.0055  0.0036  0.0021
    79   75  761  0.0055  0.0036  0.0021
    80   74  761  0.0055  0.0036  0.0021
    81   73  761  0.0055  0.0036  0.0021
    82   72  761  0.0055  0.0036  0.0021
    83   70  761  0.0055  0.0036  0.0021
    84   76  761  0.0055  0.0036  0.0021
    85   60  765  0.0055  0.0036  0.0021
    86   61  765  0.0055  0.0036  0.0021
    87   59  766  0.0055  0.0036  0.0021
    88   60  766  0.0055  0.0036  0.0021
    89   57  767  0.0055  0.0036  0.0021
    90   56  767  0.0055  0.0036  0.0021
    91   58  767  0.0055  0.0036  0.0021
    92   55  768  0.0055  0.0037  0.0021
    93   54  768  0.0055  0.0036  0.0021
    94   53  768  0.0055  0.0036  0.0021
    95   51  769  0.0055  0.0036  0.0021
    96   50  769  0.0055  0.0036  0.0021
    97   48  769  0.0055  0.0036  0.0021
    98   52  769  0.0055  0.0036  0.0021
    99   48  770  0.0055  0.0036  0.0021
   100   47  770  0.0055  0.0036  0.0021
   101   45  771  0.0055  0.0036  0.0021
   102   46  771  0.0055  0.0036  0.0021
   103   44  772  0.0055  0.0036  0.0021
   104   43  772  0.0055  0.0036  0.0021
   105   42  772  0.0054  0.0036  0.0021
   106   41  772  0.0054  0.0036  0.0021
   107   40  772  0.0054  0.0036  0.0021
   108   39  772  0.0054  0.0036  0.0021
   109   38  773  0.0055  0.0036  0.0021
   110   37  773  0.0055  0.0036  0.0021
   111   36  773  0.0054  0.0036  0.0021
   112   35  773  0.0054  0.0036  0.0021
   113   39  773  0.0054  0.0036  0.0021
   114   35  774  0.0054  0.0036  0.0021
   115   34  774  0.0054  0.0036  0.0021
   116   33  774  0.0054  0.0036  0.0021
   117   32  774  0.0054  0.0036  0.0021
   118   32  775  0.0054  0.0036  0.0021
   119   31  775  0.0054  0.0036  0.0021
   120   30  775  0.0054  0.0036  0.0021
   121   29  775  0.0054  0.0036  0.0021
   122   28  775  0.0054  0.0036  0.0021
   123   27  775  0.0054  0.0036  0.0021
   124   26  775  0.0054  0.0036  0.0021
   125   25  775  0.0054  0.0036  0.0021
   126   24  775  0.0054  0.0036  0.0021
   127   23  776  0.0054  0.0036  0.0021
   128   22  776  0.0054  0.0036  0.0021
   129   21  776  0.0054  0.0036  0.0021
   130   24  776  0.0054  0.0036  0.0021
   131   20  777  0.0054  0.0036  0.0021

     1  175  671  0.0056  0.0037  0.0021
     2  174  671  0.0056  0.0037  0.0021
     3  173  671  0.0056  0.0037  0.0021
     4  176  671  0.0056  0.0037  0.0021
     5  171  672  0.0056  0.0037  0.0021
     6  170  672  0.0056  0.0037  0.0021
     7  172  672  0.0056  0.0037  0.0021
     8  169  673  0.0056  0.0037  0.0021
     9  168  673  0.0056  0.0037  0.0021
    10  167  673  0.0056  0.0037  0.0021
    11  164  674  0.0056  0.0037  0.0021
    12  165  674  0.0056  0.0037  0.0021
    13  162  675  0.0057  0.0037  0.0021
    14  161  675  0.0056  0.0037  0.0021
    15  163  675  0.0056  0.0037  0.0021
    16  161  676  0.0056  0.0037  0.0021
    17  160  676  0.0056  0.0037  0.0021
    18  159  676  0.0057  0.0037  0.0021
    19  157  677  0.0057  0.0037  0.0021
    20  156  677  0.0056  0.0037  0.0021
    21  155  677  0.0056  0.0037  0.0021
    22  154  677  0.0056  0.0037  0.0021
    23  153  677  0.0056  0.0037  0.0021
    24  158  677  0.0057  0.0037  0.0021
    25  152  678  0.0056  0.0037  0.0021
    26  151  678  0.0056  0.0037  0.0021
    27  150  678  0.0056  0.0037  0.0021
    28  149  678  0.0056  0.0037  0.0021
    29  148  679  0.0056  0.0037  0.0021
    30  147  679  0.0056  0.0037  0.0021
    31  146  679  0.0056  0.0037  0.0021
    32  149  679  0.0056  0.0037  0.0021
    33  143  680  0.0056  0.0037  0.0021
    34  145  680  0.0056  0.0037  0.0021
    35  141  681  0.0056  0.0037  0.0021
    36  140  681  0.0056  0.0037  0.0021
    51  124  684  0.0056  0.0037  0.0021
    52  123  684  0.0056  0.0037  0.0021
    53  121  684  0.0056  0.0037  0.0021
    54  122  684  0.0056  0.0037  0.0021
    55  121  685  0.0056  0.0037  0.0021
    56  118  685  0.0056  0.0037  0.0021
    57  117  685  0.0056  0.0037  0.0021
    58  116  685  0.0056  0.0037  0.0021
    59  119  685  0.0056  0.0037  0.0021
    60  113  686  0.0056  0.0037  0.0021
    61  116  686  0.0055  0.0037  0.0021
    62  112  686  0.0056  0.0037  0.0021
    63  111  686  0.0056  0.0037  0.0021
    64  110  686  0.0056  0.0037  0.0021
    65  115  686  0.0055  0.0037  0.0021
    66  114  686  0.0056  0.0037  0.0021
    67  108  686  0.0056  0.0037  0.0021
    68  106  686  0.0055  0.0037  0.0021
    69  109  686  0.0055  0.0037  0.0021
    70  104  687  0.0055  0.0037  0.0021
    71  103  687  0.0056  0.0037  0.0021
    72  105  687  0.0055  0.0037  0.0021
    73  102  688  0.0056  0.0037  0.0021
    74  101  688  0.0056  0.0037  0.0021
    75  100  688  0.0056  0.0037  0.0021
    76  103  688  0.0055  0.0037  0.0021
    77  100  689  0.0056  0.0037  0.0021
    78   99  689  0.0055  0.0037  0.0021
    79   98  689  0.0055  0.0037  0.0021
    80   97  689  0.0055  0.0037  0.0021
    81   96  689  0.0055  0.0037  0.0021
    82   95  690  0.0055  0.0037  0.0021
    83   94  690  0.0055  0.0037  0.0021
    84   96  690  0.0055  0.0037  0.0021
    85   92  691  0.0055  0.0037  0.0021
    86   91  691  0.0055  0.0037  0.0021
    87   93  691  0.0055  0.0037  0.0021
    88   91  692  0.0055  0.0037  0.0021
    89   90  692  0.0055  0.0037  0.0021
    90   89  692  0.0055  0.0037  0.0021
    91   88  692  0.0055  0.0037  0.0021
    92   87  692  0.0055  0.0037  0.0021
    93   86  692  0.0055  0.0037  0.0021
    94   85  692  0.0055  0.0037  0.0021
    95   84  692  0.0055  0.0037  0.0021
    96   83  692  0.0055  0.0037  0.0021
    97   82  692  0.0055  0.0037  0.0021
    98   82  693  0.0055  0.0037  0.0021
    99   79  694  0.0055  0.0037  0.0021
   100   80  694  0.0055  0.0037  0.0021
   101   79  695  0.0055  0.0037  0.0021
   102   78  695  0.0055  0.0037  0.0021
   103   77  695  0.0055  0.0037  0.0021
   104   76  695  0.0055  0.0037  0.0021
   105   75  695  0.0055  0.0037  0.0021
   106   74  695  0.0055  0.0037  0.0021
   107   73  695  0.0055  0.0037  0.0021
   108   72  696  0.0055  0.0037  0.0021
   109   71  696  0.0055  0.0037  0.0021
   110   70  696  0.0055  0.0037  0.0021
   111   68  696  0.0055  0.0037  0.0021
   112   67  697  0.0055  0.0037  0.0021
   113   66  697  0.0055  0.0037  0.0021
   114   65  697  0.0055  0.0037  0.0021
   115   68  697  0.0055  0.0037  0.0021
   116   63  698  0.0055  0.0037  0.0021
   117   61  698  0.0055  0.0037  0.0021
   118   60  698  0.0055  0.0037  0.0021
   119   59  698  0.0055  0.0037  0.0021
   120   58  698  0.0055  0.0037  0.0021
   121   57  698  0.0055  0.0037  0.0021

    1  116  638  0.0056  0.0037  0.0021
    2  115  639  0.0056  0.0037  0.0021
    3  114  639  0.0056  0.0037  0.0021
    4  116  639  0.0056  0.0037  0.0021
    5  113  640  0.0056  0.0037  0.0021
    6  112  640  0.0056  0.0037  0.0021
    7  114  640  0.0056  0.0037  0.0021
    8  111  641  0.0056  0.0037  0.0021
    9  109  642  0.0056  0.0037  0.0021
   10  110  642  0.0056  0.0037  0.0021
   11  108  643  0.0056  0.0037  0.0021
   12  106  643  0.0056  0.0037  0.0021
   13  105  643  0.0056  0.0037  0.0021
   14  104  643  0.0056  0.0037  0.0021
   15  109  643  0.0056  0.0037  0.0021
   16  103  644  0.0056  0.0037  0.0021
   17  102  644  0.0056  0.0037  0.0021
   18  101  644  0.0056  0.0037  0.0021
   19  100  645  0.0056  0.0037  0.0021
   20   99  645  0.0056  0.0037  0.0021
   21  101  645  0.0056  0.0037  0.0021
   22   97  646  0.0056  0.0037  0.0021
   23   96  646  0.0056  0.0037  0.0021
   24   95  646  0.0056  0.0037  0.0021
   25   98  646  0.0056  0.0037  0.0021
   26   94  647  0.0056  0.0037  0.0021
   27   93  647  0.0056  0.0037  0.0021
   28   92  647  0.0056  0.0037  0.0021
   29   90  648  0.0056  0.0037  0.0021
   30   91  648  0.0056  0.0037  0.0021
   31   89  648  0.0056  0.0037  0.0021
   32   87  648  0.0056  0.0037  0.0021
   33   86  649  0.0056  0.0037  0.0021
   34   87  649  0.0056  0.0037  0.0021
   35   85  650  0.0055  0.0037  0.0021
   36   84  650  0.0056  0.0037  0.0021
   37   83  650  0.0055  0.0037  0.0021
   38   82  650  0.0055  0.0037  0.0021
   39   81  650  0.0055  0.0037  0.0021
   40   80  650  0.0055  0.0037  0.0021
   41   79  650  0.0055  0.0037  0.0021
   42   78  650  0.0055  0.0037  0.0021
   43   77  650  0.0055  0.0037  0.0021
   44   76  650  0.0055  0.0037  0.0021
   45   75  650  0.0055  0.0037  0.0021
   46   75  651  0.0055  0.0037  0.0021
   47   74  651  0.0055  0.0037  0.0021
   48   73  651  0.0055  0.0037  0.0021
   49   72  651  0.0055  0.0037  0.0021
   50   71  651  0.0055  0.0037  0.0021
   51   70  651  0.0055  0.0037  0.0021
   52   69  651  0.0055  0.0037  0.0021
   53   68  651  0.0055  0.0037  0.0021
   54   67  651  0.0055  0.0037  0.0021
   55   66  651  0.0055  0.0037  0.0021
   56   65  651  0.0055  0.0037  0.0021
   57   64  651  0.0055  0.0037  0.0021
   58   63  651  0.0055  0.0037  0.0021
   59   62  651  0.0055  0.0037  0.0021

    1  39  620  0.0055  0.0037  0.0021
    2  38  620  0.0055  0.0037  0.0021
    3  40  620  0.0055  0.0037  0.0021
    4  38  621  0.0055  0.0037  0.0021
    5  37  621  0.0055  0.0037  0.0021
    6  36  621  0.0055  0.0037  0.0021
    7  35  621  0.0055  0.0037  0.0021
    8  34  621  0.0055  0.0037  0.0021
    9  33  621  0.0055  0.0037  0.0021
   10  32  621  0.0055  0.0037  0.0021
   11  31  621  0.0055  0.0037  0.0021
   12  29  621  0.0055  0.0037  0.0021
   13  25  621  0.0055  0.0037  0.0021
   14  27  621  0.0055  0.0037  0.0021
   15  24  622  0.0055  0.0037  0.0021
   16  25  622  0.0055  0.0037  0.0021
   17  23  623  0.0055  0.0037  0.0021
   18  22  623  0.0055  0.0037  0.0021
   19  19  623  0.0055  0.0037  0.0021
   20  21  623  0.0055  0.0037  0.0021
   21  20  623  0.0055  0.0037  0.0021
   22  18  624  0.0055  0.0037  0.0021

    1  43  615  0.0055  0.0037  0.0021
    2  42  615  0.0055  0.0037  0.0021
    3  41  615  0.0055  0.0037  0.0021
    4  44  615  0.0056  0.0037  0.0021
    5  41  616  0.0055  0.0037  0.0021
    6  40  616  0.0055  0.0037  0.0021
    7  39  616  0.0055  0.0037  0.0021
    8  38  616  0.0055  0.0037  0.0021
    9  37  616  0.0055  0.0037  0.0021
   10  37  617  0.0055  0.0037  0.0021
   11  36  617  0.0055  0.0037  0.0021
   12  35  617  0.0055  0.0037  0.0021
   13  34  617  0.0055  0.0037  0.0021
   14  33  617  0.0055  0.0037  0.0021
   15  32  617  0.0055  0.0037  0.0021
   16  31  617  0.0055  0.0037  0.0021
   17  25  617  0.0055  0.0037  0.0021
   18  26  617  0.0055  0.0037  0.0021
   19  27  617  0.0055  0.0037  0.0021
   20  28  617  0.0055  0.0037  0.0021
   21  29  617  0.0055  0.0037  0.0021
   22  30  617  0.0055  0.0037  0.0021
   23  24  618  0.0055  0.0037  0.0021
   24  23  618  0.0055  0.0037  0.0021
   25  22  618  0.0055  0.0037  0.0021
   26  20  618  0.0055  0.0037  0.0021
   27  25  618  0.0055  0.0037  0.0021
   28  20  619  0.0055  0.0037  0.0021
   29  19  619  0.0055  0.0037  0.0021

    1  52  625  0.0056  0.0037  0.0021
    2  51  625  0.0056  0.0037  0.0021
    3  53  625  0.0056  0.0037  0.0021
    4  50  626  0.0056  0.0037  0.0021
    5  49  626  0.0056  0.0037  0.0021
    6  48  626  0.0056  0.0037  0.0021
    7  47  627  0.0056  0.0037  0.0021
    8  46  627  0.0056  0.0037  0.0021
    9  44  627  0.0055  0.0037  0.0021
   10  48  627  0.0056  0.0037  0.0021
   11  44  628  0.0056  0.0037  0.0021
   12  42  628  0.0055  0.0037  0.0021
   13  41  628  0.0055  0.0037  0.0021
   14  40  628  0.0055  0.0037  0.0021
   15  39  628  0.0055  0.0037  0.0021
   16  43  628  0.0055  0.0037  0.0021
   17  35  629  0.0055  0.0037  0.0021
   18  38  629  0.0055  0.0037  0.0021
   19  37  629  0.0055  0.0037  0.0021
   20  36  629  0.0055  0.0037  0.0021
   21  39  629  0.0055  0.0037  0.0021
   22  30  630  0.0055  0.0037  0.0021
   23  31  630  0.0055  0.0037  0.0021
   24  29  630  0.0055  0.0037  0.0021
   25  34  630  0.0055  0.0037  0.0021
   26  25  630  0.0055  0.0037  0.0021
   27  28  630  0.0055  0.0037  0.0021
   28  27  630  0.0055  0.0037  0.0021
   29  24  630  0.0055  0.0037  0.0021
   30  32  630  0.0055  0.0037  0.0021
   31  23  630  0.0055  0.0037  0.0021
   32  22  630  0.0055  0.0037  0.0021
   33  21  630  0.0055  0.0037  0.0021
   34  20  630  0.0055  0.0037  0.0021
   35  26  630  0.0055  0.0037  0.0021
   36  19  631  0.0055  0.0037  0.0021
   37  18  631  0.0055  0.0037  0.0021
   38  17  631  0.0055  0.0037  0.0021

    1  586  466  0.0061  0.0037  0.0021
    2  585  466  0.0061  0.0037  0.0021
    3  584  466  0.0061  0.0037  0.0021
    4  587  466  0.0061  0.0037  0.0021
    5  583  467  0.0061  0.0037  0.0021
    6  582  467  0.0061  0.0037  0.0021
    7  584  467  0.0061  0.0037  0.0021
    8  581  468  0.0061  0.0037  0.0021
    9  580  468  0.0061  0.0037  0.0021
   10  579  468  0.0061  0.0037  0.0021
   11  578  468  0.0061  0.0037  0.0021
   12  577  468  0.0061  0.0037  0.0021
   13  576  468  0.0061  0.0037  0.0021
   14  575  468  0.0061  0.0037  0.0021
   15  574  468  0.0061  0.0037  0.0021
   16  573  468  0.0061  0.0037  0.0021
   17  571  469  0.0061  0.0037  0.0021
   18  572  469  0.0061  0.0037  0.0021
   19  569  470  0.0061  0.0037  0.0021
   20  568  470  0.0061  0.0037  0.0021
   21  567  470  0.0061  0.0037  0.0021
   22  570  470  0.0061  0.0037  0.0021
   23  566  471  0.0061  0.0037  0.0021
   24  565  471  0.0061  0.0037  0.0021
   25  564  471  0.0061  0.0037  0.0021
   26  563  471  0.0061  0.0037  0.0021
   27  562  471  0.0061  0.0037  0.0021
   28  561  471  0.0061  0.0037  0.0021
   29  560  471  0.0061  0.0037  0.0021
   30  559  471  0.0061  0.0037  0.0021
   31  558  471  0.0061  0.0037  0.0021
   32  557  471  0.0061  0.0037  0.0021
   33  556  471  0.0061  0.0037  0.0021
   34  555  471  0.0061  0.0037  0.0021
   35  553  472  0.0061  0.0037  0.0021
   36  552  472  0.0061  0.0037  0.0021
   37  551  472  0.0061  0.0037  0.0021
   38  550  472  0.0061  0.0037  0.0021
   39  554  472  0.0061  0.0037  0.0021
   40  550  473  0.0061  0.0037  0.0021
   41  549  473  0.0061  0.0037  0.0021
   42  548  473  0.0061  0.0037  0.0021
   43  546  473  0.0061  0.0037  0.0021
   44  547  473  0.0061  0.0037  0.0021
   45  546  474  0.0061  0.0037  0.0021
   47  545  474  0.0061  0.0037  0.0021
   48  544  474  0.0061  0.0037  0.0021
   54  536  475  0.0060  0.0037  0.0021
   55  535  475  0.0061  0.0037  0.0021
   56  534  475  0.0061  0.0037  0.0021
   57  533  475  0.0061  0.0037  0.0021
   58  532  475  0.0061  0.0037  0.0021
   59  531  475  0.0061  0.0037  0.0021
   60  530  475  0.0061  0.0037  0.0021
   61  529  475  0.0061  0.0037  0.0021
   62  528  475  0.0061  0.0037  0.0021
   63  527  475  0.0061  0.0037  0.0021
   64  526  476  0.0060  0.0037  0.0021
   65  525  476  0.0060  0.0037  0.0021
   66  524  476  0.0060  0.0037  0.0021
   67  523  476  0.0060  0.0037  0.0021
   68  521  476  0.0060  0.0037  0.0021
   69  519  476  0.0060  0.0037  0.0021
   70  518  476  0.0060  0.0037  0.0021
   71  518  477  0.0060  0.0037  0.0021
   72  516  477  0.0060  0.0037  0.0021
   73  515  477  0.0060  0.0037  0.0021
   74  514  477  0.0060  0.0037  0.0021
   75  513  477  0.0060  0.0037  0.0021
   76  512  477  0.0060  0.0037  0.0021
   77  511  477  0.0060  0.0037  0.0021
   78  510  477  0.0060  0.0037  0.0021
   79  508  477  0.0060  0.0037  0.0021
   80  507  477  0.0060  0.0037  0.0021
   81  506  477  0.0060  0.0037  0.0021
   82  505  477  0.0060  0.0037  0.0021
   83  504  477  0.0060  0.0037  0.0021
   84  503  477  0.0060  0.0037  0.0021
   85  502  477  0.0060  0.0037  0.0021
   86  501  477  0.0060  0.0037  0.0021
   87  500  477  0.0060  0.0037  0.0021
   88  499  477  0.0060  0.0037  0.0021
   89  498  477  0.0060  0.0037  0.0021
   90  497  477  0.0060  0.0037  0.0021

    1  746  506  0.0063  0.0037  0.0022
    2  747  506  0.0063  0.0037  0.0022
    3  744  507  0.0063  0.0037  0.0022
    4  743  507  0.0063  0.0037  0.0022
    5  745  507  0.0063  0.0037  0.0022
    6  743  508  0.0063  0.0037  0.0022
    7  742  508  0.0063  0.0037  0.0022
    8  741  508  0.0062  0.0037  0.0022
    9  740  508  0.0063  0.0037  0.0022
   10  739  508  0.0063  0.0037  0.0022
   11  738  508  0.0063  0.0037  0.0022
   12  735  509  0.0062  0.0037  0.0022
   13  734  509  0.0062  0.0037  0.0022
   14  736  509  0.0062  0.0037  0.0022
   15  734  510  0.0063  0.0037  0.0022
   16  733  510  0.0062  0.0037  0.0022
   17  732  510  0.0062  0.0037  0.0022
   18  731  510  0.0062  0.0037  0.0022
   19  730  510  0.0062  0.0037  0.0022
   20  728  511  0.0062  0.0037  0.0022
   21  727  511  0.0062  0.0037  0.0022
   22  726  511  0.0063  0.0037  0.0022
   23  725  511  0.0062  0.0037  0.0022
   24  724  511  0.0062  0.0037  0.0022
   25  723  511  0.0062  0.0037  0.0022
   26  729  511  0.0062  0.0037  0.0022
   27  723  512  0.0062  0.0037  0.0022
   28  722  512  0.0062  0.0037  0.0022
   29  721  512  0.0062  0.0037  0.0022
   30  719  513  0.0062  0.0037  0.0022
   31  718  513  0.0062  0.0037  0.0022
   32  715  513  0.0062  0.0037  0.0022
   33  720  513  0.0062  0.0037  0.0022
   34  714  514  0.0062  0.0037  0.0022
   35  713  514  0.0062  0.0037  0.0022
   36  712  514  0.0062  0.0037  0.0022
   37  711  514  0.0062  0.0037  0.0022
   38  708  514  0.0062  0.0037  0.0022
   39  709  514  0.0062  0.0037  0.0022
   40  710  514  0.0062  0.0037  0.0022
   41  706  515  0.0062  0.0037  0.0022
   42  705  515  0.0062  0.0037  0.0022
   43  704  515  0.0062  0.0037  0.0022
   44  703  515  0.0062  0.0037  0.0022
   45  702  515  0.0062  0.0037  0.0022
   46  701  515  0.0062  0.0037  0.0022
   47  707  515  0.0062  0.0037  0.0022
   48  701  516  0.0062  0.0037  0.0022
   49  700  516  0.0062  0.0037  0.0022
   50  699  516  0.0062  0.0037  0.0022
   51  698  517  0.0062  0.0037  0.0022
   52  697  517  0.0062  0.0037  0.0022
   53  695  517  0.0062  0.0037  0.0022
   54  699  517  0.0062  0.0037  0.0022
   55  695  518  0.0062  0.0037  0.0022
   56  694  518  0.0062  0.0037  0.0022
   57  693  518  0.0062  0.0037  0.0022
   58  692  518  0.0062  0.0037  0.0022
   59  691  518  0.0062  0.0037  0.0022
   60  690  518  0.0062  0.0037  0.0022
   61  689  518  0.0062  0.0037  0.0022
   62  688  518  0.0062  0.0037  0.0022
   63  687  518  0.0062  0.0037  0.0022
   64  685  519  0.0062  0.0037  0.0022
   65  684  519  0.0062  0.0037  0.0022
   66  683  519  0.0062  0.0037  0.0022
   67  682  519  0.0062  0.0037  0.0022
   68  686  519  0.0062  0.0037  0.0022
   69  682  520  0.0062  0.0037  0.0022
   70  681  520  0.0062  0.0037  0.0022
   71  680  520  0.0062  0.0037  0.0022
   72  679  520  0.0062  0.0037  0.0022
   73  678  520  0.0062  0.0037  0.0022
   74  677  520  0.0062  0.0037  0.0022
   75  676  520  0.0062  0.0037  0.0022
   76  675  520  0.0062  0.0037  0.0022
   77  674  520  0.0062  0.0037  0.0022

    1  1273  68  0.0070  0.0038  0.0021
    2  1273  69  0.0070  0.0038  0.0021
    3  1271  70  0.0070  0.0038  0.0021
    4  1268  71  0.0070  0.0038  0.0021
    5  1269  71  0.0070  0.0038  0.0021
    6  1268  72  0.0070  0.0038  0.0021
    7  1267  72  0.0070  0.0038  0.0021
    8  1266  72  0.0070  0.0038  0.0021
    9  1265  72  0.0070  0.0038  0.0021
   10  1265  73  0.0070  0.0038  0.0021
   11  1262  74  0.0070  0.0038  0.0021
   12  1263  74  0.0070  0.0038  0.0021
   13  1261  75  0.0070  0.0038  0.0021
   14  1260  76  0.0070  0.0038  0.0021
   15  1259  76  0.0070  0.0038  0.0021
   16  1261  76  0.0070  0.0038  0.0021
   17  1259  77  0.0069  0.0038  0.0021
   18  1258  78  0.0069  0.0038  0.0020
   19  1257  78  0.0069  0.0038  0.0020
   20  1256  78  0.0069  0.0038  0.0021
   21  1255  79  0.0069  0.0038  0.0021
   22  1256  79  0.0069  0.0038  0.0021
   23  1253  81  0.0070  0.0038  0.0021
   24  1254  81  0.0069  0.0038  0.0021
   25  1253  82  0.0070  0.0038  0.0021
   26  1252  82  0.0070  0.0038  0.0021
   27  1252  83  0.0070  0.0038  0.0021
   28  1251  84  0.0070  0.0038  0.0021
   29  1250  85  0.0070  0.0038  0.0021
   30  1251  85  0.0070  0.0038  0.0021
   31  1250  86  0.0070  0.0038  0.0021
   32  1249  87  0.0070  0.0038  0.0021
   33  1250  87  0.0070  0.0038  0.0021
   34  1248  88  0.0070  0.0038  0.0021
   35  1249  88  0.0070  0.0038  0.0021
   36  1248  89  0.0070  0.0038  0.0021
   37  1247  89  0.0070  0.0038  0.0021
   38  1246  89  0.0070  0.0038  0.0021
   39  1245  89  0.0070  0.0038  0.0021
   40  1244  89  0.0070  0.0038  0.0021
   41  1243  89  0.0069  0.0038  0.0021
   42  1242  89  0.0069  0.0038  0.0021
   43  1241  89  0.0069  0.0038  0.0021
   44  1240  89  0.0069  0.0038  0.0021
   45  1239  89  0.0069  0.0038  0.0020
   46  1238  89  0.0069  0.0038  0.0020
   47  1237  90  0.0069  0.0038  0.0020
   48  1236  90  0.0069  0.0038  0.0020
   49  1235  90  0.0069  0.0038  0.0021
   50  1234  90  0.0069  0.0038  0.0021
   51  1238  90  0.0069  0.0038  0.0020

    1  1269   81  0.0070  0.0038  0.0021
    2  1268   82  0.0070  0.0038  0.0021
    3  1266   83  0.0070  0.0038  0.0021
    4  1265   84  0.0070  0.0038  0.0021
    5  1266   84  0.0070  0.0038  0.0021
    6  1263   85  0.0070  0.0038  0.0021
    7  1263   86  0.0070  0.0038  0.0021
    8  1262   87  0.0070  0.0038  0.0021
    9  1261   87  0.0070  0.0038  0.0021
   10  1259   88  0.0070  0.0038  0.0021
   11  1260   88  0.0070  0.0038  0.0021
   12  1258   89  0.0070  0.0038  0.0021
   13  1257   89  0.0070  0.0038  0.0021
   14  1259   89  0.0070  0.0038  0.0021
   15  1257   90  0.0070  0.0038  0.0021
   16  1255   91  0.0070  0.0038  0.0021
   17  1256   91  0.0070  0.0038  0.0021
   18  1255   92  0.0070  0.0038  0.0021
   19  1253   93  0.0070  0.0038  0.0021
   20  1252   93  0.0070  0.0038  0.0021
   21  1254   93  0.0070  0.0038  0.0021
   22  1251   94  0.0070  0.0038  0.0021
   23  1250   94  0.0070  0.0038  0.0021
   24  1252   94  0.0070  0.0038  0.0021
   25  1249   95  0.0070  0.0038  0.0021
   26  1248   96  0.0070  0.0038  0.0021
   27  1247   96  0.0070  0.0038  0.0021
   28  1246   96  0.0070  0.0038  0.0021
   29  1245   97  0.0070  0.0038  0.0021
   30  1246   97  0.0070  0.0038  0.0021
   31  1244   98  0.0070  0.0038  0.0021
   32  1245   98  0.0070  0.0038  0.0021
   33  1243   98  0.0070  0.0038  0.0021
   34  1242   98  0.0070  0.0038  0.0021
   35  1240   99  0.0070  0.0038  0.0021
   36  1239   99  0.0070  0.0038  0.0021
   37  1238   99  0.0070  0.0038  0.0021
   38  1237   99  0.0070  0.0038  0.0021
   39  1241   99  0.0070  0.0038  0.0021
   40  1235  100  0.0069  0.0038  0.0021
   41  1234  100  0.0069  0.0038  0.0021
   42  1233  101  0.0069  0.0038  0.0021
   43  1232  101  0.0069  0.0038  0.0021
   44  1234  101  0.0069  0.0038  0.0021
   45  1231  102  0.0069  0.0038  0.0021
   46  1230  102  0.0069  0.0038  0.0021
   47  1232  102  0.0069  0.0038  0.0021
   48  1230  103  0.0069  0.0038  0.0021
   49  1229  103  0.0069  0.0038  0.0021
   50  1228  103  0.0069  0.0038  0.0021
   51  1227  103  0.0069  0.0038  0.0021
   52  1224  104  0.0069  0.0038  0.0021
   53  1225  104  0.0069  0.0038  0.0021
   54  1222  105  0.0069  0.0038  0.0021
   55  1221  105  0.0069  0.0038  0.0021
   56  1223  105  0.0069  0.0038  0.0021
   57  1221  106  0.0069  0.0038  0.0021
   58  1220  106  0.0069  0.0038  0.0021
   59  1219  107  0.0069  0.0038  0.0021
   60  1218  107  0.0069  0.0038  0.0021
   61  1217  107  0.0069  0.0038  0.0021
   62  1216  107  0.0069  0.0038  0.0021
   63  1220  107  0.0069  0.0038  0.0021

    1  1273   88  0.0070  0.0038  0.0021
    2  1271   89  0.0070  0.0038  0.0021
    3  1270   90  0.0070  0.0038  0.0021
    4  1269   90  0.0070  0.0038  0.0021
    5  1271   90  0.0070  0.0038  0.0021
    6  1269   91  0.0070  0.0038  0.0021
    7  1268   92  0.0070  0.0038  0.0021
    8  1269   92  0.0070  0.0038  0.0021
    9  1267   93  0.0070  0.0038  0.0021
   10  1268   93  0.0070  0.0038  0.0021
   11  1266   94  0.0070  0.0038  0.0021
   12  1265   95  0.0070  0.0038  0.0021
   13  1264   96  0.0070  0.0038  0.0021
   14  1265   96  0.0070  0.0038  0.0021
   15  1263   97  0.0070  0.0038  0.0021
   16  1262   98  0.0070  0.0038  0.0021
   17  1260  100  0.0070  0.0038  0.0021
   18  1259  100  0.0070  0.0038  0.0021
   19  1258  101  0.0070  0.0038  0.0021
   20  1257  102  0.0070  0.0038  0.0021
   21  1256  103  0.0070  0.0038  0.0021
   22  1255  103  0.0070  0.0038  0.0021
   23  1257  103  0.0070  0.0038  0.0021
   24  1255  104  0.0070  0.0038  0.0021
   25  1254  104  0.0070  0.0038  0.0021
   26  1251  104  0.0070  0.0038  0.0021
   27  1252  104  0.0070  0.0038  0.0021
   28  1253  104  0.0070  0.0038  0.0021
   29  1250  105  0.0070  0.0038  0.0021
   30  1251  105  0.0070  0.0038  0.0021
   31  1249  106  0.0070  0.0038  0.0021
   32  1250  106  0.0070  0.0038  0.0021
   33  1249  107  0.0070  0.0038  0.0021
   34  1248  107  0.0070  0.0038  0.0021
   35  1247  108  0.0070  0.0038  0.0021
   36  1246  108  0.0070  0.0038  0.0021
   37  1244  108  0.0070  0.0038  0.0021
   38  1248  108  0.0070  0.0038  0.0021
   39  1243  109  0.0070  0.0038  0.0021
   40  1242  109  0.0070  0.0038  0.0021
   41  1240  109  0.0070  0.0038  0.0021
   42  1237  110  0.0069  0.0038  0.0021
   43  1236  111  0.0069  0.0038  0.0021
   44  1235  111  0.0069  0.0038  0.0021
   45  1237  111  0.0069  0.0038  0.0021
   46  1233  112  0.0069  0.0038  0.0021
   47  1232  113  0.0069  0.0038  0.0021
   48  1231  113  0.0069  0.0038  0.0021
   49  1230  113  0.0069  0.0038  0.0021
   50  1229  114  0.0069  0.0038  0.0021
   51  1230  114  0.0069  0.0038  0.0021
   52  1228  115  0.0069  0.0038  0.0021
   53  1229  115  0.0069  0.0038  0.0021

    1  243  589  0.0057  0.0037  0.0021
    4  242  590  0.0057  0.0037  0.0021
    5  241  590  0.0057  0.0037  0.0021
    6  240  590  0.0057  0.0037  0.0021
    7  239  590  0.0057  0.0037  0.0021
    8  238  590  0.0057  0.0037  0.0021
    9  236  590  0.0057  0.0037  0.0021
   16  225  592  0.0057  0.0037  0.0021
   17  224  592  0.0057  0.0037  0.0021
   18  223  592  0.0057  0.0037  0.0021
   24  214  593  0.0057  0.0037  0.0021
   25  216  593  0.0057  0.0037  0.0021
   26  212  594  0.0057  0.0037  0.0021
   27  213  594  0.0057  0.0037  0.0021
   28  212  595  0.0057  0.0037  0.0021
   29  211  595  0.0057  0.0037  0.0021
   30  210  595  0.0057  0.0037  0.0021
   31  209  595  0.0057  0.0037  0.0021
   32  208  595  0.0057  0.0037  0.0021
   33  207  595  0.0057  0.0037  0.0021
   34  205  595  0.0057  0.0037  0.0021
   35  204  595  0.0057  0.0037  0.0021
   36  203  595  0.0057  0.0037  0.0021
   37  201  596  0.0057  0.0037  0.0021
   38  202  596  0.0057  0.0037  0.0021
   39  198  597  0.0057  0.0037  0.0021
   40  200  597  0.0057  0.0037  0.0021
   41  198  598  0.0057  0.0037  0.0021
   42  197  598  0.0057  0.0037  0.0021
   43  196  598  0.0057  0.0037  0.0021
   44  195  598  0.0057  0.0037  0.0021
   45  194  598  0.0057  0.0037  0.0021
   46  193  598  0.0057  0.0037  0.0021

     1  166  584  0.0057  0.0037  0.0021
     2  165  584  0.0057  0.0037  0.0021
     3  167  584  0.0057  0.0037  0.0021
     4  163  585  0.0057  0.0037  0.0021
     5  162  585  0.0057  0.0037  0.0021
     6  161  585  0.0057  0.0037  0.0021
     7  160  585  0.0057  0.0037  0.0021
     8  164  585  0.0057  0.0037  0.0021
     9  159  586  0.0057  0.0037  0.0021
    10  158  586  0.0057  0.0037  0.0021
    11  157  586  0.0057  0.0037  0.0021
    12  155  587  0.0057  0.0037  0.0021
    13  154  587  0.0057  0.0037  0.0021
    14  153  587  0.0057  0.0037  0.0021
    15  152  587  0.0057  0.0037  0.0021
    16  151  587  0.0057  0.0037  0.0021
    17  156  587  0.0057  0.0037  0.0021
    18  150  588  0.0057  0.0037  0.0021
    19  149  588  0.0057  0.0037  0.0021
    20  148  588  0.0057  0.0037  0.0021
    21  147  588  0.0057  0.0037  0.0021
    22  145  589  0.0056  0.0037  0.0021
    23  144  589  0.0056  0.0037  0.0021
    24  143  589  0.0056  0.0037  0.0021
    25  142  589  0.0056  0.0037  0.0021
    26  141  589  0.0056  0.0037  0.0021
    27  140  589  0.0056  0.0037  0.0021
    28  139  589  0.0056  0.0037  0.0021
    29  146  589  0.0057  0.0037  0.0021
    30  138  590  0.0056  0.0037  0.0021
    31  137  590  0.0056  0.0037  0.0021
    32  127  590  0.0056  0.0037  0.0021
    33  126  590  0.0056  0.0037  0.0021
    34  132  591  0.0056  0.0037  0.0021
    35  131  591  0.0056  0.0037  0.0021
    36  130  591  0.0056  0.0037  0.0021
    37  129  591  0.0056  0.0037  0.0021
    38  136  591  0.0056  0.0037  0.0021
    39  133  591  0.0056  0.0037  0.0021
    40  135  591  0.0056  0.0037  0.0021
    41   87  592  0.0056  0.0037  0.0021
    42   84  592  0.0056  0.0037  0.0021
    43   85  592  0.0056  0.0037  0.0021
    44   86  592  0.0056  0.0037  0.0021
    45   88  592  0.0056  0.0037  0.0021
    46   93  592  0.0056  0.0037  0.0021
    47   92  592  0.0056  0.0037  0.0021
    48   91  592  0.0056  0.0037  0.0021
    49   90  592  0.0056  0.0037  0.0021
    50   89  592  0.0056  0.0037  0.0021
    51   83  592  0.0056  0.0037  0.0021
    52   95  593  0.0056  0.0037  0.0021
    53   96  593  0.0056  0.0037  0.0021
    54   97  593  0.0056  0.0037  0.0021
    55   98  593  0.0056  0.0037  0.0021
    56   94  593  0.0056  0.0037  0.0021
    57   81  593  0.0056  0.0037  0.0021
    58   80  593  0.0056  0.0037  0.0021
    59   79  593  0.0056  0.0037  0.0021
    60   77  594  0.0056  0.0037  0.0021
    61   76  594  0.0056  0.0037  0.0021
    62   78  594  0.0056  0.0037  0.0021
    63   71  595  0.0056  0.0037  0.0021
    64   72  595  0.0056  0.0037  0.0021
    65   73  595  0.0056  0.0037  0.0021
    66   74  595  0.0056  0.0037  0.0021
    67   75  595  0.0056  0.0037  0.0021
    68   76  595  0.0056  0.0037  0.0021
    69   69  596  0.0056  0.0037  0.0021
    70   71  596  0.0056  0.0037  0.0021
    71   67  597  0.0056  0.0037  0.0021
    72   66  597  0.0056  0.0037  0.0021
    73   65  597  0.0056  0.0037  0.0021
    74   68  597  0.0056  0.0037  0.0021
    75   64  598  0.0056  0.0037  0.0021
    76   63  598  0.0056  0.0037  0.0021
    77   62  598  0.0056  0.0037  0.0021
    78   61  598  0.0056  0.0037  0.0021
    79   60  598  0.0056  0.0037  0.0021
    80   59  598  0.0056  0.0037  0.0021
    81   58  598  0.0056  0.0037  0.0021
    82   57  598  0.0056  0.0037  0.0021
    83   56  598  0.0056  0.0037  0.0021
    84   55  598  0.0056  0.0037  0.0021
    85   54  598  0.0056  0.0037  0.0021
    86   53  598  0.0056  0.0037  0.0021
    87   52  598  0.0056  0.0037  0.0021
    88   51  598  0.0056  0.0037  0.0021
    89   50  598  0.0056  0.0037  0.0021
    90   49  598  0.0056  0.0037  0.0021
    91   48  598  0.0056  0.0037  0.0021
    92   47  598  0.0056  0.0037  0.0021
    93   46  598  0.0056  0.0037  0.0021
    94   45  598  0.0056  0.0037  0.0021
    95   44  598  0.0056  0.0037  0.0021
    96   43  598  0.0056  0.0037  0.0021
    97   42  598  0.0056  0.0037  0.0021
    98   41  599  0.0056  0.0037  0.0021
    99   40  599  0.0056  0.0037  0.0021
   100   39  599  0.0056  0.0037  0.0021
   101   38  599  0.0056  0.0037  0.0021
   102   37  600  0.0056  0.0037  0.0021
   103   35  600  0.0055  0.0037  0.0021
   104   34  600  0.0055  0.0037  0.0021
   105   33  600  0.0055  0.0037  0.0021
   106   31  600  0.0055  0.0037  0.0021
   107   30  600  0.0055  0.0037  0.0021
   108   29  600  0.0055  0.0037  0.0021
   109   28  600  0.0055  0.0037  0.0021
   110   27  600  0.0055  0.0037  0.0021
   111   26  600  0.0055  0.0037  0.0021
   118   24  601  0.0056  0.0037  0.0021
   124   25  601  0.0055  0.0037  0.0021
   125   23  602  0.0056  0.0037  0.0021
   126   24  602  0.0056  0.0037  0.0021
   127   19  602  0.0056  0.0037  0.0021
   129   21  602  0.0056  0.0037  0.0021
   130   22  602  0.0056  0.0037  0.0021
