; ENVI Output of ROIs (5.4) [Tue Aug 06 18:28:20 2019]
; Number of ROIs: 21
; File Dimension: 1328 x 1184
;
; ROI name: Region #2
; ROI rgb value: {0, 255, 0}
; ROI npts: 91
;
; ROI name: Region #3
; ROI rgb value: {0, 0, 255}
; ROI npts: 68
;
; ROI name: Region #4
; ROI rgb value: {255, 255, 0}
; ROI npts: 46
;
; ROI name: Region #5
; ROI rgb value: {0, 255, 255}
; ROI npts: 133
;
; ROI name: Region #6
; ROI rgb value: {255, 0, 255}
; ROI npts: 53
;
; ROI name: Region #7
; ROI rgb value: {176, 48, 96}
; ROI npts: 77
;
; ROI name: Region #8
; ROI rgb value: {46, 139, 87}
; ROI npts: 75
;
; ROI name: Region #1
; ROI rgb value: {255, 0, 0}
; ROI npts: 113
;
; ROI name: Region #9
; ROI rgb value: {160, 32, 240}
; ROI npts: 146
;
; ROI name: Region #10
; ROI rgb value: {255, 127, 80}
; ROI npts: 121
;
; ROI name: Region #11
; ROI rgb value: {127, 255, 212}
; ROI npts: 59
;
; ROI name: Region #12
; ROI rgb value: {218, 112, 214}
; ROI npts: 33
;
; ROI name: Region #13
; ROI rgb value: {160, 82, 45}
; ROI npts: 38
;
; ROI name: Region #14
; ROI rgb value: {127, 255, 0}
; ROI npts: 46
;
; ROI name: Region #15
; ROI rgb value: {216, 191, 216}
; ROI npts: 90
;
; ROI name: Region #16
; ROI rgb value: {238, 0, 0}
; ROI npts: 77
;
; ROI name: Region #17
; ROI rgb value: {205, 0, 0}
; ROI npts: 51
;
; ROI name: Region #18
; ROI rgb value: {139, 0, 0}
; ROI npts: 63
;
; ROI name: Region #19
; ROI rgb value: {0, 238, 0}
; ROI npts: 53
;
; ROI name: Region #20
; ROI rgb value: {0, 205, 0}
; ROI npts: 46
;
; ROI name: Region #21
; ROI rgb value: {0, 139, 0}
; ROI npts: 130
;  ID    X    Y       B1       B2       B3
    1  261  605  -5.6197  -3.0878  -1.1984
    2  260  605  -5.6164  -3.0895  -1.1995
    3  258  605  -5.6389  -3.0742  -1.1915
    4  256  605  -5.6151  -3.0890  -1.1997
    5  255  605  -5.6165  -3.0878  -1.1992
    6  254  605  -5.6162  -3.0876  -1.1992
    7  251  606  -5.6123  -3.0892  -1.2001
    8  250  606  -5.6159  -3.0865  -1.1988
    9  249  606  -5.6095  -3.0904  -1.2010
   10  252  606  -5.6130  -3.0891  -1.1999
   11  248  607  -5.6143  -3.0869  -1.1989
   12  247  608  -5.6125  -3.0877  -1.1992
   13  246  608  -5.6125  -3.0874  -1.1992
   20  236  608  -5.6329  -3.0707  -1.1914
   21  235  608  -5.6294  -3.0727  -1.1926
   22  234  608  -5.6258  -3.0747  -1.1938
   24  232  609  -5.6116  -3.0833  -1.1984
   25  230  609  -5.6088  -3.0845  -1.1992
   26  229  609  -5.6094  -3.0837  -1.1990
   27  228  609  -5.6082  -3.0842  -1.1993
   28  227  609  -5.6076  -3.0842  -1.1995
   29  226  609  -5.6069  -3.0843  -1.1997
   30  224  610  -5.6080  -3.0830  -1.1988
   31  225  610  -5.6079  -3.0834  -1.1989
   32  222  611  -5.6069  -3.0830  -1.1988
   33  222  612  -5.6091  -3.0816  -1.1978
   34  220  612  -5.6081  -3.0815  -1.1980
   35  216  613  -5.6060  -3.0816  -1.1982
   36  215  613  -5.6071  -3.0805  -1.1978
   37  214  613  -5.6054  -3.0813  -1.1983
   38  212  613  -5.6045  -3.0812  -1.1985
   39  211  613  -5.6047  -3.0808  -1.1984
   40  208  613  -5.6026  -3.0811  -1.1990
   41  205  613  -5.5966  -3.0841  -1.2008
   42  218  613  -5.6060  -3.0823  -1.1984
   46  202  614  -5.6033  -3.0787  -1.1981
   47  199  615  -5.5996  -3.0801  -1.1989
   48  197  615  -5.5985  -3.0802  -1.1992
   49  196  615  -5.5999  -3.0789  -1.1986
   50  200  615  -5.5999  -3.0802  -1.1988
   51  194  616  -5.5988  -3.0790  -1.1986
   52  192  616  -5.5954  -3.0805  -1.1997
   53  189  616  -5.5984  -3.0775  -1.1984
   54  195  616  -5.5976  -3.0801  -1.1991
   55  176  617  -5.5939  -3.0762  -1.1990
   56  187  617  -5.5975  -3.0775  -1.1984
   57  185  617  -5.5978  -3.0766  -1.1981
   58  184  617  -5.5977  -3.0763  -1.1981
   59  183  617  -5.5966  -3.0767  -1.1985
   60  182  617  -5.5972  -3.0760  -1.1982
   61  181  617  -5.5954  -3.0768  -1.1988
   62  180  617  -5.5953  -3.0766  -1.1988
   63  178  617  -5.5952  -3.0760  -1.1987
   64  177  617  -5.5941  -3.0764  -1.1990
   65  188  617  -5.5988  -3.0770  -1.1980
   66  174  617  -5.5932  -3.0759  -1.1991
   67  173  617  -5.5927  -3.0760  -1.1993
   68  172  617  -5.5924  -3.0758  -1.1993
   69  171  617  -5.5925  -3.0754  -1.1992
   70  170  617  -5.5913  -3.0759  -1.1996
   71  169  617  -5.5915  -3.0754  -1.1995
   72  168  617  -5.5910  -3.0754  -1.1996
   73  167  617  -5.5902  -3.0756  -1.1998
   74  166  617  -5.5904  -3.0751  -1.1997
   75  165  617  -5.5907  -3.0746  -1.1996
   76  164  617  -5.5928  -3.0728  -1.1988
   77  163  617  -5.5904  -3.0741  -1.1995
   78  162  617  -5.5916  -3.0730  -1.1991
   79  161  617  -5.5920  -3.0724  -1.1989
   80  160  617  -5.5910  -3.0727  -1.1992
   81  159  617  -5.5907  -3.0726  -1.1992
   82  158  617  -5.5901  -3.0727  -1.1994
   83  157  617  -5.5891  -3.0730  -1.1997
   84  156  617  -5.5893  -3.0725  -1.1995
   85  155  617  -5.5888  -3.0725  -1.1996
   86  154  617  -5.5880  -3.0727  -1.1998
   87  153  617  -5.5872  -3.0729  -1.2001
   88  152  617  -5.5867  -3.0729  -1.2002
   89  151  617  -5.5868  -3.0725  -1.2001
   90  150  617  -5.5858  -3.0728  -1.2003
   91  149  617  -5.5864  -3.0721  -1.2001

    1  791  488  -5.7897  -3.1600  -1.2062
    2  792  488  -5.7898  -3.1603  -1.2062
    3  790  489  -5.7890  -3.1601  -1.2061
    4  786  490  -5.7871  -3.1598  -1.2062
    5  788  490  -5.7885  -3.1597  -1.2058
    6  785  491  -5.7868  -3.1597  -1.2059
    7  784  491  -5.7862  -3.1597  -1.2060
    8  783  491  -5.7859  -3.1595  -1.2061
    9  781  491  -5.7861  -3.1588  -1.2059
   10  780  491  -5.7859  -3.1585  -1.2059
   11  779  491  -5.7861  -3.1581  -1.2058
   12  778  492  -5.7854  -3.1582  -1.2057
   13  777  492  -5.7843  -3.1585  -1.2060
   14  776  492  -5.7844  -3.1581  -1.2059
   15  768  493  -5.7831  -3.1562  -1.2056
   16  767  493  -5.7839  -3.1554  -1.2053
   17  766  493  -5.7841  -3.1549  -1.2052
   18  765  493  -5.7840  -3.1547  -1.2052
   19  764  493  -5.7828  -3.1550  -1.2055
   20  770  493  -5.7835  -3.1566  -1.2056
   21  763  494  -5.7823  -3.1550  -1.2053
   22  761  494  -5.7815  -3.1548  -1.2054
   23  760  494  -5.7815  -3.1544  -1.2054
   24  759  495  -5.7809  -3.1545  -1.2052
   25  756  496  -5.7789  -3.1547  -1.2054
   26  757  496  -5.7795  -3.1547  -1.2053
   27  754  497  -5.7759  -3.1558  -1.2060
   28  752  497  -5.7760  -3.1551  -1.2058
   29  751  497  -5.7761  -3.1547  -1.2057
   30  750  497  -5.7756  -3.1546  -1.2059
   31  749  497  -5.7752  -3.1545  -1.2059
   32  748  497  -5.7752  -3.1542  -1.2059
   33  747  497  -5.7747  -3.1542  -1.2060
   34  746  497  -5.7745  -3.1539  -1.2060
   35  743  498  -5.7721  -3.1544  -1.2063
   36  744  498  -5.7718  -3.1549  -1.2064
   37  741  499  -5.7720  -3.1537  -1.2059
   38  740  499  -5.7713  -3.1538  -1.2060
   39  742  499  -5.7722  -3.1540  -1.2059
   40  738  500  -5.7673  -3.1556  -1.2069
   41  737  500  -5.7661  -3.1560  -1.2073
   42  734  500  -5.7678  -3.1539  -1.2065
   43  733  500  -5.7666  -3.1543  -1.2069
   44  732  500  -5.7668  -3.1539  -1.2068
   45  731  500  -5.7669  -3.1535  -1.2067
   46  730  500  -5.7654  -3.1540  -1.2071
   47  707  505  -5.7587  -3.1504  -1.2066
   48  706  505  -5.7571  -3.1510  -1.2070
   49  708  505  -5.7593  -3.1503  -1.2064
   50  705  506  -5.7572  -3.1506  -1.2066
   51  703  506  -5.7573  -3.1499  -1.2065
   52  701  506  -5.7568  -3.1494  -1.2065
   53  699  506  -5.7559  -3.1494  -1.2067
   54  696  507  -5.7542  -3.1494  -1.2068
   55  697  507  -5.7551  -3.1492  -1.2066
   56  694  508  -5.7530  -3.1494  -1.2068
   57  692  508  -5.7540  -3.1481  -1.2063
   58  691  508  -5.7533  -3.1483  -1.2065
   59  690  508  -5.7529  -3.1481  -1.2066
   60  696  508  -5.7540  -3.1495  -1.2066
   61  688  509  -5.7526  -3.1477  -1.2063
   62  687  509  -5.7523  -3.1475  -1.2064
   63  684  509  -5.7518  -3.1468  -1.2064
   64  682  509  -5.7524  -3.1457  -1.2060
   65  680  509  -5.7511  -3.1458  -1.2063
   66  679  509  -5.7524  -3.1447  -1.2058
   67  678  509  -5.7525  -3.1443  -1.2057
   68  677  509  -5.7526  -3.1440  -1.2057

    1  787  387  -5.7905  -3.1575  -1.2360
    2  786  387  -5.7900  -3.1574  -1.2361
    3  784  387  -5.7898  -3.1569  -1.2361
    4  783  387  -5.7893  -3.1568  -1.2361
    5  782  387  -5.7888  -3.1568  -1.2363
    6  780  387  -5.7880  -3.1566  -1.2364
    7  778  387  -5.7877  -3.1561  -1.2364
    8  777  387  -5.7881  -3.1555  -1.2362
    9  777  388  -5.7879  -3.1557  -1.2360
   10  776  389  -5.7880  -3.1553  -1.2356
   11  775  389  -5.7877  -3.1551  -1.2356
   12  773  389  -5.7883  -3.1541  -1.2353
   13  769  390  -5.7859  -3.1542  -1.2356
   14  771  390  -5.7868  -3.1543  -1.2354
   15  767  391  -5.7847  -3.1542  -1.2355
   16  765  391  -5.7834  -3.1543  -1.2359
   17  763  391  -5.7843  -3.1531  -1.2355
   18  769  391  -5.7858  -3.1542  -1.2353
   19  762  392  -5.7833  -3.1534  -1.2354
   20  761  392  -5.7833  -3.1530  -1.2354
   21  759  392  -5.7829  -3.1526  -1.2354
   22  758  392  -5.7826  -3.1525  -1.2355
   23  755  392  -5.7816  -3.1520  -1.2356
   24  752  392  -5.7802  -3.1519  -1.2359
   25  749  393  -5.7795  -3.1513  -1.2356
   26  748  393  -5.7788  -3.1514  -1.2358
   27  746  393  -5.7776  -3.1514  -1.2361
   28  745  393  -5.7776  -3.1511  -1.2360
   29  751  393  -5.7805  -3.1514  -1.2354
   30  745  394  -5.7770  -3.1515  -1.2359
   31  742  394  -5.7768  -3.1506  -1.2358
   32  740  394  -5.7769  -3.1498  -1.2356
   33  734  395  -5.7752  -3.1488  -1.2356
   34  737  395  -5.7747  -3.1501  -1.2359
   35  731  396  -5.7738  -3.1486  -1.2356
   36  729  396  -5.7731  -3.1484  -1.2357
   37  727  397  -5.7724  -3.1482  -1.2355
   38  726  397  -5.7721  -3.1480  -1.2356
   39  725  397  -5.7714  -3.1481  -1.2357
   40  722  397  -5.7713  -3.1471  -1.2357
   41  721  397  -5.7711  -3.1469  -1.2357
   42  720  397  -5.7705  -3.1469  -1.2358
   43  719  397  -5.7700  -3.1469  -1.2359
   44  716  397  -5.7689  -3.1465  -1.2361
   45  711  398  -5.7661  -3.1465  -1.2364
   46  713  398  -5.7672  -3.1466  -1.2362

    1  1030  33  -5.8927  -3.1767  -1.3238
    91  1029  33  -5.8929  -3.1763  -1.3237
    92  1027  33  -5.8922  -3.1760  -1.3238
    93  1025  33  -5.8913  -3.1758  -1.3240
    94  1022  33  -5.8909  -3.1751  -1.3239
    97  1017  34  -5.8905  -3.1736  -1.3235
    98  1015  34  -5.8892  -3.1737  -1.3238
    99  1014  34  -5.8909  -3.1724  -1.3233
   100  1012  34  -5.8896  -3.1725  -1.3235
   101  1010  34  -5.8875  -3.1730  -1.3240
   102   958  34  -5.8800  -3.1599  -1.3237
   103   959  34  -5.8800  -3.1602  -1.3238
   104   961  34  -5.8811  -3.1602  -1.3236
   105   964  34  -5.8837  -3.1597  -1.3230
   106   965  34  -5.8839  -3.1599  -1.3230
   107   967  34  -5.8837  -3.1607  -1.3231
   108   969  34  -5.8830  -3.1618  -1.3234
   109   956  34  -5.8796  -3.1594  -1.3237
   110   976  35  -5.8848  -3.1631  -1.3229
   111  1008  35  -5.8873  -3.1724  -1.3237
   112  1006  35  -5.8860  -3.1725  -1.3240
   113   971  35  -5.8841  -3.1619  -1.3229
   114   972  35  -5.8835  -3.1625  -1.3231
   115  1007  35  -5.8861  -3.1728  -1.3240
   116   973  35  -5.8848  -3.1621  -1.3228
   117  1004  35  -5.8847  -3.1726  -1.3242
   118   983  36  -5.8824  -3.1669  -1.3236
   119   981  36  -5.8838  -3.1654  -1.3231
   120   985  36  -5.8803  -3.1688  -1.3242
   121   977  36  -5.8840  -3.1640  -1.3229
   122   988  36  -5.8821  -3.1688  -1.3239
   123   986  36  -5.8803  -3.1691  -1.3243
   124   989  36  -5.8818  -3.1692  -1.3240
   125   991  36  -5.8837  -3.1688  -1.3236
   126   993  36  -5.8840  -3.1693  -1.3236
   127  1001  36  -5.8844  -3.1718  -1.3238
   128  1002  36  -5.8844  -3.1721  -1.3239
   129   980  36  -5.8850  -3.1644  -1.3227
   130   998  37  -5.8854  -3.1702  -1.3232
   131   995  37  -5.8837  -3.1702  -1.3235
   132   996  37  -5.8844  -3.1701  -1.3233
   133   999  37  -5.8855  -3.1705  -1.3232

    1  826  35  -5.8534  -3.1308  -1.3246
    2  825  35  -5.8543  -3.1299  -1.3243
    3  824  35  -5.8541  -3.1297  -1.3244
    4  828  35  -5.8524  -3.1321  -1.3250
    5  819  36  -5.8529  -3.1287  -1.3241
    6  822  36  -5.8543  -3.1289  -1.3239
    7  818  37  -5.8524  -3.1287  -1.3239
    8  816  38  -5.8516  -3.1285  -1.3237
    9  813  38  -5.8506  -3.1281  -1.3239
   10  812  38  -5.8500  -3.1281  -1.3240
   11  811  38  -5.8495  -3.1280  -1.3241
   12  809  38  -5.8485  -3.1280  -1.3243
   13  805  39  -5.8480  -3.1269  -1.3240
   14  804  39  -5.8477  -3.1268  -1.3240
   15  807  39  -5.8479  -3.1277  -1.3241
   16  802  40  -5.8465  -3.1268  -1.3239
   17  799  40  -5.8458  -3.1262  -1.3240
   18  797  40  -5.8436  -3.1268  -1.3245
   19  795  40  -5.8430  -3.1265  -1.3246
   20  792  40  -5.8420  -3.1261  -1.3247
   21  791  40  -5.8429  -3.1252  -1.3244
   22  793  40  -5.8430  -3.1258  -1.3244
   23  773  41  -5.8404  -3.1206  -1.3239
   24  774  41  -5.8398  -3.1213  -1.3241
   25  775  41  -5.8400  -3.1215  -1.3241
   26  778  41  -5.8399  -3.1226  -1.3243
   27  781  41  -5.8393  -3.1240  -1.3246
   28  784  41  -5.8419  -3.1235  -1.3240
   29  786  41  -5.8424  -3.1238  -1.3240
   30  788  41  -5.8431  -3.1241  -1.3239
   31  789  41  -5.8430  -3.1245  -1.3240
   32  768  41  -5.8399  -3.1192  -1.3238
   33  767  41  -5.8396  -3.1190  -1.3238
   34  771  41  -5.8401  -3.1201  -1.3239
   35  762  44  -5.8373  -3.1187  -1.3233
   36  763  44  -5.8379  -3.1187  -1.3232
   37  759  46  -5.8363  -3.1184  -1.3229
   38  757  46  -5.8355  -3.1181  -1.3230
   39  731  46  -5.8261  -3.1150  -1.3245
   40  730  46  -5.8259  -3.1148  -1.3245
   41  753  47  -5.8341  -3.1176  -1.3230
   42  752  47  -5.8339  -3.1174  -1.3230
   43  749  47  -5.8331  -3.1169  -1.3230
   44  754  47  -5.8344  -3.1178  -1.3229
   45  732  47  -5.8262  -3.1152  -1.3242
   46  734  47  -5.8276  -3.1151  -1.3239
   47  755  47  -5.8348  -3.1179  -1.3229
   48  735  47  -5.8275  -3.1155  -1.3240
   49  742  48  -5.8306  -3.1160  -1.3231
   50  745  48  -5.8316  -3.1165  -1.3230
   51  739  48  -5.8289  -3.1160  -1.3235
   52  738  48  -5.8285  -3.1159  -1.3235
   53  747  48  -5.8324  -3.1166  -1.3229

    1  191  319  -5.6444  -3.0473  -1.2706
    2  246  319  -5.6540  -3.0596  -1.2704
    3  245  319  -5.6546  -3.0588  -1.2702
    4  198  319  -5.6464  -3.0483  -1.2704
    5  197  319  -5.6468  -3.0478  -1.2702
    6  196  319  -5.6456  -3.0482  -1.2705
    7  195  319  -5.6459  -3.0476  -1.2704
    8  193  319  -5.6448  -3.0477  -1.2706
    9  247  319  -5.6551  -3.0592  -1.2702
   10  188  319  -5.6435  -3.0469  -1.2707
   11  185  319  -5.6432  -3.0461  -1.2707
   12  184  319  -5.6429  -3.0459  -1.2707
   13  183  319  -5.6427  -3.0457  -1.2707
   14  181  319  -5.6423  -3.0453  -1.2708
   15  180  319  -5.6417  -3.0453  -1.2709
   16  179  319  -5.6415  -3.0451  -1.2709
   17  177  319  -5.6406  -3.0451  -1.2711
   18  175  319  -5.6403  -3.0446  -1.2711
   19  173  319  -5.6396  -3.0444  -1.2712
   20  162  319  -5.6380  -3.0417  -1.2711
   21  163  319  -5.6377  -3.0422  -1.2712
   22  164  319  -5.6385  -3.0421  -1.2711
   23  165  319  -5.6389  -3.0421  -1.2710
   24  166  319  -5.6391  -3.0424  -1.2710
   25  168  319  -5.6393  -3.0429  -1.2710
   26  169  319  -5.6394  -3.0431  -1.2710
   27  170  319  -5.6392  -3.0436  -1.2711
   28  171  319  -5.6391  -3.0441  -1.2712
   29  160  320  -5.6377  -3.0413  -1.2708
   30  159  320  -5.6380  -3.0407  -1.2706
   31  157  320  -5.6366  -3.0409  -1.2710
   32  154  320  -5.6373  -3.0395  -1.2706
   33  152  320  -5.6377  -3.0385  -1.2704
   34  150  320  -5.6380  -3.0376  -1.2702
   35  149  320  -5.6372  -3.0378  -1.2704
   36  148  320  -5.6369  -3.0377  -1.2704
   37  146  320  -5.6360  -3.0376  -1.2706
   38  144  320  -5.6367  -3.0365  -1.2703
   39  143  320  -5.6367  -3.0361  -1.2702
   40  133  320  -5.6357  -3.0334  -1.2701
   41  134  320  -5.6358  -3.0337  -1.2701
   42  244  320  -5.6542  -3.0588  -1.2700
   43  137  320  -5.6358  -3.0347  -1.2702
   44  135  320  -5.6356  -3.0341  -1.2702
   45  199  320  -5.6462  -3.0488  -1.2702
   46  243  320  -5.6533  -3.0590  -1.2702
   47  242  320  -5.6544  -3.0580  -1.2698
   48  240  320  -5.6534  -3.0580  -1.2700
   49  239  320  -5.6527  -3.0581  -1.2702
   50  236  320  -5.6513  -3.0580  -1.2705
   51  235  320  -5.6513  -3.0577  -1.2704
   52  233  320  -5.6543  -3.0550  -1.2694
   53  132  320  -5.6354  -3.0333  -1.2701
   54  231  320  -5.6516  -3.0561  -1.2701
   55  230  320  -5.6518  -3.0556  -1.2700
   56  229  320  -5.6517  -3.0554  -1.2700
   57  227  320  -5.6528  -3.0539  -1.2695
   58  226  320  -5.6543  -3.0527  -1.2690
   59  225  320  -5.6534  -3.0529  -1.2693
   60  222  321  -5.6495  -3.0544  -1.2700
   61  221  321  -5.6502  -3.0536  -1.2697
   62  220  321  -5.6492  -3.0539  -1.2700
   63  216  321  -5.6489  -3.0528  -1.2699
   64  215  321  -5.6482  -3.0529  -1.2701
   65  140  321  -5.6365  -3.0353  -1.2698
   66  138  321  -5.6359  -3.0350  -1.2699
   67  200  321  -5.6459  -3.0493  -1.2700
   68  141  321  -5.6361  -3.0359  -1.2700
   69  201  321  -5.6460  -3.0496  -1.2700
   70  201  322  -5.6446  -3.0505  -1.2702
   71  204  322  -5.6447  -3.0515  -1.2703
   72  207  322  -5.6449  -3.0524  -1.2704
   73  212  322  -5.6468  -3.0528  -1.2701
   74  214  322  -5.6472  -3.0533  -1.2701
   75  205  322  -5.6450  -3.0517  -1.2703
   76  202  322  -5.6455  -3.0503  -1.2700
   77  210  322  -5.6474  -3.0517  -1.2698

    1  104  601  -5.5838  -3.0587  -1.2032
    2  103  601  -5.5833  -3.0587  -1.2033
    3  102  601  -5.5830  -3.0585  -1.2033
    4  101  601  -5.5824  -3.0586  -1.2035
    5  105  601  -5.5840  -3.0589  -1.2032
    6  100  602  -5.5834  -3.0576  -1.2028
    7   99  602  -5.5822  -3.0581  -1.2031
    8   98  602  -5.5821  -3.0578  -1.2031
    9   97  602  -5.5818  -3.0576  -1.2031
   10   96  602  -5.5815  -3.0575  -1.2032
   11   87  602  -5.5796  -3.0557  -1.2033
   12   86  602  -5.5792  -3.0557  -1.2034
   13   85  602  -5.5795  -3.0552  -1.2033
   14   82  603  -5.5785  -3.0548  -1.2032
   15   81  603  -5.5778  -3.0550  -1.2034
   16   79  603  -5.5806  -3.0524  -1.2023
   17   78  603  -5.5795  -3.0528  -1.2026
   18   83  603  -5.5782  -3.0554  -1.2033
   19   77  604  -5.5774  -3.0539  -1.2030
   20   76  604  -5.5785  -3.0528  -1.2025
   21   78  604  -5.5778  -3.0539  -1.2029
   22   75  605  -5.5777  -3.0530  -1.2025
   23   74  605  -5.5775  -3.0528  -1.2025
   24   71  605  -5.5792  -3.0507  -1.2018
   25   70  605  -5.5769  -3.0519  -1.2025
   26   69  605  -5.5803  -3.0492  -1.2012
   27   72  605  -5.5772  -3.0523  -1.2025
   28   68  605  -5.5801  -3.0491  -1.2013
   29   67  605  -5.5784  -3.0499  -1.2018
   30   66  605  -5.5769  -3.0505  -1.2023
   31   65  605  -5.5763  -3.0506  -1.2024
   32   62  606  -5.5747  -3.0506  -1.2025
   33   63  606  -5.5749  -3.0508  -1.2025
   34   61  606  -5.5739  -3.0509  -1.2027
   35   60  606  -5.5736  -3.0507  -1.2028
   36   59  606  -5.5730  -3.0508  -1.2029
   37   64  606  -5.5755  -3.0508  -1.2024
   38   56  607  -5.5706  -3.0514  -1.2033
   39   55  607  -5.5698  -3.0516  -1.2035
   40   54  607  -5.5696  -3.0514  -1.2035
   41   52  607  -5.5693  -3.0509  -1.2035
   42   53  607  -5.5682  -3.0520  -1.2039
   43   58  607  -5.5716  -3.0514  -1.2030
   44   57  607  -5.5717  -3.0510  -1.2030
   45   51  607  -5.5694  -3.0505  -1.2034
   46   50  607  -5.5692  -3.0503  -1.2034
   47   49  607  -5.5695  -3.0498  -1.2033
   48   47  607  -5.5693  -3.0492  -1.2032
   49   45  607  -5.5682  -3.0494  -1.2035
   50   44  607  -5.5681  -3.0490  -1.2035
   51   43  607  -5.5680  -3.0488  -1.2035
   52   46  607  -5.5684  -3.0495  -1.2035
   53   42  608  -5.5675  -3.0488  -1.2033
   54   41  609  -5.5675  -3.0485  -1.2029
   55   40  609  -5.5686  -3.0474  -1.2025
   56   39  609  -5.5679  -3.0475  -1.2027
   57   38  609  -5.5670  -3.0478  -1.2030
   58   37  609  -5.5665  -3.0478  -1.2031
   59   36  609  -5.5660  -3.0478  -1.2032
   60   35  609  -5.5655  -3.0478  -1.2033
   61   34  609  -5.5646  -3.0481  -1.2035
   62   32  609  -5.5638  -3.0479  -1.2037
   63   31  609  -5.5639  -3.0476  -1.2036
   64   30  610  -5.5627  -3.0480  -1.2037
   65   29  610  -5.5624  -3.0479  -1.2037
   66   28  610  -5.5623  -3.0476  -1.2037
   67   27  610  -5.5618  -3.0476  -1.2038
   68   26  610  -5.5620  -3.0471  -1.2037
   69   25  610  -5.5614  -3.0472  -1.2038
   70   24  610  -5.5614  -3.0469  -1.2038
   71   23  610  -5.5596  -3.0478  -1.2043
   72   22  610  -5.5631  -3.0451  -1.2031
   73   21  611  -5.5593  -3.0473  -1.2040
   74   20  611  -5.5619  -3.0452  -1.2031
   75   22  611  -5.5611  -3.0464  -1.2035

    1  130  715  -5.5107  -3.1162  -1.1978
    46  129  715  -5.5067  -3.1186  -1.1993
    47  127  716  -5.5007  -3.1219  -1.2010
    48  129  716  -5.5049  -3.1198  -1.1996
    49  125  717  -5.5017  -3.1206  -1.2001
    50  124  717  -5.5063  -3.1172  -1.1983
    51  123  717  -5.5034  -3.1188  -1.1993
    52  126  717  -5.5170  -3.1107  -1.1945
    53  123  718  -5.5063  -3.1169  -1.1980
    54  122  718  -5.5022  -3.1193  -1.1994
    55  121  718  -5.4954  -3.1235  -1.2018
    56  120  719  -5.4958  -3.1229  -1.2013
    57  121  719  -5.5001  -3.1203  -1.1998
    58  119  719  -5.4958  -3.1225  -1.2012
    59  118  719  -5.4931  -3.1240  -1.2021
    60  116  720  -5.4948  -3.1223  -1.2011
    61  115  720  -5.4925  -3.1234  -1.2019
    62  114  720  -5.4965  -3.1204  -1.2003
    63  117  720  -5.4956  -3.1220  -1.2008
    64  114  721  -5.4989  -3.1189  -1.1992
    65  113  721  -5.4995  -3.1181  -1.1989
    66  112  721  -5.4983  -3.1186  -1.1993
    67  111  721  -5.4986  -3.1181  -1.1991
    68  110  721  -5.4979  -3.1182  -1.1993
    69  109  721  -5.4969  -3.1186  -1.1996
    70  109  722  -5.4982  -3.1177  -1.1989
    71  108  722  -5.4964  -3.1186  -1.1995
    72  107  722  -5.4957  -3.1187  -1.1997
    73  106  722  -5.4950  -3.1188  -1.1998
    74  104  723  -5.4961  -3.1174  -1.1990
    75  103  723  -5.4965  -3.1169  -1.1988
    76  102  723  -5.4946  -3.1178  -1.1995
    77  101  723  -5.4961  -3.1165  -1.1988
    78  100  723  -5.4950  -3.1169  -1.1992
    79  105  723  -5.4948  -3.1186  -1.1996
    81   98  724  -5.5083  -3.1074  -1.1941
    82   97  724  -5.5016  -3.1115  -1.1965
    83   96  724  -5.5127  -3.1037  -1.1924
    84   94  724  -5.4825  -3.1233  -1.2031
    85   93  725  -5.4921  -3.1166  -1.1995
    86   92  726  -5.5593  -3.0713  -1.1745
    87   91  726  -5.5586  -3.0714  -1.1747
    88   90  726  -5.5623  -3.0686  -1.1733
    89   88  727  -5.5685  -3.0637  -1.1706
    90   89  727  -5.5643  -3.0669  -1.1722
    91   86  728  -5.5537  -3.0730  -1.1756
    92   85  729  -5.5612  -3.0677  -1.1725
    93   84  729  -5.5600  -3.0681  -1.1729
    94   83  729  -5.5574  -3.0695  -1.1737
    95   82  729  -5.5638  -3.0649  -1.1714
    96   80  730  -5.5536  -3.0711  -1.1747
    97   79  730  -5.5546  -3.0701  -1.1743
    98   78  730  -5.5643  -3.0632  -1.1707
    99   81  730  -5.5536  -3.0714  -1.1747
   100   77  731  -5.5653  -3.0622  -1.1700
   101   76  731  -5.5595  -3.0658  -1.1720
   102   75  731  -5.5583  -3.0663  -1.1724
   103   74  732  -5.5507  -3.0711  -1.1748
   104   73  732  -5.5531  -3.0691  -1.1739
   105   72  732  -5.5516  -3.0697  -1.1744
   106   71  732  -5.5532  -3.0684  -1.1738
   107   70  732  -5.5512  -3.0693  -1.1744
   108   69  732  -5.5480  -3.0711  -1.1755
   109   68  732  -5.5484  -3.0705  -1.1753
   110   67  732  -5.5483  -3.0703  -1.1753
   111   66  732  -5.5482  -3.0701  -1.1753
   112   65  733  -5.5477  -3.0700  -1.1751
   113   66  733  -5.5478  -3.0703  -1.1751

    1  129  747  -5.5134  -3.1142  -1.1874
    22  129  748  -5.5194  -3.1102  -1.1848
    23  127  748  -5.5087  -3.1167  -1.1889
    24  128  748  -5.5143  -3.1132  -1.1867
    25  126  748  -5.5085  -3.1165  -1.1887
    26  125  749  -5.5080  -3.1165  -1.1886
    27  126  749  -5.5063  -3.1179  -1.1893
    28  122  749  -5.5034  -3.1185  -1.1904
    30  123  749  -5.5026  -3.1194  -1.1907
    31  121  749  -5.5038  -3.1180  -1.1902
    33  121  750  -5.5012  -3.1197  -1.1908
    37  117  751  -5.5028  -3.1173  -1.1893
    38  116  751  -5.5086  -3.1131  -1.1872
    39  115  751  -5.4947  -3.1221  -1.1921
    40  114  751  -5.5019  -3.1169  -1.1895
    67   89  758  -5.5107  -3.1028  -1.1827
    68   87  758  -5.5073  -3.1045  -1.1839
    69   82  759  -5.5542  -3.0714  -1.1661
    70   85  759  -5.5541  -3.0725  -1.1664
    71   84  759  -5.5525  -3.0732  -1.1669
    72   81  760  -5.5540  -3.0712  -1.1659
    73   80  760  -5.5518  -3.0724  -1.1666
    74   82  760  -5.5530  -3.0722  -1.1663
    75   79  761  -5.5526  -3.0715  -1.1660
    76   78  761  -5.5506  -3.0725  -1.1666
    77   77  761  -5.5512  -3.0717  -1.1663
    78   69  761  -5.5479  -3.0713  -1.1671
    79   75  761  -5.5499  -3.0720  -1.1667
    80   74  761  -5.5503  -3.0714  -1.1665
    81   73  761  -5.5495  -3.0715  -1.1667
    82   72  761  -5.5491  -3.0715  -1.1668
    83   70  761  -5.5480  -3.0716  -1.1671
    84   76  761  -5.5503  -3.0720  -1.1666
    85   60  765  -5.5466  -3.0692  -1.1658
    86   61  765  -5.5468  -3.0694  -1.1658
    87   59  766  -5.5472  -3.0685  -1.1653
    88   60  766  -5.5462  -3.0695  -1.1657
    89   57  767  -5.5464  -3.0683  -1.1651
    90   56  767  -5.5456  -3.0685  -1.1654
    91   58  767  -5.5462  -3.0688  -1.1653
    92   55  768  -5.5462  -3.0678  -1.1648
    93   54  768  -5.5448  -3.0684  -1.1653
    94   53  768  -5.5448  -3.0681  -1.1652
    95   51  769  -5.5438  -3.0681  -1.1652
    96   50  769  -5.5434  -3.0680  -1.1653
    97   48  769  -5.5429  -3.0677  -1.1653
    98   52  769  -5.5441  -3.0682  -1.1651
    99   48  770  -5.5424  -3.0680  -1.1652
   100   47  770  -5.5423  -3.0678  -1.1652
   101   45  771  -5.5419  -3.0674  -1.1649
   102   46  771  -5.5418  -3.0677  -1.1650
   103   44  772  -5.5407  -3.0678  -1.1650
   104   43  772  -5.5400  -3.0680  -1.1652
   105   42  772  -5.5384  -3.0687  -1.1657
   106   41  772  -5.5378  -3.0688  -1.1659
   107   40  772  -5.5377  -3.0685  -1.1659
   108   39  772  -5.5374  -3.0684  -1.1660
   109   38  773  -5.5380  -3.0676  -1.1653
   110   37  773  -5.5380  -3.0673  -1.1653
   111   36  773  -5.5367  -3.0678  -1.1657
   112   35  773  -5.5368  -3.0674  -1.1656
   113   39  773  -5.5367  -3.0689  -1.1659
   114   35  774  -5.5361  -3.0679  -1.1656
   115   34  774  -5.5353  -3.0681  -1.1658
   116   33  774  -5.5342  -3.0685  -1.1661
   117   32  774  -5.5341  -3.0683  -1.1661
   118   32  775  -5.5341  -3.0683  -1.1658
   119   31  775  -5.5347  -3.0675  -1.1656
   120   30  775  -5.5349  -3.0671  -1.1654
   121   29  775  -5.5334  -3.0677  -1.1659
   122   28  775  -5.5337  -3.0672  -1.1658
   123   27  775  -5.5326  -3.0676  -1.1661
   124   26  775  -5.5321  -3.0676  -1.1662
   125   25  775  -5.5320  -3.0673  -1.1662
   126   24  775  -5.5330  -3.0664  -1.1658
   127   23  776  -5.5306  -3.0676  -1.1663
   128   22  776  -5.5330  -3.0657  -1.1654
   129   21  776  -5.5320  -3.0660  -1.1657
   130   24  776  -5.5320  -3.0670  -1.1659
   131   20  777  -5.5331  -3.0650  -1.1650

     1  175  671  -5.5858  -3.0813  -1.1859
     2  174  671  -5.5855  -3.0812  -1.1860
     3  173  671  -5.5863  -3.0803  -1.1856
     4  176  671  -5.5871  -3.0808  -1.1855
     5  171  672  -5.5879  -3.0786  -1.1847
     6  170  672  -5.5879  -3.0783  -1.1846
     7  172  672  -5.5886  -3.0785  -1.1845
     8  169  673  -5.5881  -3.0778  -1.1842
     9  168  673  -5.5878  -3.0776  -1.1842
    10  167  673  -5.5879  -3.0772  -1.1841
    11  164  674  -5.5831  -3.0794  -1.1854
    12  165  674  -5.5841  -3.0791  -1.1851
    13  162  675  -5.5953  -3.0707  -1.1806
    14  161  675  -5.5868  -3.0760  -1.1836
    15  163  675  -5.5823  -3.0796  -1.1853
    16  161  676  -5.5904  -3.0736  -1.1820
    17  160  676  -5.5845  -3.0772  -1.1841
    18  159  676  -5.5953  -3.0696  -1.1802
    19  157  677  -5.5950  -3.0692  -1.1798
    20  156  677  -5.5819  -3.0775  -1.1845
    21  155  677  -5.5811  -3.0777  -1.1847
    22  154  677  -5.5800  -3.0781  -1.1850
    23  153  677  -5.5805  -3.0774  -1.1848
    24  158  677  -5.5939  -3.0703  -1.1803
    25  152  678  -5.5810  -3.0768  -1.1843
    26  151  678  -5.5829  -3.0752  -1.1835
    27  150  678  -5.5838  -3.0743  -1.1832
    28  149  678  -5.5810  -3.0758  -1.1841
    29  148  679  -5.5814  -3.0751  -1.1836
    30  147  679  -5.5817  -3.0747  -1.1834
    31  146  679  -5.5827  -3.0736  -1.1830
    32  149  679  -5.5822  -3.0750  -1.1834
    33  143  680  -5.5834  -3.0722  -1.1823
    34  145  680  -5.5853  -3.0716  -1.1818
    35  141  681  -5.5764  -3.0762  -1.1844
    36  140  681  -5.5820  -3.0721  -1.1823
    51  124  684  -5.5710  -3.0741  -1.1844
    52  123  684  -5.5690  -3.0750  -1.1851
    53  121  684  -5.5755  -3.0701  -1.1827
    54  122  684  -5.5720  -3.0727  -1.1840
    55  121  685  -5.5772  -3.0690  -1.1818
    56  118  685  -5.5717  -3.0716  -1.1836
    57  117  685  -5.5709  -3.0718  -1.1838
    58  116  685  -5.5695  -3.0724  -1.1842
    59  119  685  -5.5751  -3.0696  -1.1824
    60  113  686  -5.5725  -3.0694  -1.1827
    61  116  686  -5.5680  -3.0734  -1.1845
    62  112  686  -5.5738  -3.0682  -1.1822
    63  111  686  -5.5713  -3.0695  -1.1830
    64  110  686  -5.5683  -3.0712  -1.1840
    65  115  686  -5.5665  -3.0741  -1.1849
    66  114  686  -5.5710  -3.0707  -1.1832
    67  108  686  -5.5680  -3.0707  -1.1840
    68  106  686  -5.5671  -3.0707  -1.1842
    69  109  686  -5.5674  -3.0715  -1.1843
    70  104  687  -5.5669  -3.0701  -1.1838
    71  103  687  -5.5670  -3.0697  -1.1837
    72  105  687  -5.5649  -3.0718  -1.1846
    73  102  688  -5.5706  -3.0670  -1.1821
    74  101  688  -5.5703  -3.0668  -1.1821
    75  100  688  -5.5693  -3.0672  -1.1824
    76  103  688  -5.5669  -3.0698  -1.1835
    77  100  689  -5.5686  -3.0677  -1.1824
    78   99  689  -5.5655  -3.0694  -1.1834
    79   98  689  -5.5638  -3.0702  -1.1840
    80   97  689  -5.5616  -3.0713  -1.1848
    81   96  689  -5.5632  -3.0699  -1.1841
    82   95  690  -5.5616  -3.0707  -1.1844
    83   94  690  -5.5612  -3.0706  -1.1844
    84   96  690  -5.5611  -3.0713  -1.1846
    85   92  691  -5.5595  -3.0710  -1.1846
    86   91  691  -5.5587  -3.0713  -1.1849
    87   93  691  -5.5595  -3.0714  -1.1847
    88   91  692  -5.5598  -3.0705  -1.1842
    89   90  692  -5.5600  -3.0701  -1.1841
    90   89  692  -5.5587  -3.0706  -1.1845
    91   88  692  -5.5596  -3.0697  -1.1841
    92   87  692  -5.5604  -3.0688  -1.1837
    93   86  692  -5.5586  -3.0697  -1.1843
    94   85  692  -5.5586  -3.0693  -1.1843
    95   84  692  -5.5575  -3.0698  -1.1846
    96   83  692  -5.5578  -3.0692  -1.1844
    97   82  692  -5.5567  -3.0696  -1.1848
    98   82  693  -5.5575  -3.0691  -1.1842
    99   79  694  -5.5573  -3.0682  -1.1838
   100   80  694  -5.5581  -3.0680  -1.1836
   101   79  695  -5.5581  -3.0676  -1.1832
   102   78  695  -5.5566  -3.0683  -1.1837
   103   77  695  -5.5572  -3.0676  -1.1834
   104   76  695  -5.5565  -3.0677  -1.1836
   105   75  695  -5.5569  -3.0671  -1.1834
   106   74  695  -5.5558  -3.0675  -1.1837
   107   73  695  -5.5561  -3.0670  -1.1836
   108   72  696  -5.5553  -3.0672  -1.1835
   109   71  696  -5.5557  -3.0666  -1.1833
   110   70  696  -5.5547  -3.0669  -1.1836
   111   68  696  -5.5540  -3.0667  -1.1838
   112   67  697  -5.5541  -3.0663  -1.1834
   113   66  697  -5.5534  -3.0664  -1.1835
   114   65  697  -5.5529  -3.0665  -1.1837
   115   68  697  -5.5542  -3.0666  -1.1834
   116   63  698  -5.5520  -3.0664  -1.1836
   117   61  698  -5.5518  -3.0659  -1.1836
   118   60  698  -5.5517  -3.0656  -1.1835
   119   59  698  -5.5518  -3.0652  -1.1835
   120   58  698  -5.5515  -3.0651  -1.1835
   121   57  698  -5.5503  -3.0655  -1.1839

    1  116  638  -5.5817  -3.0641  -1.1937
    2  115  639  -5.5803  -3.0648  -1.1939
    3  114  639  -5.5804  -3.0644  -1.1938
    4  116  639  -5.5809  -3.0647  -1.1937
    5  113  640  -5.5789  -3.0650  -1.1940
    6  112  640  -5.5782  -3.0651  -1.1941
    7  114  640  -5.5797  -3.0648  -1.1937
    8  111  641  -5.5788  -3.0644  -1.1936
    9  109  642  -5.5763  -3.0654  -1.1941
   10  110  642  -5.5783  -3.0644  -1.1934
   11  108  643  -5.5757  -3.0655  -1.1939
   12  106  643  -5.5756  -3.0649  -1.1938
   13  105  643  -5.5761  -3.0642  -1.1936
   14  104  643  -5.5751  -3.0646  -1.1939
   15  109  643  -5.5763  -3.0654  -1.1938
   16  103  644  -5.5743  -3.0648  -1.1938
   17  102  644  -5.5738  -3.0647  -1.1939
   18  101  644  -5.5750  -3.0636  -1.1935
   19  100  645  -5.5744  -3.0637  -1.1933
   20   99  645  -5.5730  -3.0643  -1.1938
   21  101  645  -5.5740  -3.0643  -1.1935
   22   97  646  -5.5730  -3.0636  -1.1933
   23   96  646  -5.5715  -3.0643  -1.1938
   24   95  646  -5.5716  -3.0639  -1.1937
   25   98  646  -5.5732  -3.0638  -1.1933
   26   94  647  -5.5704  -3.0644  -1.1938
   27   93  647  -5.5704  -3.0640  -1.1938
   28   92  647  -5.5710  -3.0633  -1.1935
   29   90  648  -5.5705  -3.0629  -1.1933
   30   91  648  -5.5705  -3.0633  -1.1933
   31   89  648  -5.5695  -3.0633  -1.1936
   32   87  648  -5.5694  -3.0627  -1.1935
   33   86  649  -5.5690  -3.0626  -1.1933
   34   87  649  -5.5692  -3.0628  -1.1932
   35   85  650  -5.5682  -3.0628  -1.1932
   36   84  650  -5.5685  -3.0623  -1.1930
   37   83  650  -5.5682  -3.0621  -1.1931
   38   82  650  -5.5673  -3.0624  -1.1933
   39   81  650  -5.5680  -3.0616  -1.1930
   40   80  650  -5.5676  -3.0615  -1.1931
   41   79  650  -5.5675  -3.0613  -1.1931
   42   78  650  -5.5670  -3.0613  -1.1932
   43   77  650  -5.5667  -3.0611  -1.1933
   44   76  650  -5.5663  -3.0611  -1.1934
   45   75  650  -5.5663  -3.0608  -1.1933
   46   75  651  -5.5658  -3.0611  -1.1932
   47   74  651  -5.5651  -3.0612  -1.1933
   48   73  651  -5.5632  -3.0621  -1.1940
   49   72  651  -5.5636  -3.0616  -1.1938
   50   71  651  -5.5635  -3.0613  -1.1937
   51   70  651  -5.5633  -3.0611  -1.1938
   52   69  651  -5.5626  -3.0612  -1.1939
   53   68  651  -5.5629  -3.0607  -1.1938
   54   67  651  -5.5625  -3.0606  -1.1939
   55   66  651  -5.5623  -3.0604  -1.1939
   56   65  651  -5.5624  -3.0600  -1.1938
   57   64  651  -5.5621  -3.0599  -1.1938
   58   63  651  -5.5615  -3.0600  -1.1940
   59   62  651  -5.5610  -3.0599  -1.1941

    1  39  620  -5.5643  -3.0500  -1.2007
    2  38  620  -5.5639  -3.0499  -1.2007
    3  40  620  -5.5649  -3.0499  -1.2005
    4  38  621  -5.5645  -3.0495  -1.2003
    5  37  621  -5.5641  -3.0494  -1.2003
    6  36  621  -5.5643  -3.0490  -1.2002
    7  35  621  -5.5637  -3.0491  -1.2004
    8  34  621  -5.5634  -3.0489  -1.2004
    9  33  621  -5.5629  -3.0489  -1.2005
   10  32  621  -5.5622  -3.0490  -1.2007
   11  31  621  -5.5618  -3.0490  -1.2008
   12  29  621  -5.5602  -3.0494  -1.2012
   13  25  621  -5.5585  -3.0492  -1.2016
   14  27  621  -5.5588  -3.0496  -1.2016
   15  24  622  -5.5584  -3.0489  -1.2013
   16  25  622  -5.5591  -3.0488  -1.2011
   17  23  623  -5.5574  -3.0492  -1.2013
   18  22  623  -5.5572  -3.0491  -1.2014
   19  19  623  -5.5568  -3.0483  -1.2013
   20  21  623  -5.5564  -3.0493  -1.2016
   21  20  623  -5.5544  -3.0503  -1.2022
   22  18  624  -5.5537  -3.0501  -1.2020

    1  43  615  -5.5653  -3.0506  -1.2020
    2  42  615  -5.5648  -3.0506  -1.2021
    3  41  615  -5.5645  -3.0505  -1.2022
    4  44  615  -5.5664  -3.0502  -1.2017
    5  41  616  -5.5650  -3.0501  -1.2017
    6  40  616  -5.5648  -3.0500  -1.2017
    7  39  616  -5.5642  -3.0500  -1.2019
    8  38  616  -5.5640  -3.0498  -1.2019
    9  37  616  -5.5637  -3.0497  -1.2020
   10  37  617  -5.5636  -3.0497  -1.2017
   11  36  617  -5.5632  -3.0497  -1.2018
   12  35  617  -5.5633  -3.0493  -1.2017
   13  34  617  -5.5625  -3.0495  -1.2019
   14  33  617  -5.5627  -3.0490  -1.2018
   15  32  617  -5.5624  -3.0489  -1.2018
   16  31  617  -5.5617  -3.0490  -1.2020
   17  25  617  -5.5585  -3.0492  -1.2028
   18  26  617  -5.5590  -3.0492  -1.2026
   19  27  617  -5.5593  -3.0493  -1.2026
   20  28  617  -5.5607  -3.0487  -1.2022
   21  29  617  -5.5612  -3.0487  -1.2020
   22  30  617  -5.5615  -3.0488  -1.2020
   23  24  618  -5.5582  -3.0491  -1.2025
   24  23  618  -5.5556  -3.0505  -1.2034
   25  22  618  -5.5584  -3.0482  -1.2024
   26  20  618  -5.5577  -3.0480  -1.2025
   27  25  618  -5.5587  -3.0491  -1.2024
   28  20  619  -5.5552  -3.0497  -1.2031
   29  19  619  -5.5555  -3.0492  -1.2029

    1  52  625  -5.5664  -3.0529  -1.1992
    2  51  625  -5.5663  -3.0527  -1.1992
    3  53  625  -5.5670  -3.0529  -1.1990
    4  50  626  -5.5661  -3.0524  -1.1989
    5  49  626  -5.5662  -3.0520  -1.1988
    6  48  626  -5.5664  -3.0516  -1.1987
    7  47  627  -5.5658  -3.0516  -1.1985
    8  46  627  -5.5658  -3.0513  -1.1985
    9  44  627  -5.5649  -3.0513  -1.1987
   10  48  627  -5.5666  -3.0515  -1.1983
   11  44  628  -5.5653  -3.0510  -1.1982
   12  42  628  -5.5643  -3.0510  -1.1985
   13  41  628  -5.5635  -3.0512  -1.1987
   14  40  628  -5.5634  -3.0509  -1.1987
   15  39  628  -5.5625  -3.0512  -1.1990
   16  43  628  -5.5646  -3.0511  -1.1984
   17  35  629  -5.5609  -3.0509  -1.1990
   18  38  629  -5.5622  -3.0511  -1.1987
   19  37  629  -5.5622  -3.0508  -1.1987
   20  36  629  -5.5611  -3.0512  -1.1990
   21  39  629  -5.5627  -3.0511  -1.1986
   22  30  630  -5.5589  -3.0506  -1.1992
   23  31  630  -5.5593  -3.0507  -1.1991
   24  29  630  -5.5583  -3.0507  -1.1993
   25  34  630  -5.5615  -3.0502  -1.1985
   26  25  630  -5.5571  -3.0501  -1.1995
   27  28  630  -5.5582  -3.0504  -1.1993
   28  27  630  -5.5569  -3.0509  -1.1997
   29  24  630  -5.5576  -3.0495  -1.1993
   30  32  630  -5.5603  -3.0503  -1.1988
   31  23  630  -5.5566  -3.0499  -1.1996
   32  22  630  -5.5580  -3.0486  -1.1991
   33  21  630  -5.5552  -3.0501  -1.2000
   34  20  630  -5.5546  -3.0502  -1.2001
   35  26  630  -5.5562  -3.0511  -1.1999
   36  19  631  -5.5570  -3.0482  -1.1989
   37  18  631  -5.5586  -3.0468  -1.1983
   38  17  631  -5.5508  -3.0518  -1.2010

    1  586  466  -5.7274  -3.1284  -1.2217
    2  585  466  -5.7270  -3.1283  -1.2218
    3  584  466  -5.7269  -3.1281  -1.2218
    4  587  466  -5.7277  -3.1286  -1.2217
    5  583  467  -5.7266  -3.1279  -1.2215
    6  582  467  -5.7261  -3.1279  -1.2216
    7  584  467  -5.7265  -3.1283  -1.2216
    8  581  468  -5.7261  -3.1276  -1.2213
    9  580  468  -5.7260  -3.1272  -1.2212
   10  579  468  -5.7254  -3.1273  -1.2214
   11  578  468  -5.7252  -3.1271  -1.2214
   12  577  468  -5.7253  -3.1267  -1.2213
   13  576  468  -5.7248  -3.1267  -1.2214
   14  575  468  -5.7248  -3.1263  -1.2214
   15  574  468  -5.7247  -3.1260  -1.2213
   16  573  468  -5.7231  -3.1267  -1.2218
   17  571  469  -5.7227  -3.1263  -1.2215
   18  572  469  -5.7230  -3.1264  -1.2215
   19  569  470  -5.7236  -3.1250  -1.2208
   20  568  470  -5.7231  -3.1250  -1.2209
   21  567  470  -5.7234  -3.1245  -1.2208
   22  570  470  -5.7236  -3.1254  -1.2209
   23  566  471  -5.7223  -3.1248  -1.2208
   24  565  471  -5.7225  -3.1244  -1.2207
   25  564  471  -5.7227  -3.1239  -1.2205
   26  563  471  -5.7224  -3.1238  -1.2206
   27  562  471  -5.7219  -3.1238  -1.2207
   28  561  471  -5.7213  -3.1238  -1.2209
   29  560  471  -5.7209  -3.1237  -1.2209
   30  559  471  -5.7205  -3.1236  -1.2210
   31  558  471  -5.7198  -3.1237  -1.2212
   32  557  471  -5.7189  -3.1239  -1.2214
   33  556  471  -5.7186  -3.1238  -1.2215
   34  555  471  -5.7178  -3.1239  -1.2217
   35  553  472  -5.7172  -3.1236  -1.2214
   36  552  472  -5.7162  -3.1239  -1.2217
   37  551  472  -5.7163  -3.1235  -1.2216
   38  550  472  -5.7166  -3.1230  -1.2215
   39  554  472  -5.7167  -3.1242  -1.2216
   40  550  473  -5.7161  -3.1233  -1.2213
   41  549  473  -5.7158  -3.1232  -1.2214
   42  548  473  -5.7158  -3.1228  -1.2213
   43  546  473  -5.7148  -3.1227  -1.2215
   44  547  473  -5.7151  -3.1229  -1.2215
   45  546  474  -5.7160  -3.1220  -1.2208
   47  545  474  -5.7158  -3.1218  -1.2209
   48  544  474  -5.7152  -3.1219  -1.2210
   54  536  475  -5.7114  -3.1215  -1.2215
   55  535  475  -5.7131  -3.1201  -1.2209
   56  534  475  -5.7145  -3.1189  -1.2203
   57  533  475  -5.7148  -3.1184  -1.2202
   58  532  475  -5.7138  -3.1187  -1.2205
   59  531  475  -5.7138  -3.1183  -1.2204
   60  530  475  -5.7121  -3.1191  -1.2209
   61  529  475  -5.7127  -3.1183  -1.2207
   62  528  475  -5.7121  -3.1184  -1.2208
   63  527  475  -5.7124  -3.1178  -1.2207
   64  526  476  -5.7111  -3.1183  -1.2207
   65  525  476  -5.7102  -3.1186  -1.2210
   66  524  476  -5.7083  -3.1194  -1.2215
   67  523  476  -5.7098  -3.1181  -1.2210
   68  521  476  -5.7087  -3.1181  -1.2213
   69  519  476  -5.7078  -3.1180  -1.2215
   70  518  476  -5.7059  -3.1189  -1.2220
   71  518  477  -5.7073  -3.1180  -1.2213
   72  516  477  -5.7062  -3.1180  -1.2215
   73  515  477  -5.7073  -3.1170  -1.2211
   74  514  477  -5.7057  -3.1176  -1.2216
   75  513  477  -5.7077  -3.1161  -1.2209
   76  512  477  -5.7060  -3.1168  -1.2214
   77  511  477  -5.7072  -3.1157  -1.2209
   78  510  477  -5.7069  -3.1156  -1.2210
   79  508  477  -5.7055  -3.1158  -1.2213
   80  507  477  -5.7048  -3.1158  -1.2215
   81  506  477  -5.7046  -3.1156  -1.2215
   82  505  477  -5.7044  -3.1154  -1.2215
   83  504  477  -5.7038  -3.1155  -1.2217
   84  503  477  -5.7034  -3.1153  -1.2217
   85  502  477  -5.7032  -3.1152  -1.2217
   86  501  477  -5.7026  -3.1152  -1.2219
   87  500  477  -5.7021  -3.1151  -1.2220
   88  499  477  -5.7020  -3.1149  -1.2220
   89  498  477  -5.7019  -3.1146  -1.2219
   90  497  477  -5.7022  -3.1141  -1.2218

    1  746  506  -5.7722  -3.1554  -1.2040
    2  747  506  -5.7732  -3.1551  -1.2037
    3  744  507  -5.7718  -3.1550  -1.2037
    4  743  507  -5.7716  -3.1548  -1.2037
    5  745  507  -5.7720  -3.1552  -1.2037
    6  743  508  -5.7704  -3.1555  -1.2038
    7  742  508  -5.7707  -3.1549  -1.2037
    8  741  508  -5.7696  -3.1553  -1.2040
    9  740  508  -5.7704  -3.1545  -1.2037
   10  739  508  -5.7699  -3.1544  -1.2037
   11  738  508  -5.7697  -3.1542  -1.2038
   12  735  509  -5.7665  -3.1551  -1.2043
   13  734  509  -5.7684  -3.1537  -1.2037
   14  736  509  -5.7677  -3.1547  -1.2040
   15  734  510  -5.7686  -3.1535  -1.2033
   16  733  510  -5.7676  -3.1538  -1.2035
   17  732  510  -5.7673  -3.1536  -1.2036
   18  731  510  -5.7670  -3.1535  -1.2036
   19  730  510  -5.7662  -3.1536  -1.2038
   20  728  511  -5.7667  -3.1526  -1.2033
   21  727  511  -5.7680  -3.1515  -1.2028
   22  726  511  -5.7687  -3.1508  -1.2025
   23  725  511  -5.7683  -3.1506  -1.2026
   24  724  511  -5.7682  -3.1504  -1.2026
   25  723  511  -5.7680  -3.1502  -1.2026
   26  729  511  -5.7663  -3.1532  -1.2034
   27  723  512  -5.7675  -3.1505  -1.2025
   28  722  512  -5.7669  -3.1505  -1.2026
   29  721  512  -5.7645  -3.1516  -1.2033
   30  719  513  -5.7663  -3.1498  -1.2023
   31  718  513  -5.7655  -3.1500  -1.2026
   32  715  513  -5.7639  -3.1500  -1.2029
   33  720  513  -5.7637  -3.1517  -1.2032
   34  714  514  -5.7632  -3.1501  -1.2028
   35  713  514  -5.7623  -3.1502  -1.2030
   36  712  514  -5.7612  -3.1506  -1.2034
   37  711  514  -5.7601  -3.1509  -1.2037
   38  708  514  -5.7582  -3.1510  -1.2041
   39  709  514  -5.7589  -3.1509  -1.2039
   40  710  514  -5.7593  -3.1510  -1.2039
   41  706  515  -5.7563  -3.1515  -1.2043
   42  705  515  -5.7550  -3.1519  -1.2046
   43  704  515  -5.7547  -3.1518  -1.2047
   44  703  515  -5.7538  -3.1520  -1.2049
   45  702  515  -5.7526  -3.1524  -1.2053
   46  701  515  -5.7548  -3.1507  -1.2045
   47  707  515  -5.7568  -3.1515  -1.2042
   48  701  516  -5.7559  -3.1501  -1.2038
   49  700  516  -5.7564  -3.1495  -1.2036
   50  699  516  -5.7565  -3.1490  -1.2035
   51  698  517  -5.7565  -3.1487  -1.2032
   52  697  517  -5.7563  -3.1485  -1.2032
   53  695  517  -5.7551  -3.1485  -1.2035
   54  699  517  -5.7569  -3.1488  -1.2031
   55  695  518  -5.7553  -3.1484  -1.2031
   56  694  518  -5.7555  -3.1480  -1.2030
   57  693  518  -5.7552  -3.1478  -1.2030
   58  692  518  -5.7548  -3.1477  -1.2031
   59  691  518  -5.7545  -3.1476  -1.2032
   60  690  518  -5.7550  -3.1469  -1.2029
   61  689  518  -5.7549  -3.1466  -1.2029
   62  688  518  -5.7545  -3.1466  -1.2030
   63  687  518  -5.7545  -3.1462  -1.2029
   64  685  519  -5.7542  -3.1457  -1.2026
   65  684  519  -5.7538  -3.1456  -1.2027
   66  683  519  -5.7537  -3.1453  -1.2027
   67  682  519  -5.7534  -3.1452  -1.2027
   68  686  519  -5.7540  -3.1462  -1.2027
   69  682  520  -5.7529  -3.1455  -1.2026
   70  681  520  -5.7528  -3.1452  -1.2026
   71  680  520  -5.7521  -3.1453  -1.2027
   72  679  520  -5.7522  -3.1449  -1.2027
   73  678  520  -5.7518  -3.1448  -1.2027
   74  677  520  -5.7515  -3.1447  -1.2028
   75  676  520  -5.7513  -3.1445  -1.2028
   76  675  520  -5.7511  -3.1443  -1.2028
   77  674  520  -5.7510  -3.1440  -1.2028

    1  1273  68  -5.9655  -3.2177  -1.3045
    2  1273  69  -5.9651  -3.2180  -1.3043
    3  1271  70  -5.9640  -3.2179  -1.3042
    4  1268  71  -5.9617  -3.2182  -1.3044
    5  1269  71  -5.9618  -3.2185  -1.3044
    6  1268  72  -5.9617  -3.2182  -1.3041
    7  1267  72  -5.9614  -3.2181  -1.3041
    8  1266  72  -5.9609  -3.2180  -1.3042
    9  1265  72  -5.9605  -3.2179  -1.3043
   10  1265  73  -5.9604  -3.2179  -1.3040
   11  1262  74  -5.9577  -3.2184  -1.3043
   12  1263  74  -5.9588  -3.2181  -1.3041
   13  1261  75  -5.9565  -3.2187  -1.3044
   14  1260  76  -5.9552  -3.2191  -1.3044
   15  1259  76  -5.9541  -3.2195  -1.3047
   16  1261  76  -5.9569  -3.2186  -1.3040
   17  1259  77  -5.9534  -3.2198  -1.3045
   18  1258  78  -5.9514  -3.2206  -1.3048
   19  1257  78  -5.9507  -3.2206  -1.3049
   20  1256  78  -5.9518  -3.2197  -1.3046
   21  1255  79  -5.9516  -3.2195  -1.3043
   22  1256  79  -5.9524  -3.2194  -1.3041
   23  1253  81  -5.9524  -3.2184  -1.3033
   24  1254  81  -5.9519  -3.2190  -1.3035
   25  1253  82  -5.9530  -3.2181  -1.3028
   26  1252  82  -5.9521  -3.2183  -1.3030
   27  1252  83  -5.9526  -3.2180  -1.3025
   28  1251  84  -5.9520  -3.2180  -1.3023
   29  1250  85  -5.9512  -3.2181  -1.3022
   30  1251  85  -5.9520  -3.2180  -1.3020
   31  1250  86  -5.9517  -3.2179  -1.3017
   32  1249  87  -5.9531  -3.2168  -1.3010
   33  1250  87  -5.9529  -3.2172  -1.3010
   34  1248  88  -5.9528  -3.2166  -1.3007
   35  1249  88  -5.9535  -3.2166  -1.3005
   36  1248  89  -5.9531  -3.2164  -1.3003
   37  1247  89  -5.9529  -3.2163  -1.3004
   38  1246  89  -5.9525  -3.2161  -1.3005
   39  1245  89  -5.9510  -3.2166  -1.3008
   40  1244  89  -5.9508  -3.2164  -1.3008
   41  1243  89  -5.9489  -3.2171  -1.3014
   42  1242  89  -5.9477  -3.2174  -1.3017
   43  1241  89  -5.9481  -3.2169  -1.3015
   44  1240  89  -5.9456  -3.2179  -1.3021
   45  1239  89  -5.9440  -3.2185  -1.3025
   46  1238  89  -5.9401  -3.2203  -1.3036
   47  1237  90  -5.9403  -3.2198  -1.3031
   48  1236  90  -5.9437  -3.2176  -1.3022
   49  1235  90  -5.9454  -3.2164  -1.3017
   50  1234  90  -5.9454  -3.2160  -1.3016
   51  1238  90  -5.9430  -3.2187  -1.3025

    1  1269   81  -5.9641  -3.2174  -1.3008
    2  1268   82  -5.9641  -3.2170  -1.3005
    3  1266   83  -5.9626  -3.2172  -1.3005
    4  1265   84  -5.9631  -3.2166  -1.3000
    5  1266   84  -5.9632  -3.2169  -1.3000
    6  1263   85  -5.9623  -3.2164  -1.2998
    7  1263   86  -5.9621  -3.2165  -1.2995
    8  1262   87  -5.9611  -3.2167  -1.2994
    9  1261   87  -5.9604  -3.2168  -1.2995
   10  1259   88  -5.9590  -3.2169  -1.2994
   11  1260   88  -5.9605  -3.2164  -1.2991
   12  1258   89  -5.9568  -3.2178  -1.2997
   13  1257   89  -5.9559  -3.2180  -1.2999
   14  1259   89  -5.9586  -3.2171  -1.2993
   15  1257   90  -5.9551  -3.2184  -1.2998
   16  1255   91  -5.9534  -3.2186  -1.3000
   17  1256   91  -5.9543  -3.2185  -1.2996
   18  1255   92  -5.9541  -3.2183  -1.2994
   19  1253   93  -5.9554  -3.2169  -1.2986
   20  1252   93  -5.9636  -3.2121  -1.2963
   21  1254   93  -5.9552  -3.2174  -1.2987
   22  1251   94  -5.9587  -3.2144  -1.2974
   23  1250   94  -5.9576  -3.2147  -1.2976
   24  1252   94  -5.9603  -3.2139  -1.2970
   25  1249   95  -5.9572  -3.2146  -1.2975
   26  1248   96  -5.9561  -3.2149  -1.2975
   27  1247   96  -5.9557  -3.2148  -1.2975
   28  1246   96  -5.9556  -3.2145  -1.2975
   29  1245   97  -5.9557  -3.2141  -1.2971
   30  1246   97  -5.9566  -3.2140  -1.2969
   31  1244   98  -5.9564  -3.2134  -1.2966
   32  1245   98  -5.9575  -3.2132  -1.2963
   33  1243   98  -5.9555  -3.2136  -1.2968
   34  1242   98  -5.9546  -3.2137  -1.2970
   35  1240   99  -5.9535  -3.2137  -1.2969
   36  1239   99  -5.9536  -3.2133  -1.2968
   37  1238   99  -5.9524  -3.2136  -1.2971
   38  1237   99  -5.9505  -3.2143  -1.2976
   39  1241   99  -5.9546  -3.2134  -1.2967
   40  1235  100  -5.9488  -3.2146  -1.2977
   41  1234  100  -5.9473  -3.2151  -1.2981
   42  1233  101  -5.9478  -3.2145  -1.2976
   43  1232  101  -5.9471  -3.2146  -1.2978
   44  1234  101  -5.9480  -3.2147  -1.2976
   45  1231  102  -5.9471  -3.2142  -1.2974
   46  1230  102  -5.9452  -3.2150  -1.2979
   47  1232  102  -5.9467  -3.2148  -1.2976
   48  1230  103  -5.9457  -3.2147  -1.2975
   49  1229  103  -5.9437  -3.2154  -1.2979
   50  1228  103  -5.9425  -3.2158  -1.2982
   51  1227  103  -5.9416  -3.2159  -1.2985
   52  1224  104  -5.9408  -3.2154  -1.2982
   53  1225  104  -5.9414  -3.2154  -1.2981
   54  1222  105  -5.9400  -3.2152  -1.2981
   55  1221  105  -5.9395  -3.2151  -1.2982
   56  1223  105  -5.9406  -3.2152  -1.2980
   57  1221  106  -5.9393  -3.2153  -1.2980
   58  1220  106  -5.9391  -3.2150  -1.2979
   59  1219  107  -5.9388  -3.2149  -1.2977
   60  1218  107  -5.9381  -3.2149  -1.2978
   61  1217  107  -5.9372  -3.2151  -1.2980
   62  1216  107  -5.9368  -3.2150  -1.2981
   63  1220  107  -5.9390  -3.2151  -1.2977

    1  1273   88  -5.9684  -3.2164  -1.2977
    2  1271   89  -5.9677  -3.2161  -1.2975
    3  1270   90  -5.9672  -3.2161  -1.2973
    4  1269   90  -5.9664  -3.2162  -1.2975
    5  1271   90  -5.9684  -3.2158  -1.2970
    6  1269   91  -5.9663  -3.2163  -1.2972
    7  1268   92  -5.9651  -3.2166  -1.2972
    8  1269   92  -5.9664  -3.2162  -1.2969
    9  1267   93  -5.9650  -3.2163  -1.2968
   10  1268   93  -5.9653  -3.2165  -1.2968
   11  1266   94  -5.9637  -3.2167  -1.2968
   12  1265   95  -5.9652  -3.2156  -1.2960
   13  1264   96  -5.9630  -3.2165  -1.2963
   14  1265   96  -5.9627  -3.2170  -1.2964
   15  1263   97  -5.9617  -3.2169  -1.2963
   16  1262   98  -5.9600  -3.2175  -1.2965
   17  1260  100  -5.9591  -3.2173  -1.2961
   18  1259  100  -5.9576  -3.2178  -1.2965
   19  1258  101  -5.9562  -3.2182  -1.2965
   20  1257  102  -5.9550  -3.2186  -1.2965
   21  1256  103  -5.9549  -3.2183  -1.2962
   22  1255  103  -5.9564  -3.2171  -1.2957
   23  1257  103  -5.9545  -3.2188  -1.2963
   24  1255  104  -5.9560  -3.2174  -1.2955
   25  1254  104  -5.9561  -3.2170  -1.2954
   26  1251  104  -5.9562  -3.2159  -1.2951
   27  1252  104  -5.9556  -3.2166  -1.2954
   28  1253  104  -5.9557  -3.2169  -1.2955
   29  1250  105  -5.9560  -3.2157  -1.2949
   30  1251  105  -5.9566  -3.2158  -1.2948
   31  1249  106  -5.9574  -3.2146  -1.2941
   32  1250  106  -5.9571  -3.2151  -1.2943
   33  1249  107  -5.9574  -3.2146  -1.2938
   34  1248  107  -5.9576  -3.2142  -1.2938
   35  1247  108  -5.9566  -3.2144  -1.2936
   36  1246  108  -5.9574  -3.2137  -1.2934
   37  1244  108  -5.9552  -3.2142  -1.2940
   38  1248  108  -5.9557  -3.2153  -1.2940
   39  1243  109  -5.9527  -3.2152  -1.2943
   40  1242  109  -5.9581  -3.2119  -1.2926
   41  1240  109  -5.9520  -3.2147  -1.2943
   42  1237  110  -5.9486  -3.2155  -1.2948
   43  1236  111  -5.9438  -3.2178  -1.2958
   44  1235  111  -5.9431  -3.2179  -1.2960
   45  1237  111  -5.9455  -3.2172  -1.2954
   46  1233  112  -5.9404  -3.2187  -1.2964
   47  1232  113  -5.9401  -3.2186  -1.2962
   48  1231  113  -5.9446  -3.2158  -1.2948
   49  1230  113  -5.9429  -3.2164  -1.2953
   50  1229  114  -5.9415  -3.2168  -1.2953
   51  1230  114  -5.9424  -3.2166  -1.2951
   52  1228  115  -5.9407  -3.2169  -1.2952
   53  1229  115  -5.9412  -3.2170  -1.2951

    1  243  589  -5.6184  -3.0825  -1.2026
    4  242  590  -5.6209  -3.0806  -1.2014
    5  241  590  -5.6183  -3.0819  -1.2022
    6  240  590  -5.6190  -3.0811  -1.2019
    7  239  590  -5.6152  -3.0832  -1.2031
    8  238  590  -5.6166  -3.0820  -1.2026
    9  236  590  -5.6153  -3.0822  -1.2029
   16  225  592  -5.6104  -3.0817  -1.2034
   17  224  592  -5.6110  -3.0810  -1.2032
   18  223  592  -5.6097  -3.0815  -1.2036
   24  214  593  -5.6100  -3.0783  -1.2027
   25  216  593  -5.6097  -3.0791  -1.2029
   26  212  594  -5.6097  -3.0778  -1.2024
   27  213  594  -5.6095  -3.0783  -1.2025
   28  212  595  -5.6094  -3.0780  -1.2022
   29  211  595  -5.6092  -3.0777  -1.2022
   30  210  595  -5.6093  -3.0774  -1.2021
   31  209  595  -5.6087  -3.0774  -1.2023
   32  208  595  -5.6088  -3.0770  -1.2022
   33  207  595  -5.6092  -3.0764  -1.2020
   34  205  595  -5.6074  -3.0770  -1.2025
   35  204  595  -5.6073  -3.0766  -1.2024
   36  203  595  -5.6078  -3.0760  -1.2022
   37  201  596  -5.6081  -3.0751  -1.2017
   38  202  596  -5.6083  -3.0754  -1.2017
   39  198  597  -5.6065  -3.0752  -1.2018
   40  200  597  -5.6077  -3.0751  -1.2015
   41  198  598  -5.6067  -3.0751  -1.2014
   42  197  598  -5.6088  -3.0734  -1.2006
   43  196  598  -5.6075  -3.0739  -1.2010
   44  195  598  -5.6059  -3.0746  -1.2015
   45  194  598  -5.6055  -3.0745  -1.2016
   46  193  598  -5.6046  -3.0748  -1.2018

     1  166  584  -5.6023  -3.0672  -1.2052
     2  165  584  -5.6029  -3.0664  -1.2050
     3  167  584  -5.6032  -3.0669  -1.2050
     4  163  585  -5.6017  -3.0666  -1.2050
     5  162  585  -5.6013  -3.0665  -1.2051
     6  161  585  -5.6016  -3.0660  -1.2049
     7  160  585  -5.6008  -3.0662  -1.2052
     8  164  585  -5.6014  -3.0671  -1.2051
     9  159  586  -5.6030  -3.0644  -1.2040
    10  158  586  -5.6029  -3.0641  -1.2040
    11  157  586  -5.6031  -3.0636  -1.2039
    12  155  587  -5.6022  -3.0635  -1.2038
    13  154  587  -5.6023  -3.0631  -1.2037
    14  153  587  -5.6019  -3.0630  -1.2037
    15  152  587  -5.6017  -3.0628  -1.2038
    16  151  587  -5.6014  -3.0627  -1.2038
    17  156  587  -5.6020  -3.0640  -1.2039
    18  150  588  -5.6009  -3.0627  -1.2036
    19  149  588  -5.5999  -3.0631  -1.2039
    20  148  588  -5.5989  -3.0634  -1.2042
    21  147  588  -5.5976  -3.0639  -1.2046
    22  145  589  -5.5961  -3.0642  -1.2047
    23  144  589  -5.5951  -3.0645  -1.2050
    24  143  589  -5.5947  -3.0645  -1.2051
    25  142  589  -5.5942  -3.0645  -1.2052
    26  141  589  -5.5938  -3.0644  -1.2053
    27  140  589  -5.5946  -3.0635  -1.2050
    28  139  589  -5.5940  -3.0636  -1.2052
    29  146  589  -5.5962  -3.0645  -1.2047
    30  138  590  -5.5930  -3.0639  -1.2051
    31  137  590  -5.5922  -3.0641  -1.2053
    32  127  590  -5.5899  -3.0623  -1.2056
    33  126  590  -5.5898  -3.0620  -1.2056
    34  132  591  -5.5895  -3.0642  -1.2057
    35  131  591  -5.5893  -3.0640  -1.2057
    36  130  591  -5.5889  -3.0640  -1.2058
    37  129  591  -5.5892  -3.0635  -1.2056
    38  136  591  -5.5919  -3.0640  -1.2051
    39  133  591  -5.5900  -3.0642  -1.2056
    40  135  591  -5.5913  -3.0640  -1.2052
    41   87  592  -5.5803  -3.0553  -1.2061
    42   84  592  -5.5799  -3.0546  -1.2061
    43   85  592  -5.5803  -3.0546  -1.2060
    44   86  592  -5.5804  -3.0549  -1.2060
    45   88  592  -5.5803  -3.0556  -1.2061
    46   93  592  -5.5814  -3.0566  -1.2060
    47   92  592  -5.5816  -3.0561  -1.2059
    48   91  592  -5.5804  -3.0565  -1.2063
    49   90  592  -5.5803  -3.0563  -1.2062
    50   89  592  -5.5804  -3.0559  -1.2061
    51   83  592  -5.5797  -3.0544  -1.2061
    52   95  593  -5.5818  -3.0570  -1.2057
    53   96  593  -5.5818  -3.0573  -1.2058
    54   97  593  -5.5822  -3.0573  -1.2057
    55   98  593  -5.5825  -3.0575  -1.2056
    56   94  593  -5.5816  -3.0568  -1.2057
    57   81  593  -5.5788  -3.0543  -1.2060
    58   80  593  -5.5785  -3.0542  -1.2060
    59   79  593  -5.5786  -3.0537  -1.2059
    60   77  594  -5.5788  -3.0529  -1.2055
    61   76  594  -5.5796  -3.0520  -1.2051
    62   78  594  -5.5778  -3.0539  -1.2058
    63   71  595  -5.5800  -3.0501  -1.2044
    64   72  595  -5.5805  -3.0501  -1.2043
    65   73  595  -5.5803  -3.0506  -1.2044
    66   74  595  -5.5805  -3.0508  -1.2044
    67   75  595  -5.5804  -3.0512  -1.2045
    68   76  595  -5.5800  -3.0518  -1.2047
    69   69  596  -5.5802  -3.0493  -1.2039
    70   71  596  -5.5803  -3.0499  -1.2040
    71   67  597  -5.5787  -3.0497  -1.2041
    72   66  597  -5.5798  -3.0486  -1.2036
    73   65  597  -5.5788  -3.0489  -1.2039
    74   68  597  -5.5795  -3.0495  -1.2038
    75   64  598  -5.5783  -3.0489  -1.2037
    76   63  598  -5.5772  -3.0493  -1.2041
    77   62  598  -5.5769  -3.0492  -1.2041
    78   61  598  -5.5765  -3.0491  -1.2042
    79   60  598  -5.5761  -3.0490  -1.2043
    80   59  598  -5.5753  -3.0492  -1.2045
    81   58  598  -5.5748  -3.0492  -1.2046
    82   57  598  -5.5742  -3.0493  -1.2048
    83   56  598  -5.5735  -3.0495  -1.2049
    84   55  598  -5.5732  -3.0493  -1.2050
    85   54  598  -5.5724  -3.0495  -1.2052
    86   53  598  -5.5717  -3.0496  -1.2054
    87   52  598  -5.5711  -3.0497  -1.2055
    88   51  598  -5.5711  -3.0494  -1.2055
    89   50  598  -5.5702  -3.0496  -1.2057
    90   49  598  -5.5702  -3.0493  -1.2057
    91   48  598  -5.5688  -3.0499  -1.2061
    92   47  598  -5.5676  -3.0504  -1.2065
    93   46  598  -5.5677  -3.0500  -1.2064
    94   45  598  -5.5686  -3.0490  -1.2060
    95   44  598  -5.5685  -3.0488  -1.2060
    96   43  598  -5.5683  -3.0486  -1.2060
    97   42  598  -5.5680  -3.0485  -1.2061
    98   41  599  -5.5682  -3.0480  -1.2056
    99   40  599  -5.5676  -3.0480  -1.2058
   100   39  599  -5.5676  -3.0477  -1.2057
   101   38  599  -5.5670  -3.0478  -1.2059
   102   37  600  -5.5668  -3.0476  -1.2056
   103   35  600  -5.5664  -3.0472  -1.2056
   104   34  600  -5.5662  -3.0470  -1.2056
   105   33  600  -5.5660  -3.0468  -1.2056
   106   31  600  -5.5664  -3.0458  -1.2054
   107   30  600  -5.5658  -3.0459  -1.2055
   108   29  600  -5.5658  -3.0456  -1.2055
   109   28  600  -5.5654  -3.0455  -1.2056
   110   27  600  -5.5648  -3.0455  -1.2057
   111   26  600  -5.5660  -3.0444  -1.2052
   118   24  601  -5.5666  -3.0434  -1.2046
   124   25  601  -5.5660  -3.0441  -1.2049
   125   23  602  -5.5662  -3.0433  -1.2044
   126   24  602  -5.5660  -3.0438  -1.2045
   127   19  602  -5.5653  -3.0426  -1.2045
   129   21  602  -5.5663  -3.0425  -1.2043
   130   22  602  -5.5665  -3.0428  -1.2043
