; ENVI Output of ROIs (5.4) [Tue Aug 06 20:00:55 2019]
; Number of ROIs: 10
; File Dimension: 1328 x 1184
;
; ROI name: Region #1
; ROI rgb value: {255, 0, 0}
; ROI npts: 103
;
; ROI name: Region #2
; ROI rgb value: {0, 255, 0}
; ROI npts: 121
;
; ROI name: Region #3
; ROI rgb value: {0, 0, 255}
; ROI npts: 86
;
; ROI name: Region #4
; ROI rgb value: {255, 255, 0}
; ROI npts: 50
;
; ROI name: Region #5
; ROI rgb value: {0, 255, 255}
; ROI npts: 66
;
; ROI name: Region #6
; ROI rgb value: {255, 0, 255}
; ROI npts: 113
;
; ROI name: Region #7
; ROI rgb value: {176, 48, 96}
; ROI npts: 110
;
; ROI name: Region #8
; ROI rgb value: {46, 139, 87}
; ROI npts: 92
;
; ROI name: Region #9
; ROI rgb value: {160, 32, 240}
; ROI npts: 84
;
; ROI name: Region #10
; ROI rgb value: {255, 127, 80}
; ROI npts: 101
;   ID    X    Y      B1      B2      B3
     1  954  624  0.0056  0.0038  0.0021
     2  953  624  0.0056  0.0038  0.0021
     3  952  624  0.0056  0.0038  0.0021
     4  951  624  0.0056  0.0038  0.0021
     5  950  624  0.0056  0.0038  0.0021
     6  949  624  0.0056  0.0038  0.0021
     7  948  624  0.0056  0.0038  0.0021
     8  947  624  0.0056  0.0038  0.0021
     9  946  624  0.0056  0.0038  0.0021
    10  944  625  0.0056  0.0038  0.0021
    11  943  625  0.0056  0.0038  0.0021
    12  942  625  0.0056  0.0038  0.0021
    13  941  625  0.0056  0.0038  0.0021
    14  940  625  0.0056  0.0038  0.0021
    15  939  625  0.0056  0.0038  0.0021
    16  938  625  0.0056  0.0038  0.0021
    17  937  625  0.0056  0.0038  0.0021
    18  935  625  0.0056  0.0038  0.0021
    19  933  626  0.0056  0.0038  0.0021
    20  932  626  0.0056  0.0038  0.0021
    21  931  626  0.0056  0.0038  0.0021
    22  930  626  0.0056  0.0038  0.0021
    23  929  626  0.0056  0.0038  0.0021
    24  928  626  0.0056  0.0038  0.0021
    25  927  626  0.0056  0.0038  0.0021
    26  926  626  0.0056  0.0038  0.0021
    27  925  626  0.0056  0.0038  0.0021
    28  924  626  0.0056  0.0038  0.0021
    29  923  627  0.0056  0.0038  0.0021
    30  922  627  0.0056  0.0038  0.0021
    31  921  627  0.0056  0.0038  0.0021
    32  920  627  0.0056  0.0038  0.0021
    33  919  627  0.0056  0.0038  0.0021
    34  918  627  0.0056  0.0038  0.0021
    35  917  627  0.0056  0.0038  0.0021
    36  916  627  0.0056  0.0038  0.0021
    37  915  627  0.0056  0.0038  0.0021
    38  914  627  0.0056  0.0038  0.0021
    39  913  627  0.0056  0.0038  0.0021
    40  912  627  0.0056  0.0038  0.0021
    41  910  627  0.0056  0.0038  0.0021
    42  909  627  0.0056  0.0038  0.0021
    43  908  628  0.0056  0.0038  0.0021
    44  907  628  0.0056  0.0038  0.0021
    45  906  628  0.0056  0.0038  0.0021
    46  905  628  0.0056  0.0038  0.0021
    47  904  628  0.0056  0.0038  0.0021
    48  903  628  0.0056  0.0038  0.0021
    49  901  628  0.0056  0.0038  0.0021
    50  900  628  0.0056  0.0038  0.0021
    51  899  628  0.0056  0.0038  0.0021
    52  898  628  0.0056  0.0038  0.0021
    53  897  628  0.0056  0.0038  0.0021
    54  896  628  0.0056  0.0038  0.0021
    55  895  628  0.0056  0.0038  0.0021
    56  894  628  0.0056  0.0038  0.0021
    57  893  628  0.0056  0.0038  0.0021
    58  892  628  0.0056  0.0038  0.0021
    59  891  628  0.0056  0.0038  0.0021
    60  890  629  0.0056  0.0038  0.0021
    61  889  629  0.0056  0.0038  0.0021
    62  888  629  0.0056  0.0038  0.0021
    63  887  629  0.0056  0.0038  0.0021
    64  886  629  0.0056  0.0038  0.0021
    65  885  629  0.0056  0.0038  0.0021
    66  884  629  0.0056  0.0038  0.0021
    67  883  629  0.0056  0.0038  0.0021
    68  882  629  0.0056  0.0038  0.0021
    69  881  629  0.0056  0.0038  0.0021
    70  880  629  0.0056  0.0038  0.0021
    71  862  629  0.0056  0.0038  0.0021
    72  864  629  0.0056  0.0038  0.0021
    73  865  629  0.0056  0.0038  0.0021
    74  866  629  0.0056  0.0038  0.0021
    75  867  629  0.0056  0.0038  0.0021
    76  868  629  0.0056  0.0038  0.0021
    77  869  629  0.0056  0.0038  0.0021
    78  873  629  0.0056  0.0038  0.0021
    79  872  629  0.0056  0.0038  0.0021
    80  871  629  0.0056  0.0038  0.0021
    81  870  629  0.0056  0.0038  0.0021
    82  873  630  0.0056  0.0038  0.0021
    83  874  630  0.0056  0.0038  0.0021
    84  875  630  0.0056  0.0038  0.0021
    85  876  630  0.0056  0.0038  0.0021
    86  877  630  0.0056  0.0038  0.0021
    87  878  630  0.0056  0.0038  0.0021
    88  879  630  0.0056  0.0038  0.0021
    89  861  630  0.0056  0.0038  0.0021
    90  859  630  0.0056  0.0038  0.0021
    91  858  630  0.0056  0.0038  0.0021
    92  857  630  0.0056  0.0038  0.0021
    93  856  630  0.0056  0.0038  0.0021
    94  854  630  0.0056  0.0038  0.0021
    95  853  630  0.0056  0.0038  0.0021
    96  852  630  0.0056  0.0038  0.0021
    97  851  630  0.0056  0.0038  0.0021
    98  850  630  0.0056  0.0038  0.0021
    99  848  630  0.0056  0.0038  0.0021
   100  845  630  0.0056  0.0038  0.0021
   101  844  630  0.0056  0.0038  0.0021
   102  843  630  0.0056  0.0038  0.0021
   103  841  630  0.0056  0.0038  0.0021

     1  749  635  0.0055  0.0038  0.0021
     2  750  635  0.0055  0.0038  0.0021
     3  752  635  0.0055  0.0038  0.0021
     4  753  635  0.0055  0.0038  0.0021
     5  754  635  0.0055  0.0038  0.0021
     6  751  635  0.0055  0.0038  0.0021
     7  764  636  0.0055  0.0038  0.0021
     8  754  636  0.0055  0.0038  0.0021
     9  763  636  0.0055  0.0038  0.0021
    10  762  636  0.0055  0.0038  0.0021
    11  911  636  0.0056  0.0038  0.0021
    12  910  636  0.0056  0.0038  0.0021
    13  755  636  0.0055  0.0038  0.0021
    14  909  636  0.0056  0.0038  0.0021
    15  769  637  0.0055  0.0038  0.0021
    16  768  637  0.0055  0.0038  0.0021
    17  767  637  0.0055  0.0038  0.0021
    18  766  637  0.0055  0.0038  0.0021
    19  765  637  0.0055  0.0038  0.0021
    20  764  637  0.0055  0.0038  0.0021
    21  756  637  0.0055  0.0038  0.0021
    22  757  637  0.0055  0.0038  0.0021
    23  770  637  0.0055  0.0038  0.0021
    24  771  637  0.0055  0.0038  0.0021
    25  772  637  0.0055  0.0038  0.0021
    26  773  637  0.0055  0.0038  0.0021
    27  774  637  0.0055  0.0038  0.0021
    28  775  637  0.0055  0.0038  0.0021
    29  776  637  0.0055  0.0038  0.0021
    30  777  637  0.0055  0.0038  0.0021
    31  778  637  0.0055  0.0038  0.0021
    32  779  637  0.0055  0.0038  0.0021
    33  780  637  0.0055  0.0038  0.0021
    34  781  637  0.0055  0.0038  0.0021
    35  782  637  0.0055  0.0038  0.0021
    36  783  637  0.0055  0.0038  0.0021
    37  760  637  0.0055  0.0038  0.0021
    38  759  637  0.0055  0.0038  0.0021
    39  755  637  0.0055  0.0038  0.0021
    40  908  637  0.0056  0.0038  0.0021
    41  907  637  0.0056  0.0038  0.0021
    42  906  637  0.0056  0.0038  0.0021
    43  905  637  0.0056  0.0038  0.0021
    44  904  637  0.0056  0.0038  0.0021
    45  903  637  0.0056  0.0038  0.0021
    46  902  637  0.0056  0.0038  0.0021
    47  901  637  0.0056  0.0038  0.0021
    48  899  637  0.0056  0.0038  0.0021
    49  898  637  0.0056  0.0038  0.0021
    50  897  637  0.0056  0.0038  0.0021
    51  896  637  0.0056  0.0038  0.0021
    52  895  637  0.0056  0.0038  0.0021
    53  894  637  0.0056  0.0038  0.0021
    54  893  637  0.0056  0.0038  0.0021
    55  892  637  0.0056  0.0038  0.0021
    56  758  637  0.0055  0.0038  0.0021
    57  891  637  0.0056  0.0038  0.0021
    58  865  638  0.0056  0.0038  0.0021
    59  867  638  0.0056  0.0038  0.0021
    60  869  638  0.0056  0.0038  0.0021
    61  871  638  0.0056  0.0038  0.0021
    62  873  638  0.0056  0.0038  0.0021
    63  874  638  0.0056  0.0038  0.0021
    64  875  638  0.0056  0.0038  0.0021
    65  862  638  0.0056  0.0038  0.0021
    66  860  638  0.0056  0.0038  0.0021
    67  858  638  0.0056  0.0038  0.0021
    68  856  638  0.0056  0.0038  0.0021
    69  853  638  0.0056  0.0038  0.0021
    70  855  638  0.0056  0.0038  0.0021
    71  854  638  0.0056  0.0038  0.0021
    72  852  638  0.0056  0.0038  0.0021
    73  850  638  0.0056  0.0038  0.0021
    74  849  638  0.0056  0.0038  0.0021
    75  846  638  0.0056  0.0038  0.0021
    76  844  638  0.0056  0.0038  0.0021
    77  843  638  0.0056  0.0038  0.0021
    78  840  638  0.0056  0.0038  0.0021
    79  838  638  0.0055  0.0038  0.0021
    80  837  638  0.0055  0.0038  0.0021
    81  835  638  0.0055  0.0038  0.0021
    82  834  638  0.0055  0.0038  0.0021
    83  832  638  0.0055  0.0038  0.0021
    84  830  638  0.0055  0.0038  0.0021
    85  829  638  0.0055  0.0038  0.0021
    86  828  638  0.0055  0.0038  0.0021
    87  825  638  0.0055  0.0038  0.0021
    88  824  638  0.0055  0.0038  0.0021
    89  823  638  0.0055  0.0038  0.0021
    90  821  638  0.0055  0.0038  0.0021
    91  819  638  0.0055  0.0038  0.0021
    92  817  638  0.0055  0.0038  0.0021
    93  816  638  0.0055  0.0038  0.0021
    94  814  638  0.0055  0.0038  0.0021
    95  813  638  0.0055  0.0038  0.0021
    96  812  638  0.0055  0.0038  0.0021
    97  811  638  0.0055  0.0038  0.0021
    98  810  638  0.0055  0.0038  0.0021
    99  796  638  0.0055  0.0038  0.0021
   100  795  638  0.0055  0.0038  0.0021
   101  794  638  0.0055  0.0038  0.0021
   102  793  638  0.0055  0.0038  0.0021
   103  792  638  0.0055  0.0038  0.0021
   104  791  638  0.0055  0.0038  0.0021
   105  790  638  0.0055  0.0038  0.0021
   106  789  638  0.0055  0.0038  0.0021
   107  788  638  0.0055  0.0038  0.0021
   108  787  638  0.0055  0.0038  0.0021
   109  786  638  0.0055  0.0038  0.0021
   110  861  638  0.0056  0.0038  0.0021
   111  785  638  0.0055  0.0038  0.0021
   112  808  639  0.0055  0.0038  0.0021
   113  807  639  0.0055  0.0038  0.0021
   114  806  639  0.0055  0.0038  0.0021
   115  804  639  0.0055  0.0038  0.0021
   116  803  639  0.0055  0.0038  0.0021
   117  802  639  0.0055  0.0038  0.0021
   118  800  639  0.0055  0.0038  0.0021
   119  799  639  0.0055  0.0038  0.0021
   120  797  639  0.0055  0.0038  0.0021
   121  809  639  0.0055  0.0038  0.0021

    1  1057  604  0.0057  0.0038  0.0021
    2  1056  604  0.0057  0.0038  0.0021
    3  1054  604  0.0057  0.0038  0.0021
    4  1058  604  0.0057  0.0038  0.0021
    5  1053  605  0.0057  0.0038  0.0021
    6  1052  606  0.0057  0.0038  0.0021
    7  1051  606  0.0057  0.0038  0.0021
    8  1050  606  0.0057  0.0038  0.0021
    9  1048  606  0.0057  0.0038  0.0021
   10  1047  606  0.0057  0.0038  0.0021
   11  1045  606  0.0057  0.0038  0.0021
   12  1044  606  0.0057  0.0038  0.0021
   13  1043  606  0.0057  0.0038  0.0021
   14  1021  606  0.0057  0.0038  0.0021
   15  1020  606  0.0057  0.0038  0.0021
   16  1019  606  0.0057  0.0038  0.0021
   17  1018  606  0.0057  0.0038  0.0021
   18  1017  606  0.0057  0.0038  0.0021
   19  1016  607  0.0057  0.0038  0.0021
   20  1015  607  0.0057  0.0038  0.0021
   21  1014  607  0.0057  0.0038  0.0021
   22  1013  607  0.0057  0.0038  0.0021
   23  1012  607  0.0057  0.0038  0.0021
   24  1011  607  0.0057  0.0038  0.0021
   25  1010  607  0.0057  0.0038  0.0021
   26   998  608  0.0057  0.0038  0.0021
   27   996  608  0.0057  0.0038  0.0021
   28   999  608  0.0057  0.0038  0.0021
   29   995  609  0.0057  0.0038  0.0021
   30   994  609  0.0057  0.0038  0.0021
   31   993  609  0.0057  0.0038  0.0021
   32   992  609  0.0057  0.0038  0.0021
   33   991  609  0.0057  0.0038  0.0021
   34   989  609  0.0057  0.0038  0.0021
   35   988  609  0.0057  0.0038  0.0021
   36   987  609  0.0057  0.0038  0.0021
   37   986  609  0.0057  0.0038  0.0021
   38   984  609  0.0057  0.0038  0.0021
   39   983  609  0.0057  0.0038  0.0021
   40   981  609  0.0057  0.0038  0.0021
   41   980  609  0.0057  0.0038  0.0021
   42   974  609  0.0057  0.0038  0.0021
   43   976  609  0.0057  0.0038  0.0021
   44   977  609  0.0057  0.0038  0.0021
   45   979  609  0.0057  0.0038  0.0021
   46   972  610  0.0057  0.0038  0.0021
   47   971  610  0.0057  0.0038  0.0021
   48   970  610  0.0057  0.0038  0.0021
   49   968  610  0.0057  0.0038  0.0021
   50   973  610  0.0057  0.0038  0.0021
   51   965  611  0.0057  0.0038  0.0021
   52   964  611  0.0056  0.0038  0.0021
   53   962  611  0.0056  0.0038  0.0021
   54   960  611  0.0057  0.0038  0.0021
   55   961  611  0.0056  0.0038  0.0021
   56   944  611  0.0056  0.0038  0.0021
   57   945  611  0.0056  0.0038  0.0021
   58   946  611  0.0056  0.0038  0.0021
   59   947  611  0.0057  0.0038  0.0021
   60   948  611  0.0057  0.0038  0.0021
   61   949  611  0.0057  0.0038  0.0021
   62   950  611  0.0057  0.0038  0.0021
   63   951  611  0.0057  0.0038  0.0021
   64   951  612  0.0057  0.0038  0.0021
   65   952  612  0.0057  0.0038  0.0021
   66   953  612  0.0057  0.0038  0.0021
   67   954  612  0.0057  0.0038  0.0021
   68   955  612  0.0057  0.0038  0.0021
   69   958  612  0.0057  0.0038  0.0021
   70   959  612  0.0057  0.0038  0.0021
   71   943  612  0.0056  0.0038  0.0021
   72   942  612  0.0056  0.0038  0.0021
   73   941  612  0.0056  0.0038  0.0021
   74   940  612  0.0056  0.0038  0.0021
   75   939  612  0.0056  0.0038  0.0021
   76   938  613  0.0056  0.0038  0.0021
   77   937  613  0.0056  0.0038  0.0021
   78   936  613  0.0056  0.0038  0.0021
   79   934  613  0.0056  0.0038  0.0021
   80   939  613  0.0056  0.0038  0.0021
   81   934  614  0.0056  0.0038  0.0021
   82   933  614  0.0056  0.0038  0.0021
   83   932  614  0.0056  0.0038  0.0021
   84   931  614  0.0056  0.0038  0.0021
   85   930  614  0.0056  0.0038  0.0021
   86   929  614  0.0056  0.0038  0.0021

    1  1157  623  0.0058  0.0037  0.0021
    2  1156  623  0.0058  0.0038  0.0022
    3  1155  623  0.0058  0.0037  0.0021
    4  1154  623  0.0058  0.0037  0.0021
    5  1152  623  0.0058  0.0037  0.0021
    6  1150  623  0.0058  0.0037  0.0021
    7  1147  624  0.0058  0.0037  0.0021
    8  1146  624  0.0057  0.0037  0.0021
    9  1145  624  0.0058  0.0037  0.0021
   10  1144  624  0.0058  0.0037  0.0021
   11  1148  624  0.0058  0.0037  0.0021
   12  1142  625  0.0058  0.0037  0.0021
   13  1141  625  0.0058  0.0037  0.0021
   14  1140  625  0.0058  0.0038  0.0022
   15  1138  625  0.0058  0.0038  0.0022
   16  1136  626  0.0058  0.0038  0.0022
   17  1135  626  0.0058  0.0037  0.0021
   18  1134  626  0.0058  0.0037  0.0021
   19  1133  626  0.0058  0.0037  0.0021
   20  1132  626  0.0058  0.0037  0.0021
   21  1131  626  0.0058  0.0037  0.0021
   25  1126  627  0.0058  0.0037  0.0021
   26  1125  627  0.0058  0.0037  0.0021
   27  1124  627  0.0058  0.0037  0.0021
   28  1122  628  0.0058  0.0037  0.0021
   29  1121  628  0.0058  0.0037  0.0021
   30  1120  628  0.0058  0.0037  0.0021
   31  1119  628  0.0058  0.0037  0.0021
   32  1118  628  0.0058  0.0037  0.0021
   33  1117  628  0.0057  0.0037  0.0021
   34  1116  628  0.0057  0.0037  0.0021
   35  1114  628  0.0057  0.0037  0.0021
   36  1113  628  0.0058  0.0037  0.0021
   37  1112  628  0.0057  0.0037  0.0021
   38  1111  628  0.0057  0.0037  0.0021
   39  1110  629  0.0057  0.0037  0.0021
   40  1109  629  0.0057  0.0037  0.0021
   42  1107  629  0.0057  0.0037  0.0021
   43  1098  629  0.0057  0.0037  0.0021
   44  1099  629  0.0057  0.0037  0.0021
   45  1100  629  0.0057  0.0037  0.0021
   46  1102  629  0.0057  0.0037  0.0021
   47  1097  629  0.0057  0.0037  0.0021
   48  1105  630  0.0057  0.0037  0.0021
   49  1104  630  0.0057  0.0037  0.0021
   50  1103  630  0.0057  0.0037  0.0021

    1  705  649  0.0055  0.0038  0.0021
    2  706  649  0.0055  0.0038  0.0021
    3  707  649  0.0055  0.0038  0.0021
    4  704  649  0.0055  0.0038  0.0021
    5  707  650  0.0055  0.0038  0.0021
    6  709  650  0.0055  0.0038  0.0021
    7  710  650  0.0055  0.0038  0.0021
    8  711  650  0.0055  0.0038  0.0021
    9  713  651  0.0055  0.0038  0.0021
   10  712  651  0.0055  0.0038  0.0021
   11  715  652  0.0055  0.0038  0.0021
   12  716  652  0.0055  0.0038  0.0021
   13  717  652  0.0055  0.0038  0.0021
   14  719  652  0.0055  0.0038  0.0021
   15  714  652  0.0055  0.0038  0.0021
   16  720  653  0.0055  0.0038  0.0021
   17  722  653  0.0055  0.0038  0.0021
   18  723  654  0.0055  0.0038  0.0021
   19  724  654  0.0055  0.0038  0.0021
   20  726  654  0.0055  0.0038  0.0021
   21  727  654  0.0055  0.0038  0.0021
   22  728  654  0.0055  0.0038  0.0021
   23  730  654  0.0055  0.0038  0.0021
   24  731  654  0.0055  0.0038  0.0021
   25  732  654  0.0055  0.0038  0.0021
   26  733  654  0.0055  0.0038  0.0021
   27  734  654  0.0055  0.0038  0.0021
   28  735  654  0.0055  0.0038  0.0021
   29  739  655  0.0055  0.0038  0.0021
   30  738  655  0.0055  0.0038  0.0021
   31  740  656  0.0055  0.0038  0.0021
   32  741  656  0.0055  0.0038  0.0021
   33  743  656  0.0055  0.0038  0.0021
   34  746  657  0.0055  0.0038  0.0021
   35  745  657  0.0055  0.0038  0.0021
   36  748  658  0.0055  0.0038  0.0021
   37  759  658  0.0055  0.0038  0.0021
   38  758  658  0.0055  0.0038  0.0021
   39  757  658  0.0055  0.0038  0.0021
   40  754  658  0.0055  0.0038  0.0021
   41  755  658  0.0055  0.0038  0.0021
   42  756  658  0.0055  0.0038  0.0021
   43  750  659  0.0055  0.0038  0.0021
   44  749  659  0.0055  0.0038  0.0021
   45  760  659  0.0055  0.0038  0.0021
   46  761  659  0.0055  0.0038  0.0021
   47  762  659  0.0055  0.0038  0.0021
   48  764  659  0.0055  0.0038  0.0021
   49  752  659  0.0055  0.0038  0.0021
   50  765  660  0.0055  0.0038  0.0021
   51  766  660  0.0055  0.0038  0.0021
   52  768  660  0.0055  0.0038  0.0021
   53  770  661  0.0055  0.0038  0.0021
   54  771  661  0.0055  0.0038  0.0021
   55  769  661  0.0055  0.0038  0.0021
   56  772  662  0.0055  0.0038  0.0021
   57  774  662  0.0055  0.0038  0.0021
   58  775  662  0.0055  0.0038  0.0021
   59  776  662  0.0055  0.0038  0.0021
   60  778  662  0.0055  0.0038  0.0021
   61  780  662  0.0055  0.0038  0.0021
   62  781  662  0.0055  0.0038  0.0021
   63  782  662  0.0055  0.0038  0.0021
   64  783  662  0.0055  0.0038  0.0021
   65  784  662  0.0055  0.0038  0.0021
   66  785  662  0.0055  0.0038  0.0021

     1  789  797  0.0054  0.0037  0.0022
     2  787  798  0.0054  0.0037  0.0022
     3  786  798  0.0054  0.0037  0.0022
     4  788  798  0.0054  0.0037  0.0022
     5  784  799  0.0055  0.0037  0.0022
     6  783  799  0.0054  0.0037  0.0022
     7  782  799  0.0054  0.0037  0.0021
     8  781  799  0.0054  0.0037  0.0021
     9  779  799  0.0054  0.0037  0.0022
    10  777  799  0.0054  0.0037  0.0022
    11  776  799  0.0054  0.0037  0.0022
    12  775  799  0.0054  0.0037  0.0022
    13  773  799  0.0054  0.0037  0.0022
    14  772  799  0.0054  0.0037  0.0022
    15  771  799  0.0054  0.0037  0.0022
    16  770  799  0.0054  0.0037  0.0022
    17  769  800  0.0054  0.0037  0.0022
    18  767  800  0.0054  0.0037  0.0022
    19  766  800  0.0054  0.0037  0.0022
    20  764  800  0.0054  0.0037  0.0022
    21  763  800  0.0054  0.0037  0.0022
    22  761  800  0.0054  0.0037  0.0022
    23  760  800  0.0054  0.0037  0.0022
    24  758  800  0.0054  0.0037  0.0022
    25  757  800  0.0054  0.0037  0.0022
    26  756  800  0.0054  0.0037  0.0022
    27  754  800  0.0054  0.0037  0.0022
    28  747  800  0.0054  0.0037  0.0021
    29  748  800  0.0054  0.0037  0.0022
    30  750  801  0.0054  0.0037  0.0022
    31  751  801  0.0054  0.0037  0.0022
    32  753  801  0.0054  0.0037  0.0022
    33  747  801  0.0054  0.0037  0.0022
    34  746  801  0.0054  0.0037  0.0021
    35  745  801  0.0054  0.0037  0.0021
    36  744  801  0.0054  0.0037  0.0021
    37  743  801  0.0054  0.0037  0.0022
    38  742  801  0.0054  0.0037  0.0021
    39  741  801  0.0053  0.0037  0.0021
    40  740  801  0.0053  0.0037  0.0021
    41  737  801  0.0054  0.0037  0.0022
    42  735  801  0.0054  0.0037  0.0022
    43  734  801  0.0054  0.0037  0.0022
    44  733  801  0.0054  0.0037  0.0022
    45  732  801  0.0054  0.0037  0.0022
    46  731  801  0.0054  0.0037  0.0022
    47  727  802  0.0054  0.0037  0.0022
    48  726  802  0.0054  0.0037  0.0022
    49  724  802  0.0054  0.0037  0.0022
    50  728  802  0.0055  0.0038  0.0022
    51  722  803  0.0054  0.0038  0.0022
    52  721  803  0.0054  0.0038  0.0022
    53  708  803  0.0054  0.0037  0.0021
    54  709  803  0.0053  0.0037  0.0021
    55  710  803  0.0054  0.0037  0.0021
    56  711  803  0.0054  0.0037  0.0021
    57  713  803  0.0054  0.0037  0.0021
    58  714  803  0.0054  0.0037  0.0022
    59  716  803  0.0054  0.0037  0.0022
    60  718  803  0.0054  0.0037  0.0022
    61  720  803  0.0054  0.0037  0.0022
    62  705  804  0.0053  0.0037  0.0021
    63  704  804  0.0053  0.0037  0.0021
    64  702  804  0.0053  0.0037  0.0021
    65  701  804  0.0053  0.0037  0.0021
    66  700  804  0.0053  0.0037  0.0021
    67  699  804  0.0053  0.0037  0.0021
    68  697  804  0.0053  0.0037  0.0021
    69  706  804  0.0054  0.0037  0.0021
    70  696  805  0.0053  0.0037  0.0021
    71  694  805  0.0053  0.0037  0.0021
    72  693  805  0.0053  0.0037  0.0021
    73  692  805  0.0053  0.0037  0.0021
    74  691  805  0.0053  0.0037  0.0021
    75  690  805  0.0053  0.0037  0.0021
    76  689  805  0.0053  0.0037  0.0021
    77  688  805  0.0053  0.0037  0.0021
    78  687  805  0.0053  0.0037  0.0021
    79  686  805  0.0053  0.0037  0.0021
    80  685  805  0.0053  0.0037  0.0021
    81  684  805  0.0053  0.0037  0.0021
    82  683  806  0.0053  0.0037  0.0021
    83  681  806  0.0053  0.0037  0.0021
    84  679  806  0.0053  0.0037  0.0021
    85  678  806  0.0053  0.0037  0.0021
    86  676  806  0.0053  0.0037  0.0021
    87  674  806  0.0053  0.0037  0.0021
    88  673  806  0.0053  0.0037  0.0021
    89  671  806  0.0053  0.0037  0.0021
    90  670  806  0.0053  0.0037  0.0021
    91  669  806  0.0053  0.0037  0.0021
    92  668  806  0.0053  0.0037  0.0021
    93  667  806  0.0053  0.0037  0.0021
    94  666  806  0.0053  0.0037  0.0021
    95  665  806  0.0053  0.0037  0.0021
    96  641  806  0.0053  0.0037  0.0021
    97  644  806  0.0053  0.0037  0.0021
    98  645  806  0.0053  0.0037  0.0021
    99  648  806  0.0053  0.0037  0.0021
   100  649  806  0.0053  0.0037  0.0021
   101  650  806  0.0053  0.0037  0.0021
   102  651  806  0.0053  0.0037  0.0021
   103  652  806  0.0053  0.0037  0.0021
   104  640  806  0.0053  0.0037  0.0021
   105  655  807  0.0053  0.0037  0.0021
   106  656  807  0.0053  0.0037  0.0021
   107  657  807  0.0053  0.0037  0.0021
   108  659  807  0.0053  0.0037  0.0021
   109  660  807  0.0053  0.0037  0.0021
   110  662  807  0.0053  0.0037  0.0021
   111  663  807  0.0053  0.0037  0.0021
   112  664  807  0.0053  0.0037  0.0021
   113  654  807  0.0053  0.0037  0.0021

     1  969  769  0.0056  0.0037  0.0022
     2  967  770  0.0056  0.0037  0.0022
     3  965  771  0.0056  0.0037  0.0022
     4  964  771  0.0056  0.0037  0.0022
     5  963  771  0.0056  0.0037  0.0022
     6  967  771  0.0056  0.0037  0.0022
     7  962  772  0.0056  0.0037  0.0022
     8  961  773  0.0056  0.0037  0.0022
     9  960  773  0.0056  0.0037  0.0022
    10  959  773  0.0056  0.0037  0.0022
    11  956  774  0.0056  0.0037  0.0022
    12  958  774  0.0056  0.0037  0.0022
    13  954  775  0.0056  0.0037  0.0022
    14  955  775  0.0056  0.0037  0.0022
    15  951  776  0.0055  0.0037  0.0022
    16  950  776  0.0055  0.0037  0.0022
    17  949  776  0.0055  0.0037  0.0022
    18  952  776  0.0055  0.0037  0.0022
    19  947  777  0.0055  0.0037  0.0022
    20  945  777  0.0055  0.0037  0.0022
    21  944  777  0.0055  0.0037  0.0022
    22  942  777  0.0055  0.0037  0.0022
    23  941  777  0.0055  0.0037  0.0022
    24  940  777  0.0055  0.0037  0.0022
    25  939  777  0.0055  0.0037  0.0022
    26  938  777  0.0055  0.0037  0.0022
    27  936  777  0.0055  0.0037  0.0022
    28  935  777  0.0055  0.0037  0.0022
    29  933  778  0.0055  0.0037  0.0022
    30  932  778  0.0055  0.0037  0.0022
    31  931  778  0.0055  0.0037  0.0022
    32  934  778  0.0055  0.0037  0.0022
    33  929  780  0.0055  0.0037  0.0022
    34  928  780  0.0055  0.0037  0.0022
    35  927  780  0.0055  0.0037  0.0022
    36  924  781  0.0055  0.0037  0.0022
    37  923  781  0.0055  0.0037  0.0022
    38  926  781  0.0055  0.0037  0.0022
    39  920  782  0.0055  0.0037  0.0022
    40  919  782  0.0055  0.0037  0.0022
    41  918  782  0.0055  0.0037  0.0022
    42  917  782  0.0055  0.0037  0.0022
    43  916  782  0.0055  0.0037  0.0022
    44  914  782  0.0055  0.0037  0.0022
    45  913  782  0.0055  0.0037  0.0022
    46  911  782  0.0055  0.0037  0.0022
    47  908  783  0.0055  0.0037  0.0022
    48  907  783  0.0055  0.0037  0.0022
    49  906  783  0.0055  0.0037  0.0022
    50  910  783  0.0055  0.0037  0.0022
    51  904  784  0.0055  0.0037  0.0022
    52  905  784  0.0055  0.0037  0.0022
    53  902  785  0.0055  0.0037  0.0022
    54  901  785  0.0055  0.0037  0.0022
    55  900  785  0.0055  0.0037  0.0022
    56  898  786  0.0055  0.0037  0.0022
    57  899  786  0.0055  0.0037  0.0022
    58  895  787  0.0055  0.0037  0.0022
    59  894  787  0.0055  0.0037  0.0022
    60  896  787  0.0055  0.0037  0.0022
    61  892  788  0.0055  0.0037  0.0022
    62  890  789  0.0055  0.0037  0.0022
    63  889  789  0.0055  0.0037  0.0022
    64  888  789  0.0055  0.0037  0.0022
    65  892  789  0.0055  0.0037  0.0022
    66  886  790  0.0055  0.0037  0.0022
    67  885  790  0.0055  0.0037  0.0022
    68  883  790  0.0055  0.0037  0.0022
    69  880  791  0.0054  0.0037  0.0022
    70  882  791  0.0054  0.0037  0.0022
    71  879  792  0.0055  0.0037  0.0022
    72  878  792  0.0055  0.0037  0.0022
    73  877  792  0.0055  0.0037  0.0022
    74  875  792  0.0055  0.0037  0.0022
    75  874  792  0.0055  0.0037  0.0022
    76  873  792  0.0055  0.0037  0.0022
    77  871  792  0.0054  0.0037  0.0022
    78  870  792  0.0054  0.0037  0.0022
    79  869  793  0.0054  0.0037  0.0022
    80  868  793  0.0055  0.0037  0.0022
    81  867  793  0.0054  0.0037  0.0022
    82  866  793  0.0054  0.0037  0.0022
    83  864  793  0.0055  0.0037  0.0022
    84  863  794  0.0055  0.0037  0.0022
    85  862  794  0.0055  0.0037  0.0022
    86  861  794  0.0055  0.0037  0.0022
    87  860  794  0.0055  0.0037  0.0022
    88  859  794  0.0055  0.0037  0.0022
    89  857  794  0.0055  0.0037  0.0022
    90  856  794  0.0055  0.0037  0.0022
    91  855  794  0.0055  0.0037  0.0022
    92  854  794  0.0055  0.0037  0.0022
    93  852  794  0.0055  0.0037  0.0022
    94  849  795  0.0055  0.0037  0.0022
    95  850  795  0.0055  0.0037  0.0022
    96  847  796  0.0055  0.0037  0.0022
    97  846  796  0.0054  0.0037  0.0022
    98  845  796  0.0054  0.0037  0.0022
    99  844  796  0.0054  0.0037  0.0022
   100  843  797  0.0054  0.0037  0.0022
   101  842  797  0.0054  0.0037  0.0022
   102  841  797  0.0054  0.0037  0.0022
   103  840  797  0.0054  0.0037  0.0022
   104  839  797  0.0054  0.0037  0.0022
   105  838  797  0.0054  0.0037  0.0022
   106  837  797  0.0054  0.0037  0.0022
   107  836  797  0.0054  0.0037  0.0022
   108  834  797  0.0054  0.0037  0.0022
   109  833  797  0.0054  0.0037  0.0022
   110  832  797  0.0054  0.0037  0.0022

   32  1031  755  0.0054  0.0036  0.0021
   33  1030  755  0.0054  0.0035  0.0021
   34  1029  756  0.0054  0.0036  0.0021
   35  1028  756  0.0054  0.0035  0.0021
   36  1027  756  0.0054  0.0035  0.0021
   37  1030  756  0.0054  0.0036  0.0021
   38  1025  757  0.0054  0.0035  0.0021
   39  1024  757  0.0054  0.0036  0.0021
   40  1026  757  0.0054  0.0035  0.0021
   41  1024  758  0.0054  0.0036  0.0021
   42  1023  758  0.0054  0.0036  0.0021
   43  1022  758  0.0054  0.0036  0.0021
   44  1021  758  0.0054  0.0036  0.0021
   45  1020  758  0.0054  0.0036  0.0021
   46  1018  758  0.0054  0.0036  0.0021
   47  1019  758  0.0054  0.0036  0.0021
   48  1016  759  0.0054  0.0035  0.0021
   52  1017  759  0.0054  0.0035  0.0021
   77   990  764  0.0056  0.0037  0.0022
   83   979  765  0.0056  0.0037  0.0022
   84   980  765  0.0056  0.0037  0.0022
   85   981  765  0.0056  0.0037  0.0022
   86   978  765  0.0056  0.0037  0.0022
   87   981  766  0.0056  0.0037  0.0022
   88   984  766  0.0056  0.0037  0.0022
   89   985  766  0.0056  0.0037  0.0022
   90   986  766  0.0056  0.0037  0.0022
   91   982  766  0.0056  0.0037  0.0022
   92   983  766  0.0056  0.0037  0.0022

    1  1027  646  0.0057  0.0037  0.0021
    2  1026  647  0.0057  0.0037  0.0021
    3  1025  647  0.0057  0.0037  0.0021
    4  1027  647  0.0057  0.0037  0.0021
    5  1023  648  0.0057  0.0037  0.0021
    6  1024  648  0.0057  0.0037  0.0021
    7  1023  649  0.0057  0.0037  0.0021
    8  1022  649  0.0057  0.0037  0.0021
    9  1021  649  0.0057  0.0037  0.0021
   10  1020  649  0.0057  0.0037  0.0021
   11  1019  649  0.0057  0.0037  0.0021
   12  1018  649  0.0057  0.0037  0.0021
   13  1017  649  0.0057  0.0037  0.0021
   14  1016  649  0.0057  0.0037  0.0021
   15  1015  649  0.0057  0.0037  0.0021
   16  1014  649  0.0057  0.0037  0.0021
   17  1013  649  0.0057  0.0037  0.0021
   18  1013  650  0.0057  0.0037  0.0021
   19  1012  650  0.0057  0.0037  0.0021
   20  1011  650  0.0057  0.0037  0.0021
   21  1010  650  0.0057  0.0037  0.0021
   22  1009  651  0.0057  0.0037  0.0021
   23  1006  651  0.0057  0.0037  0.0021
   24  1010  651  0.0057  0.0037  0.0021
   25  1005  652  0.0057  0.0037  0.0021
   26  1004  652  0.0056  0.0037  0.0021
   27  1003  652  0.0056  0.0037  0.0021
   28  1002  652  0.0056  0.0037  0.0021
   29  1001  652  0.0056  0.0037  0.0021
   30  1000  653  0.0056  0.0037  0.0021
   31   999  653  0.0056  0.0037  0.0021
   32   998  653  0.0056  0.0037  0.0021
   33  1001  653  0.0056  0.0037  0.0021
   34   996  654  0.0056  0.0037  0.0021
   35   997  654  0.0056  0.0037  0.0021
   36   996  655  0.0056  0.0037  0.0021
   37   995  655  0.0056  0.0037  0.0021
   38   994  655  0.0056  0.0037  0.0021
   39   993  655  0.0056  0.0037  0.0021
   40   992  655  0.0056  0.0037  0.0021
   41   991  655  0.0056  0.0037  0.0021
   42   989  655  0.0056  0.0037  0.0021
   43   990  655  0.0056  0.0037  0.0021
   44   988  656  0.0056  0.0037  0.0021
   45   987  656  0.0056  0.0037  0.0021
   46   986  656  0.0056  0.0037  0.0021
   47   985  656  0.0056  0.0037  0.0021
   48   984  656  0.0056  0.0037  0.0021
   49   983  656  0.0056  0.0037  0.0021
   50   981  656  0.0056  0.0037  0.0021
   51   980  656  0.0056  0.0037  0.0021
   52   979  656  0.0056  0.0037  0.0021
   53   971  658  0.0056  0.0037  0.0021
   54   970  658  0.0056  0.0037  0.0021
   55   969  658  0.0056  0.0037  0.0021
   56   968  658  0.0056  0.0038  0.0021
   57   967  658  0.0056  0.0038  0.0021
   58   966  658  0.0056  0.0038  0.0021
   59   965  658  0.0056  0.0038  0.0021
   60   964  658  0.0056  0.0038  0.0021
   61   963  658  0.0056  0.0038  0.0021
   62   963  659  0.0056  0.0038  0.0021
   63   962  659  0.0056  0.0038  0.0021
   64   961  659  0.0056  0.0038  0.0021
   65   960  659  0.0056  0.0037  0.0021
   66   959  659  0.0056  0.0037  0.0021
   67   958  659  0.0056  0.0037  0.0021
   68   957  659  0.0056  0.0037  0.0021
   69   957  660  0.0056  0.0037  0.0021
   70   955  661  0.0056  0.0037  0.0021
   71   956  661  0.0056  0.0037  0.0021
   72   954  662  0.0056  0.0037  0.0021
   73   953  662  0.0056  0.0037  0.0021
   74   952  662  0.0056  0.0037  0.0021
   75   955  662  0.0056  0.0037  0.0021
   76   952  663  0.0056  0.0037  0.0021
   77   951  663  0.0056  0.0037  0.0021
   78   950  664  0.0056  0.0037  0.0021
   79   949  664  0.0056  0.0037  0.0021
   80   948  664  0.0056  0.0037  0.0021
   81   947  664  0.0056  0.0037  0.0021
   82   946  664  0.0056  0.0037  0.0021
   83   945  664  0.0056  0.0037  0.0021
   84   951  664  0.0056  0.0037  0.0021

     1  1181  609  0.0059  0.0038  0.0022
     2  1180  609  0.0059  0.0038  0.0022
     3  1179  609  0.0058  0.0038  0.0022
     4  1182  609  0.0058  0.0038  0.0022
     5  1179  610  0.0058  0.0038  0.0022
     6  1178  610  0.0058  0.0038  0.0022
     7  1177  610  0.0058  0.0037  0.0021
     8  1176  610  0.0058  0.0037  0.0021
     9  1175  610  0.0058  0.0037  0.0021
    10  1174  611  0.0058  0.0037  0.0021
    11  1173  611  0.0058  0.0038  0.0022
    12  1172  611  0.0058  0.0038  0.0022
    13  1171  611  0.0059  0.0038  0.0022
    14  1170  611  0.0059  0.0038  0.0022
    15  1169  611  0.0059  0.0038  0.0022
    16  1168  611  0.0058  0.0037  0.0021
    17  1167  611  0.0058  0.0038  0.0021
    18  1166  611  0.0058  0.0038  0.0021
    19  1165  611  0.0058  0.0038  0.0022
    20  1164  611  0.0058  0.0038  0.0021
    21  1163  611  0.0058  0.0037  0.0021
    22  1163  612  0.0058  0.0037  0.0021
    23  1162  612  0.0058  0.0037  0.0021
    24  1161  612  0.0058  0.0038  0.0022
    25  1161  613  0.0058  0.0038  0.0021
    26  1160  613  0.0058  0.0038  0.0021
    27  1159  613  0.0058  0.0038  0.0022
    28  1158  613  0.0058  0.0037  0.0021
    29  1157  613  0.0058  0.0038  0.0022
    30  1155  613  0.0058  0.0038  0.0022
    31  1154  613  0.0058  0.0037  0.0021
    32  1153  613  0.0058  0.0038  0.0021
    33  1152  613  0.0058  0.0038  0.0022
    34  1151  613  0.0058  0.0038  0.0022
    35  1150  613  0.0058  0.0037  0.0021
    36  1149  613  0.0058  0.0038  0.0021
    37  1147  613  0.0058  0.0037  0.0021
    38  1146  613  0.0058  0.0037  0.0021
    39  1133  614  0.0058  0.0037  0.0021
    40  1135  614  0.0058  0.0038  0.0021
    41  1133  615  0.0058  0.0037  0.0021
    42  1132  615  0.0058  0.0037  0.0021
    43  1131  615  0.0058  0.0037  0.0021
    44  1130  615  0.0058  0.0037  0.0021
    45  1129  615  0.0058  0.0037  0.0021
    48  1113  617  0.0058  0.0038  0.0021
    49  1112  617  0.0058  0.0037  0.0021
    50  1109  617  0.0058  0.0038  0.0021
    51  1110  617  0.0058  0.0038  0.0021
    52  1111  617  0.0058  0.0038  0.0021
    53  1108  618  0.0058  0.0038  0.0021
    54  1107  618  0.0058  0.0038  0.0021
    55  1105  618  0.0058  0.0038  0.0021
    56  1057  618  0.0057  0.0038  0.0021
    57  1058  618  0.0057  0.0038  0.0021
    58  1059  618  0.0057  0.0038  0.0021
    59  1060  618  0.0057  0.0038  0.0021
    60  1061  618  0.0057  0.0038  0.0021
    61  1062  618  0.0057  0.0038  0.0021
    62  1064  618  0.0057  0.0038  0.0021
    63  1065  618  0.0057  0.0038  0.0021
    64  1066  618  0.0057  0.0038  0.0021
    65  1067  618  0.0057  0.0038  0.0021
    66  1068  618  0.0057  0.0038  0.0021
    67  1095  618  0.0058  0.0037  0.0021
    68  1094  618  0.0058  0.0037  0.0021
    69  1093  618  0.0058  0.0037  0.0021
    70  1092  618  0.0057  0.0037  0.0021
    71  1091  618  0.0057  0.0037  0.0021
    72  1090  618  0.0057  0.0037  0.0021
    73  1089  618  0.0057  0.0037  0.0021
    74  1088  618  0.0057  0.0037  0.0021
    75  1087  618  0.0057  0.0037  0.0021
    76  1086  618  0.0057  0.0037  0.0021
    77  1085  618  0.0057  0.0037  0.0021
    78  1084  618  0.0057  0.0037  0.0021
    79  1083  618  0.0057  0.0037  0.0021
    80  1082  618  0.0057  0.0037  0.0021
    81  1081  618  0.0057  0.0038  0.0021
    82  1080  618  0.0057  0.0037  0.0021
    83  1078  618  0.0057  0.0037  0.0021
    84  1077  618  0.0057  0.0037  0.0021
    85  1073  618  0.0057  0.0038  0.0021
    86  1072  618  0.0057  0.0038  0.0021
    87  1071  618  0.0057  0.0038  0.0021
    88  1070  618  0.0057  0.0038  0.0021
    89  1069  618  0.0057  0.0038  0.0021
    90  1056  618  0.0057  0.0038  0.0021
    91  1096  619  0.0058  0.0037  0.0021
    92  1097  619  0.0058  0.0037  0.0021
    93  1098  619  0.0058  0.0037  0.0021
    94  1099  619  0.0058  0.0037  0.0021
    95  1100  619  0.0058  0.0038  0.0021
    96  1101  619  0.0058  0.0038  0.0021
    97  1102  619  0.0058  0.0038  0.0021
    98  1103  619  0.0058  0.0038  0.0021
    99  1104  619  0.0058  0.0038  0.0021
   100  1105  619  0.0058  0.0038  0.0021
   101  1095  619  0.0058  0.0037  0.0021
