; ENVI Output of ROIs (5.4) [Tue Aug 06 20:13:00 2019]
; Number of ROIs: 9
; File Dimension: 1328 x 1184
;
; ROI name: Region #1
; ROI rgb value: {255, 0, 0}
; ROI npts: 48
;
; ROI name: Region #2
; ROI rgb value: {0, 255, 0}
; ROI npts: 42
;
; ROI name: Region #3
; ROI rgb value: {0, 0, 255}
; ROI npts: 111
;
; ROI name: Region #4
; ROI rgb value: {255, 255, 0}
; ROI npts: 49
;
; ROI name: Region #5
; ROI rgb value: {0, 255, 255}
; ROI npts: 73
;
; ROI name: Region #6
; ROI rgb value: {255, 0, 255}
; ROI npts: 51
;
; ROI name: Region #7
; ROI rgb value: {176, 48, 96}
; ROI npts: 85
;
; ROI name: Region #8
; ROI rgb value: {46, 139, 87}
; ROI npts: 110
;
; ROI name: Region #9
; ROI rgb value: {160, 32, 240}
; ROI npts: 160
;  ID   X    Y       B1       B2       B3
    1  17  861  -5.1961  -2.6777  -1.1275
    2  16  861  -5.1982  -2.6754  -1.1265
    3  18  862  -5.1973  -2.6770  -1.1269
    4  19  862  -5.2011  -2.6739  -1.1254
    5  20  862  -5.2043  -2.6714  -1.1241
    6  21  862  -5.2050  -2.6711  -1.1239
    7  17  862  -5.1989  -2.6752  -1.1260
    8  21  863  -5.2052  -2.6710  -1.1235
    9  22  863  -5.2062  -2.6704  -1.1231
   10  23  863  -5.2067  -2.6704  -1.1230
   11  24  863  -5.2068  -2.6706  -1.1231
   12  25  863  -5.2072  -2.6707  -1.1230
   13  26  863  -5.2077  -2.6706  -1.1229
   14  27  863  -5.2081  -2.6705  -1.1228
   15  28  864  -5.2088  -2.6704  -1.1223
   16  29  864  -5.2090  -2.6705  -1.1223
   17  30  864  -5.2092  -2.6707  -1.1223
   18  31  864  -5.2094  -2.6709  -1.1223
   19  32  864  -5.2095  -2.6712  -1.1223
   20  33  864  -5.2100  -2.6711  -1.1223
   21  34  864  -5.2097  -2.6717  -1.1225
   22  35  864  -5.2099  -2.6719  -1.1225
   23  36  864  -5.2100  -2.6722  -1.1225
   24  37  865  -5.2099  -2.6727  -1.1224
   25  38  865  -5.2102  -2.6728  -1.1223
   26  39  865  -5.2101  -2.6733  -1.1224
   27  40  865  -5.2106  -2.6732  -1.1223
   28  41  865  -5.2106  -2.6736  -1.1224
   29  42  865  -5.2102  -2.6743  -1.1227
   30  43  865  -5.2099  -2.6749  -1.1229
   31  44  865  -5.2097  -2.6755  -1.1231
   32  45  865  -5.2101  -2.6755  -1.1230
   33  46  865  -5.2104  -2.6756  -1.1230
   34  47  865  -5.2105  -2.6759  -1.1230
   35  48  865  -5.2107  -2.6760  -1.1230
   36  49  865  -5.2111  -2.6761  -1.1229
   37  51  865  -5.2113  -2.6766  -1.1230
   38  52  865  -5.2119  -2.6764  -1.1228
   39  53  865  -5.2115  -2.6772  -1.1231
   40  54  865  -5.2118  -2.6773  -1.1230
   41  55  865  -5.2121  -2.6774  -1.1230
   42  56  865  -5.2122  -2.6776  -1.1230
   43  57  865  -5.2131  -2.6772  -1.1228
   44  58  865  -5.2133  -2.6774  -1.1228
   45  59  865  -5.2134  -2.6777  -1.1229
   46  60  865  -5.2133  -2.6782  -1.1230
   47  61  865  -5.2136  -2.6782  -1.1229
   48  62  865  -5.2139  -2.6783  -1.1229

    1   72  867  -5.2136  -2.6824  -1.1233
    2   73  868  -5.2135  -2.6828  -1.1231
    3   72  868  -5.2134  -2.6825  -1.1231
    4   73  869  -5.2131  -2.6831  -1.1230
    5   74  869  -5.2131  -2.6835  -1.1231
    6   75  869  -5.2132  -2.6838  -1.1231
    7   76  869  -5.2135  -2.6839  -1.1231
    8   77  870  -5.2132  -2.6846  -1.1230
    9   78  870  -5.2135  -2.6847  -1.1230
   10   76  870  -5.2132  -2.6842  -1.1229
   11   79  871  -5.2136  -2.6849  -1.1227
   12   80  871  -5.2137  -2.6852  -1.1228
   13   81  871  -5.2144  -2.6850  -1.1226
   14   82  871  -5.2144  -2.6854  -1.1227
   15   83  871  -5.2142  -2.6859  -1.1229
   16   83  872  -5.2138  -2.6863  -1.1227
   17   84  872  -5.2141  -2.6864  -1.1227
   18   90  872  -5.2147  -2.6880  -1.1230
   19   92  872  -5.2145  -2.6890  -1.1233
   20   85  873  -5.2139  -2.6869  -1.1226
   21   88  873  -5.2144  -2.6876  -1.1226
   22   89  873  -5.2148  -2.6877  -1.1226
   23   90  873  -5.2140  -2.6887  -1.1230
   24   84  873  -5.2140  -2.6865  -1.1225
   25   87  873  -5.2149  -2.6868  -1.1224
   26   86  873  -5.2141  -2.6871  -1.1226
   27   93  874  -5.2136  -2.6902  -1.1231
   28   94  874  -5.2148  -2.6895  -1.1227
   29   95  874  -5.2144  -2.6902  -1.1230
   30   96  874  -5.2139  -2.6910  -1.1233
   31   97  874  -5.2138  -2.6915  -1.1234
   32   98  874  -5.2136  -2.6921  -1.1236
   33   99  874  -5.2140  -2.6920  -1.1235
   34  100  874  -5.2131  -2.6932  -1.1240
   35  101  874  -5.2138  -2.6929  -1.1238
   36  103  875  -5.2136  -2.6939  -1.1238
   37  104  875  -5.2133  -2.6945  -1.1240
   38  105  875  -5.2135  -2.6947  -1.1239
   39  102  875  -5.2138  -2.6933  -1.1236
   40  107  876  -5.2141  -2.6949  -1.1236
   41  108  876  -5.2148  -2.6947  -1.1234
   42  106  876  -5.2140  -2.6946  -1.1235

     1  148  874  -5.2223  -2.7027  -1.1244
     2  147  874  -5.2220  -2.7025  -1.1244
     3  149  875  -5.2228  -2.7026  -1.1240
     4  150  875  -5.2227  -2.7030  -1.1241
     5  148  875  -5.2223  -2.7027  -1.1241
     6  151  876  -5.2227  -2.7035  -1.1239
     7  152  876  -5.2231  -2.7034  -1.1238
     8  153  876  -5.2236  -2.7034  -1.1237
     9  154  876  -5.2237  -2.7036  -1.1238
    10  155  876  -5.2240  -2.7038  -1.1237
    11  155  877  -5.2243  -2.7035  -1.1233
    12  156  877  -5.2246  -2.7036  -1.1233
    13  157  877  -5.2247  -2.7039  -1.1233
    14  158  877  -5.2249  -2.7041  -1.1233
    15  160  878  -5.2224  -2.7070  -1.1242
    16  162  878  -5.2235  -2.7068  -1.1240
    17  159  878  -5.2221  -2.7069  -1.1243
    18  163  879  -5.2208  -2.7096  -1.1249
    19  164  879  -5.2210  -2.7098  -1.1249
    20  165  879  -5.2223  -2.7090  -1.1244
    21  166  879  -5.2211  -2.7104  -1.1250
    22  162  879  -5.2216  -2.7085  -1.1245
    23  166  880  -5.2205  -2.7109  -1.1249
    24  167  880  -5.2208  -2.7110  -1.1249
    25  168  880  -5.2208  -2.7115  -1.1250
    26  169  880  -5.2211  -2.7115  -1.1250
    27  170  880  -5.2214  -2.7116  -1.1249
    28  171  880  -5.2216  -2.7118  -1.1249
    29  172  881  -5.2211  -2.7126  -1.1250
    30  173  881  -5.2213  -2.7129  -1.1250
    31  171  881  -5.2215  -2.7120  -1.1247
    32  173  882  -5.2219  -2.7124  -1.1244
    33  174  882  -5.2223  -2.7123  -1.1244
    34  175  882  -5.2223  -2.7127  -1.1244
    35  176  882  -5.2222  -2.7132  -1.1246
    36  178  883  -5.2231  -2.7131  -1.1241
    37  179  883  -5.2232  -2.7134  -1.1242
    38  180  883  -5.2221  -2.7147  -1.1247
    39  177  883  -5.2210  -2.7146  -1.1248
    40  181  884  -5.2229  -2.7144  -1.1241
    41  182  885  -5.2250  -2.7129  -1.1231
    42  183  885  -5.2241  -2.7141  -1.1236
    43  184  885  -5.2239  -2.7147  -1.1237
    44  186  886  -5.2244  -2.7149  -1.1234
    45  185  886  -5.2246  -2.7144  -1.1232
    46  187  887  -5.2226  -2.7169  -1.1239
    47  188  887  -5.2241  -2.7159  -1.1234
    48  186  887  -5.2274  -2.7123  -1.1219
    49  189  888  -5.2141  -2.7252  -1.1272
    50  190  888  -5.2236  -2.7172  -1.1235
    51  191  888  -5.2226  -2.7184  -1.1240
    52  194  889  -5.2236  -2.7186  -1.1236
    53  195  889  -5.2238  -2.7188  -1.1236
    54  196  889  -5.2235  -2.7194  -1.1238
    55  193  889  -5.2233  -2.7185  -1.1236
    56  196  890  -5.2232  -2.7197  -1.1236
    57  198  890  -5.2250  -2.7188  -1.1231
    58  199  891  -5.2256  -2.7187  -1.1226
    59  200  891  -5.2247  -2.7199  -1.1231
    60  198  891  -5.2251  -2.7188  -1.1228
    61  200  892  -5.2238  -2.7207  -1.1232
    62  201  892  -5.2247  -2.7203  -1.1229
    63  203  893  -5.2260  -2.7199  -1.1223
    64  205  894  -5.2265  -2.7202  -1.1220
    65  206  894  -5.2267  -2.7203  -1.1220
    66  204  894  -5.2255  -2.7207  -1.1222
    67  208  895  -5.2271  -2.7208  -1.1217
    68  209  895  -5.2271  -2.7211  -1.1218
    69  210  895  -5.2268  -2.7217  -1.1220
    70  211  895  -5.2273  -2.7217  -1.1219
    71  213  896  -5.2271  -2.7226  -1.1218
    72  212  896  -5.2261  -2.7231  -1.1222
    73  215  897  -5.2256  -2.7246  -1.1223
    74  217  897  -5.2252  -2.7257  -1.1227
    75  218  897  -5.2252  -2.7261  -1.1228
    76  219  897  -5.2244  -2.7271  -1.1232
    77  220  897  -5.2249  -2.7271  -1.1230
    78  221  897  -5.2243  -2.7280  -1.1234
    79  222  897  -5.2238  -2.7288  -1.1237
    80  224  898  -5.2201  -2.7328  -1.1251
    81  225  898  -5.2217  -2.7317  -1.1245
    82  223  898  -5.2226  -2.7302  -1.1240
    83  226  899  -5.2225  -2.7314  -1.1240
    84  227  899  -5.2229  -2.7315  -1.1239
    85  229  899  -5.2231  -2.7320  -1.1240
    86  230  899  -5.2232  -2.7323  -1.1241
    87  231  900  -5.2231  -2.7328  -1.1239
    88  232  900  -5.2230  -2.7332  -1.1240
    89  233  900  -5.2232  -2.7334  -1.1240
    90  230  900  -5.2232  -2.7323  -1.1238
    91  233  901  -5.2228  -2.7338  -1.1239
    92  234  901  -5.2233  -2.7337  -1.1238
    93  235  901  -5.2234  -2.7340  -1.1239
    94  236  901  -5.2238  -2.7340  -1.1238
    95  238  902  -5.2242  -2.7344  -1.1235
    96  237  902  -5.2237  -2.7344  -1.1236
    97  238  903  -5.2238  -2.7347  -1.1234
    98  239  903  -5.2237  -2.7352  -1.1235
    99  240  903  -5.2241  -2.7352  -1.1234
   100  241  903  -5.2244  -2.7353  -1.1234
   101  244  904  -5.2261  -2.7349  -1.1227
   102  243  904  -5.2257  -2.7349  -1.1228
   103  245  905  -5.2262  -2.7352  -1.1224
   104  246  905  -5.2266  -2.7353  -1.1224
   105  244  905  -5.2258  -2.7352  -1.1225
   106  248  906  -5.2267  -2.7359  -1.1222
   107  249  906  -5.2263  -2.7366  -1.1225
   108  250  906  -5.2264  -2.7368  -1.1225
   109  252  907  -5.2264  -2.7376  -1.1224
   110  253  907  -5.2268  -2.7376  -1.1223
   111  251  907  -5.2261  -2.7376  -1.1225

    1  411  955  -5.2199  -2.8013  -1.1253
    2  412  955  -5.2227  -2.7993  -1.1242
    3  413  955  -5.2245  -2.7981  -1.1236
    4  410  955  -5.2171  -2.8033  -1.1264
    5  413  956  -5.2237  -2.7988  -1.1236
    6  414  956  -5.2266  -2.7967  -1.1224
    7  415  956  -5.2106  -2.8106  -1.1291
    8  416  956  -5.2188  -2.8041  -1.1259
    9  417  956  -5.2185  -2.8046  -1.1261
   10  418  956  -5.2185  -2.8050  -1.1262
   11  419  956  -5.2213  -2.8030  -1.1251
   12  421  957  -5.2219  -2.8032  -1.1248
   13  422  957  -5.2227  -2.8029  -1.1246
   14  423  957  -5.2228  -2.8031  -1.1246
   15  424  957  -5.2252  -2.8015  -1.1237
   16  424  958  -5.2223  -2.8039  -1.1247
   17  425  958  -5.2242  -2.8027  -1.1240
   18  426  958  -5.2217  -2.8052  -1.1251
   19  427  958  -5.2141  -2.8119  -1.1283
   20  428  958  -5.2150  -2.8115  -1.1280
   21  429  958  -5.2159  -2.8111  -1.1277
   22  430  958  -5.2171  -2.8105  -1.1273
   23  432  959  -5.2169  -2.8114  -1.1273
   24  431  959  -5.2160  -2.8118  -1.1276
   25  432  960  -5.2152  -2.8128  -1.1277
   26  433  960  -5.2161  -2.8125  -1.1275
   27  434  960  -5.2169  -2.8121  -1.1272
   28  435  960  -5.2163  -2.8130  -1.1275
   29  436  960  -5.2165  -2.8131  -1.1275
   30  437  961  -5.2189  -2.8115  -1.1264
   31  436  961  -5.2167  -2.8130  -1.1272
   32  439  962  -5.2199  -2.8114  -1.1259
   33  440  962  -5.2206  -2.8112  -1.1257
   34  438  962  -5.2191  -2.8117  -1.1261
   35  443  963  -5.2224  -2.8107  -1.1250
   36  442  963  -5.2218  -2.8109  -1.1252
   37  443  964  -5.2221  -2.8109  -1.1248
   38  444  964  -5.2230  -2.8105  -1.1245
   39  445  964  -5.2236  -2.8104  -1.1244
   40  446  964  -5.2241  -2.8104  -1.1242
   41  448  965  -5.2236  -2.8115  -1.1243
   42  450  966  -5.2232  -2.8125  -1.1243
   43  451  966  -5.2217  -2.8142  -1.1250
   44  449  966  -5.2229  -2.8124  -1.1244
   45  451  967  -5.2225  -2.8135  -1.1244
   46  452  967  -5.2229  -2.8136  -1.1244
   47  453  967  -5.2229  -2.8139  -1.1244
   48  454  967  -5.2225  -2.8146  -1.1247
   49  455  967  -5.2215  -2.8158  -1.1252

    1  495  1084  -5.2058  -2.8452  -1.1026
    2  496  1084  -5.2054  -2.8459  -1.1029
    3  497  1084  -5.2060  -2.8458  -1.1027
    4  494  1084  -5.2065  -2.8443  -1.1023
    5  499  1085  -5.2066  -2.8460  -1.1024
    6  500  1085  -5.2061  -2.8468  -1.1027
    7  498  1085  -5.2064  -2.8458  -1.1023
    8  500  1086  -5.2062  -2.8467  -1.1023
    9  501  1086  -5.2062  -2.8470  -1.1024
   10  502  1086  -5.2064  -2.8472  -1.1024
   11  503  1086  -5.2059  -2.8480  -1.1027
   12  504  1087  -5.2060  -2.8483  -1.1025
   13  505  1088  -5.2065  -2.8483  -1.1021
   14  504  1088  -5.2067  -2.8477  -1.1019
   15  505  1089  -5.2060  -2.8487  -1.1020
   16  506  1089  -5.2066  -2.8486  -1.1019
   17  507  1089  -5.2067  -2.8488  -1.1019
   18  508  1089  -5.2061  -2.8496  -1.1022
   19  509  1089  -5.2066  -2.8496  -1.1021
   20  510  1089  -5.2061  -2.8503  -1.1024
   21  510  1090  -5.2057  -2.8507  -1.1023
   22  511  1090  -5.2060  -2.8508  -1.1023
   23  512  1090  -5.2060  -2.8512  -1.1023
   24  513  1090  -5.2062  -2.8513  -1.1023
   25  514  1090  -5.2060  -2.8519  -1.1025
   26  515  1090  -5.2065  -2.8518  -1.1024
   27  516  1090  -5.2067  -2.8519  -1.1024
   28  517  1090  -5.2073  -2.8518  -1.1022
   29  518  1090  -5.2076  -2.8519  -1.1022
   30  518  1091  -5.2075  -2.8521  -1.1020
   31  522  1092  -5.2080  -2.8530  -1.1018
   32  523  1092  -5.2081  -2.8532  -1.1018
   33  525  1092  -5.2086  -2.8535  -1.1018
   34  526  1092  -5.2090  -2.8536  -1.1017
   35  521  1092  -5.2079  -2.8528  -1.1018
   36  526  1093  -5.2079  -2.8545  -1.1019
   37  527  1093  -5.2084  -2.8545  -1.1018
   38  528  1093  -5.2081  -2.8551  -1.1020
   39  529  1093  -5.2080  -2.8555  -1.1021
   40  530  1093  -5.2081  -2.8558  -1.1022
   41  531  1093  -5.2081  -2.8561  -1.1023
   42  532  1093  -5.2078  -2.8567  -1.1025
   43  533  1093  -5.2083  -2.8566  -1.1024
   44  534  1093  -5.2075  -2.8577  -1.1028
   45  535  1093  -5.2074  -2.8581  -1.1029
   46  536  1094  -5.2075  -2.8584  -1.1027
   47  537  1094  -5.2077  -2.8586  -1.1027
   48  535  1094  -5.2077  -2.8578  -1.1025
   49  538  1095  -5.2076  -2.8590  -1.1026
   50  537  1095  -5.2073  -2.8589  -1.1026
   51  538  1096  -5.2081  -2.8586  -1.1021
   52  538  1097  -5.2084  -2.8584  -1.1017
   53  539  1097  -5.2089  -2.8583  -1.1016
   54  540  1097  -5.2088  -2.8587  -1.1017
   55  541  1097  -5.2087  -2.8592  -1.1018
   56  542  1097  -5.2086  -2.8596  -1.1019
   57  543  1097  -5.2079  -2.8606  -1.1023
   58  544  1097  -5.2086  -2.8603  -1.1021
   59  545  1097  -5.2080  -2.8612  -1.1025
   60  546  1097  -5.2073  -2.8621  -1.1028
   61  547  1097  -5.2075  -2.8623  -1.1028
   62  548  1097  -5.2076  -2.8626  -1.1029
   63  549  1097  -5.2079  -2.8626  -1.1028
   64  550  1097  -5.2085  -2.8625  -1.1027
   65  552  1097  -5.2084  -2.8632  -1.1029
   66  553  1097  -5.2091  -2.8630  -1.1027
   67  555  1098  -5.2092  -2.8636  -1.1025
   68  556  1098  -5.2095  -2.8638  -1.1025
   69  554  1098  -5.2085  -2.8639  -1.1028
   70  559  1099  -5.2106  -2.8639  -1.1021
   71  560  1099  -5.2106  -2.8642  -1.1021
   72  558  1099  -5.2100  -2.8641  -1.1022
   73  560  1100  -5.2104  -2.8644  -1.1019

    1  544  1091  -5.2101  -2.8590  -1.1031
    2  543  1091  -5.2100  -2.8587  -1.1031
    3  545  1092  -5.2086  -2.8606  -1.1036
    4  544  1092  -5.2094  -2.8596  -1.1031
    5  545  1093  -5.2088  -2.8604  -1.1032
    6  546  1093  -5.2085  -2.8610  -1.1034
    7  548  1093  -5.2090  -2.8613  -1.1034
    8  549  1093  -5.2096  -2.8612  -1.1032
    9  550  1093  -5.2094  -2.8617  -1.1034
   10  551  1093  -5.2093  -2.8621  -1.1035
   11  564  1095  -5.2117  -2.8646  -1.1031
   12  564  1096  -5.2116  -2.8647  -1.1029
   13  565  1096  -5.2116  -2.8651  -1.1030
   14  566  1096  -5.2118  -2.8653  -1.1030
   15  567  1096  -5.2121  -2.8654  -1.1030
   16  568  1096  -5.2120  -2.8659  -1.1031
   17  569  1097  -5.2116  -2.8665  -1.1031
   18  570  1097  -5.2111  -2.8673  -1.1034
   19  568  1097  -5.2116  -2.8662  -1.1030
   20  571  1098  -5.2107  -2.8680  -1.1033
   21  572  1098  -5.2114  -2.8678  -1.1032
   22  573  1098  -5.2102  -2.8691  -1.1037
   23  574  1098  -5.2103  -2.8693  -1.1038
   24  570  1098  -5.2112  -2.8672  -1.1030
   25  575  1099  -5.2104  -2.8696  -1.1035
   26  576  1099  -5.2104  -2.8700  -1.1036
   27  577  1100  -5.2103  -2.8704  -1.1035
   28  578  1100  -5.2112  -2.8701  -1.1032
   29  576  1100  -5.2111  -2.8694  -1.1030
   30  578  1101  -5.2108  -2.8704  -1.1031
   31  579  1101  -5.2116  -2.8701  -1.1028
   32  580  1101  -5.2114  -2.8706  -1.1030
   33  581  1101  -5.2121  -2.8704  -1.1028
   34  583  1102  -5.2123  -2.8709  -1.1026
   35  582  1102  -5.2121  -2.8708  -1.1026
   36  584  1103  -5.2115  -2.8719  -1.1027
   37  583  1103  -5.2116  -2.8715  -1.1026
   38  584  1104  -5.2111  -2.8723  -1.1026
   39  585  1104  -5.2117  -2.8721  -1.1024
   40  586  1104  -5.2121  -2.8722  -1.1024
   41  587  1104  -5.2122  -2.8724  -1.1024
   42  588  1105  -5.2116  -2.8733  -1.1025
   43  587  1105  -5.2112  -2.8732  -1.1025
   44  589  1106  -5.2116  -2.8737  -1.1023
   45  588  1106  -5.2118  -2.8732  -1.1021
   46  590  1107  -5.2114  -2.8742  -1.1022
   47  591  1107  -5.2115  -2.8744  -1.1022
   48  592  1107  -5.2115  -2.8748  -1.1023
   49  593  1107  -5.2117  -2.8750  -1.1023
   50  594  1107  -5.2116  -2.8754  -1.1024
   51  595  1107  -5.2119  -2.8755  -1.1024

    1  412  1055  -5.2050  -2.8161  -1.1037
    2  413  1056  -5.2048  -2.8166  -1.1036
    3  412  1056  -5.2049  -2.8162  -1.1035
    4  414  1057  -5.2048  -2.8171  -1.1034
    5  413  1057  -5.2054  -2.8162  -1.1031
    6  415  1058  -5.2057  -2.8167  -1.1029
    7  416  1058  -5.2059  -2.8169  -1.1029
    8  414  1058  -5.2048  -2.8171  -1.1032
    9  416  1059  -5.2058  -2.8169  -1.1026
   10  417  1059  -5.2065  -2.8167  -1.1024
   11  418  1059  -5.2064  -2.8171  -1.1026
   12  419  1059  -5.2069  -2.8171  -1.1024
   13  420  1059  -5.2069  -2.8174  -1.1025
   14  421  1059  -5.2074  -2.8173  -1.1024
   15  422  1059  -5.2080  -2.8172  -1.1022
   16  423  1059  -5.2082  -2.8174  -1.1022
   17  424  1059  -5.2118  -2.8147  -1.1009
   18  425  1060  -5.2102  -2.8164  -1.1013
   19  426  1060  -5.2173  -2.8108  -1.0985
   20  427  1060  -5.2050  -2.8215  -1.1036
   21  424  1060  -5.2069  -2.8188  -1.1026
   22  427  1061  -5.2096  -2.8177  -1.1015
   23  428  1061  -5.2090  -2.8185  -1.1018
   24  429  1061  -5.2052  -2.8221  -1.1035
   25  430  1061  -5.2078  -2.8203  -1.1025
   26  431  1062  -5.2077  -2.8207  -1.1023
   27  432  1062  -5.2070  -2.8217  -1.1027
   28  430  1062  -5.2058  -2.8220  -1.1030
   29  433  1064  -5.2087  -2.8206  -1.1015
   30  434  1064  -5.2077  -2.8218  -1.1020
   31  435  1064  -5.2078  -2.8220  -1.1021
   32  436  1065  -5.2126  -2.8184  -1.1000
   33  437  1065  -5.2090  -2.8217  -1.1015
   34  438  1065  -5.2069  -2.8239  -1.1024
   35  435  1065  -5.2068  -2.8229  -1.1022
   36  439  1066  -5.2086  -2.8228  -1.1015
   37  440  1066  -5.2076  -2.8241  -1.1020
   38  441  1068  -5.2050  -2.8266  -1.1026
   39  442  1068  -5.2036  -2.8281  -1.1032
   40  444  1068  -5.2103  -2.8232  -1.1007
   41  445  1068  -5.2119  -2.8222  -1.1002
   42  443  1068  -5.2098  -2.8233  -1.1009
   43  447  1069  -5.2068  -2.8273  -1.1022
   44  448  1069  -5.2142  -2.8213  -1.0993
   45  446  1069  -5.2112  -2.8231  -1.1003
   46  445  1069  -5.2066  -2.8267  -1.1020
   47  448  1070  -5.2096  -2.8253  -1.1008
   48  450  1071  -5.2081  -2.8273  -1.1013
   49  451  1071  -5.2078  -2.8278  -1.1015
   50  449  1071  -5.2088  -2.8263  -1.1010
   51  451  1072  -5.2083  -2.8275  -1.1011
   52  453  1073  -5.2106  -2.8262  -1.1001
   53  454  1073  -5.2127  -2.8248  -1.0993
   54  452  1073  -5.2106  -2.8259  -1.1000
   55  455  1074  -5.2143  -2.8238  -1.0985
   56  456  1074  -5.2209  -2.8186  -1.0958
   57  457  1074  -5.2194  -2.8202  -1.0965
   58  458  1075  -5.2291  -2.8124  -1.0925
   59  459  1075  -5.2122  -2.8270  -1.0994
   60  457  1075  -5.2251  -2.8154  -1.0941
   61  460  1076  -5.2123  -2.8273  -1.0992
   62  461  1076  -5.2111  -2.8287  -1.0997
   63  462  1076  -5.2116  -2.8286  -1.0996
   64  459  1076  -5.2096  -2.8293  -1.1002
   65  463  1077  -5.2105  -2.8299  -1.0998
   66  464  1077  -5.2105  -2.8302  -1.0999
   67  465  1077  -5.2090  -2.8318  -1.1006
   68  467  1079  -5.2061  -2.8351  -1.1014
   69  466  1079  -5.2072  -2.8338  -1.1009
   70  469  1080  -5.2066  -2.8354  -1.1011
   71  470  1080  -5.2055  -2.8366  -1.1017
   72  468  1080  -5.2062  -2.8353  -1.1012
   73  472  1081  -5.2063  -2.8367  -1.1012
   74  471  1081  -5.2064  -2.8363  -1.1011
   75  472  1082  -5.2063  -2.8367  -1.1010
   76  473  1082  -5.2075  -2.8360  -1.1006
   77  474  1082  -5.2075  -2.8364  -1.1006
   78  475  1082  -5.2063  -2.8377  -1.1012
   79  476  1082  -5.2068  -2.8377  -1.1011
   80  477  1083  -5.2068  -2.8381  -1.1009
   81  478  1083  -5.2063  -2.8389  -1.1012
   82  476  1083  -5.2059  -2.8385  -1.1012
   83  480  1084  -5.2055  -2.8402  -1.1014
   84  479  1084  -5.2061  -2.8394  -1.1011
   85  481  1085  -5.2047  -2.8413  -1.1016

     1  592  1127  -5.2061  -2.8796  -1.0991
     2  591  1127  -5.2060  -2.8794  -1.0991
     3  593  1128  -5.2059  -2.8801  -1.0990
     4  592  1128  -5.2054  -2.8802  -1.0991
     5  594  1129  -5.2054  -2.8810  -1.0990
     6  595  1129  -5.2060  -2.8808  -1.0989
     7  596  1129  -5.2062  -2.8810  -1.0989
     8  597  1129  -5.2066  -2.8810  -1.0988
     9  599  1130  -5.2057  -2.8824  -1.0991
    10  600  1130  -5.2054  -2.8830  -1.0993
    11  601  1130  -5.2049  -2.8838  -1.0996
    12  602  1130  -5.2053  -2.8838  -1.0995
    13  598  1130  -5.2058  -2.8820  -1.0989
    14  602  1131  -5.2049  -2.8842  -1.0994
    15  603  1131  -5.2050  -2.8844  -1.0994
    16  604  1131  -5.2051  -2.8847  -1.0995
    17  605  1132  -5.2048  -2.8853  -1.0994
    18  606  1132  -5.2052  -2.8853  -1.0993
    19  604  1132  -5.2049  -2.8849  -1.0993
    20  607  1133  -5.2045  -2.8863  -1.0995
    21  607  1134  -5.2037  -2.8869  -1.0995
    22  607  1135  -5.2034  -2.8872  -1.0994
    23  606  1135  -5.2031  -2.8871  -1.0994
    24  606  1136  -5.2038  -2.8865  -1.0988
    25  606  1137  -5.2034  -2.8869  -1.0987
    26  606  1138  -5.2030  -2.8872  -1.0986
    27  606  1139  -5.2024  -2.8877  -1.0986
    28  605  1139  -5.2023  -2.8875  -1.0985
    29  607  1140  -5.2015  -2.8888  -1.0988
    30  608  1140  -5.2019  -2.8889  -1.0987
    31  609  1140  -5.2019  -2.8892  -1.0988
    32  610  1140  -5.2019  -2.8895  -1.0989
    33  605  1140  -5.2020  -2.8877  -1.0984
    34  610  1141  -5.2011  -2.8902  -1.0989
    35  611  1141  -5.2014  -2.8903  -1.0989
    36  612  1141  -5.2010  -2.8910  -1.0991
    37  613  1141  -5.2015  -2.8909  -1.0990
    38  614  1141  -5.2012  -2.8915  -1.0992
    39  615  1141  -5.2013  -2.8918  -1.0993
    40  616  1141  -5.2006  -2.8927  -1.0997
    41  617  1141  -5.2006  -2.8931  -1.0998
    42  618  1141  -5.2017  -2.8925  -1.0994
    43  619  1141  -5.2020  -2.8926  -1.0993
    44  620  1141  -5.2025  -2.8926  -1.0992
    45  621  1141  -5.2025  -2.8929  -1.0993
    46  622  1141  -5.2033  -2.8926  -1.0991
    47  623  1142  -5.2026  -2.8935  -1.0992
    48  622  1142  -5.2026  -2.8932  -1.0991
    49  623  1143  -5.2021  -2.8940  -1.0991
    50  624  1144  -5.2027  -2.8938  -1.0987
    51  625  1144  -5.2023  -2.8945  -1.0989
    52  626  1144  -5.2028  -2.8944  -1.0988
    53  627  1145  -5.2031  -2.8946  -1.0985
    54  628  1145  -5.2036  -2.8945  -1.0984
    55  626  1145  -5.2027  -2.8945  -1.0985
    56  628  1146  -5.2028  -2.8951  -1.0984
    57  629  1146  -5.2026  -2.8957  -1.0986

     1  579  1131  -5.2028  -2.8779  -1.0982
     2  580  1132  -5.2024  -2.8786  -1.0982
     3  581  1132  -5.2025  -2.8789  -1.0982
     4  579  1132  -5.2025  -2.8782  -1.0981
     5  581  1133  -5.2021  -2.8793  -1.0982
     6  582  1133  -5.2025  -2.8792  -1.0981
     7  583  1134  -5.2022  -2.8798  -1.0980
     8  584  1134  -5.2024  -2.8800  -1.0980
     9  582  1134  -5.2020  -2.8797  -1.0980
    10  584  1135  -5.2018  -2.8806  -1.0980
    11  585  1135  -5.2031  -2.8798  -1.0975
    12  586  1135  -5.2024  -2.8808  -1.0979
    13  587  1135  -5.2026  -2.8809  -1.0979
    14  588  1135  -5.2025  -2.8814  -1.0981
    15  589  1135  -5.2027  -2.8815  -1.0981
    16  590  1135  -5.2033  -2.8814  -1.0979
    17  591  1136  -5.2029  -2.8821  -1.0979
    18  590  1136  -5.2023  -2.8822  -1.0980
    19  592  1137  -5.2041  -2.8815  -1.0972
    20  593  1137  -5.2042  -2.8817  -1.0973
    21  595  1138  -5.2025  -2.8839  -1.0979
    22  596  1139  -5.2038  -2.8831  -1.0971
    23  595  1139  -5.2028  -2.8836  -1.0975
    24  597  1140  -5.2034  -2.8839  -1.0971
    25  596  1140  -5.2031  -2.8837  -1.0972
    26  598  1141  -5.2029  -2.8846  -1.0971
    27  597  1141  -5.2030  -2.8842  -1.0970
    28  598  1142  -5.2026  -2.8849  -1.0970
    29  599  1142  -5.2026  -2.8852  -1.0971
    30  599  1143  -5.2022  -2.8855  -1.0969
    31  601  1144  -5.2013  -2.8870  -1.0972
    32  602  1144  -5.2008  -2.8877  -1.0975
    33  600  1144  -5.2022  -2.8859  -1.0968
    34  602  1145  -5.2010  -2.8876  -1.0972
    35  604  1146  -5.2014  -2.8880  -1.0969
    36  603  1146  -5.2012  -2.8878  -1.0969

