; ENVI Output of ROIs (5.4) [Tue Aug 06 20:13:47 2019]
; Number of ROIs: 9
; File Dimension: 1328 x 1184
;
; ROI name: Region #1
; ROI rgb value: {255, 0, 0}
; ROI npts: 48
;
; ROI name: Region #2
; ROI rgb value: {0, 255, 0}
; ROI npts: 42
;
; ROI name: Region #3
; ROI rgb value: {0, 0, 255}
; ROI npts: 111
;
; ROI name: Region #4
; ROI rgb value: {255, 255, 0}
; ROI npts: 49
;
; ROI name: Region #5
; ROI rgb value: {0, 255, 255}
; ROI npts: 73
;
; ROI name: Region #6
; ROI rgb value: {255, 0, 255}
; ROI npts: 51
;
; ROI name: Region #7
; ROI rgb value: {176, 48, 96}
; ROI npts: 85
;
; ROI name: Region #8
; ROI rgb value: {46, 139, 87}
; ROI npts: 110
;
; ROI name: Region #9
; ROI rgb value: {160, 32, 240}
; ROI npts: 160
;  ID   X    Y      B1      B2      B3
    1  17  861  0.0048  0.0043  0.0022
    2  16  861  0.0048  0.0043  0.0022
    3  18  862  0.0048  0.0043  0.0022
    4  19  862  0.0048  0.0043  0.0022
    5  20  862  0.0048  0.0043  0.0022
    6  21  862  0.0048  0.0043  0.0022
    7  17  862  0.0048  0.0043  0.0022
    8  21  863  0.0048  0.0043  0.0022
    9  22  863  0.0048  0.0043  0.0022
   10  23  863  0.0048  0.0043  0.0022
   11  24  863  0.0048  0.0043  0.0022
   12  25  863  0.0048  0.0043  0.0022
   13  26  863  0.0048  0.0043  0.0022
   14  27  863  0.0048  0.0043  0.0022
   15  28  864  0.0048  0.0043  0.0022
   16  29  864  0.0048  0.0043  0.0022
   17  30  864  0.0048  0.0043  0.0022
   18  31  864  0.0048  0.0043  0.0022
   19  32  864  0.0048  0.0043  0.0022
   20  33  864  0.0048  0.0043  0.0022
   21  34  864  0.0048  0.0043  0.0022
   22  35  864  0.0048  0.0043  0.0022
   23  36  864  0.0048  0.0043  0.0022
   24  37  865  0.0048  0.0043  0.0022
   25  38  865  0.0048  0.0043  0.0022
   26  39  865  0.0048  0.0043  0.0022
   27  40  865  0.0048  0.0043  0.0022
   28  41  865  0.0048  0.0043  0.0022
   29  42  865  0.0048  0.0043  0.0022
   30  43  865  0.0048  0.0043  0.0022
   31  44  865  0.0048  0.0043  0.0022
   32  45  865  0.0048  0.0043  0.0022
   33  46  865  0.0048  0.0043  0.0022
   34  47  865  0.0048  0.0043  0.0022
   35  48  865  0.0048  0.0043  0.0022
   36  49  865  0.0048  0.0043  0.0022
   37  51  865  0.0048  0.0043  0.0022
   38  52  865  0.0048  0.0043  0.0022
   39  53  865  0.0048  0.0043  0.0022
   40  54  865  0.0048  0.0043  0.0022
   41  55  865  0.0048  0.0043  0.0022
   42  56  865  0.0048  0.0043  0.0022
   43  57  865  0.0049  0.0043  0.0022
   44  58  865  0.0049  0.0043  0.0022
   45  59  865  0.0048  0.0043  0.0022
   46  60  865  0.0048  0.0043  0.0022
   47  61  865  0.0049  0.0043  0.0022
   48  62  865  0.0049  0.0043  0.0022

    1   72  867  0.0049  0.0043  0.0022
    2   73  868  0.0049  0.0043  0.0022
    3   72  868  0.0049  0.0043  0.0022
    4   73  869  0.0049  0.0043  0.0022
    5   74  869  0.0049  0.0043  0.0022
    6   75  869  0.0049  0.0043  0.0022
    7   76  869  0.0049  0.0043  0.0022
    8   77  870  0.0049  0.0043  0.0022
    9   78  870  0.0049  0.0043  0.0022
   10   76  870  0.0049  0.0043  0.0022
   11   79  871  0.0049  0.0043  0.0022
   12   80  871  0.0049  0.0043  0.0022
   13   81  871  0.0049  0.0043  0.0022
   14   82  871  0.0049  0.0043  0.0022
   15   83  871  0.0049  0.0043  0.0022
   16   83  872  0.0049  0.0043  0.0022
   17   84  872  0.0049  0.0043  0.0022
   18   90  872  0.0049  0.0043  0.0022
   19   92  872  0.0049  0.0043  0.0022
   20   85  873  0.0049  0.0043  0.0022
   21   88  873  0.0049  0.0043  0.0022
   22   89  873  0.0049  0.0043  0.0022
   23   90  873  0.0049  0.0043  0.0022
   24   84  873  0.0049  0.0043  0.0022
   25   87  873  0.0049  0.0043  0.0022
   26   86  873  0.0049  0.0043  0.0022
   27   93  874  0.0048  0.0043  0.0022
   28   94  874  0.0049  0.0043  0.0022
   29   95  874  0.0049  0.0043  0.0022
   30   96  874  0.0048  0.0043  0.0022
   31   97  874  0.0048  0.0043  0.0022
   32   98  874  0.0048  0.0043  0.0022
   33   99  874  0.0048  0.0043  0.0022
   34  100  874  0.0048  0.0043  0.0022
   35  101  874  0.0048  0.0043  0.0022
   36  103  875  0.0048  0.0043  0.0022
   37  104  875  0.0048  0.0043  0.0022
   38  105  875  0.0048  0.0043  0.0022
   39  102  875  0.0048  0.0043  0.0022
   40  107  876  0.0048  0.0043  0.0022
   41  108  876  0.0049  0.0043  0.0022
   42  106  876  0.0048  0.0043  0.0022

     1  148  874  0.0049  0.0043  0.0022
     2  147  874  0.0049  0.0043  0.0022
     3  149  875  0.0049  0.0043  0.0022
     4  150  875  0.0049  0.0043  0.0022
     5  148  875  0.0049  0.0043  0.0022
     6  151  876  0.0049  0.0043  0.0022
     7  152  876  0.0049  0.0043  0.0022
     8  153  876  0.0049  0.0043  0.0022
     9  154  876  0.0049  0.0043  0.0022
    10  155  876  0.0049  0.0043  0.0022
    11  155  877  0.0049  0.0043  0.0022
    12  156  877  0.0049  0.0043  0.0022
    13  157  877  0.0049  0.0043  0.0022
    14  158  877  0.0049  0.0043  0.0022
    15  160  878  0.0049  0.0043  0.0022
    16  162  878  0.0049  0.0043  0.0022
    17  159  878  0.0049  0.0043  0.0022
    18  163  879  0.0049  0.0043  0.0022
    19  164  879  0.0049  0.0043  0.0022
    20  165  879  0.0049  0.0043  0.0022
    21  166  879  0.0049  0.0043  0.0022
    22  162  879  0.0049  0.0043  0.0022
    23  166  880  0.0049  0.0043  0.0022
    24  167  880  0.0049  0.0043  0.0022
    25  168  880  0.0049  0.0043  0.0022
    26  169  880  0.0049  0.0043  0.0022
    27  170  880  0.0049  0.0043  0.0022
    28  171  880  0.0049  0.0043  0.0022
    29  172  881  0.0049  0.0043  0.0022
    30  173  881  0.0049  0.0043  0.0022
    31  171  881  0.0049  0.0043  0.0022
    32  173  882  0.0049  0.0043  0.0022
    33  174  882  0.0049  0.0043  0.0022
    34  175  882  0.0049  0.0043  0.0022
    35  176  882  0.0049  0.0043  0.0022
    36  178  883  0.0049  0.0043  0.0022
    37  179  883  0.0049  0.0043  0.0022
    38  180  883  0.0049  0.0043  0.0022
    39  177  883  0.0049  0.0043  0.0022
    40  181  884  0.0049  0.0043  0.0022
    41  182  885  0.0049  0.0043  0.0022
    42  183  885  0.0049  0.0043  0.0022
    43  184  885  0.0049  0.0043  0.0022
    44  186  886  0.0049  0.0043  0.0022
    45  185  886  0.0049  0.0043  0.0022
    46  187  887  0.0049  0.0043  0.0022
    47  188  887  0.0049  0.0043  0.0022
    48  186  887  0.0049  0.0043  0.0022
    49  189  888  0.0048  0.0042  0.0022
    50  190  888  0.0049  0.0043  0.0022
    51  191  888  0.0049  0.0043  0.0022
    52  194  889  0.0049  0.0043  0.0022
    53  195  889  0.0049  0.0043  0.0022
    54  196  889  0.0049  0.0043  0.0022
    55  193  889  0.0049  0.0043  0.0022
    56  196  890  0.0049  0.0042  0.0022
    57  198  890  0.0049  0.0043  0.0022
    58  199  891  0.0049  0.0043  0.0022
    59  200  891  0.0049  0.0042  0.0022
    60  198  891  0.0049  0.0043  0.0022
    61  200  892  0.0049  0.0042  0.0022
    62  201  892  0.0049  0.0043  0.0022
    63  203  893  0.0049  0.0043  0.0022
    64  205  894  0.0049  0.0042  0.0022
    65  206  894  0.0049  0.0042  0.0022
    66  204  894  0.0049  0.0042  0.0022
    67  208  895  0.0049  0.0042  0.0022
    68  209  895  0.0049  0.0042  0.0022
    69  210  895  0.0049  0.0042  0.0022
    70  211  895  0.0049  0.0042  0.0022
    71  213  896  0.0049  0.0042  0.0022
    72  212  896  0.0049  0.0042  0.0022
    73  215  897  0.0049  0.0042  0.0022
    74  217  897  0.0049  0.0042  0.0022
    75  218  897  0.0049  0.0042  0.0022
    76  219  897  0.0049  0.0042  0.0022
    77  220  897  0.0049  0.0042  0.0022
    78  221  897  0.0049  0.0042  0.0022
    79  222  897  0.0049  0.0042  0.0022
    80  224  898  0.0049  0.0042  0.0022
    81  225  898  0.0049  0.0042  0.0022
    82  223  898  0.0049  0.0042  0.0022
    83  226  899  0.0049  0.0042  0.0022
    84  227  899  0.0049  0.0042  0.0022
    85  229  899  0.0049  0.0042  0.0022
    86  230  899  0.0049  0.0042  0.0022
    87  231  900  0.0049  0.0042  0.0022
    88  232  900  0.0049  0.0042  0.0022
    89  233  900  0.0049  0.0042  0.0022
    90  230  900  0.0049  0.0042  0.0022
    91  233  901  0.0049  0.0042  0.0022
    92  234  901  0.0049  0.0042  0.0022
    93  235  901  0.0049  0.0042  0.0022
    94  236  901  0.0049  0.0042  0.0022
    95  238  902  0.0049  0.0042  0.0022
    96  237  902  0.0049  0.0042  0.0022
    97  238  903  0.0049  0.0042  0.0022
    98  239  903  0.0049  0.0042  0.0022
    99  240  903  0.0049  0.0042  0.0022
   100  241  903  0.0049  0.0042  0.0022
   101  244  904  0.0049  0.0042  0.0022
   102  243  904  0.0049  0.0042  0.0022
   103  245  905  0.0049  0.0042  0.0022
   104  246  905  0.0049  0.0042  0.0022
   105  244  905  0.0049  0.0042  0.0022
   106  248  906  0.0049  0.0042  0.0022
   107  249  906  0.0049  0.0042  0.0022
   108  250  906  0.0049  0.0042  0.0022
   109  252  907  0.0049  0.0042  0.0022
   110  253  907  0.0049  0.0042  0.0022
   111  251  907  0.0049  0.0042  0.0022

    1  411  955  0.0048  0.0041  0.0022
    2  412  955  0.0048  0.0041  0.0022
    3  413  955  0.0048  0.0041  0.0022
    4  410  955  0.0048  0.0041  0.0022
    5  413  956  0.0048  0.0041  0.0022
    6  414  956  0.0049  0.0041  0.0022
    7  415  956  0.0048  0.0041  0.0022
    8  416  956  0.0048  0.0041  0.0022
    9  417  956  0.0048  0.0041  0.0022
   10  418  956  0.0048  0.0041  0.0022
   11  419  956  0.0048  0.0041  0.0022
   12  421  957  0.0048  0.0041  0.0022
   13  422  957  0.0048  0.0041  0.0022
   14  423  957  0.0048  0.0041  0.0022
   15  424  957  0.0048  0.0041  0.0022
   16  424  958  0.0048  0.0041  0.0022
   17  425  958  0.0048  0.0041  0.0022
   18  426  958  0.0048  0.0041  0.0022
   19  427  958  0.0048  0.0040  0.0022
   20  428  958  0.0048  0.0040  0.0022
   21  429  958  0.0048  0.0041  0.0022
   22  430  958  0.0048  0.0041  0.0022
   23  432  959  0.0048  0.0040  0.0022
   24  431  959  0.0048  0.0040  0.0022
   25  432  960  0.0048  0.0040  0.0022
   26  433  960  0.0048  0.0040  0.0022
   27  434  960  0.0048  0.0040  0.0022
   28  435  960  0.0048  0.0040  0.0022
   29  436  960  0.0048  0.0040  0.0022
   30  437  961  0.0048  0.0040  0.0022
   31  436  961  0.0048  0.0040  0.0022
   32  439  962  0.0048  0.0040  0.0022
   33  440  962  0.0048  0.0040  0.0022
   34  438  962  0.0048  0.0040  0.0022
   35  443  963  0.0048  0.0040  0.0022
   36  442  963  0.0048  0.0040  0.0022
   37  443  964  0.0048  0.0040  0.0022
   38  444  964  0.0048  0.0041  0.0022
   39  445  964  0.0048  0.0041  0.0022
   40  446  964  0.0048  0.0041  0.0022
   41  448  965  0.0048  0.0041  0.0022
   42  450  966  0.0048  0.0040  0.0022
   43  451  966  0.0048  0.0040  0.0022
   44  449  966  0.0048  0.0040  0.0022
   45  451  967  0.0048  0.0040  0.0022
   46  452  967  0.0048  0.0040  0.0022
   47  453  967  0.0048  0.0040  0.0022
   48  454  967  0.0048  0.0040  0.0022
   49  455  967  0.0048  0.0040  0.0022

    1  495  1084  0.0048  0.0040  0.0022
    2  496  1084  0.0048  0.0040  0.0022
    3  497  1084  0.0048  0.0040  0.0022
    4  494  1084  0.0048  0.0040  0.0022
    5  499  1085  0.0048  0.0040  0.0022
    6  500  1085  0.0048  0.0040  0.0022
    7  498  1085  0.0048  0.0040  0.0022
    8  500  1086  0.0048  0.0040  0.0022
    9  501  1086  0.0048  0.0040  0.0022
   10  502  1086  0.0048  0.0040  0.0022
   11  503  1086  0.0048  0.0040  0.0022
   12  504  1087  0.0048  0.0040  0.0022
   13  505  1088  0.0048  0.0040  0.0022
   14  504  1088  0.0048  0.0040  0.0022
   15  505  1089  0.0048  0.0040  0.0022
   16  506  1089  0.0048  0.0040  0.0022
   17  507  1089  0.0048  0.0040  0.0022
   18  508  1089  0.0048  0.0040  0.0022
   19  509  1089  0.0048  0.0040  0.0022
   20  510  1089  0.0048  0.0039  0.0022
   21  510  1090  0.0048  0.0039  0.0022
   22  511  1090  0.0048  0.0039  0.0022
   23  512  1090  0.0048  0.0039  0.0022
   24  513  1090  0.0048  0.0039  0.0022
   25  514  1090  0.0048  0.0039  0.0022
   26  515  1090  0.0048  0.0039  0.0022
   27  516  1090  0.0048  0.0039  0.0022
   28  517  1090  0.0048  0.0039  0.0022
   29  518  1090  0.0048  0.0039  0.0022
   30  518  1091  0.0048  0.0039  0.0022
   31  522  1092  0.0048  0.0039  0.0022
   32  523  1092  0.0048  0.0039  0.0022
   33  525  1092  0.0048  0.0039  0.0022
   34  526  1092  0.0048  0.0039  0.0022
   35  521  1092  0.0048  0.0039  0.0022
   36  526  1093  0.0048  0.0039  0.0022
   37  527  1093  0.0048  0.0039  0.0022
   38  528  1093  0.0048  0.0039  0.0022
   39  529  1093  0.0048  0.0039  0.0022
   40  530  1093  0.0048  0.0039  0.0022
   41  531  1093  0.0048  0.0039  0.0022
   42  532  1093  0.0048  0.0039  0.0022
   43  533  1093  0.0048  0.0039  0.0022
   44  534  1093  0.0048  0.0039  0.0022
   45  535  1093  0.0048  0.0039  0.0022
   46  536  1094  0.0048  0.0039  0.0022
   47  537  1094  0.0048  0.0039  0.0022
   48  535  1094  0.0048  0.0039  0.0022
   49  538  1095  0.0048  0.0039  0.0022
   50  537  1095  0.0048  0.0039  0.0022
   51  538  1096  0.0048  0.0039  0.0022
   52  538  1097  0.0048  0.0039  0.0022
   53  539  1097  0.0048  0.0039  0.0022
   54  540  1097  0.0048  0.0039  0.0022
   55  541  1097  0.0048  0.0039  0.0022
   56  542  1097  0.0048  0.0039  0.0022
   57  543  1097  0.0048  0.0039  0.0022
   58  544  1097  0.0048  0.0039  0.0022
   59  545  1097  0.0048  0.0039  0.0022
   60  546  1097  0.0048  0.0039  0.0022
   61  547  1097  0.0048  0.0039  0.0022
   62  548  1097  0.0048  0.0039  0.0022
   63  549  1097  0.0048  0.0039  0.0022
   64  550  1097  0.0048  0.0039  0.0022
   65  552  1097  0.0048  0.0039  0.0022
   66  553  1097  0.0048  0.0039  0.0022
   67  555  1098  0.0048  0.0039  0.0022
   68  556  1098  0.0048  0.0039  0.0022
   69  554  1098  0.0048  0.0039  0.0022
   70  559  1099  0.0048  0.0039  0.0022
   71  560  1099  0.0048  0.0039  0.0022
   72  558  1099  0.0048  0.0039  0.0022
   73  560  1100  0.0048  0.0039  0.0022

    1  544  1091  0.0048  0.0039  0.0022
    2  543  1091  0.0048  0.0039  0.0022
    3  545  1092  0.0048  0.0039  0.0022
    4  544  1092  0.0048  0.0039  0.0022
    5  545  1093  0.0048  0.0039  0.0022
    6  546  1093  0.0048  0.0039  0.0022
    7  548  1093  0.0048  0.0039  0.0022
    8  549  1093  0.0048  0.0039  0.0022
    9  550  1093  0.0048  0.0039  0.0022
   10  551  1093  0.0048  0.0039  0.0022
   11  564  1095  0.0048  0.0039  0.0022
   12  564  1096  0.0048  0.0039  0.0022
   13  565  1096  0.0048  0.0039  0.0022
   14  566  1096  0.0048  0.0039  0.0022
   15  567  1096  0.0048  0.0039  0.0022
   16  568  1096  0.0048  0.0039  0.0022
   17  569  1097  0.0048  0.0039  0.0022
   18  570  1097  0.0048  0.0039  0.0022
   19  568  1097  0.0048  0.0039  0.0022
   20  571  1098  0.0048  0.0039  0.0022
   21  572  1098  0.0048  0.0039  0.0022
   22  573  1098  0.0048  0.0039  0.0022
   23  574  1098  0.0048  0.0039  0.0022
   24  570  1098  0.0048  0.0039  0.0022
   25  575  1099  0.0048  0.0039  0.0022
   26  576  1099  0.0048  0.0039  0.0022
   27  577  1100  0.0048  0.0039  0.0022
   28  578  1100  0.0048  0.0039  0.0022
   29  576  1100  0.0048  0.0039  0.0022
   30  578  1101  0.0048  0.0039  0.0022
   31  579  1101  0.0048  0.0039  0.0022
   32  580  1101  0.0048  0.0039  0.0022
   33  581  1101  0.0048  0.0039  0.0022
   34  583  1102  0.0048  0.0039  0.0022
   35  582  1102  0.0048  0.0039  0.0022
   36  584  1103  0.0048  0.0039  0.0022
   37  583  1103  0.0048  0.0039  0.0022
   38  584  1104  0.0048  0.0039  0.0022
   39  585  1104  0.0048  0.0039  0.0022
   40  586  1104  0.0048  0.0039  0.0022
   41  587  1104  0.0048  0.0039  0.0022
   42  588  1105  0.0048  0.0039  0.0022
   43  587  1105  0.0048  0.0039  0.0022
   44  589  1106  0.0048  0.0039  0.0022
   45  588  1106  0.0048  0.0039  0.0022
   46  590  1107  0.0048  0.0039  0.0022
   47  591  1107  0.0048  0.0039  0.0022
   48  592  1107  0.0048  0.0039  0.0022
   49  593  1107  0.0048  0.0039  0.0022
   50  594  1107  0.0048  0.0039  0.0022
   51  595  1107  0.0048  0.0039  0.0022

    1  412  1055  0.0048  0.0040  0.0022
    2  413  1056  0.0048  0.0040  0.0022
    3  412  1056  0.0048  0.0040  0.0022
    4  414  1057  0.0048  0.0040  0.0022
    5  413  1057  0.0048  0.0040  0.0022
    6  415  1058  0.0048  0.0040  0.0022
    7  416  1058  0.0048  0.0040  0.0022
    8  414  1058  0.0048  0.0040  0.0022
    9  416  1059  0.0048  0.0040  0.0022
   10  417  1059  0.0048  0.0040  0.0022
   11  418  1059  0.0048  0.0040  0.0022
   12  419  1059  0.0048  0.0040  0.0022
   13  420  1059  0.0048  0.0040  0.0022
   14  421  1059  0.0048  0.0040  0.0022
   15  422  1059  0.0048  0.0040  0.0022
   16  423  1059  0.0048  0.0040  0.0022
   17  424  1059  0.0048  0.0040  0.0022
   18  425  1060  0.0048  0.0040  0.0022
   19  426  1060  0.0048  0.0040  0.0023
   20  427  1060  0.0048  0.0040  0.0022
   21  424  1060  0.0048  0.0040  0.0022
   22  427  1061  0.0048  0.0040  0.0022
   23  428  1061  0.0048  0.0040  0.0022
   24  429  1061  0.0048  0.0040  0.0022
   25  430  1061  0.0048  0.0040  0.0022
   26  431  1062  0.0048  0.0040  0.0022
   27  432  1062  0.0048  0.0040  0.0022
   28  430  1062  0.0048  0.0040  0.0022
   29  433  1064  0.0048  0.0040  0.0022
   30  434  1064  0.0048  0.0040  0.0022
   31  435  1064  0.0048  0.0040  0.0022
   32  436  1065  0.0048  0.0040  0.0022
   33  437  1065  0.0048  0.0040  0.0022
   34  438  1065  0.0048  0.0040  0.0022
   35  435  1065  0.0048  0.0040  0.0022
   36  439  1066  0.0048  0.0040  0.0022
   37  440  1066  0.0048  0.0040  0.0022
   38  441  1068  0.0048  0.0040  0.0022
   39  442  1068  0.0048  0.0040  0.0022
   40  444  1068  0.0048  0.0040  0.0022
   41  445  1068  0.0048  0.0040  0.0022
   42  443  1068  0.0048  0.0040  0.0022
   43  447  1069  0.0048  0.0040  0.0022
   44  448  1069  0.0048  0.0040  0.0023
   45  446  1069  0.0048  0.0040  0.0022
   46  445  1069  0.0048  0.0040  0.0022
   47  448  1070  0.0048  0.0040  0.0022
   48  450  1071  0.0048  0.0040  0.0022
   49  451  1071  0.0048  0.0040  0.0022
   50  449  1071  0.0048  0.0040  0.0022
   51  451  1072  0.0048  0.0040  0.0022
   52  453  1073  0.0048  0.0040  0.0022
   53  454  1073  0.0048  0.0040  0.0023
   54  452  1073  0.0048  0.0040  0.0022
   55  455  1074  0.0048  0.0040  0.0023
   56  456  1074  0.0048  0.0040  0.0023
   57  457  1074  0.0048  0.0040  0.0023
   58  458  1075  0.0049  0.0040  0.0023
   59  459  1075  0.0048  0.0040  0.0022
   60  457  1075  0.0048  0.0040  0.0023
   61  460  1076  0.0048  0.0040  0.0022
   62  461  1076  0.0048  0.0040  0.0022
   63  462  1076  0.0048  0.0040  0.0022
   64  459  1076  0.0048  0.0040  0.0022
   65  463  1077  0.0048  0.0040  0.0022
   66  464  1077  0.0048  0.0040  0.0022
   67  465  1077  0.0048  0.0040  0.0022
   68  467  1079  0.0048  0.0040  0.0022
   69  466  1079  0.0048  0.0040  0.0022
   70  469  1080  0.0048  0.0040  0.0022
   71  470  1080  0.0048  0.0040  0.0022
   72  468  1080  0.0048  0.0040  0.0022
   73  472  1081  0.0048  0.0040  0.0022
   74  471  1081  0.0048  0.0040  0.0022
   75  472  1082  0.0048  0.0040  0.0022
   76  473  1082  0.0048  0.0040  0.0022
   77  474  1082  0.0048  0.0040  0.0022
   78  475  1082  0.0048  0.0040  0.0022
   79  476  1082  0.0048  0.0040  0.0022
   80  477  1083  0.0048  0.0040  0.0022
   81  478  1083  0.0048  0.0040  0.0022
   82  476  1083  0.0048  0.0040  0.0022
   83  480  1084  0.0048  0.0040  0.0022
   84  479  1084  0.0048  0.0040  0.0022
   85  481  1085  0.0048  0.0040  0.0022

     1  592  1127  0.0047  0.0039  0.0022
     2  591  1127  0.0047  0.0039  0.0022
     3  593  1128  0.0047  0.0039  0.0022
     4  592  1128  0.0047  0.0039  0.0022
     5  594  1129  0.0047  0.0039  0.0022
     6  595  1129  0.0047  0.0039  0.0022
     7  596  1129  0.0047  0.0039  0.0022
     8  597  1129  0.0047  0.0039  0.0022
     9  599  1130  0.0047  0.0039  0.0022
    10  600  1130  0.0047  0.0039  0.0022
    11  601  1130  0.0047  0.0039  0.0022
    12  602  1130  0.0047  0.0039  0.0022
    13  598  1130  0.0047  0.0039  0.0022
    14  602  1131  0.0047  0.0039  0.0022
    15  603  1131  0.0047  0.0039  0.0022
    16  604  1131  0.0047  0.0039  0.0022
    17  605  1132  0.0047  0.0039  0.0022
    18  606  1132  0.0047  0.0039  0.0022
    19  604  1132  0.0047  0.0039  0.0022
    20  607  1133  0.0047  0.0039  0.0022
    21  607  1134  0.0047  0.0039  0.0022
    22  607  1135  0.0047  0.0039  0.0022
    23  606  1135  0.0047  0.0039  0.0022
    24  606  1136  0.0047  0.0039  0.0022
    25  606  1137  0.0047  0.0039  0.0022
    26  606  1138  0.0047  0.0039  0.0022
    27  606  1139  0.0047  0.0039  0.0022
    28  605  1139  0.0047  0.0039  0.0022
    29  607  1140  0.0047  0.0039  0.0022
    30  608  1140  0.0047  0.0039  0.0022
    31  609  1140  0.0047  0.0039  0.0022
    32  610  1140  0.0047  0.0039  0.0022
    33  605  1140  0.0047  0.0039  0.0022
    34  610  1141  0.0047  0.0039  0.0022
    35  611  1141  0.0047  0.0039  0.0022
    36  612  1141  0.0047  0.0039  0.0022
    37  613  1141  0.0047  0.0039  0.0022
    38  614  1141  0.0047  0.0039  0.0022
    39  615  1141  0.0047  0.0039  0.0022
    40  616  1141  0.0047  0.0039  0.0022
    41  617  1141  0.0047  0.0039  0.0022
    42  618  1141  0.0047  0.0039  0.0022
    43  619  1141  0.0047  0.0039  0.0022
    44  620  1141  0.0047  0.0039  0.0022
    45  621  1141  0.0047  0.0039  0.0022
    46  622  1141  0.0047  0.0039  0.0022
    47  623  1142  0.0047  0.0039  0.0022
    48  622  1142  0.0047  0.0039  0.0022
    49  623  1143  0.0047  0.0039  0.0022
    50  624  1144  0.0047  0.0039  0.0022
    51  625  1144  0.0047  0.0039  0.0022
    52  626  1144  0.0047  0.0039  0.0022
    53  627  1145  0.0047  0.0039  0.0022
    54  628  1145  0.0047  0.0039  0.0022
    55  626  1145  0.0047  0.0039  0.0022
    56  628  1146  0.0047  0.0039  0.0022
    57  629  1146  0.0047  0.0039  0.0022

     1  579  1131  0.0047  0.0039  0.0022
     2  580  1132  0.0047  0.0039  0.0022
     3  581  1132  0.0047  0.0039  0.0022
     4  579  1132  0.0047  0.0039  0.0022
     5  581  1133  0.0047  0.0039  0.0022
     6  582  1133  0.0047  0.0039  0.0022
     7  583  1134  0.0047  0.0039  0.0022
     8  584  1134  0.0047  0.0039  0.0022
     9  582  1134  0.0047  0.0039  0.0022
    10  584  1135  0.0047  0.0039  0.0022
    11  585  1135  0.0047  0.0039  0.0022
    12  586  1135  0.0047  0.0039  0.0022
    13  587  1135  0.0047  0.0039  0.0022
    14  588  1135  0.0047  0.0039  0.0022
    15  589  1135  0.0047  0.0039  0.0022
    16  590  1135  0.0047  0.0039  0.0022
    17  591  1136  0.0047  0.0039  0.0022
    18  590  1136  0.0047  0.0039  0.0022
    19  592  1137  0.0047  0.0039  0.0022
    20  593  1137  0.0047  0.0039  0.0022
    21  595  1138  0.0047  0.0039  0.0022
    22  596  1139  0.0047  0.0039  0.0022
    23  595  1139  0.0047  0.0039  0.0022
    24  597  1140  0.0047  0.0039  0.0022
    25  596  1140  0.0047  0.0039  0.0022
    26  598  1141  0.0047  0.0039  0.0022
    27  597  1141  0.0047  0.0039  0.0022
    28  598  1142  0.0047  0.0039  0.0022
    29  599  1142  0.0047  0.0039  0.0022
    30  599  1143  0.0047  0.0039  0.0022
    31  601  1144  0.0047  0.0039  0.0022
    32  602  1144  0.0047  0.0039  0.0022
    33  600  1144  0.0047  0.0039  0.0022
    34  602  1145  0.0047  0.0039  0.0022
    35  604  1146  0.0047  0.0039  0.0022
    36  603  1146  0.0047  0.0039  0.0022

