; ENVI Output of ROIs (5.4) [Tue Aug 06 18:15:24 2019]
; Number of ROIs: 18
; File Dimension: 1328 x 1184
;
; ROI name: Region #1
; ROI rgb value: {255, 0, 0}
; ROI npts: 107
;
; ROI name: Region #2
; ROI rgb value: {0, 255, 0}
; ROI npts: 71
;
; ROI name: Region #3
; ROI rgb value: {0, 0, 255}
; ROI npts: 58
;
; ROI name: Region #4
; ROI rgb value: {255, 255, 0}
; ROI npts: 110
;
; ROI name: Region #5
; ROI rgb value: {0, 255, 255}
; ROI npts: 100
;
; ROI name: Region #6
; ROI rgb value: {255, 0, 255}
; ROI npts: 58
;
; ROI name: Region #7
; ROI rgb value: {176, 48, 96}
; ROI npts: 74
;
; ROI name: Region #8
; ROI rgb value: {46, 139, 87}
; ROI npts: 52
;
; ROI name: Region #9
; ROI rgb value: {160, 32, 240}
; ROI npts: 90
;
; ROI name: Region #10
; ROI rgb value: {255, 127, 80}
; ROI npts: 48
;
; ROI name: Region #11
; ROI rgb value: {127, 255, 212}
; ROI npts: 55
;
; ROI name: Region #12
; ROI rgb value: {218, 112, 214}
; ROI npts: 27
;
; ROI name: Region #13
; ROI rgb value: {160, 82, 45}
; ROI npts: 70
;
; ROI name: Region #14
; ROI rgb value: {127, 255, 0}
; ROI npts: 36
;
; ROI name: Region #15
; ROI rgb value: {216, 191, 216}
; ROI npts: 74
;
; ROI name: Region #16
; ROI rgb value: {238, 0, 0}
; ROI npts: 69
;
; ROI name: Region #17
; ROI rgb value: {205, 0, 0}
; ROI npts: 109
;
; ROI name: Region #18
; ROI rgb value: {139, 0, 0}
; ROI npts: 108
;   ID    X    Y       B1       B2       B3
     1  193  751  -5.8453  -2.9152  -1.3695
     2  194  751  -5.8455  -2.9154  -1.3695
     3  195  751  -5.8453  -2.9159  -1.3696
     4  196  751  -5.8451  -2.9164  -1.3697
     5  197  751  -5.8450  -2.9168  -1.3698
     6  198  751  -5.8447  -2.9174  -1.3699
     7  199  751  -5.8459  -2.9169  -1.3696
     8  200  751  -5.8452  -2.9178  -1.3699
     9  201  751  -5.8451  -2.9182  -1.3700
    10  202  751  -5.8444  -2.9190  -1.3702
    11  203  751  -5.8447  -2.9192  -1.3702
    12  204  752  -5.8450  -2.9193  -1.3698
    13  206  752  -5.8444  -2.9204  -1.3701
    14  207  752  -5.8448  -2.9206  -1.3700
    15  208  752  -5.8451  -2.9207  -1.3700
    16  209  752  -5.8448  -2.9212  -1.3701
    17  211  752  -5.8458  -2.9213  -1.3699
    18  212  752  -5.8445  -2.9226  -1.3703
    19  213  752  -5.8444  -2.9230  -1.3703
    20  219  753  -5.8455  -2.9244  -1.3700
    21  220  754  -5.8462  -2.9243  -1.3696
    22  219  754  -5.8454  -2.9245  -1.3697
    23  221  755  -5.8468  -2.9242  -1.3691
    24  222  755  -5.8473  -2.9243  -1.3691
    25  220  755  -5.8465  -2.9241  -1.3692
    26  222  756  -5.8480  -2.9239  -1.3686
    27  223  756  -5.8487  -2.9238  -1.3684
    28  224  756  -5.8492  -2.9238  -1.3683
    29  226  756  -5.8512  -2.9232  -1.3679
    30  227  756  -5.8510  -2.9237  -1.3680
    31  228  756  -5.8518  -2.9235  -1.3678
    32  229  756  -5.8533  -2.9228  -1.3675
    33  231  757  -5.8511  -2.9250  -1.3679
    34  232  757  -5.8506  -2.9257  -1.3680
    35  233  757  -5.8526  -2.9248  -1.3674
    36  234  757  -5.8631  -2.9182  -1.3649
    37  230  757  -5.8525  -2.9238  -1.3675
    38  236  758  -5.8512  -2.9268  -1.3679
    39  235  758  -5.8493  -2.9277  -1.3683
    40  237  759  -5.8504  -2.9276  -1.3678
    41  238  759  -5.8508  -2.9278  -1.3678
    42  239  759  -5.8484  -2.9297  -1.3685
    43  241  759  -5.8387  -2.9367  -1.3711
    44  243  759  -5.8453  -2.9331  -1.3694
    45  244  759  -5.8462  -2.9329  -1.3692
    46  245  759  -5.8450  -2.9340  -1.3696
    47  246  759  -5.8491  -2.9317  -1.3686
    48  248  760  -5.8473  -2.9336  -1.3688
    49  249  760  -5.8501  -2.9321  -1.3681
    50  250  760  -5.8485  -2.9335  -1.3686
    51  247  760  -5.8456  -2.9343  -1.3692
    52  251  761  -5.8490  -2.9336  -1.3682
    53  252  761  -5.8504  -2.9330  -1.3679
    54  253  761  -5.8498  -2.9337  -1.3681
    55  254  761  -5.8504  -2.9337  -1.3680
    56  255  761  -5.8505  -2.9340  -1.3680
    57  256  761  -5.8485  -2.9357  -1.3686
    58  257  761  -5.8473  -2.9368  -1.3689
    59  258  761  -5.8469  -2.9374  -1.3691
    60  259  761  -5.8477  -2.9372  -1.3689
    61  260  761  -5.8480  -2.9374  -1.3689
    62  262  761  -5.8499  -2.9369  -1.3685
    63  263  761  -5.8489  -2.9379  -1.3688
    64  265  762  -5.8493  -2.9383  -1.3685
    65  267  763  -5.8501  -2.9386  -1.3680
    66  269  763  -5.8504  -2.9390  -1.3680
    67  266  763  -5.8513  -2.9374  -1.3677
    68  270  764  -5.8520  -2.9384  -1.3674
    69  269  764  -5.8532  -2.9373  -1.3670
    70  273  765  -5.8523  -2.9393  -1.3671
    71  272  765  -5.8509  -2.9398  -1.3674
    72  274  766  -5.8514  -2.9402  -1.3671
    73  275  766  -5.8516  -2.9404  -1.3671
    74  276  766  -5.8509  -2.9412  -1.3673
    75  277  766  -5.8511  -2.9415  -1.3673
    76  278  766  -5.8511  -2.9418  -1.3673
    77  279  766  -5.8509  -2.9423  -1.3674
    78  280  766  -5.8518  -2.9421  -1.3672
    79  281  766  -5.8529  -2.9417  -1.3670
    80  282  766  -5.8534  -2.9417  -1.3670
    81  283  766  -5.8507  -2.9438  -1.3677
    82  284  766  -5.8481  -2.9459  -1.3684
    83  285  766  -5.8454  -2.9480  -1.3692
    84  286  767  -5.8531  -2.9434  -1.3670
    85  287  767  -5.8495  -2.9460  -1.3679
    86  288  767  -5.8484  -2.9471  -1.3682
    87  290  768  -5.8684  -2.9349  -1.3630
    88  289  768  -5.8667  -2.9357  -1.3633
    89  291  768  -5.8675  -2.9358  -1.3632
    90  292  768  -5.8577  -2.9425  -1.3658
    91  293  768  -5.8487  -2.9487  -1.3681
    92  294  768  -5.8489  -2.9490  -1.3681
    93  295  768  -5.8484  -2.9496  -1.3683
    94  296  768  -5.8495  -2.9492  -1.3680
    95  297  768  -5.8487  -2.9502  -1.3683
    96  298  768  -5.8486  -2.9506  -1.3683
    97  299  768  -5.8478  -2.9514  -1.3686
    98  299  769  -5.8476  -2.9516  -1.3683
    99  300  769  -5.8480  -2.9516  -1.3682
   100  301  769  -5.8477  -2.9522  -1.3684
   101  302  769  -5.8458  -2.9538  -1.3689
   102  303  769  -5.8466  -2.9537  -1.3687
   103  304  769  -5.8471  -2.9537  -1.3686
   104  305  769  -5.8464  -2.9545  -1.3689
   105  306  769  -5.8474  -2.9542  -1.3687
   106  307  769  -5.8478  -2.9543  -1.3686
   107  308  769  -5.8480  -2.9545  -1.3686

    1  310  790  -5.8438  -2.9580  -1.3634
    2  311  791  -5.8414  -2.9599  -1.3638
    3  310  791  -5.8503  -2.9539  -1.3615
    4  312  792  -5.8420  -2.9599  -1.3633
    5  314  792  -5.8444  -2.9591  -1.3629
    6  315  792  -5.8390  -2.9629  -1.3643
    7  316  792  -5.8434  -2.9604  -1.3632
    8  311  792  -5.8418  -2.9597  -1.3634
    9  317  793  -5.8424  -2.9614  -1.3632
   10  318  793  -5.8432  -2.9613  -1.3630
   11  319  793  -5.8420  -2.9624  -1.3634
   12  320  793  -5.8424  -2.9625  -1.3633
   13  321  793  -5.8425  -2.9628  -1.3633
   14  322  793  -5.8440  -2.9621  -1.3630
   15  323  793  -5.8407  -2.9646  -1.3639
   16  324  793  -5.8431  -2.9634  -1.3633
   17  325  793  -5.8427  -2.9641  -1.3635
   18  326  793  -5.8397  -2.9664  -1.3643
   19  327  793  -5.8427  -2.9648  -1.3636
   20  328  794  -5.8412  -2.9661  -1.3637
   21  329  794  -5.8430  -2.9653  -1.3633
   22  330  794  -5.8438  -2.9651  -1.3631
   23  332  794  -5.8428  -2.9665  -1.3635
   24  333  794  -5.8437  -2.9663  -1.3633
   25  334  794  -5.8431  -2.9670  -1.3635
   26  335  794  -5.8439  -2.9668  -1.3633
   27  336  794  -5.8437  -2.9673  -1.3634
   28  337  794  -5.8448  -2.9670  -1.3632
   29  344  794  -5.8465  -2.9683  -1.3631
   30  345  794  -5.8465  -2.9687  -1.3631
   31  346  794  -5.8428  -2.9714  -1.3641
   32  347  794  -5.8433  -2.9715  -1.3641
   33  349  794  -5.8463  -2.9702  -1.3634
   34  350  794  -5.8461  -2.9707  -1.3635
   35  351  795  -5.8472  -2.9704  -1.3629
   36  352  795  -5.8450  -2.9721  -1.3635
   37  352  796  -5.8428  -2.9736  -1.3638
   38  354  796  -5.8478  -2.9711  -1.3626
   39  355  796  -5.8452  -2.9731  -1.3633
   40  356  796  -5.8494  -2.9708  -1.3623
   41  357  796  -5.8511  -2.9700  -1.3619
   42  358  796  -5.8538  -2.9687  -1.3612
   43  359  796  -5.8545  -2.9685  -1.3611
   44  360  796  -5.8560  -2.9679  -1.3607
   45  361  796  -5.8554  -2.9687  -1.3610
   46  362  796  -5.8548  -2.9694  -1.3612
   47  363  796  -5.8539  -2.9703  -1.3614
   48  366  797  -5.8501  -2.9738  -1.3623
   49  365  797  -5.8647  -2.9642  -1.3584
   50  367  797  -5.8340  -2.9845  -1.3664
   51  368  797  -5.8418  -2.9798  -1.3644
   52  369  797  -5.8416  -2.9804  -1.3645
   53  370  797  -5.8272  -2.9899  -1.3682
   54  371  797  -5.8347  -2.9854  -1.3664
   55  373  797  -5.8349  -2.9860  -1.3665
   56  374  797  -5.8360  -2.9856  -1.3662
   57  375  797  -5.8379  -2.9848  -1.3658
   58  376  797  -5.8371  -2.9857  -1.3660
   59  378  797  -5.8385  -2.9855  -1.3658
   60  379  797  -5.8399  -2.9849  -1.3655
   61  380  797  -5.8406  -2.9848  -1.3653
   62  381  797  -5.8413  -2.9848  -1.3652
   63  382  797  -5.8345  -2.9894  -1.3670
   64  383  797  -5.8372  -2.9881  -1.3664
   65  384  797  -5.8393  -2.9871  -1.3659
   66  385  797  -5.8416  -2.9860  -1.3653
   67  386  797  -5.8434  -2.9852  -1.3649
   68  388  797  -5.8460  -2.9842  -1.3643
   69  389  797  -5.8471  -2.9839  -1.3641
   70  390  797  -5.8482  -2.9835  -1.3638
   71  391  797  -5.8491  -2.9833  -1.3636

    1  419  699  -5.9026  -2.9587  -1.3812
    2  418  699  -5.9038  -2.9576  -1.3808
    3  421  700  -5.9020  -2.9598  -1.3811
    4  420  700  -5.9020  -2.9594  -1.3810
    5  422  701  -5.9005  -2.9611  -1.3812
    6  421  701  -5.9015  -2.9602  -1.3809
    7  422  702  -5.9011  -2.9608  -1.3807
    8  423  702  -5.9011  -2.9611  -1.3808
    9  424  702  -5.9015  -2.9612  -1.3807
   10  425  702  -5.9016  -2.9615  -1.3807
   11  428  703  -5.9018  -2.9624  -1.3805
   12  429  703  -5.9012  -2.9632  -1.3807
   13  427  703  -5.9011  -2.9625  -1.3806
   14  430  704  -5.9009  -2.9637  -1.3805
   15  431  704  -5.9002  -2.9645  -1.3807
   16  434  705  -5.9008  -2.9652  -1.3804
   17  436  705  -5.9010  -2.9658  -1.3805
   18  437  705  -5.9018  -2.9657  -1.3803
   19  433  705  -5.9008  -2.9649  -1.3804
   20  438  706  -5.9017  -2.9661  -1.3801
   21  439  706  -5.9013  -2.9667  -1.3802
   22  440  706  -5.9026  -2.9663  -1.3800
   23  442  706  -5.9029  -2.9668  -1.3800
   24  444  707  -5.9024  -2.9678  -1.3799
   25  445  707  -5.9028  -2.9679  -1.3798
   26  443  707  -5.9019  -2.9678  -1.3800
   27  447  708  -5.9025  -2.9688  -1.3797
   28  446  708  -5.9022  -2.9687  -1.3797
   29  448  709  -5.9020  -2.9695  -1.3795
   30  449  710  -5.9018  -2.9700  -1.3794
   31  450  710  -5.9014  -2.9706  -1.3795
   32  452  710  -5.9011  -2.9715  -1.3797
   33  455  711  -5.9020  -2.9720  -1.3793
   34  457  711  -5.9058  -2.9703  -1.3785
   35  458  711  -5.9007  -2.9739  -1.3797
   36  459  711  -5.9009  -2.9741  -1.3797
   37  460  711  -5.9033  -2.9730  -1.3792
   38  454  711  -5.9000  -2.9729  -1.3797
   39  460  712  -5.9044  -2.9723  -1.3786
   40  462  712  -5.8929  -2.9802  -1.3815
   41  463  712  -5.8971  -2.9779  -1.3806
   42  464  712  -5.8974  -2.9781  -1.3805
   43  466  713  -5.8978  -2.9786  -1.3802
   44  465  713  -5.8969  -2.9788  -1.3804
   45  468  714  -5.8970  -2.9798  -1.3802
   46  469  714  -5.8971  -2.9801  -1.3802
   47  470  714  -5.8959  -2.9812  -1.3806
   48  472  715  -5.8987  -2.9801  -1.3797
   49  471  715  -5.8971  -2.9808  -1.3800
   50  474  716  -5.8944  -2.9835  -1.3805
   51  473  716  -5.8976  -2.9812  -1.3797
   52  476  717  -5.8903  -2.9868  -1.3813
   53  478  717  -5.8952  -2.9845  -1.3802
   54  478  718  -5.8935  -2.9856  -1.3803
   55  482  719  -5.8938  -2.9868  -1.3801
   56  484  719  -5.8936  -2.9876  -1.3802
   57  485  719  -5.8930  -2.9884  -1.3804
   58  481  719  -5.8935  -2.9866  -1.3801

     1  1118  974  -5.9070  -3.1999  -1.3287
     2  1117  975  -5.9067  -3.1998  -1.3285
     3  1116  975  -5.9069  -3.1994  -1.3284
     4  1114  975  -5.9056  -3.1994  -1.3286
     5  1113  975  -5.9066  -3.1985  -1.3283
     6  1111  975  -5.9060  -3.1982  -1.3284
     7  1109  975  -5.9046  -3.1983  -1.3287
     8  1108  975  -5.9050  -3.1977  -1.3285
     9  1107  975  -5.9049  -3.1974  -1.3285
    10  1106  975  -5.9052  -3.1970  -1.3284
    11  1102  976  -5.9028  -3.1970  -1.3285
    12  1100  976  -5.9014  -3.1971  -1.3288
    13  1098  976  -5.8996  -3.1974  -1.3292
    14  1096  976  -5.8981  -3.1976  -1.3295
    15  1103  976  -5.9044  -3.1964  -1.3282
    16  1092  977  -5.9015  -3.1944  -1.3281
    17  1095  977  -5.8994  -3.1966  -1.3288
    18  1090  978  -5.9021  -3.1934  -1.3275
    19  1088  978  -5.9017  -3.1929  -1.3276
    20  1086  978  -5.9008  -3.1928  -1.3277
    21  1085  978  -5.9000  -3.1929  -1.3279
    22  1084  978  -5.9003  -3.1924  -1.3278
    23  1082  978  -5.9008  -3.1914  -1.3275
    24  1080  978  -5.9000  -3.1912  -1.3276
    25  1079  978  -5.8997  -3.1910  -1.3277
    26  1078  978  -5.8997  -3.1907  -1.3276
    27  1077  978  -5.8991  -3.1907  -1.3277
    28  1074  979  -5.8941  -3.1925  -1.3286
    29  1073  979  -5.8944  -3.1920  -1.3285
    30  1070  979  -5.8961  -3.1901  -1.3279
    31  1069  979  -5.8955  -3.1901  -1.3280
    32  1067  979  -5.8948  -3.1898  -1.3281
    33  1066  979  -5.8946  -3.1896  -1.3281
    34  1065  979  -5.8944  -3.1893  -1.3281
    35  1063  979  -5.8948  -3.1884  -1.3279
    36  1061  979  -5.8942  -3.1882  -1.3280
    37  1060  979  -5.8937  -3.1881  -1.3281
    38  1059  979  -5.8933  -3.1880  -1.3281
    39  1057  979  -5.8924  -3.1878  -1.3283
    40  1056  979  -5.8920  -3.1877  -1.3283
    41  1054  979  -5.8914  -3.1874  -1.3284
    42  1053  979  -5.8917  -3.1869  -1.3283
    43  1052  979  -5.8914  -3.1867  -1.3283
    44  1051  979  -5.8919  -3.1861  -1.3281
    45  1049  979  -5.8917  -3.1855  -1.3281
    46  1048  979  -5.8920  -3.1850  -1.3280
    47  1045  980  -5.8908  -3.1847  -1.3278
    48  1047  980  -5.8913  -3.1851  -1.3278
    49  1043  981  -5.8905  -3.1842  -1.3275
    50  1041  981  -5.8911  -3.1832  -1.3273
    51  1040  981  -5.8904  -3.1833  -1.3274
    52  1025  981  -5.8869  -3.1802  -1.3276
    53  1026  981  -5.8873  -3.1803  -1.3276
    54  1029  981  -5.8870  -3.1815  -1.3278
    55  1031  981  -5.8875  -3.1819  -1.3278
    56  1032  981  -5.8876  -3.1822  -1.3278
    57  1033  981  -5.8884  -3.1821  -1.3276
    58  1034  981  -5.8888  -3.1822  -1.3276
    59  1037  981  -5.8901  -3.1824  -1.3274
    60  1022  982  -5.8882  -3.1785  -1.3269
    61  1021  982  -5.8882  -3.1782  -1.3268
    62   946  982  -5.8700  -3.1634  -1.3282
    63   947  982  -5.8707  -3.1633  -1.3280
    64   949  982  -5.8714  -3.1636  -1.3280
    65   951  982  -5.8712  -3.1643  -1.3281
    66   953  982  -5.8713  -3.1649  -1.3282
    67   945  982  -5.8701  -3.1630  -1.3281
    68  1009  983  -5.8823  -3.1775  -1.3275
    69  1007  983  -5.8817  -3.1771  -1.3276
    70  1005  983  -5.8812  -3.1768  -1.3276
    71  1004  983  -5.8799  -3.1772  -1.3280
    72  1002  983  -5.8799  -3.1765  -1.3279
    73  1001  983  -5.8797  -3.1763  -1.3279
    74   999  983  -5.8784  -3.1764  -1.3281
    75  1015  983  -5.8851  -3.1779  -1.3271
    76  1014  983  -5.8843  -3.1780  -1.3272
    77  1012  983  -5.8838  -3.1777  -1.3273
    78   954  983  -5.8711  -3.1654  -1.3280
    79   956  983  -5.8713  -3.1660  -1.3280
    80   957  983  -5.8707  -3.1667  -1.3282
    81  1018  983  -5.8862  -3.1783  -1.3269
    82  1016  983  -5.8857  -3.1779  -1.3270
    83  1010  983  -5.8825  -3.1777  -1.3275
    84   967  984  -5.8737  -3.1683  -1.3276
    85   959  984  -5.8705  -3.1675  -1.3281
    86   960  984  -5.8700  -3.1681  -1.3283
    87   962  984  -5.8711  -3.1681  -1.3281
    88   964  984  -5.8726  -3.1680  -1.3278
    89   966  984  -5.8734  -3.1681  -1.3276
    90   998  984  -5.8797  -3.1753  -1.3274
    91   968  984  -5.8736  -3.1687  -1.3277
    92   988  985  -5.8764  -3.1738  -1.3275
    93   972  985  -5.8747  -3.1694  -1.3273
    94   971  985  -5.8738  -3.1696  -1.3274
    95   976  985  -5.8750  -3.1706  -1.3274
    96   977  985  -5.8750  -3.1709  -1.3274
    97   979  985  -5.8739  -3.1722  -1.3278
    98   987  985  -5.8760  -3.1737  -1.3276
    99   981  985  -5.8744  -3.1726  -1.3278
   100   982  985  -5.8755  -3.1723  -1.3275
   101   986  985  -5.8765  -3.1731  -1.3274
   102   989  985  -5.8764  -3.1742  -1.3276
   103   991  985  -5.8774  -3.1743  -1.3274
   104   992  985  -5.8772  -3.1747  -1.3275
   105   995  985  -5.8774  -3.1756  -1.3276
   106   996  985  -5.8787  -3.1752  -1.3273
   107   985  985  -5.8763  -3.1729  -1.3274
   108   980  985  -5.8747  -3.1721  -1.3276
   109   983  985  -5.8758  -3.1725  -1.3275
   110   973  986  -5.8752  -3.1695  -1.3269

    1  558  838  -5.8486  -3.0423  -1.3591
    57  559  838  -5.8478  -3.0432  -1.3593
    58  560  839  -5.8495  -3.0425  -1.3586
    59  563  840  -5.8465  -3.0453  -1.3592
    60  565  840  -5.8485  -3.0448  -1.3588
    61  567  840  -5.8513  -3.0438  -1.3582
    62  562  840  -5.8438  -3.0467  -1.3598
    63  567  841  -5.8484  -3.0456  -1.3586
    64  568  841  -5.8512  -3.0442  -1.3579
    65  569  842  -5.8496  -3.0456  -1.3581
    66  572  843  -5.8406  -3.0522  -1.3602
    67  571  843  -5.8428  -3.0505  -1.3596
    68  573  844  -5.8605  -3.0402  -1.3549
    69  574  844  -5.8560  -3.0434  -1.3561
    70  576  844  -5.8529  -3.0460  -1.3570
    71  577  844  -5.8540  -3.0456  -1.3568
    72  578  844  -5.8411  -3.0539  -1.3601
    73  579  845  -5.8477  -3.0502  -1.3582
    74  578  845  -5.8493  -3.0489  -1.3577
    75  581  846  -5.8482  -3.0506  -1.3578
    76  583  847  -5.8468  -3.0522  -1.3580
    77  585  847  -5.8463  -3.0532  -1.3582
    78  586  848  -5.8450  -3.0543  -1.3583
    79  589  849  -5.8455  -3.0551  -1.3580
    80  588  849  -5.8454  -3.0547  -1.3580
    81  592  850  -5.8458  -3.0559  -1.3577
    82  593  850  -5.8462  -3.0560  -1.3577
    83  591  850  -5.8457  -3.0556  -1.3577
    84  594  851  -5.8464  -3.0562  -1.3574
    85  593  851  -5.8460  -3.0561  -1.3574
    86  595  852  -5.8460  -3.0569  -1.3573
    87  596  852  -5.8470  -3.0566  -1.3570
    88  598  852  -5.8471  -3.0572  -1.3571
    89  611  852  -5.8507  -3.0595  -1.3568
    90  610  852  -5.8506  -3.0592  -1.3567
    91  609  852  -5.8504  -3.0590  -1.3567
    92  608  852  -5.8498  -3.0590  -1.3569
    93  605  853  -5.8481  -3.0590  -1.3569
    94  606  853  -5.8487  -3.0590  -1.3568
    95  607  853  -5.8485  -3.0595  -1.3569
    96  602  853  -5.8476  -3.0583  -1.3569
    97  601  853  -5.8475  -3.0580  -1.3568
    98  600  853  -5.8476  -3.0576  -1.3568
    99  599  853  -5.8471  -3.0575  -1.3568
   100  603  853  -5.8479  -3.0585  -1.3568

    1  46  725  -5.8421  -2.8644  -1.3715
    2  47  725  -5.8429  -2.8643  -1.3714
    3  48  725  -5.8404  -2.8663  -1.3721
    4  45  725  -5.8403  -2.8653  -1.3720
    5  48  726  -5.8396  -2.8668  -1.3720
    6  49  726  -5.8394  -2.8674  -1.3721
    7  50  726  -5.8401  -2.8672  -1.3719
    8  51  726  -5.8406  -2.8673  -1.3719
    9  52  726  -5.8398  -2.8681  -1.3721
   10  53  726  -5.8382  -2.8696  -1.3726
   11  54  726  -5.8386  -2.8697  -1.3725
   12  55  726  -5.8390  -2.8697  -1.3725
   13  56  726  -5.8396  -2.8697  -1.3724
   14  58  727  -5.8420  -2.8688  -1.3715
   15  59  727  -5.8426  -2.8688  -1.3714
   16  60  727  -5.8434  -2.8686  -1.3713
   17  61  727  -5.8427  -2.8694  -1.3715
   18  62  727  -5.8423  -2.8701  -1.3716
   19  57  727  -5.8412  -2.8690  -1.3717
   20  62  728  -5.8427  -2.8698  -1.3712
   21  63  728  -5.8431  -2.8699  -1.3711
   22  79  728  -5.8391  -2.8783  -1.3729
   23  78  728  -5.8370  -2.8794  -1.3734
   24  77  728  -5.8374  -2.8788  -1.3732
   25  76  728  -5.8376  -2.8783  -1.3732
   26  75  728  -5.8365  -2.8787  -1.3734
   27  74  728  -5.8369  -2.8780  -1.3732
   28  73  728  -5.8375  -2.8773  -1.3730
   29  72  728  -5.8399  -2.8753  -1.3724
   30  71  728  -5.8407  -2.8744  -1.3721
   31  70  728  -5.8412  -2.8737  -1.3719
   32  69  728  -5.8417  -2.8730  -1.3717
   33  68  728  -5.8420  -2.8724  -1.3716
   34  67  728  -5.8421  -2.8720  -1.3716
   35  66  728  -5.8418  -2.8719  -1.3716
   36  65  728  -5.8428  -2.8708  -1.3713
   37  64  728  -5.8421  -2.8709  -1.3714
   38  80  729  -5.8372  -2.8800  -1.3731
   39  81  729  -5.8375  -2.8801  -1.3731
   40  82  729  -5.8370  -2.8809  -1.3733
   41  83  729  -5.8374  -2.8809  -1.3732
   42  84  729  -5.8365  -2.8819  -1.3735
   43  79  729  -5.8383  -2.8789  -1.3728
   44  84  730  -5.8368  -2.8817  -1.3731
   45  85  730  -5.8372  -2.8818  -1.3731
   46  86  730  -5.8368  -2.8824  -1.3732
   47  87  730  -5.8376  -2.8822  -1.3730
   48  88  730  -5.8372  -2.8829  -1.3732
   49  88  731  -5.8368  -2.8831  -1.3730
   50  89  731  -5.8378  -2.8828  -1.3728
   51  90  731  -5.8385  -2.8827  -1.3727
   52  91  731  -5.8388  -2.8829  -1.3726
   53  92  731  -5.8396  -2.8827  -1.3725
   54  93  731  -5.8396  -2.8830  -1.3725
   55  94  731  -5.8405  -2.8828  -1.3723
   56  95  731  -5.8404  -2.8832  -1.3724
   57  97  732  -5.8409  -2.8837  -1.3721
   58  96  732  -5.8408  -2.8833  -1.3720

    1  23  733  -5.8283  -2.8655  -1.3716
    2  24  733  -5.8292  -2.8653  -1.3714
    3  25  733  -5.8298  -2.8652  -1.3713
    4  26  733  -5.8315  -2.8644  -1.3708
    5  27  733  -5.8319  -2.8645  -1.3708
    6  28  733  -5.8313  -2.8652  -1.3710
    7  29  733  -5.8328  -2.8646  -1.3707
    8  30  733  -5.8325  -2.8652  -1.3708
    9  31  733  -5.8331  -2.8651  -1.3707
   10  32  733  -5.8330  -2.8656  -1.3708
   11  33  733  -5.8334  -2.8656  -1.3707
   12  34  733  -5.8330  -2.8663  -1.3708
   13  35  733  -5.8337  -2.8662  -1.3707
   14  37  733  -5.8330  -2.8674  -1.3710
   15  38  733  -5.8327  -2.8679  -1.3711
   16  39  733  -5.8340  -2.8674  -1.3708
   17  40  734  -5.8339  -2.8679  -1.3706
   18  41  734  -5.8325  -2.8691  -1.3710
   19  42  734  -5.8325  -2.8695  -1.3711
   20  45  734  -5.8334  -2.8700  -1.3710
   21  48  736  -5.8322  -2.8718  -1.3708
   22  49  736  -5.8312  -2.8729  -1.3711
   23  47  736  -5.8316  -2.8719  -1.3709
   24  49  737  -5.8319  -2.8725  -1.3706
   25  50  737  -5.8337  -2.8716  -1.3702
   26  51  737  -5.8337  -2.8720  -1.3703
   27  52  737  -5.8368  -2.8702  -1.3695
   28  53  737  -5.8363  -2.8709  -1.3697
   29  55  737  -5.8381  -2.8704  -1.3693
   30  56  737  -5.8384  -2.8706  -1.3693
   31  57  737  -5.8361  -2.8725  -1.3699
   32  59  738  -5.8360  -2.8733  -1.3697
   33  60  738  -5.8353  -2.8741  -1.3700
   34  58  738  -5.8344  -2.8740  -1.3701
   35  61  739  -5.8315  -2.8771  -1.3707
   36  62  739  -5.8329  -2.8765  -1.3704
   37  63  739  -5.8356  -2.8750  -1.3697
   38  63  740  -5.8325  -2.8771  -1.3702
   39  64  740  -5.8341  -2.8764  -1.3698
   40  65  740  -5.8293  -2.8799  -1.3711
   41  66  740  -5.8317  -2.8787  -1.3706
   42  67  740  -5.8336  -2.8778  -1.3701
   43  68  740  -5.8327  -2.8788  -1.3704
   44  69  740  -5.8319  -2.8797  -1.3706
   45  70  740  -5.8317  -2.8802  -1.3707
   46  71  740  -5.8318  -2.8805  -1.3708
   47  72  741  -5.8314  -2.8810  -1.3706
   48  71  741  -5.8324  -2.8800  -1.3703
   49  74  742  -5.8311  -2.8820  -1.3705
   50  73  742  -5.8307  -2.8819  -1.3705
   51  75  743  -5.8304  -2.8828  -1.3704
   52  76  743  -5.8305  -2.8831  -1.3704
   53  74  743  -5.8305  -2.8824  -1.3703
   54  76  744  -5.8312  -2.8826  -1.3699
   55  77  744  -5.8313  -2.8829  -1.3699
   56  78  744  -5.8316  -2.8831  -1.3699
   57  96  744  -5.8381  -2.8852  -1.3690
   58  94  744  -5.8377  -2.8848  -1.3690
   59  93  744  -5.8375  -2.8845  -1.3690
   60  92  744  -5.8374  -2.8842  -1.3690
   61  91  744  -5.8364  -2.8846  -1.3692
   62  90  744  -5.8361  -2.8844  -1.3693
   63  97  744  -5.8376  -2.8859  -1.3692
   64  79  745  -5.8325  -2.8828  -1.3694
   65  86  745  -5.8349  -2.8838  -1.3691
   66  87  745  -5.8355  -2.8837  -1.3690
   67  88  745  -5.8352  -2.8843  -1.3691
   68  83  746  -5.8338  -2.8834  -1.3689
   69  82  746  -5.8334  -2.8833  -1.3690
   70  81  746  -5.8327  -2.8834  -1.3691
   71  80  746  -5.8321  -2.8835  -1.3692
   72  84  746  -5.8343  -2.8834  -1.3689
   73  86  746  -5.8351  -2.8836  -1.3687
   74  85  746  -5.8343  -2.8838  -1.3689

    1   90  686  -5.8632  -2.8660  -1.3801
    2   92  686  -5.8659  -2.8649  -1.3795
    3   91  686  -5.8635  -2.8662  -1.3801
    4   84  686  -5.8609  -2.8654  -1.3805
    5   85  686  -5.8616  -2.8653  -1.3803
    6   86  686  -5.8632  -2.8646  -1.3799
    7   87  686  -5.8635  -2.8647  -1.3799
    8   88  686  -5.8628  -2.8656  -1.3801
    9   89  686  -5.8627  -2.8660  -1.3802
   10   93  686  -5.8657  -2.8654  -1.3796
   11   83  687  -5.8599  -2.8657  -1.3804
   12   84  687  -5.8604  -2.8657  -1.3803
   13   82  687  -5.8600  -2.8652  -1.3803
   14   93  687  -5.8641  -2.8665  -1.3798
   15   94  687  -5.8649  -2.8663  -1.3796
   16   95  687  -5.8649  -2.8667  -1.3796
   17   96  687  -5.8653  -2.8668  -1.3796
   18   97  687  -5.8670  -2.8660  -1.3792
   19   98  688  -5.8662  -2.8669  -1.3791
   20   99  688  -5.8680  -2.8661  -1.3787
   21  100  688  -5.8689  -2.8658  -1.3785
   22  102  688  -5.8674  -2.8675  -1.3790
   23  103  688  -5.8679  -2.8676  -1.3789
   24  104  688  -5.8677  -2.8681  -1.3790
   25  105  688  -5.8678  -2.8683  -1.3790
   26  107  688  -5.8687  -2.8685  -1.3789
   27  106  688  -5.8690  -2.8680  -1.3788
   28  108  689  -5.8679  -2.8694  -1.3788
   29  110  689  -5.8671  -2.8707  -1.3791
   30  111  689  -5.8670  -2.8711  -1.3792
   31  112  689  -5.8665  -2.8718  -1.3794
   32  114  689  -5.8640  -2.8742  -1.3801
   33  115  689  -5.8643  -2.8743  -1.3801
   34  116  689  -5.8643  -2.8747  -1.3801
   35  117  689  -5.8641  -2.8752  -1.3802
   36  134  690  -5.8678  -2.8789  -1.3798
   37  134  691  -5.8667  -2.8796  -1.3797
   38  135  691  -5.8668  -2.8799  -1.3797
   39  136  691  -5.8666  -2.8804  -1.3798
   40  137  691  -5.8671  -2.8804  -1.3798
   41  138  691  -5.8672  -2.8807  -1.3798
   42  139  691  -5.8670  -2.8812  -1.3799
   43  140  691  -5.8675  -2.8812  -1.3798
   44  141  691  -5.8679  -2.8813  -1.3797
   45  142  691  -5.8676  -2.8819  -1.3799
   46  143  691  -5.8678  -2.8821  -1.3799
   47  144  691  -5.8683  -2.8821  -1.3798
   48  145  691  -5.8683  -2.8825  -1.3799
   49  146  691  -5.8679  -2.8832  -1.3800
   50  147  691  -5.8683  -2.8833  -1.3800
   51  149  691  -5.8684  -2.8839  -1.3800
   52  150  691  -5.8684  -2.8843  -1.3801

    1  913  1110  -5.8336  -3.1743  -1.2985
    2  914  1110  -5.8333  -3.1748  -1.2986
    3  912  1111  -5.8327  -3.1745  -1.2984
    4  913  1111  -5.8324  -3.1750  -1.2985
    5  912  1112  -5.8327  -3.1745  -1.2981
    6  911  1113  -5.8323  -3.1744  -1.2979
    7  912  1113  -5.8322  -3.1748  -1.2980
    8  910  1114  -5.8316  -3.1745  -1.2977
    9  909  1114  -5.8322  -3.1738  -1.2975
   10  908  1114  -5.8329  -3.1730  -1.2972
   11  907  1114  -5.8343  -3.1719  -1.2968
   12  906  1115  -5.8340  -3.1718  -1.2965
   13  905  1115  -5.8340  -3.1714  -1.2965
   14  904  1115  -5.8334  -3.1714  -1.2966
   15  907  1115  -5.8331  -3.1726  -1.2968
   16  904  1116  -5.8328  -3.1718  -1.2965
   17  902  1116  -5.8332  -3.1709  -1.2962
   18  901  1116  -5.8329  -3.1707  -1.2963
   19  900  1116  -5.8330  -3.1703  -1.2962
   20  899  1116  -5.8332  -3.1699  -1.2961
   21  898  1116  -5.8325  -3.1699  -1.2963
   22  897  1116  -5.8317  -3.1701  -1.2965
   23  896  1117  -5.8316  -3.1698  -1.2961
   24  895  1117  -5.8312  -3.1697  -1.2962
   25  894  1117  -5.8295  -3.1704  -1.2967
   26  893  1117  -5.8289  -3.1703  -1.2967
   27  892  1117  -5.8287  -3.1701  -1.2968
   28  891  1117  -5.8278  -3.1704  -1.2970
   29  890  1117  -5.8278  -3.1700  -1.2969
   30  888  1117  -5.8270  -3.1698  -1.2971
   31  887  1117  -5.8270  -3.1695  -1.2970
   32  886  1117  -5.8265  -3.1694  -1.2971
   33  885  1117  -5.8263  -3.1692  -1.2971
   34  884  1117  -5.8262  -3.1689  -1.2971
   35  883  1117  -5.8255  -3.1690  -1.2973
   36  882  1117  -5.8241  -3.1695  -1.2976
   37  881  1117  -5.8241  -3.1692  -1.2975
   38  880  1117  -5.8236  -3.1691  -1.2976
   39  879  1117  -5.8237  -3.1687  -1.2976
   40  878  1117  -5.8239  -3.1683  -1.2974
   41  877  1117  -5.8233  -3.1683  -1.2976
   42  876  1118  -5.8232  -3.1680  -1.2972
   43  875  1118  -5.8212  -3.1688  -1.2978
   44  874  1118  -5.8211  -3.1686  -1.2978
   45  872  1118  -5.8230  -3.1668  -1.2971
   46  873  1118  -5.8213  -3.1681  -1.2976
   47  872  1119  -5.8208  -3.1681  -1.2975
   48  871  1119  -5.8211  -3.1676  -1.2973
   49  870  1119  -5.8201  -3.1679  -1.2976
   50  869  1119  -5.8197  -3.1677  -1.2976
   51  868  1119  -5.8208  -3.1667  -1.2973
   52  867  1119  -5.8207  -3.1665  -1.2972
   53  866  1119  -5.8210  -3.1660  -1.2971
   54  865  1119  -5.8199  -3.1663  -1.2974
   55  864  1119  -5.8195  -3.1662  -1.2974
   56  829  1119  -5.8173  -3.1557  -1.2964
   57  830  1119  -5.8171  -3.1562  -1.2965
   58  831  1119  -5.8163  -3.1570  -1.2968
   59  832  1119  -5.8163  -3.1573  -1.2968
   60  833  1119  -5.8160  -3.1578  -1.2970
   61  834  1119  -5.8158  -3.1583  -1.2971
   62  828  1119  -5.8174  -3.1553  -1.2963
   63  862  1120  -5.8182  -3.1663  -1.2974
   64  860  1120  -5.8180  -3.1657  -1.2974
   65  859  1120  -5.8187  -3.1650  -1.2971
   66  858  1120  -5.8188  -3.1646  -1.2971
   67  857  1120  -5.8195  -3.1639  -1.2968
   68  834  1120  -5.8161  -3.1581  -1.2967
   69  856  1120  -5.8192  -3.1637  -1.2968
   70  835  1120  -5.8141  -3.1596  -1.2973
   71  861  1120  -5.8186  -3.1657  -1.2973
   72  844  1121  -5.8169  -3.1610  -1.2966
   73  843  1121  -5.8161  -3.1612  -1.2968
   74  842  1121  -5.8165  -3.1606  -1.2966
   75  841  1121  -5.8155  -3.1608  -1.2969
   76  845  1121  -5.8160  -3.1619  -1.2969
   77  839  1121  -5.8156  -3.1601  -1.2967
   78  838  1121  -5.8145  -3.1604  -1.2970
   79  837  1121  -5.8150  -3.1598  -1.2968
   80  836  1121  -5.8149  -3.1595  -1.2968
   81  835  1121  -5.8163  -3.1584  -1.2964
   82  846  1121  -5.8160  -3.1622  -1.2970
   83  849  1121  -5.8174  -3.1624  -1.2967
   84  850  1121  -5.8177  -3.1626  -1.2967
   85  851  1121  -5.8180  -3.1627  -1.2966
   86  852  1121  -5.8189  -3.1625  -1.2964
   87  853  1121  -5.8188  -3.1629  -1.2965
   88  840  1121  -5.8152  -3.1607  -1.2969
   89  855  1121  -5.8191  -3.1634  -1.2965
   90  847  1121  -5.8168  -3.1621  -1.2968

    1  821   998  -5.8468  -3.1348  -1.3237
    2  820   998  -5.8461  -3.1348  -1.3239
    3  822   998  -5.8472  -3.1349  -1.3237
    4  820   999  -5.8470  -3.1343  -1.3233
    5  819   999  -5.8470  -3.1340  -1.3233
    6  818   999  -5.8468  -3.1337  -1.3233
    7  816   999  -5.8466  -3.1332  -1.3232
    8  814  1000  -5.8448  -3.1336  -1.3234
    9  813  1000  -5.8453  -3.1329  -1.3232
   10  815  1000  -5.8447  -3.1340  -1.3235
   11  813  1001  -5.8441  -3.1337  -1.3232
   12  812  1001  -5.8446  -3.1331  -1.3230
   13  811  1001  -5.8450  -3.1325  -1.3229
   14  804  1001  -5.8423  -3.1317  -1.3233
   15  803  1001  -5.8420  -3.1315  -1.3233
   16  802  1001  -5.8413  -3.1316  -1.3235
   17  801  1001  -5.8420  -3.1309  -1.3232
   18  799  1001  -5.8422  -3.1300  -1.3231
   19  798  1001  -5.8419  -3.1299  -1.3231
   20  797  1001  -5.8416  -3.1298  -1.3232
   21  796  1002  -5.8407  -3.1299  -1.3231
   22  795  1002  -5.8400  -3.1300  -1.3232
   23  794  1002  -5.8401  -3.1296  -1.3231
   24  810  1002  -5.8447  -3.1323  -1.3226
   25  809  1002  -5.8441  -3.1323  -1.3227
   26  808  1002  -5.8437  -3.1322  -1.3228
   27  807  1002  -5.8440  -3.1317  -1.3227
   28  806  1002  -5.8434  -3.1317  -1.3228
   29  804  1002  -5.8423  -3.1317  -1.3230
   30  805  1002  -5.8427  -3.1318  -1.3229
   31  793  1003  -5.8389  -3.1300  -1.3231
   32  792  1003  -5.8384  -3.1300  -1.3232
   33  794  1003  -5.8392  -3.1301  -1.3231
   34  792  1004  -5.8381  -3.1301  -1.3230
   35  790  1004  -5.8384  -3.1293  -1.3228
   36  789  1004  -5.8380  -3.1292  -1.3229
   37  791  1004  -5.8383  -3.1297  -1.3229
   38  788  1005  -5.8374  -3.1292  -1.3227
   39  787  1005  -5.8370  -3.1291  -1.3228
   40  786  1005  -5.8362  -3.1292  -1.3229
   41  785  1006  -5.8363  -3.1288  -1.3226
   42  784  1006  -5.8364  -3.1285  -1.3225
   43  783  1006  -5.8363  -3.1282  -1.3224
   44  786  1006  -5.8365  -3.1290  -1.3225
   45  782  1007  -5.8355  -3.1283  -1.3223
   46  780  1008  -5.8347  -3.1281  -1.3221
   47  779  1008  -5.8345  -3.1279  -1.3221
   48  781  1008  -5.8349  -3.1283  -1.3221

    1  814  983  -5.8460  -3.1328  -1.3282
    2  813  983  -5.8451  -3.1330  -1.3284
    3  815  983  -5.8466  -3.1327  -1.3281
    4  813  984  -5.8451  -3.1330  -1.3281
    5  812  984  -5.8445  -3.1330  -1.3282
    6  811  984  -5.8449  -3.1324  -1.3280
    7  810  985  -5.8447  -3.1322  -1.3277
    8  809  985  -5.8442  -3.1322  -1.3278
    9  808  985  -5.8435  -3.1322  -1.3279
   10  807  985  -5.8435  -3.1319  -1.3279
   11  811  985  -5.8447  -3.1326  -1.3278
   12  806  986  -5.8429  -3.1319  -1.3277
   13  805  986  -5.8416  -3.1323  -1.3281
   14  804  986  -5.8422  -3.1316  -1.3278
   15  802  986  -5.8421  -3.1310  -1.3278
   16  801  986  -5.8412  -3.1312  -1.3280
   17  800  986  -5.8413  -3.1309  -1.3279
   18  799  986  -5.8411  -3.1306  -1.3279
   19  798  986  -5.8414  -3.1301  -1.3278
   20  803  986  -5.8420  -3.1314  -1.3278
   21  781  987  -5.8376  -3.1266  -1.3277
   22  783  987  -5.8384  -3.1268  -1.3276
   23  784  987  -5.8377  -3.1276  -1.3278
   24  785  987  -5.8379  -3.1277  -1.3278
   25  786  987  -5.8377  -3.1282  -1.3279
   26  787  987  -5.8384  -3.1281  -1.3278
   27  788  987  -5.8390  -3.1281  -1.3277
   28  789  987  -5.8384  -3.1288  -1.3279
   29  790  987  -5.8385  -3.1291  -1.3279
   30  791  987  -5.8388  -3.1292  -1.3279
   31  792  987  -5.8388  -3.1296  -1.3279
   32  793  987  -5.8408  -3.1288  -1.3274
   33  794  987  -5.8410  -3.1290  -1.3274
   34  795  987  -5.8412  -3.1292  -1.3274
   35  796  987  -5.8418  -3.1292  -1.3273
   36  780  987  -5.8370  -3.1266  -1.3278
   37  779  987  -5.8361  -3.1268  -1.3280
   38  778  987  -5.8361  -3.1265  -1.3280
   39  777  987  -5.8366  -3.1258  -1.3278
   40  776  987  -5.8372  -3.1251  -1.3276
   41  782  987  -5.8376  -3.1269  -1.3278
   42  775  988  -5.8360  -3.1255  -1.3275
   43  774  988  -5.8362  -3.1250  -1.3274
   44  773  988  -5.8357  -3.1250  -1.3275
   45  776  988  -5.8353  -3.1262  -1.3278
   46  773  989  -5.8344  -3.1258  -1.3276
   47  772  989  -5.8344  -3.1254  -1.3275
   48  771  989  -5.8339  -3.1254  -1.3276
   49  770  989  -5.8339  -3.1251  -1.3276
   50  769  989  -5.8331  -3.1252  -1.3278
   51  768  989  -5.8336  -3.1246  -1.3276
   52  767  989  -5.8340  -3.1240  -1.3274
   53  766  989  -5.8334  -3.1240  -1.3275
   54  765  989  -5.8331  -3.1238  -1.3276
   55  764  989  -5.8329  -3.1236  -1.3276

    1  1265  1052  -5.9571  -3.2219  -1.2987
    2  1264  1053  -5.9557  -3.2224  -1.2987
    3  1265  1053  -5.9570  -3.2220  -1.2984
    4  1263  1054  -5.9552  -3.2223  -1.2986
    5  1264  1054  -5.9560  -3.2222  -1.2982
    6  1263  1055  -5.9548  -3.2226  -1.2984
    7  1262  1055  -5.9534  -3.2230  -1.2987
    8  1262  1056  -5.9537  -3.2228  -1.2983
    9  1260  1057  -5.9513  -3.2235  -1.2985
   10  1261  1057  -5.9524  -3.2232  -1.2983
   11  1260  1058  -5.9511  -3.2236  -1.2983
   12  1259  1059  -5.9502  -3.2238  -1.2982
   13  1260  1059  -5.9512  -3.2236  -1.2980
   14  1259  1060  -5.9502  -3.2238  -1.2979
   15  1258  1061  -5.9491  -3.2241  -1.2977
   16  1257  1061  -5.9488  -3.2239  -1.2979
   17  1259  1061  -5.9504  -3.2237  -1.2975
   18  1256  1062  -5.9474  -3.2243  -1.2978
   19  1257  1062  -5.9484  -3.2241  -1.2976
   20  1256  1063  -5.9472  -3.2245  -1.2976
   21  1255  1063  -5.9461  -3.2247  -1.2979
   22  1254  1064  -5.9448  -3.2251  -1.2979
   23  1255  1064  -5.9457  -3.2250  -1.2977
   24  1253  1065  -5.9432  -3.2257  -1.2979
   25  1252  1065  -5.9426  -3.2257  -1.2981
   26  1251  1065  -5.9429  -3.2252  -1.2980
   27  1254  1065  -5.9442  -3.2254  -1.2978

    1  1274  1081  -5.9588  -3.2243  -1.2899
    2  1274  1082  -5.9583  -3.2245  -1.2898
    3  1273  1083  -5.9566  -3.2251  -1.2898
    4  1274  1083  -5.9574  -3.2250  -1.2897
    5  1272  1084  -5.9558  -3.2253  -1.2898
    6  1273  1084  -5.9563  -3.2253  -1.2897
    7  1271  1085  -5.9546  -3.2256  -1.2897
    8  1272  1085  -5.9551  -3.2256  -1.2896
    9  1270  1086  -5.9540  -3.2256  -1.2896
   10  1269  1087  -5.9520  -3.2263  -1.2898
   11  1270  1087  -5.9533  -3.2260  -1.2895
   12  1268  1088  -5.9509  -3.2266  -1.2897
   13  1269  1088  -5.9515  -3.2267  -1.2896
   14  1266  1089  -5.9482  -3.2274  -1.2901
   15  1267  1089  -5.9495  -3.2270  -1.2897
   16  1265  1090  -5.9468  -3.2279  -1.2901
   17  1266  1090  -5.9483  -3.2274  -1.2897
   18  1264  1091  -5.9455  -3.2282  -1.2900
   19  1263  1091  -5.9443  -3.2286  -1.2904
   20  1261  1092  -5.9440  -3.2281  -1.2901
   21  1260  1092  -5.9430  -3.2283  -1.2902
   22  1259  1092  -5.9426  -3.2282  -1.2903
   23  1258  1092  -5.9424  -3.2280  -1.2903
   24  1262  1092  -5.9438  -3.2286  -1.2901
   25  1256  1093  -5.9409  -3.2281  -1.2903
   26  1257  1093  -5.9419  -3.2279  -1.2901
   27  1255  1094  -5.9407  -3.2279  -1.2901
   28  1254  1094  -5.9401  -3.2279  -1.2902
   29  1253  1094  -5.9394  -3.2280  -1.2903
   30  1252  1094  -5.9392  -3.2277  -1.2903
   31  1251  1094  -5.9385  -3.2278  -1.2905
   32  1250  1094  -5.9382  -3.2276  -1.2905
   33  1249  1094  -5.9377  -3.2276  -1.2906
   34  1248  1094  -5.9376  -3.2273  -1.2906
   35  1247  1094  -5.9369  -3.2274  -1.2907
   36  1246  1094  -5.9350  -3.2281  -1.2912

    1  839  851  -5.8844  -3.1177  -1.3587
    2  838  851  -5.8852  -3.1169  -1.3585
    3  841  852  -5.8851  -3.1179  -1.3583
    4  842  852  -5.8857  -3.1179  -1.3582
    5  843  852  -5.8865  -3.1178  -1.3581
    6  840  852  -5.8841  -3.1182  -1.3585
    7  843  853  -5.8863  -3.1179  -1.3578
    8  844  853  -5.8869  -3.1179  -1.3577
    9  845  853  -5.8854  -3.1192  -1.3582
   10  846  853  -5.8864  -3.1189  -1.3580
   11  847  853  -5.8854  -3.1198  -1.3583
   12  848  853  -5.8853  -3.1202  -1.3583
   13  849  853  -5.8859  -3.1202  -1.3582
   14  850  853  -5.8861  -3.1205  -1.3582
   15  851  854  -5.8851  -3.1214  -1.3582
   16  852  854  -5.8854  -3.1215  -1.3582
   17  853  854  -5.8853  -3.1219  -1.3583
   18  854  854  -5.8857  -3.1221  -1.3582
   19  855  854  -5.8858  -3.1223  -1.3582
   20  856  854  -5.8853  -3.1230  -1.3584
   21  877  854  -5.8898  -3.1275  -1.3582
   22  878  854  -5.8901  -3.1277  -1.3582
   23  880  855  -5.8896  -3.1286  -1.3581
   24  881  855  -5.8899  -3.1288  -1.3581
   25  882  855  -5.8911  -3.1284  -1.3578
   26  879  855  -5.8892  -3.1285  -1.3581
   27  882  856  -5.8878  -3.1304  -1.3584
   28  883  856  -5.8892  -3.1299  -1.3581
   29  884  856  -5.8896  -3.1300  -1.3580
   30  885  856  -5.8894  -3.1305  -1.3581
   31  886  856  -5.8903  -3.1303  -1.3579
   32  887  856  -5.8907  -3.1304  -1.3579
   33  888  856  -5.8905  -3.1309  -1.3580
   34  889  856  -5.8910  -3.1309  -1.3579
   35  890  856  -5.8918  -3.1308  -1.3577
   36  891  856  -5.8875  -3.1336  -1.3588
   37  892  856  -5.8873  -3.1341  -1.3589
   38  893  856  -5.8882  -3.1339  -1.3587
   39  894  856  -5.8874  -3.1347  -1.3590
   40  895  856  -5.8878  -3.1348  -1.3590
   41  896  856  -5.8880  -3.1351  -1.3589
   42  897  856  -5.8886  -3.1350  -1.3588
   43  898  856  -5.8886  -3.1354  -1.3589
   44  917  856  -5.8951  -3.1381  -1.3581
   45  916  856  -5.8948  -3.1379  -1.3581
   46  914  856  -5.8939  -3.1377  -1.3582
   47  912  856  -5.8937  -3.1371  -1.3582
   48  911  856  -5.8935  -3.1369  -1.3582
   49  918  857  -5.8958  -3.1380  -1.3576
   50  929  857  -5.8975  -3.1408  -1.3577
   51  928  857  -5.8974  -3.1405  -1.3577
   52  906  857  -5.8921  -3.1361  -1.3580
   53  907  857  -5.8919  -3.1365  -1.3581
   54  908  857  -5.8946  -3.1353  -1.3574
   55  909  857  -5.8935  -3.1362  -1.3578
   56  927  857  -5.8982  -3.1397  -1.3574
   57  926  857  -5.8978  -3.1395  -1.3575
   58  900  857  -5.8894  -3.1356  -1.3585
   59  899  857  -5.8880  -3.1361  -1.3588
   60  898  857  -5.8890  -3.1352  -1.3585
   61  917  857  -5.8957  -3.1377  -1.3576
   62  930  857  -5.8979  -3.1408  -1.3576
   63  919  857  -5.8960  -3.1382  -1.3576
   64  920  857  -5.8967  -3.1381  -1.3575
   65  921  857  -5.8966  -3.1385  -1.3576
   66  922  857  -5.8968  -3.1388  -1.3575
   67  923  857  -5.8959  -3.1396  -1.3578
   68  924  857  -5.8965  -3.1396  -1.3577
   69  925  857  -5.8970  -3.1396  -1.3576
   70  902  858  -5.8892  -3.1364  -1.3583
   71  905  858  -5.8917  -3.1359  -1.3578
   72  904  858  -5.8914  -3.1358  -1.3578
   73  903  858  -5.8905  -3.1360  -1.3580
   74  900  858  -5.8886  -3.1361  -1.3584

    1  883  872  -5.8831  -3.1336  -1.3548
    2  884  872  -5.8821  -3.1345  -1.3551
    3  885  872  -5.8832  -3.1342  -1.3549
    4  882  872  -5.8843  -3.1326  -1.3545
    5  886  873  -5.8846  -3.1338  -1.3542
    6  887  873  -5.8840  -3.1344  -1.3544
    7  888  873  -5.8839  -3.1348  -1.3545
    8  889  873  -5.8844  -3.1349  -1.3544
    9  890  873  -5.8843  -3.1353  -1.3545
   10  891  873  -5.8852  -3.1351  -1.3543
   11  892  873  -5.8850  -3.1355  -1.3544
   12  893  873  -5.8852  -3.1358  -1.3544
   13  894  873  -5.8846  -3.1365  -1.3546
   14  895  873  -5.8853  -3.1364  -1.3545
   15  896  873  -5.8864  -3.1361  -1.3542
   16  897  873  -5.8869  -3.1361  -1.3541
   17  920  873  -5.8926  -3.1407  -1.3537
   18  921  873  -5.8935  -3.1405  -1.3535
   19  922  873  -5.8926  -3.1413  -1.3538
   20  923  873  -5.9056  -3.1341  -1.3504
   21  924  873  -5.9063  -3.1340  -1.3503
   22  925  873  -5.9087  -3.1330  -1.3498
   23  926  873  -5.9012  -3.1377  -1.3518
   24  927  873  -5.9052  -3.1357  -1.3508
   25  928  873  -5.9052  -3.1361  -1.3508
   26  929  873  -5.8899  -3.1453  -1.3549
   27  931  873  -5.8971  -3.1418  -1.3531
   28  932  873  -5.8974  -3.1419  -1.3530
   29  933  873  -5.9032  -3.1389  -1.3516
   30  934  873  -5.9095  -3.1356  -1.3500
   31  935  873  -5.8954  -3.1441  -1.3537
   32  952  873  -5.8946  -3.1503  -1.3547
   33  951  873  -5.8964  -3.1490  -1.3542
   34  950  873  -5.8982  -3.1476  -1.3537
   35  949  873  -5.8980  -3.1474  -1.3537
   36  948  873  -5.8974  -3.1474  -1.3538
   37  953  873  -5.8943  -3.1508  -1.3548
   38  941  874  -5.8925  -3.1478  -1.3544
   39  942  874  -5.8933  -3.1477  -1.3543
   40  943  874  -5.8957  -3.1467  -1.3537
   41  944  874  -5.8957  -3.1470  -1.3537
   42  939  874  -5.9005  -3.1426  -1.3523
   43  938  874  -5.8978  -3.1438  -1.3529
   44  937  874  -5.8973  -3.1437  -1.3530
   45  936  874  -5.8952  -3.1446  -1.3535
   46  935  874  -5.8937  -3.1451  -1.3539
   47  940  874  -5.9035  -3.1411  -1.3515
   48  953  874  -5.8933  -3.1514  -1.3548
   49  954  874  -5.8945  -3.1511  -1.3545
   50  955  874  -5.8943  -3.1515  -1.3546
   51  957  875  -5.8950  -3.1518  -1.3542
   52  958  875  -5.8952  -3.1521  -1.3542
   53  959  875  -5.8951  -3.1525  -1.3543
   54  956  875  -5.8934  -3.1524  -1.3546
   55  961  876  -5.8961  -3.1526  -1.3538
   56  962  876  -5.8959  -3.1530  -1.3539
   57  963  876  -5.8942  -3.1543  -1.3544
   58  964  876  -5.8956  -3.1539  -1.3540
   59  965  876  -5.8950  -3.1545  -1.3543
   60  966  876  -5.8945  -3.1552  -1.3544
   61  967  876  -5.8950  -3.1552  -1.3543
   62  974  876  -5.8980  -3.1559  -1.3539
   63  969  877  -5.8969  -3.1548  -1.3536
   64  970  877  -5.8976  -3.1547  -1.3535
   65  972  877  -5.8977  -3.1553  -1.3535
   66  973  877  -5.8981  -3.1555  -1.3535
   67  974  877  -5.8978  -3.1560  -1.3536
   68  968  877  -5.8955  -3.1553  -1.3540
   69  967  877  -5.8953  -3.1550  -1.3539

     1  1010  908  -5.8973  -3.1687  -1.3462
     2  1009  908  -5.8966  -3.1688  -1.3463
     3  1011  909  -5.8973  -3.1690  -1.3459
     4  1010  909  -5.8964  -3.1692  -1.3461
     5   983  909  -5.8910  -3.1632  -1.3463
     6   982  909  -5.8910  -3.1629  -1.3462
     7   981  909  -5.8905  -3.1628  -1.3463
     8  1008  909  -5.8951  -3.1693  -1.3463
     9  1007  909  -5.8949  -3.1690  -1.3463
    10  1006  909  -5.8959  -3.1681  -1.3460
    11  1005  909  -5.8957  -3.1679  -1.3460
    12   990  909  -5.8935  -3.1641  -1.3459
    13   991  909  -5.8921  -3.1653  -1.3463
    14   992  909  -5.8917  -3.1658  -1.3465
    15   993  909  -5.8914  -3.1663  -1.3466
    16   994  909  -5.8947  -3.1648  -1.3458
    17   995  909  -5.8926  -3.1663  -1.3464
    18   996  909  -5.8906  -3.1678  -1.3469
    19   997  909  -5.8913  -3.1677  -1.3468
    20   998  909  -5.8927  -3.1673  -1.3465
    21   999  909  -5.8921  -3.1679  -1.3467
    22  1000  909  -5.8929  -3.1678  -1.3465
    23  1001  909  -5.8925  -3.1684  -1.3467
    24  1002  909  -5.8939  -3.1679  -1.3463
    25  1003  909  -5.8944  -3.1680  -1.3463
    26  1004  909  -5.8947  -3.1681  -1.3462
    27   990  910  -5.8922  -3.1649  -1.3460
    28   989  910  -5.8923  -3.1644  -1.3459
    29   988  910  -5.8924  -3.1641  -1.3458
    30   987  910  -5.8916  -3.1642  -1.3460
    31   986  910  -5.8908  -3.1643  -1.3461
    32   985  910  -5.8910  -3.1639  -1.3461
    33   984  910  -5.8909  -3.1636  -1.3460
    34   983  910  -5.8903  -3.1636  -1.3462
    35  1011  910  -5.8961  -3.1697  -1.3459
    36  1012  910  -5.8968  -3.1696  -1.3458
    37  1013  910  -5.8971  -3.1698  -1.3457
    38  1013  911  -5.8958  -3.1706  -1.3458
    39  1014  911  -5.8963  -3.1706  -1.3457
    40  1015  911  -5.8959  -3.1712  -1.3458
    41  1016  912  -5.8961  -3.1714  -1.3455
    42  1015  912  -5.8955  -3.1714  -1.3457
    43  1017  913  -5.8972  -3.1711  -1.3450
    44  1018  913  -5.8971  -3.1715  -1.3451
    45  1019  913  -5.8983  -3.1712  -1.3448
    46  1020  914  -5.8973  -3.1721  -1.3448
    47  1021  914  -5.8969  -3.1726  -1.3449
    48  1022  914  -5.8979  -3.1724  -1.3448
    49  1019  914  -5.8971  -3.1719  -1.3448
    50  1022  915  -5.8964  -3.1733  -1.3448
    51  1023  915  -5.8960  -3.1739  -1.3450
    52  1024  915  -5.8957  -3.1744  -1.3451
    53  1025  915  -5.8959  -3.1746  -1.3451
    54  1026  915  -5.8969  -3.1744  -1.3449
    55  1027  915  -5.8965  -3.1749  -1.3450
    56  1028  915  -5.8967  -3.1751  -1.3450
    57  1029  915  -5.8970  -3.1753  -1.3450
    58  1030  915  -5.8964  -3.1760  -1.3452
    59  1031  915  -5.8961  -3.1765  -1.3453
    60  1032  915  -5.8967  -3.1765  -1.3452
    61  1033  915  -5.8961  -3.1772  -1.3454
    62  1039  915  -5.8971  -3.1786  -1.3454
    63  1035  916  -5.8955  -3.1782  -1.3453
    64  1036  916  -5.8957  -3.1784  -1.3453
    65  1037  916  -5.8954  -3.1789  -1.3455
    66  1038  916  -5.8960  -3.1789  -1.3454
    67  1039  916  -5.8961  -3.1792  -1.3454
    68  1033  916  -5.8959  -3.1773  -1.3452
    69  1040  916  -5.8967  -3.1792  -1.3453
    70  1034  916  -5.8956  -3.1778  -1.3453
    71  1041  917  -5.8955  -3.1802  -1.3453
    72  1042  917  -5.8961  -3.1802  -1.3452
    73  1043  917  -5.8964  -3.1804  -1.3452
    74  1044  918  -5.8950  -3.1815  -1.3453
    75  1045  918  -5.8954  -3.1816  -1.3453
    76  1046  918  -5.8947  -3.1823  -1.3455
    77  1047  918  -5.8951  -3.1825  -1.3454
    78  1048  918  -5.8945  -3.1831  -1.3456
    79  1043  918  -5.8950  -3.1812  -1.3453
    80  1048  919  -5.8938  -3.1835  -1.3455
    81  1049  919  -5.8943  -3.1836  -1.3454
    82  1050  919  -5.8944  -3.1839  -1.3455
    83  1051  919  -5.8944  -3.1842  -1.3455
    84  1073  919  -5.9004  -3.1882  -1.3449
    85  1072  919  -5.8991  -3.1886  -1.3452
    86  1074  919  -5.9002  -3.1886  -1.3450
    87  1071  919  -5.8982  -3.1888  -1.3455
    88  1070  919  -5.8995  -3.1877  -1.3450
    89  1053  920  -5.8949  -3.1846  -1.3451
    90  1070  920  -5.8972  -3.1890  -1.3454
    91  1054  920  -5.8952  -3.1848  -1.3451
    92  1052  920  -5.8944  -3.1846  -1.3453
    93  1051  920  -5.8951  -3.1838  -1.3450
    94  1069  920  -5.8984  -3.1879  -1.3450
    95  1054  921  -5.8948  -3.1850  -1.3449
    96  1056  921  -5.8947  -3.1857  -1.3450
    97  1057  921  -5.8952  -3.1857  -1.3450
    98  1058  921  -5.8956  -3.1859  -1.3449
    99  1055  921  -5.8944  -3.1855  -1.3451
   100  1068  921  -5.8980  -3.1879  -1.3447
   101  1067  921  -5.8979  -3.1876  -1.3447
   102  1064  922  -5.8981  -3.1865  -1.3442
   103  1062  922  -5.8973  -3.1863  -1.3443
   104  1061  922  -5.8969  -3.1862  -1.3444
   105  1060  922  -5.8957  -3.1865  -1.3447
   106  1059  922  -5.8957  -3.1862  -1.3446
   107  1058  922  -5.8954  -3.1860  -1.3446
   108  1065  922  -5.8978  -3.1870  -1.3444
   109  1066  922  -5.8974  -3.1876  -1.3445

     1  1106  1008  -5.9025  -3.1988  -1.3192
     2  1107  1008  -5.9027  -3.1990  -1.3192
     3  1106  1009  -5.9018  -3.1992  -1.3191
     4  1105  1009  -5.9021  -3.1986  -1.3189
     5  1104  1009  -5.9020  -3.1983  -1.3189
     6  1103  1010  -5.9018  -3.1981  -1.3186
     7  1104  1010  -5.9016  -3.1986  -1.3188
     8  1101  1011  -5.9019  -3.1974  -1.3182
     9  1103  1011  -5.9025  -3.1977  -1.3181
    10  1101  1012  -5.9012  -3.1978  -1.3181
    11  1100  1012  -5.9009  -3.1977  -1.3181
    12  1099  1012  -5.9015  -3.1970  -1.3179
    13  1098  1012  -5.9009  -3.1970  -1.3180
    14  1097  1012  -5.9006  -3.1968  -1.3181
    15  1094  1013  -5.8990  -3.1967  -1.3181
    16  1094  1014  -5.8985  -3.1970  -1.3179
    17  1065  1014  -5.8911  -3.1915  -1.3185
    18  1064  1014  -5.8909  -3.1913  -1.3185
    19  1063  1014  -5.8905  -3.1912  -1.3186
    20  1062  1014  -5.8901  -3.1911  -1.3187
    21  1066  1014  -5.8915  -3.1916  -1.3185
    22  1061  1014  -5.8898  -3.1909  -1.3187
    23  1057  1015  -5.8884  -3.1903  -1.3186
    24  1092  1015  -5.8980  -3.1967  -1.3176
    25  1093  1015  -5.8981  -3.1969  -1.3177
    26  1060  1015  -5.8890  -3.1910  -1.3186
    27  1059  1015  -5.8889  -3.1908  -1.3185
    28  1067  1015  -5.8920  -3.1917  -1.3181
    29  1068  1015  -5.8924  -3.1917  -1.3180
    30  1058  1015  -5.8887  -3.1905  -1.3186
    31  1069  1015  -5.8926  -3.1920  -1.3180
    32  1076  1015  -5.8952  -3.1929  -1.3176
    33  1075  1015  -5.8947  -3.1928  -1.3177
    34  1074  1015  -5.8944  -3.1927  -1.3178
    35  1073  1015  -5.8939  -3.1926  -1.3178
    36  1072  1015  -5.8937  -3.1924  -1.3179
    37  1071  1015  -5.8932  -3.1923  -1.3179
    38  1070  1015  -5.8931  -3.1920  -1.3179
    39  1076  1016  -5.8954  -3.1928  -1.3173
    40  1080  1016  -5.8944  -3.1947  -1.3178
    41  1081  1016  -5.8949  -3.1947  -1.3177
    42  1082  1016  -5.8955  -3.1947  -1.3176
    43  1083  1016  -5.8955  -3.1951  -1.3176
    44  1084  1016  -5.8962  -3.1950  -1.3174
    45  1085  1016  -5.8967  -3.1950  -1.3173
    46  1086  1016  -5.8969  -3.1953  -1.3173
    47  1087  1016  -5.8971  -3.1955  -1.3173
    48  1088  1016  -5.8980  -3.1953  -1.3171
    49  1089  1016  -5.8981  -3.1956  -1.3172
    50  1049  1016  -5.8848  -3.1897  -1.3189
    51  1050  1016  -5.8859  -3.1894  -1.3186
    52  1051  1016  -5.8863  -3.1896  -1.3186
    53  1052  1016  -5.8867  -3.1896  -1.3185
    54  1053  1016  -5.8871  -3.1898  -1.3184
    55  1054  1016  -5.8875  -3.1899  -1.3184
    56  1055  1016  -5.8879  -3.1900  -1.3183
    57  1056  1016  -5.8881  -3.1902  -1.3183
    58  1090  1016  -5.8976  -3.1962  -1.3173
    59  1078  1016  -5.8945  -3.1939  -1.3176
    60  1048  1017  -5.8849  -3.1893  -1.3185
    61  1047  1017  -5.8848  -3.1891  -1.3185
    62  1046  1017  -5.8848  -3.1887  -1.3184
    63  1045  1017  -5.8846  -3.1885  -1.3185
    64  1049  1017  -5.8852  -3.1895  -1.3185
    65  1043  1018  -5.8846  -3.1878  -1.3180
    66  1041  1018  -5.8841  -3.1874  -1.3181
    67  1044  1018  -5.8840  -3.1885  -1.3183
    68  1041  1019  -5.8835  -3.1878  -1.3179
    69  1040  1019  -5.8836  -3.1874  -1.3179
    70  1038  1020  -5.8820  -3.1877  -1.3179
    71  1037  1020  -5.8819  -3.1874  -1.3179
    72  1039  1020  -5.8826  -3.1877  -1.3178
    73  1036  1021  -5.8808  -3.1877  -1.3179
    74  1034  1022  -5.8793  -3.1879  -1.3179
    75  1033  1022  -5.8794  -3.1875  -1.3178
    76  1035  1022  -5.8795  -3.1881  -1.3179
    77  1033  1023  -5.8795  -3.1874  -1.3175
    78  1032  1023  -5.8786  -3.1876  -1.3177
    79  1031  1023  -5.8791  -3.1870  -1.3175
    80  1030  1023  -5.8789  -3.1868  -1.3175
    81  1001  1023  -5.8736  -3.1801  -1.3175
    82  1002  1023  -5.8739  -3.1802  -1.3175
    83  1003  1023  -5.8738  -3.1807  -1.3176
    84  1000  1023  -5.8731  -3.1800  -1.3177
    85  1004  1023  -5.8740  -3.1809  -1.3176
    86  1005  1023  -5.8742  -3.1811  -1.3176
    87  1006  1023  -5.8743  -3.1813  -1.3176
    88  1007  1023  -5.8747  -3.1815  -1.3175
    89  1008  1023  -5.8752  -3.1815  -1.3174
    90  1019  1023  -5.8766  -3.1844  -1.3176
    91  1018  1023  -5.8764  -3.1842  -1.3176
    92  1017  1023  -5.8765  -3.1838  -1.3175
    93  1016  1023  -5.8762  -3.1836  -1.3176
    94  1015  1023  -5.8766  -3.1831  -1.3174
    95  1013  1023  -5.8763  -3.1826  -1.3174
    96  1012  1023  -5.8764  -3.1822  -1.3173
    97  1011  1023  -5.8759  -3.1821  -1.3174
    98  1010  1023  -5.8758  -3.1818  -1.3174
    99  1009  1023  -5.8753  -3.1818  -1.3175
   100  1020  1024  -5.8760  -3.1851  -1.3175
   101  1021  1024  -5.8760  -3.1854  -1.3176
   102  1022  1024  -5.8761  -3.1857  -1.3176
   103  1024  1024  -5.8766  -3.1861  -1.3175
   104  1025  1024  -5.8768  -3.1863  -1.3175
   105  1027  1024  -5.8771  -3.1868  -1.3176
   106  1028  1024  -5.8776  -3.1868  -1.3174
   107  1029  1024  -5.8777  -3.1872  -1.3175
   108  1026  1024  -5.8771  -3.1865  -1.3175
