; ENVI Output of ROIs (5.4) [Tue Aug 06 18:15:34 2019]
; Number of ROIs: 18
; File Dimension: 1328 x 1184
;
; ROI name: Region #1
; ROI rgb value: {255, 0, 0}
; ROI npts: 107
;
; ROI name: Region #2
; ROI rgb value: {0, 255, 0}
; ROI npts: 71
;
; ROI name: Region #3
; ROI rgb value: {0, 0, 255}
; ROI npts: 58
;
; ROI name: Region #4
; ROI rgb value: {255, 255, 0}
; ROI npts: 110
;
; ROI name: Region #5
; ROI rgb value: {0, 255, 255}
; ROI npts: 100
;
; ROI name: Region #6
; ROI rgb value: {255, 0, 255}
; ROI npts: 58
;
; ROI name: Region #7
; ROI rgb value: {176, 48, 96}
; ROI npts: 74
;
; ROI name: Region #8
; ROI rgb value: {46, 139, 87}
; ROI npts: 52
;
; ROI name: Region #9
; ROI rgb value: {160, 32, 240}
; ROI npts: 90
;
; ROI name: Region #10
; ROI rgb value: {255, 127, 80}
; ROI npts: 48
;
; ROI name: Region #11
; ROI rgb value: {127, 255, 212}
; ROI npts: 55
;
; ROI name: Region #12
; ROI rgb value: {218, 112, 214}
; ROI npts: 27
;
; ROI name: Region #13
; ROI rgb value: {160, 82, 45}
; ROI npts: 70
;
; ROI name: Region #14
; ROI rgb value: {127, 255, 0}
; ROI npts: 36
;
; ROI name: Region #15
; ROI rgb value: {216, 191, 216}
; ROI npts: 74
;
; ROI name: Region #16
; ROI rgb value: {238, 0, 0}
; ROI npts: 69
;
; ROI name: Region #17
; ROI rgb value: {205, 0, 0}
; ROI npts: 109
;
; ROI name: Region #18
; ROI rgb value: {139, 0, 0}
; ROI npts: 108
;   ID    X    Y      B1      B2      B3
     1  193  751  0.0065  0.0042  0.0019
     2  194  751  0.0065  0.0042  0.0019
     3  195  751  0.0065  0.0042  0.0019
     4  196  751  0.0064  0.0042  0.0019
     5  197  751  0.0064  0.0042  0.0019
     6  198  751  0.0064  0.0042  0.0019
     7  199  751  0.0065  0.0042  0.0019
     8  200  751  0.0064  0.0042  0.0019
     9  201  751  0.0064  0.0042  0.0019
    10  202  751  0.0064  0.0042  0.0019
    11  203  751  0.0064  0.0042  0.0019
    12  204  752  0.0064  0.0042  0.0019
    13  206  752  0.0064  0.0042  0.0019
    14  207  752  0.0064  0.0042  0.0019
    15  208  752  0.0065  0.0042  0.0019
    16  209  752  0.0065  0.0042  0.0019
    17  211  752  0.0065  0.0042  0.0019
    18  212  752  0.0065  0.0042  0.0019
    19  213  752  0.0065  0.0042  0.0019
    20  219  753  0.0065  0.0042  0.0019
    21  220  754  0.0065  0.0042  0.0019
    22  219  754  0.0065  0.0042  0.0019
    23  221  755  0.0065  0.0042  0.0019
    24  222  755  0.0065  0.0042  0.0019
    25  220  755  0.0065  0.0042  0.0019
    26  222  756  0.0065  0.0042  0.0019
    27  223  756  0.0065  0.0042  0.0019
    28  224  756  0.0065  0.0042  0.0019
    29  226  756  0.0065  0.0042  0.0019
    30  227  756  0.0065  0.0042  0.0019
    31  228  756  0.0065  0.0042  0.0019
    32  229  756  0.0065  0.0042  0.0019
    33  231  757  0.0065  0.0042  0.0019
    34  232  757  0.0065  0.0042  0.0019
    35  233  757  0.0065  0.0042  0.0019
    36  234  757  0.0065  0.0042  0.0019
    37  230  757  0.0065  0.0042  0.0019
    38  236  758  0.0065  0.0042  0.0019
    39  235  758  0.0065  0.0042  0.0019
    40  237  759  0.0065  0.0042  0.0019
    41  238  759  0.0065  0.0042  0.0019
    42  239  759  0.0065  0.0042  0.0019
    43  241  759  0.0064  0.0042  0.0019
    44  243  759  0.0064  0.0042  0.0019
    45  244  759  0.0064  0.0042  0.0019
    46  245  759  0.0064  0.0042  0.0019
    47  246  759  0.0065  0.0042  0.0019
    48  248  760  0.0065  0.0042  0.0019
    49  249  760  0.0065  0.0042  0.0019
    50  250  760  0.0065  0.0042  0.0019
    51  247  760  0.0064  0.0042  0.0019
    52  251  761  0.0065  0.0042  0.0019
    53  252  761  0.0065  0.0042  0.0019
    54  253  761  0.0065  0.0042  0.0019
    55  254  761  0.0065  0.0042  0.0019
    56  255  761  0.0065  0.0042  0.0019
    57  256  761  0.0065  0.0042  0.0019
    58  257  761  0.0065  0.0042  0.0019
    59  258  761  0.0064  0.0042  0.0019
    60  259  761  0.0065  0.0042  0.0019
    61  260  761  0.0065  0.0042  0.0019
    62  262  761  0.0065  0.0042  0.0019
    63  263  761  0.0065  0.0042  0.0019
    64  265  762  0.0065  0.0042  0.0019
    65  267  763  0.0065  0.0042  0.0019
    66  269  763  0.0065  0.0042  0.0019
    67  266  763  0.0065  0.0042  0.0019
    68  270  764  0.0065  0.0042  0.0019
    69  269  764  0.0065  0.0042  0.0019
    70  273  765  0.0065  0.0042  0.0019
    71  272  765  0.0065  0.0042  0.0019
    72  274  766  0.0065  0.0042  0.0019
    73  275  766  0.0065  0.0042  0.0019
    74  276  766  0.0065  0.0042  0.0019
    75  277  766  0.0065  0.0042  0.0019
    76  278  766  0.0065  0.0042  0.0019
    77  279  766  0.0065  0.0042  0.0019
    78  280  766  0.0065  0.0042  0.0019
    79  281  766  0.0065  0.0042  0.0019
    80  282  766  0.0065  0.0042  0.0019
    81  283  766  0.0065  0.0041  0.0019
    82  284  766  0.0065  0.0041  0.0019
    83  285  766  0.0064  0.0041  0.0019
    84  286  767  0.0065  0.0042  0.0019
    85  287  767  0.0065  0.0041  0.0019
    86  288  767  0.0065  0.0041  0.0019
    87  290  768  0.0065  0.0042  0.0019
    88  289  768  0.0065  0.0042  0.0019
    89  291  768  0.0065  0.0042  0.0019
    90  292  768  0.0065  0.0042  0.0019
    91  293  768  0.0065  0.0041  0.0019
    92  294  768  0.0065  0.0041  0.0019
    93  295  768  0.0065  0.0041  0.0019
    94  296  768  0.0065  0.0041  0.0019
    95  297  768  0.0065  0.0041  0.0019
    96  298  768  0.0065  0.0041  0.0019
    97  299  768  0.0065  0.0041  0.0019
    98  299  769  0.0065  0.0041  0.0019
    99  300  769  0.0065  0.0041  0.0019
   100  301  769  0.0065  0.0041  0.0019
   101  302  769  0.0064  0.0041  0.0019
   102  303  769  0.0065  0.0041  0.0019
   103  304  769  0.0065  0.0041  0.0019
   104  305  769  0.0064  0.0041  0.0019
   105  306  769  0.0065  0.0041  0.0019
   106  307  769  0.0065  0.0041  0.0019
   107  308  769  0.0065  0.0041  0.0019

    1  310  790  0.0064  0.0041  0.0019
    2  311  791  0.0064  0.0041  0.0019
    3  310  791  0.0065  0.0041  0.0019
    4  312  792  0.0064  0.0041  0.0019
    5  314  792  0.0064  0.0041  0.0019
    6  315  792  0.0064  0.0041  0.0019
    7  316  792  0.0064  0.0041  0.0019
    8  311  792  0.0064  0.0041  0.0019
    9  317  793  0.0064  0.0041  0.0019
   10  318  793  0.0064  0.0041  0.0019
   11  319  793  0.0064  0.0041  0.0019
   12  320  793  0.0064  0.0041  0.0019
   13  321  793  0.0064  0.0041  0.0019
   14  322  793  0.0064  0.0041  0.0019
   15  323  793  0.0064  0.0041  0.0019
   16  324  793  0.0064  0.0041  0.0019
   17  325  793  0.0064  0.0041  0.0019
   18  326  793  0.0064  0.0041  0.0019
   19  327  793  0.0064  0.0041  0.0019
   20  328  794  0.0064  0.0041  0.0019
   21  329  794  0.0064  0.0041  0.0019
   22  330  794  0.0064  0.0041  0.0019
   23  332  794  0.0064  0.0041  0.0019
   24  333  794  0.0064  0.0041  0.0019
   25  334  794  0.0064  0.0041  0.0019
   26  335  794  0.0064  0.0041  0.0019
   27  336  794  0.0064  0.0041  0.0019
   28  337  794  0.0064  0.0041  0.0019
   29  344  794  0.0064  0.0041  0.0019
   30  345  794  0.0064  0.0041  0.0019
   31  346  794  0.0064  0.0041  0.0019
   32  347  794  0.0064  0.0041  0.0019
   33  349  794  0.0064  0.0041  0.0019
   34  350  794  0.0064  0.0041  0.0019
   35  351  795  0.0064  0.0041  0.0019
   36  352  795  0.0064  0.0041  0.0019
   37  352  796  0.0064  0.0041  0.0019
   38  354  796  0.0064  0.0041  0.0019
   39  355  796  0.0064  0.0041  0.0019
   40  356  796  0.0065  0.0041  0.0019
   41  357  796  0.0065  0.0041  0.0019
   42  358  796  0.0065  0.0041  0.0019
   43  359  796  0.0065  0.0041  0.0019
   44  360  796  0.0065  0.0041  0.0019
   45  361  796  0.0065  0.0041  0.0019
   46  362  796  0.0065  0.0041  0.0019
   47  363  796  0.0065  0.0041  0.0019
   48  366  797  0.0065  0.0041  0.0019
   49  365  797  0.0065  0.0041  0.0019
   50  367  797  0.0064  0.0041  0.0019
   51  368  797  0.0064  0.0041  0.0019
   52  369  797  0.0064  0.0041  0.0019
   53  370  797  0.0064  0.0040  0.0019
   54  371  797  0.0064  0.0041  0.0019
   55  373  797  0.0064  0.0041  0.0019
   56  374  797  0.0064  0.0041  0.0019
   57  375  797  0.0064  0.0041  0.0019
   58  376  797  0.0064  0.0041  0.0019
   59  378  797  0.0064  0.0041  0.0019
   60  379  797  0.0064  0.0041  0.0019
   61  380  797  0.0064  0.0041  0.0019
   62  381  797  0.0064  0.0041  0.0019
   63  382  797  0.0064  0.0040  0.0019
   64  383  797  0.0064  0.0040  0.0019
   65  384  797  0.0064  0.0041  0.0019
   66  385  797  0.0064  0.0041  0.0019
   67  386  797  0.0064  0.0041  0.0019
   68  388  797  0.0064  0.0041  0.0019
   69  389  797  0.0064  0.0041  0.0019
   70  390  797  0.0064  0.0041  0.0019
   71  391  797  0.0065  0.0041  0.0019

    1  419  699  0.0067  0.0042  0.0019
    2  418  699  0.0067  0.0042  0.0019
    3  421  700  0.0067  0.0042  0.0019
    4  420  700  0.0067  0.0042  0.0019
    5  422  701  0.0067  0.0042  0.0019
    6  421  701  0.0067  0.0042  0.0019
    7  422  702  0.0067  0.0042  0.0019
    8  423  702  0.0067  0.0042  0.0019
    9  424  702  0.0067  0.0042  0.0019
   10  425  702  0.0067  0.0042  0.0019
   11  428  703  0.0067  0.0042  0.0019
   12  429  703  0.0067  0.0042  0.0019
   13  427  703  0.0067  0.0042  0.0019
   14  430  704  0.0067  0.0042  0.0019
   15  431  704  0.0067  0.0042  0.0019
   16  434  705  0.0067  0.0042  0.0019
   17  436  705  0.0067  0.0042  0.0019
   18  437  705  0.0067  0.0042  0.0019
   19  433  705  0.0067  0.0042  0.0019
   20  438  706  0.0067  0.0042  0.0019
   21  439  706  0.0067  0.0042  0.0019
   22  440  706  0.0067  0.0042  0.0019
   23  442  706  0.0067  0.0042  0.0019
   24  444  707  0.0067  0.0042  0.0019
   25  445  707  0.0067  0.0042  0.0019
   26  443  707  0.0067  0.0042  0.0019
   27  447  708  0.0067  0.0042  0.0019
   28  446  708  0.0067  0.0042  0.0019
   29  448  709  0.0067  0.0042  0.0019
   30  449  710  0.0067  0.0042  0.0019
   31  450  710  0.0067  0.0042  0.0019
   32  452  710  0.0066  0.0042  0.0019
   33  455  711  0.0067  0.0042  0.0019
   34  457  711  0.0067  0.0042  0.0019
   35  458  711  0.0066  0.0041  0.0019
   36  459  711  0.0066  0.0041  0.0019
   37  460  711  0.0066  0.0041  0.0019
   38  454  711  0.0066  0.0041  0.0019
   39  460  712  0.0067  0.0042  0.0019
   40  462  712  0.0066  0.0041  0.0019
   41  463  712  0.0066  0.0041  0.0019
   42  464  712  0.0066  0.0041  0.0019
   43  466  713  0.0066  0.0041  0.0019
   44  465  713  0.0066  0.0041  0.0019
   45  468  714  0.0066  0.0041  0.0019
   46  469  714  0.0066  0.0041  0.0019
   47  470  714  0.0066  0.0041  0.0019
   48  472  715  0.0066  0.0041  0.0019
   49  471  715  0.0066  0.0041  0.0019
   50  474  716  0.0066  0.0041  0.0019
   51  473  716  0.0066  0.0041  0.0019
   52  476  717  0.0066  0.0041  0.0019
   53  478  717  0.0066  0.0041  0.0019
   54  478  718  0.0066  0.0041  0.0019
   55  482  719  0.0066  0.0041  0.0019
   56  484  719  0.0066  0.0041  0.0019
   57  485  719  0.0066  0.0041  0.0019
   58  481  719  0.0066  0.0041  0.0019

     1  1118  974  0.0066  0.0037  0.0020
     2  1117  975  0.0066  0.0037  0.0020
     3  1116  975  0.0066  0.0037  0.0020
     4  1114  975  0.0066  0.0037  0.0020
     5  1113  975  0.0066  0.0037  0.0020
     6  1111  975  0.0066  0.0037  0.0020
     7  1109  975  0.0066  0.0037  0.0020
     8  1108  975  0.0066  0.0037  0.0020
     9  1107  975  0.0066  0.0037  0.0020
    10  1106  975  0.0066  0.0037  0.0020
    11  1102  976  0.0066  0.0037  0.0020
    12  1100  976  0.0066  0.0037  0.0020
    13  1098  976  0.0066  0.0037  0.0020
    14  1096  976  0.0066  0.0037  0.0020
    15  1103  976  0.0066  0.0037  0.0020
    16  1092  977  0.0066  0.0037  0.0020
    17  1095  977  0.0066  0.0037  0.0020
    18  1090  978  0.0066  0.0037  0.0020
    19  1088  978  0.0066  0.0037  0.0020
    20  1086  978  0.0066  0.0037  0.0020
    21  1085  978  0.0066  0.0037  0.0020
    22  1084  978  0.0066  0.0037  0.0020
    23  1082  978  0.0066  0.0037  0.0020
    24  1080  978  0.0066  0.0037  0.0020
    25  1079  978  0.0066  0.0037  0.0020
    26  1078  978  0.0066  0.0037  0.0020
    27  1077  978  0.0066  0.0037  0.0020
    28  1074  979  0.0066  0.0037  0.0020
    29  1073  979  0.0066  0.0037  0.0020
    30  1070  979  0.0066  0.0037  0.0020
    31  1069  979  0.0066  0.0037  0.0020
    32  1067  979  0.0066  0.0037  0.0020
    33  1066  979  0.0066  0.0037  0.0020
    34  1065  979  0.0066  0.0037  0.0020
    35  1063  979  0.0066  0.0037  0.0020
    36  1061  979  0.0066  0.0037  0.0020
    37  1060  979  0.0066  0.0037  0.0020
    38  1059  979  0.0066  0.0037  0.0020
    39  1057  979  0.0066  0.0037  0.0020
    40  1056  979  0.0066  0.0037  0.0020
    41  1054  979  0.0066  0.0037  0.0020
    42  1053  979  0.0066  0.0037  0.0020
    43  1052  979  0.0066  0.0037  0.0020
    44  1051  979  0.0066  0.0037  0.0020
    45  1049  979  0.0066  0.0037  0.0020
    46  1048  979  0.0066  0.0037  0.0020
    47  1045  980  0.0066  0.0037  0.0020
    48  1047  980  0.0066  0.0037  0.0020
    49  1043  981  0.0066  0.0037  0.0020
    50  1041  981  0.0066  0.0037  0.0020
    51  1040  981  0.0066  0.0037  0.0020
    52  1025  981  0.0066  0.0037  0.0020
    53  1026  981  0.0066  0.0037  0.0020
    54  1029  981  0.0066  0.0037  0.0020
    55  1031  981  0.0066  0.0037  0.0020
    56  1032  981  0.0066  0.0037  0.0020
    57  1033  981  0.0066  0.0037  0.0020
    58  1034  981  0.0066  0.0037  0.0020
    59  1037  981  0.0066  0.0037  0.0020
    60  1022  982  0.0066  0.0037  0.0020
    61  1021  982  0.0066  0.0037  0.0020
    62   946  982  0.0065  0.0037  0.0020
    63   947  982  0.0065  0.0037  0.0020
    64   949  982  0.0065  0.0037  0.0020
    65   951  982  0.0065  0.0037  0.0020
    66   953  982  0.0065  0.0037  0.0020
    67   945  982  0.0065  0.0037  0.0020
    68  1009  983  0.0065  0.0037  0.0020
    69  1007  983  0.0065  0.0037  0.0020
    70  1005  983  0.0065  0.0037  0.0020
    71  1004  983  0.0065  0.0037  0.0020
    72  1002  983  0.0065  0.0037  0.0020
    73  1001  983  0.0065  0.0037  0.0020
    74   999  983  0.0065  0.0037  0.0020
    75  1015  983  0.0065  0.0037  0.0020
    76  1014  983  0.0065  0.0037  0.0020
    77  1012  983  0.0065  0.0037  0.0020
    78   954  983  0.0065  0.0037  0.0020
    79   956  983  0.0065  0.0037  0.0020
    80   957  983  0.0065  0.0037  0.0020
    81  1018  983  0.0065  0.0037  0.0020
    82  1016  983  0.0065  0.0037  0.0020
    83  1010  983  0.0065  0.0037  0.0020
    84   967  984  0.0065  0.0037  0.0020
    85   959  984  0.0065  0.0037  0.0020
    86   960  984  0.0065  0.0037  0.0020
    87   962  984  0.0065  0.0037  0.0020
    88   964  984  0.0065  0.0037  0.0020
    89   966  984  0.0065  0.0037  0.0020
    90   998  984  0.0065  0.0037  0.0020
    91   968  984  0.0065  0.0037  0.0020
    92   988  985  0.0065  0.0037  0.0020
    93   972  985  0.0065  0.0037  0.0020
    94   971  985  0.0065  0.0037  0.0020
    95   976  985  0.0065  0.0037  0.0020
    96   977  985  0.0065  0.0037  0.0020
    97   979  985  0.0065  0.0037  0.0020
    98   987  985  0.0065  0.0037  0.0020
    99   981  985  0.0065  0.0037  0.0020
   100   982  985  0.0065  0.0037  0.0020
   101   986  985  0.0065  0.0037  0.0020
   102   989  985  0.0065  0.0037  0.0020
   103   991  985  0.0065  0.0037  0.0020
   104   992  985  0.0065  0.0037  0.0020
   105   995  985  0.0065  0.0037  0.0020
   106   996  985  0.0065  0.0037  0.0020
   107   985  985  0.0065  0.0037  0.0020
   108   980  985  0.0065  0.0037  0.0020
   109   983  985  0.0065  0.0037  0.0020
   110   973  986  0.0065  0.0037  0.0020

    1  558  838  0.0064  0.0039  0.0019
    57  559  838  0.0064  0.0039  0.0019
    58  560  839  0.0064  0.0039  0.0019
    59  563  840  0.0064  0.0039  0.0019
    60  565  840  0.0064  0.0039  0.0019
    61  567  840  0.0064  0.0039  0.0019
    62  562  840  0.0064  0.0039  0.0019
    63  567  841  0.0064  0.0039  0.0019
    64  568  841  0.0064  0.0039  0.0019
    65  569  842  0.0064  0.0039  0.0019
    66  572  843  0.0064  0.0039  0.0019
    67  571  843  0.0064  0.0039  0.0019
    68  573  844  0.0065  0.0040  0.0019
    69  574  844  0.0065  0.0039  0.0019
    70  576  844  0.0064  0.0039  0.0019
    71  577  844  0.0064  0.0039  0.0019
    72  578  844  0.0064  0.0039  0.0019
    73  579  845  0.0064  0.0039  0.0019
    74  578  845  0.0064  0.0039  0.0019
    75  581  846  0.0064  0.0039  0.0019
    76  583  847  0.0064  0.0039  0.0019
    77  585  847  0.0064  0.0039  0.0019
    78  586  848  0.0064  0.0039  0.0019
    79  589  849  0.0064  0.0039  0.0019
    80  588  849  0.0064  0.0039  0.0019
    81  592  850  0.0064  0.0039  0.0019
    82  593  850  0.0064  0.0039  0.0019
    83  591  850  0.0064  0.0039  0.0019
    84  594  851  0.0064  0.0039  0.0019
    85  593  851  0.0064  0.0039  0.0019
    86  595  852  0.0064  0.0039  0.0019
    87  596  852  0.0064  0.0039  0.0019
    88  598  852  0.0064  0.0039  0.0019
    89  611  852  0.0064  0.0039  0.0019
    90  610  852  0.0064  0.0039  0.0019
    91  609  852  0.0064  0.0039  0.0019
    92  608  852  0.0064  0.0039  0.0019
    93  605  853  0.0064  0.0039  0.0019
    94  606  853  0.0064  0.0039  0.0019
    95  607  853  0.0064  0.0039  0.0019
    96  602  853  0.0064  0.0039  0.0019
    97  601  853  0.0064  0.0039  0.0019
    98  600  853  0.0064  0.0039  0.0019
    99  599  853  0.0064  0.0039  0.0019
   100  603  853  0.0064  0.0039  0.0019

    1  46  725  0.0064  0.0043  0.0019
    2  47  725  0.0065  0.0043  0.0019
    3  48  725  0.0064  0.0043  0.0019
    4  45  725  0.0064  0.0043  0.0019
    5  48  726  0.0064  0.0043  0.0019
    6  49  726  0.0064  0.0043  0.0019
    7  50  726  0.0064  0.0043  0.0019
    8  51  726  0.0064  0.0043  0.0019
    9  52  726  0.0064  0.0043  0.0019
   10  53  726  0.0064  0.0043  0.0019
   11  54  726  0.0064  0.0043  0.0019
   12  55  726  0.0064  0.0043  0.0019
   13  56  726  0.0064  0.0043  0.0019
   14  58  727  0.0064  0.0043  0.0019
   15  59  727  0.0064  0.0043  0.0019
   16  60  727  0.0065  0.0043  0.0019
   17  61  727  0.0064  0.0043  0.0019
   18  62  727  0.0064  0.0043  0.0019
   19  57  727  0.0064  0.0043  0.0019
   20  62  728  0.0065  0.0043  0.0019
   21  63  728  0.0065  0.0043  0.0019
   22  79  728  0.0064  0.0043  0.0019
   23  78  728  0.0064  0.0043  0.0019
   24  77  728  0.0064  0.0043  0.0019
   25  76  728  0.0064  0.0043  0.0019
   26  75  728  0.0064  0.0043  0.0019
   27  74  728  0.0064  0.0043  0.0019
   28  73  728  0.0064  0.0043  0.0019
   29  72  728  0.0064  0.0043  0.0019
   30  71  728  0.0064  0.0043  0.0019
   31  70  728  0.0064  0.0043  0.0019
   32  69  728  0.0064  0.0043  0.0019
   33  68  728  0.0065  0.0043  0.0019
   34  67  728  0.0064  0.0043  0.0019
   35  66  728  0.0064  0.0043  0.0019
   36  65  728  0.0065  0.0043  0.0019
   37  64  728  0.0064  0.0043  0.0019
   38  80  729  0.0064  0.0043  0.0019
   39  81  729  0.0064  0.0043  0.0019
   40  82  729  0.0064  0.0043  0.0019
   41  83  729  0.0064  0.0043  0.0019
   42  84  729  0.0064  0.0043  0.0019
   43  79  729  0.0064  0.0043  0.0019
   44  84  730  0.0064  0.0043  0.0019
   45  85  730  0.0064  0.0043  0.0019
   46  86  730  0.0064  0.0043  0.0019
   47  87  730  0.0064  0.0043  0.0019
   48  88  730  0.0064  0.0043  0.0019
   49  88  731  0.0064  0.0043  0.0019
   50  89  731  0.0064  0.0043  0.0019
   51  90  731  0.0064  0.0043  0.0019
   52  91  731  0.0064  0.0043  0.0019
   53  92  731  0.0064  0.0043  0.0019
   54  93  731  0.0064  0.0043  0.0019
   55  94  731  0.0064  0.0043  0.0019
   56  95  731  0.0064  0.0043  0.0019
   57  97  732  0.0064  0.0043  0.0019
   58  96  732  0.0064  0.0043  0.0019

    1  23  733  0.0064  0.0043  0.0019
    2  24  733  0.0064  0.0043  0.0019
    3  25  733  0.0064  0.0043  0.0019
    4  26  733  0.0064  0.0043  0.0019
    5  27  733  0.0064  0.0043  0.0019
    6  28  733  0.0064  0.0043  0.0019
    7  29  733  0.0064  0.0043  0.0019
    8  30  733  0.0064  0.0043  0.0019
    9  31  733  0.0064  0.0043  0.0019
   10  32  733  0.0064  0.0043  0.0019
   11  33  733  0.0064  0.0043  0.0019
   12  34  733  0.0064  0.0043  0.0019
   13  35  733  0.0064  0.0043  0.0019
   14  37  733  0.0064  0.0043  0.0019
   15  38  733  0.0064  0.0043  0.0019
   16  39  733  0.0064  0.0043  0.0019
   17  40  734  0.0064  0.0043  0.0019
   18  41  734  0.0064  0.0043  0.0019
   19  42  734  0.0064  0.0043  0.0019
   20  45  734  0.0064  0.0043  0.0019
   21  48  736  0.0064  0.0043  0.0019
   22  49  736  0.0064  0.0043  0.0019
   23  47  736  0.0064  0.0043  0.0019
   24  49  737  0.0064  0.0043  0.0019
   25  50  737  0.0064  0.0043  0.0019
   26  51  737  0.0064  0.0043  0.0019
   27  52  737  0.0064  0.0043  0.0019
   28  53  737  0.0064  0.0043  0.0019
   29  55  737  0.0064  0.0043  0.0019
   30  56  737  0.0064  0.0043  0.0019
   31  57  737  0.0064  0.0043  0.0019
   32  59  738  0.0064  0.0043  0.0019
   33  60  738  0.0064  0.0043  0.0019
   34  58  738  0.0064  0.0043  0.0019
   35  61  739  0.0064  0.0043  0.0019
   36  62  739  0.0064  0.0043  0.0019
   37  63  739  0.0064  0.0043  0.0019
   38  63  740  0.0064  0.0043  0.0019
   39  64  740  0.0064  0.0043  0.0019
   40  65  740  0.0064  0.0043  0.0019
   41  66  740  0.0064  0.0043  0.0019
   42  67  740  0.0064  0.0043  0.0019
   43  68  740  0.0064  0.0043  0.0019
   44  69  740  0.0064  0.0043  0.0019
   45  70  740  0.0064  0.0043  0.0019
   46  71  740  0.0064  0.0043  0.0019
   47  72  741  0.0064  0.0043  0.0019
   48  71  741  0.0064  0.0043  0.0019
   49  74  742  0.0064  0.0043  0.0019
   50  73  742  0.0064  0.0043  0.0019
   51  75  743  0.0064  0.0043  0.0019
   52  76  743  0.0064  0.0043  0.0019
   53  74  743  0.0064  0.0043  0.0019
   54  76  744  0.0064  0.0043  0.0019
   55  77  744  0.0064  0.0043  0.0019
   56  78  744  0.0064  0.0043  0.0019
   57  96  744  0.0064  0.0043  0.0019
   58  94  744  0.0064  0.0043  0.0019
   59  93  744  0.0064  0.0043  0.0019
   60  92  744  0.0064  0.0043  0.0019
   61  91  744  0.0064  0.0043  0.0019
   62  90  744  0.0064  0.0043  0.0019
   63  97  744  0.0064  0.0043  0.0019
   64  79  745  0.0064  0.0043  0.0019
   65  86  745  0.0064  0.0043  0.0019
   66  87  745  0.0064  0.0043  0.0019
   67  88  745  0.0064  0.0043  0.0019
   68  83  746  0.0064  0.0043  0.0019
   69  82  746  0.0064  0.0043  0.0019
   70  81  746  0.0064  0.0043  0.0019
   71  80  746  0.0064  0.0043  0.0019
   72  84  746  0.0064  0.0043  0.0019
   73  86  746  0.0064  0.0043  0.0019
   74  85  746  0.0064  0.0043  0.0019

    1   90  686  0.0065  0.0043  0.0019
    2   92  686  0.0065  0.0043  0.0019
    3   91  686  0.0065  0.0043  0.0019
    4   84  686  0.0065  0.0043  0.0019
    5   85  686  0.0065  0.0043  0.0019
    6   86  686  0.0065  0.0043  0.0019
    7   87  686  0.0065  0.0043  0.0019
    8   88  686  0.0065  0.0043  0.0019
    9   89  686  0.0065  0.0043  0.0019
   10   93  686  0.0065  0.0043  0.0019
   11   83  687  0.0065  0.0043  0.0019
   12   84  687  0.0065  0.0043  0.0019
   13   82  687  0.0065  0.0043  0.0019
   14   93  687  0.0065  0.0043  0.0019
   15   94  687  0.0065  0.0043  0.0019
   16   95  687  0.0065  0.0043  0.0019
   17   96  687  0.0065  0.0043  0.0019
   18   97  687  0.0065  0.0043  0.0019
   19   98  688  0.0065  0.0043  0.0019
   20   99  688  0.0065  0.0043  0.0019
   21  100  688  0.0065  0.0043  0.0019
   22  102  688  0.0065  0.0043  0.0019
   23  103  688  0.0065  0.0043  0.0019
   24  104  688  0.0065  0.0043  0.0019
   25  105  688  0.0065  0.0043  0.0019
   26  107  688  0.0065  0.0043  0.0019
   27  106  688  0.0065  0.0043  0.0019
   28  108  689  0.0065  0.0043  0.0019
   29  110  689  0.0065  0.0043  0.0019
   30  111  689  0.0065  0.0043  0.0019
   31  112  689  0.0065  0.0043  0.0019
   32  114  689  0.0065  0.0043  0.0019
   33  115  689  0.0065  0.0043  0.0019
   34  116  689  0.0065  0.0043  0.0019
   35  117  689  0.0065  0.0043  0.0019
   36  134  690  0.0065  0.0043  0.0019
   37  134  691  0.0065  0.0043  0.0019
   38  135  691  0.0065  0.0043  0.0019
   39  136  691  0.0065  0.0043  0.0019
   40  137  691  0.0065  0.0043  0.0019
   41  138  691  0.0065  0.0043  0.0019
   42  139  691  0.0065  0.0043  0.0019
   43  140  691  0.0065  0.0043  0.0019
   44  141  691  0.0065  0.0043  0.0019
   45  142  691  0.0065  0.0043  0.0019
   46  143  691  0.0065  0.0043  0.0019
   47  144  691  0.0065  0.0043  0.0019
   48  145  691  0.0065  0.0043  0.0019
   49  146  691  0.0065  0.0043  0.0019
   50  147  691  0.0065  0.0043  0.0019
   51  149  691  0.0065  0.0043  0.0019
   52  150  691  0.0065  0.0043  0.0019

    1  913  1110  0.0064  0.0037  0.0020
    2  914  1110  0.0064  0.0037  0.0020
    3  912  1111  0.0064  0.0037  0.0020
    4  913  1111  0.0063  0.0037  0.0020
    5  912  1112  0.0064  0.0037  0.0020
    6  911  1113  0.0063  0.0037  0.0020
    7  912  1113  0.0063  0.0037  0.0020
    8  910  1114  0.0063  0.0037  0.0020
    9  909  1114  0.0063  0.0037  0.0020
   10  908  1114  0.0064  0.0037  0.0020
   11  907  1114  0.0064  0.0037  0.0020
   12  906  1115  0.0064  0.0037  0.0020
   13  905  1115  0.0064  0.0037  0.0020
   14  904  1115  0.0064  0.0037  0.0020
   15  907  1115  0.0064  0.0037  0.0020
   16  904  1116  0.0064  0.0037  0.0020
   17  902  1116  0.0064  0.0037  0.0020
   18  901  1116  0.0064  0.0037  0.0020
   19  900  1116  0.0064  0.0037  0.0020
   20  899  1116  0.0064  0.0037  0.0020
   21  898  1116  0.0064  0.0037  0.0020
   22  897  1116  0.0063  0.0037  0.0020
   23  896  1117  0.0063  0.0037  0.0020
   24  895  1117  0.0063  0.0037  0.0020
   25  894  1117  0.0063  0.0037  0.0020
   26  893  1117  0.0063  0.0037  0.0020
   27  892  1117  0.0063  0.0037  0.0020
   28  891  1117  0.0063  0.0037  0.0020
   29  890  1117  0.0063  0.0037  0.0020
   30  888  1117  0.0063  0.0037  0.0020
   31  887  1117  0.0063  0.0037  0.0020
   32  886  1117  0.0063  0.0037  0.0020
   33  885  1117  0.0063  0.0037  0.0020
   34  884  1117  0.0063  0.0037  0.0020
   35  883  1117  0.0063  0.0037  0.0020
   36  882  1117  0.0063  0.0037  0.0020
   37  881  1117  0.0063  0.0037  0.0020
   38  880  1117  0.0063  0.0037  0.0020
   39  879  1117  0.0063  0.0037  0.0020
   40  878  1117  0.0063  0.0037  0.0020
   41  877  1117  0.0063  0.0037  0.0020
   42  876  1118  0.0063  0.0037  0.0020
   43  875  1118  0.0063  0.0037  0.0020
   44  874  1118  0.0063  0.0037  0.0020
   45  872  1118  0.0063  0.0037  0.0020
   46  873  1118  0.0063  0.0037  0.0020
   47  872  1119  0.0063  0.0037  0.0020
   48  871  1119  0.0063  0.0037  0.0020
   49  870  1119  0.0063  0.0037  0.0020
   50  869  1119  0.0063  0.0037  0.0020
   51  868  1119  0.0063  0.0037  0.0020
   52  867  1119  0.0063  0.0037  0.0020
   53  866  1119  0.0063  0.0037  0.0020
   54  865  1119  0.0063  0.0037  0.0020
   55  864  1119  0.0063  0.0037  0.0020
   56  829  1119  0.0063  0.0037  0.0020
   57  830  1119  0.0063  0.0037  0.0020
   58  831  1119  0.0063  0.0037  0.0020
   59  832  1119  0.0063  0.0037  0.0020
   60  833  1119  0.0063  0.0037  0.0020
   61  834  1119  0.0063  0.0037  0.0020
   62  828  1119  0.0063  0.0037  0.0020
   63  862  1120  0.0063  0.0037  0.0020
   64  860  1120  0.0063  0.0037  0.0020
   65  859  1120  0.0063  0.0037  0.0020
   66  858  1120  0.0063  0.0037  0.0020
   67  857  1120  0.0063  0.0037  0.0020
   68  834  1120  0.0063  0.0037  0.0020
   69  856  1120  0.0063  0.0037  0.0020
   70  835  1120  0.0063  0.0037  0.0020
   71  861  1120  0.0063  0.0037  0.0020
   72  844  1121  0.0063  0.0037  0.0020
   73  843  1121  0.0063  0.0037  0.0020
   74  842  1121  0.0063  0.0037  0.0020
   75  841  1121  0.0063  0.0037  0.0020
   76  845  1121  0.0063  0.0037  0.0020
   77  839  1121  0.0063  0.0037  0.0020
   78  838  1121  0.0063  0.0037  0.0020
   79  837  1121  0.0063  0.0037  0.0020
   80  836  1121  0.0063  0.0037  0.0020
   81  835  1121  0.0063  0.0037  0.0020
   82  846  1121  0.0063  0.0037  0.0020
   83  849  1121  0.0063  0.0037  0.0020
   84  850  1121  0.0063  0.0037  0.0020
   85  851  1121  0.0063  0.0037  0.0020
   86  852  1121  0.0063  0.0037  0.0020
   87  853  1121  0.0063  0.0037  0.0020
   88  840  1121  0.0063  0.0037  0.0020
   89  855  1121  0.0063  0.0037  0.0020
   90  847  1121  0.0063  0.0037  0.0020

    1  821   998  0.0064  0.0038  0.0020
    2  820   998  0.0064  0.0038  0.0020
    3  822   998  0.0064  0.0038  0.0020
    4  820   999  0.0064  0.0038  0.0020
    5  819   999  0.0064  0.0038  0.0020
    6  818   999  0.0064  0.0038  0.0020
    7  816   999  0.0064  0.0038  0.0020
    8  814  1000  0.0064  0.0038  0.0020
    9  813  1000  0.0064  0.0038  0.0020
   10  815  1000  0.0064  0.0038  0.0020
   11  813  1001  0.0064  0.0038  0.0020
   12  812  1001  0.0064  0.0038  0.0020
   13  811  1001  0.0064  0.0038  0.0020
   14  804  1001  0.0064  0.0038  0.0020
   15  803  1001  0.0064  0.0038  0.0020
   16  802  1001  0.0064  0.0038  0.0020
   17  801  1001  0.0064  0.0038  0.0020
   18  799  1001  0.0064  0.0038  0.0020
   19  798  1001  0.0064  0.0038  0.0020
   20  797  1001  0.0064  0.0038  0.0020
   21  796  1002  0.0064  0.0038  0.0020
   22  795  1002  0.0064  0.0038  0.0020
   23  794  1002  0.0064  0.0038  0.0020
   24  810  1002  0.0064  0.0038  0.0020
   25  809  1002  0.0064  0.0038  0.0020
   26  808  1002  0.0064  0.0038  0.0020
   27  807  1002  0.0064  0.0038  0.0020
   28  806  1002  0.0064  0.0038  0.0020
   29  804  1002  0.0064  0.0038  0.0020
   30  805  1002  0.0064  0.0038  0.0020
   31  793  1003  0.0064  0.0038  0.0020
   32  792  1003  0.0064  0.0038  0.0020
   33  794  1003  0.0064  0.0038  0.0020
   34  792  1004  0.0064  0.0038  0.0020
   35  790  1004  0.0064  0.0038  0.0020
   36  789  1004  0.0064  0.0038  0.0020
   37  791  1004  0.0064  0.0038  0.0020
   38  788  1005  0.0064  0.0038  0.0020
   39  787  1005  0.0064  0.0038  0.0020
   40  786  1005  0.0064  0.0038  0.0020
   41  785  1006  0.0064  0.0038  0.0020
   42  784  1006  0.0064  0.0038  0.0020
   43  783  1006  0.0064  0.0038  0.0020
   44  786  1006  0.0064  0.0038  0.0020
   45  782  1007  0.0064  0.0038  0.0020
   46  780  1008  0.0064  0.0038  0.0020
   47  779  1008  0.0064  0.0038  0.0020
   48  781  1008  0.0064  0.0038  0.0020

    1  814  983  0.0064  0.0038  0.0020
    2  813  983  0.0064  0.0038  0.0020
    3  815  983  0.0064  0.0038  0.0020
    4  813  984  0.0064  0.0038  0.0020
    5  812  984  0.0064  0.0038  0.0020
    6  811  984  0.0064  0.0038  0.0020
    7  810  985  0.0064  0.0038  0.0020
    8  809  985  0.0064  0.0038  0.0020
    9  808  985  0.0064  0.0038  0.0020
   10  807  985  0.0064  0.0038  0.0020
   11  811  985  0.0064  0.0038  0.0020
   12  806  986  0.0064  0.0038  0.0020
   13  805  986  0.0064  0.0038  0.0020
   14  804  986  0.0064  0.0038  0.0020
   15  802  986  0.0064  0.0038  0.0020
   16  801  986  0.0064  0.0038  0.0020
   17  800  986  0.0064  0.0038  0.0020
   18  799  986  0.0064  0.0038  0.0020
   19  798  986  0.0064  0.0038  0.0020
   20  803  986  0.0064  0.0038  0.0020
   21  781  987  0.0064  0.0038  0.0020
   22  783  987  0.0064  0.0038  0.0020
   23  784  987  0.0064  0.0038  0.0020
   24  785  987  0.0064  0.0038  0.0020
   25  786  987  0.0064  0.0038  0.0020
   26  787  987  0.0064  0.0038  0.0020
   27  788  987  0.0064  0.0038  0.0020
   28  789  987  0.0064  0.0038  0.0020
   29  790  987  0.0064  0.0038  0.0020
   30  791  987  0.0064  0.0038  0.0020
   31  792  987  0.0064  0.0038  0.0020
   32  793  987  0.0064  0.0038  0.0020
   33  794  987  0.0064  0.0038  0.0020
   34  795  987  0.0064  0.0038  0.0020
   35  796  987  0.0064  0.0038  0.0020
   36  780  987  0.0064  0.0038  0.0020
   37  779  987  0.0064  0.0038  0.0020
   38  778  987  0.0064  0.0038  0.0020
   39  777  987  0.0064  0.0038  0.0020
   40  776  987  0.0064  0.0038  0.0020
   41  782  987  0.0064  0.0038  0.0020
   42  775  988  0.0064  0.0038  0.0020
   43  774  988  0.0064  0.0038  0.0020
   44  773  988  0.0064  0.0038  0.0020
   45  776  988  0.0064  0.0038  0.0020
   46  773  989  0.0064  0.0038  0.0020
   47  772  989  0.0064  0.0038  0.0020
   48  771  989  0.0064  0.0038  0.0020
   49  770  989  0.0064  0.0038  0.0020
   50  769  989  0.0064  0.0038  0.0020
   51  768  989  0.0064  0.0038  0.0020
   52  767  989  0.0064  0.0038  0.0020
   53  766  989  0.0064  0.0038  0.0020
   54  765  989  0.0064  0.0038  0.0020
   55  764  989  0.0064  0.0038  0.0020

    1  1265  1052  0.0068  0.0037  0.0021
    2  1264  1053  0.0068  0.0037  0.0021
    3  1265  1053  0.0068  0.0037  0.0021
    4  1263  1054  0.0068  0.0037  0.0021
    5  1264  1054  0.0068  0.0037  0.0021
    6  1263  1055  0.0068  0.0037  0.0021
    7  1262  1055  0.0068  0.0037  0.0021
    8  1262  1056  0.0068  0.0037  0.0021
    9  1260  1057  0.0068  0.0037  0.0021
   10  1261  1057  0.0068  0.0037  0.0021
   11  1260  1058  0.0068  0.0037  0.0021
   12  1259  1059  0.0068  0.0037  0.0021
   13  1260  1059  0.0068  0.0037  0.0021
   14  1259  1060  0.0068  0.0037  0.0021
   15  1258  1061  0.0068  0.0037  0.0021
   16  1257  1061  0.0068  0.0037  0.0021
   17  1259  1061  0.0068  0.0037  0.0021
   18  1256  1062  0.0068  0.0037  0.0021
   19  1257  1062  0.0068  0.0037  0.0021
   20  1256  1063  0.0068  0.0037  0.0021
   21  1255  1063  0.0068  0.0037  0.0021
   22  1254  1064  0.0068  0.0037  0.0021
   23  1255  1064  0.0068  0.0037  0.0021
   24  1253  1065  0.0068  0.0037  0.0021
   25  1252  1065  0.0067  0.0037  0.0021
   26  1251  1065  0.0068  0.0037  0.0021
   27  1254  1065  0.0068  0.0037  0.0021

    1  1274  1081  0.0068  0.0037  0.0021
    2  1274  1082  0.0068  0.0037  0.0021
    3  1273  1083  0.0068  0.0037  0.0021
    4  1274  1083  0.0068  0.0037  0.0021
    5  1272  1084  0.0068  0.0037  0.0021
    6  1273  1084  0.0068  0.0037  0.0021
    7  1271  1085  0.0068  0.0037  0.0021
    8  1272  1085  0.0068  0.0037  0.0021
    9  1270  1086  0.0068  0.0037  0.0021
   10  1269  1087  0.0068  0.0037  0.0021
   11  1270  1087  0.0068  0.0037  0.0021
   12  1268  1088  0.0068  0.0037  0.0021
   13  1269  1088  0.0068  0.0037  0.0021
   14  1266  1089  0.0068  0.0037  0.0021
   15  1267  1089  0.0068  0.0037  0.0021
   16  1265  1090  0.0068  0.0037  0.0021
   17  1266  1090  0.0068  0.0037  0.0021
   18  1264  1091  0.0068  0.0037  0.0021
   19  1263  1091  0.0068  0.0037  0.0021
   20  1261  1092  0.0068  0.0037  0.0021
   21  1260  1092  0.0068  0.0037  0.0021
   22  1259  1092  0.0068  0.0037  0.0021
   23  1258  1092  0.0068  0.0037  0.0021
   24  1262  1092  0.0068  0.0037  0.0021
   25  1256  1093  0.0067  0.0037  0.0021
   26  1257  1093  0.0068  0.0037  0.0021
   27  1255  1094  0.0067  0.0037  0.0021
   28  1254  1094  0.0067  0.0037  0.0021
   29  1253  1094  0.0067  0.0037  0.0021
   30  1252  1094  0.0067  0.0037  0.0021
   31  1251  1094  0.0067  0.0037  0.0021
   32  1250  1094  0.0067  0.0037  0.0021
   33  1249  1094  0.0067  0.0037  0.0021
   34  1248  1094  0.0067  0.0037  0.0021
   35  1247  1094  0.0067  0.0037  0.0021
   36  1246  1094  0.0067  0.0037  0.0021

    1  839  851  0.0066  0.0038  0.0019
    2  838  851  0.0066  0.0038  0.0019
    3  841  852  0.0066  0.0038  0.0019
    4  842  852  0.0066  0.0038  0.0019
    5  843  852  0.0066  0.0038  0.0019
    6  840  852  0.0066  0.0038  0.0019
    7  843  853  0.0066  0.0038  0.0019
    8  844  853  0.0066  0.0038  0.0019
    9  845  853  0.0066  0.0038  0.0019
   10  846  853  0.0066  0.0038  0.0019
   11  847  853  0.0066  0.0038  0.0019
   12  848  853  0.0066  0.0038  0.0019
   13  849  853  0.0066  0.0038  0.0019
   14  850  853  0.0066  0.0038  0.0019
   15  851  854  0.0066  0.0038  0.0019
   16  852  854  0.0066  0.0038  0.0019
   17  853  854  0.0066  0.0038  0.0019
   18  854  854  0.0066  0.0038  0.0019
   19  855  854  0.0066  0.0038  0.0019
   20  856  854  0.0066  0.0038  0.0019
   21  877  854  0.0066  0.0038  0.0019
   22  878  854  0.0066  0.0038  0.0019
   23  880  855  0.0066  0.0038  0.0019
   24  881  855  0.0066  0.0038  0.0019
   25  882  855  0.0066  0.0038  0.0019
   26  879  855  0.0066  0.0038  0.0019
   27  882  856  0.0066  0.0038  0.0019
   28  883  856  0.0066  0.0038  0.0019
   29  884  856  0.0066  0.0038  0.0019
   30  885  856  0.0066  0.0038  0.0019
   31  886  856  0.0066  0.0038  0.0019
   32  887  856  0.0066  0.0038  0.0019
   33  888  856  0.0066  0.0038  0.0019
   34  889  856  0.0066  0.0038  0.0019
   35  890  856  0.0066  0.0038  0.0019
   36  891  856  0.0066  0.0038  0.0019
   37  892  856  0.0066  0.0038  0.0019
   38  893  856  0.0066  0.0038  0.0019
   39  894  856  0.0066  0.0038  0.0019
   40  895  856  0.0066  0.0038  0.0019
   41  896  856  0.0066  0.0038  0.0019
   42  897  856  0.0066  0.0038  0.0019
   43  898  856  0.0066  0.0038  0.0019
   44  917  856  0.0066  0.0038  0.0019
   45  916  856  0.0066  0.0038  0.0019
   46  914  856  0.0066  0.0038  0.0019
   47  912  856  0.0066  0.0038  0.0019
   48  911  856  0.0066  0.0038  0.0019
   49  918  857  0.0066  0.0038  0.0019
   50  929  857  0.0066  0.0038  0.0019
   51  928  857  0.0066  0.0038  0.0019
   52  906  857  0.0066  0.0038  0.0019
   53  907  857  0.0066  0.0038  0.0019
   54  908  857  0.0066  0.0038  0.0019
   55  909  857  0.0066  0.0038  0.0019
   56  927  857  0.0066  0.0038  0.0019
   57  926  857  0.0066  0.0038  0.0019
   58  900  857  0.0066  0.0038  0.0019
   59  899  857  0.0066  0.0038  0.0019
   60  898  857  0.0066  0.0038  0.0019
   61  917  857  0.0066  0.0038  0.0019
   62  930  857  0.0066  0.0038  0.0019
   63  919  857  0.0066  0.0038  0.0019
   64  920  857  0.0066  0.0038  0.0019
   65  921  857  0.0066  0.0038  0.0019
   66  922  857  0.0066  0.0038  0.0019
   67  923  857  0.0066  0.0038  0.0019
   68  924  857  0.0066  0.0038  0.0019
   69  925  857  0.0066  0.0038  0.0019
   70  902  858  0.0066  0.0038  0.0019
   71  905  858  0.0066  0.0038  0.0019
   72  904  858  0.0066  0.0038  0.0019
   73  903  858  0.0066  0.0038  0.0019
   74  900  858  0.0066  0.0038  0.0019

    1  883  872  0.0065  0.0038  0.0019
    2  884  872  0.0065  0.0038  0.0019
    3  885  872  0.0065  0.0038  0.0019
    4  882  872  0.0065  0.0038  0.0019
    5  886  873  0.0066  0.0038  0.0019
    6  887  873  0.0065  0.0038  0.0019
    7  888  873  0.0065  0.0038  0.0019
    8  889  873  0.0066  0.0038  0.0019
    9  890  873  0.0066  0.0038  0.0019
   10  891  873  0.0066  0.0038  0.0019
   11  892  873  0.0066  0.0038  0.0019
   12  893  873  0.0066  0.0038  0.0019
   13  894  873  0.0066  0.0038  0.0019
   14  895  873  0.0066  0.0038  0.0019
   15  896  873  0.0066  0.0038  0.0019
   16  897  873  0.0066  0.0038  0.0019
   17  920  873  0.0066  0.0038  0.0020
   18  921  873  0.0066  0.0038  0.0020
   19  922  873  0.0066  0.0038  0.0020
   20  923  873  0.0066  0.0038  0.0020
   21  924  873  0.0066  0.0038  0.0020
   22  925  873  0.0066  0.0038  0.0020
   23  926  873  0.0066  0.0038  0.0020
   24  927  873  0.0066  0.0038  0.0020
   25  928  873  0.0066  0.0038  0.0020
   26  929  873  0.0066  0.0038  0.0019
   27  931  873  0.0066  0.0038  0.0020
   28  932  873  0.0066  0.0038  0.0020
   29  933  873  0.0066  0.0038  0.0020
   30  934  873  0.0066  0.0038  0.0020
   31  935  873  0.0066  0.0038  0.0020
   32  952  873  0.0066  0.0038  0.0019
   33  951  873  0.0066  0.0038  0.0020
   34  950  873  0.0066  0.0038  0.0020
   35  949  873  0.0066  0.0038  0.0020
   36  948  873  0.0066  0.0038  0.0020
   37  953  873  0.0066  0.0038  0.0019
   38  941  874  0.0066  0.0038  0.0019
   39  942  874  0.0066  0.0038  0.0019
   40  943  874  0.0066  0.0038  0.0020
   41  944  874  0.0066  0.0038  0.0020
   42  939  874  0.0066  0.0038  0.0020
   43  938  874  0.0066  0.0038  0.0020
   44  937  874  0.0066  0.0038  0.0020
   45  936  874  0.0066  0.0038  0.0020
   46  935  874  0.0066  0.0038  0.0020
   47  940  874  0.0066  0.0038  0.0020
   48  953  874  0.0066  0.0038  0.0019
   49  954  874  0.0066  0.0038  0.0019
   50  955  874  0.0066  0.0038  0.0019
   51  957  875  0.0066  0.0038  0.0020
   52  958  875  0.0066  0.0038  0.0020
   53  959  875  0.0066  0.0038  0.0019
   54  956  875  0.0066  0.0038  0.0019
   55  961  876  0.0066  0.0038  0.0020
   56  962  876  0.0066  0.0038  0.0020
   57  963  876  0.0066  0.0038  0.0019
   58  964  876  0.0066  0.0038  0.0020
   59  965  876  0.0066  0.0038  0.0019
   60  966  876  0.0066  0.0038  0.0019
   61  967  876  0.0066  0.0038  0.0019
   62  974  876  0.0066  0.0038  0.0020
   63  969  877  0.0066  0.0038  0.0020
   64  970  877  0.0066  0.0038  0.0020
   65  972  877  0.0066  0.0038  0.0020
   66  973  877  0.0066  0.0038  0.0020
   67  974  877  0.0066  0.0038  0.0020
   68  968  877  0.0066  0.0038  0.0020
   69  967  877  0.0066  0.0038  0.0020

     1  1010  908  0.0066  0.0037  0.0020
     2  1009  908  0.0066  0.0037  0.0020
     3  1011  909  0.0066  0.0037  0.0020
     4  1010  909  0.0066  0.0037  0.0020
     5   983  909  0.0066  0.0037  0.0020
     6   982  909  0.0066  0.0037  0.0020
     7   981  909  0.0066  0.0037  0.0020
     8  1008  909  0.0066  0.0037  0.0020
     9  1007  909  0.0066  0.0037  0.0020
    10  1006  909  0.0066  0.0037  0.0020
    11  1005  909  0.0066  0.0037  0.0020
    12   990  909  0.0066  0.0037  0.0020
    13   991  909  0.0066  0.0037  0.0020
    14   992  909  0.0066  0.0037  0.0020
    15   993  909  0.0066  0.0037  0.0020
    16   994  909  0.0066  0.0037  0.0020
    17   995  909  0.0066  0.0037  0.0020
    18   996  909  0.0066  0.0037  0.0020
    19   997  909  0.0066  0.0037  0.0020
    20   998  909  0.0066  0.0037  0.0020
    21   999  909  0.0066  0.0037  0.0020
    22  1000  909  0.0066  0.0037  0.0020
    23  1001  909  0.0066  0.0037  0.0020
    24  1002  909  0.0066  0.0037  0.0020
    25  1003  909  0.0066  0.0037  0.0020
    26  1004  909  0.0066  0.0037  0.0020
    27   990  910  0.0066  0.0037  0.0020
    28   989  910  0.0066  0.0037  0.0020
    29   988  910  0.0066  0.0037  0.0020
    30   987  910  0.0066  0.0037  0.0020
    31   986  910  0.0066  0.0037  0.0020
    32   985  910  0.0066  0.0037  0.0020
    33   984  910  0.0066  0.0037  0.0020
    34   983  910  0.0066  0.0037  0.0020
    35  1011  910  0.0066  0.0037  0.0020
    36  1012  910  0.0066  0.0037  0.0020
    37  1013  910  0.0066  0.0037  0.0020
    38  1013  911  0.0066  0.0037  0.0020
    39  1014  911  0.0066  0.0037  0.0020
    40  1015  911  0.0066  0.0037  0.0020
    41  1016  912  0.0066  0.0037  0.0020
    42  1015  912  0.0066  0.0037  0.0020
    43  1017  913  0.0066  0.0037  0.0020
    44  1018  913  0.0066  0.0037  0.0020
    45  1019  913  0.0066  0.0037  0.0020
    46  1020  914  0.0066  0.0037  0.0020
    47  1021  914  0.0066  0.0037  0.0020
    48  1022  914  0.0066  0.0037  0.0020
    49  1019  914  0.0066  0.0037  0.0020
    50  1022  915  0.0066  0.0037  0.0020
    51  1023  915  0.0066  0.0037  0.0020
    52  1024  915  0.0066  0.0037  0.0020
    53  1025  915  0.0066  0.0037  0.0020
    54  1026  915  0.0066  0.0037  0.0020
    55  1027  915  0.0066  0.0037  0.0020
    56  1028  915  0.0066  0.0037  0.0020
    57  1029  915  0.0066  0.0037  0.0020
    58  1030  915  0.0066  0.0037  0.0020
    59  1031  915  0.0066  0.0037  0.0020
    60  1032  915  0.0066  0.0037  0.0020
    61  1033  915  0.0066  0.0037  0.0020
    62  1039  915  0.0066  0.0037  0.0020
    63  1035  916  0.0066  0.0037  0.0020
    64  1036  916  0.0066  0.0037  0.0020
    65  1037  916  0.0066  0.0037  0.0020
    66  1038  916  0.0066  0.0037  0.0020
    67  1039  916  0.0066  0.0037  0.0020
    68  1033  916  0.0066  0.0037  0.0020
    69  1040  916  0.0066  0.0037  0.0020
    70  1034  916  0.0066  0.0037  0.0020
    71  1041  917  0.0066  0.0037  0.0020
    72  1042  917  0.0066  0.0037  0.0020
    73  1043  917  0.0066  0.0037  0.0020
    74  1044  918  0.0066  0.0037  0.0020
    75  1045  918  0.0066  0.0037  0.0020
    76  1046  918  0.0066  0.0037  0.0020
    77  1047  918  0.0066  0.0037  0.0020
    78  1048  918  0.0066  0.0037  0.0020
    79  1043  918  0.0066  0.0037  0.0020
    80  1048  919  0.0066  0.0037  0.0020
    81  1049  919  0.0066  0.0037  0.0020
    82  1050  919  0.0066  0.0037  0.0020
    83  1051  919  0.0066  0.0037  0.0020
    84  1073  919  0.0066  0.0037  0.0020
    85  1072  919  0.0066  0.0037  0.0020
    86  1074  919  0.0066  0.0037  0.0020
    87  1071  919  0.0066  0.0037  0.0020
    88  1070  919  0.0066  0.0037  0.0020
    89  1053  920  0.0066  0.0037  0.0020
    90  1070  920  0.0066  0.0037  0.0020
    91  1054  920  0.0066  0.0037  0.0020
    92  1052  920  0.0066  0.0037  0.0020
    93  1051  920  0.0066  0.0037  0.0020
    94  1069  920  0.0066  0.0037  0.0020
    95  1054  921  0.0066  0.0037  0.0020
    96  1056  921  0.0066  0.0037  0.0020
    97  1057  921  0.0066  0.0037  0.0020
    98  1058  921  0.0066  0.0037  0.0020
    99  1055  921  0.0066  0.0037  0.0020
   100  1068  921  0.0066  0.0037  0.0020
   101  1067  921  0.0066  0.0037  0.0020
   102  1064  922  0.0066  0.0037  0.0020
   103  1062  922  0.0066  0.0037  0.0020
   104  1061  922  0.0066  0.0037  0.0020
   105  1060  922  0.0066  0.0037  0.0020
   106  1059  922  0.0066  0.0037  0.0020
   107  1058  922  0.0066  0.0037  0.0020
   108  1065  922  0.0066  0.0037  0.0020
   109  1066  922  0.0066  0.0037  0.0020

     1  1106  1008  0.0066  0.0037  0.0020
     2  1107  1008  0.0066  0.0037  0.0020
     3  1106  1009  0.0066  0.0037  0.0020
     4  1105  1009  0.0066  0.0037  0.0020
     5  1104  1009  0.0066  0.0037  0.0020
     6  1103  1010  0.0066  0.0037  0.0020
     7  1104  1010  0.0066  0.0037  0.0020
     8  1101  1011  0.0066  0.0037  0.0020
     9  1103  1011  0.0066  0.0037  0.0020
    10  1101  1012  0.0066  0.0037  0.0020
    11  1100  1012  0.0066  0.0037  0.0020
    12  1099  1012  0.0066  0.0037  0.0020
    13  1098  1012  0.0066  0.0037  0.0020
    14  1097  1012  0.0066  0.0037  0.0020
    15  1094  1013  0.0066  0.0037  0.0020
    16  1094  1014  0.0066  0.0037  0.0020
    17  1065  1014  0.0066  0.0037  0.0020
    18  1064  1014  0.0066  0.0037  0.0020
    19  1063  1014  0.0066  0.0037  0.0020
    20  1062  1014  0.0066  0.0037  0.0020
    21  1066  1014  0.0066  0.0037  0.0020
    22  1061  1014  0.0066  0.0037  0.0020
    23  1057  1015  0.0066  0.0037  0.0020
    24  1092  1015  0.0066  0.0037  0.0020
    25  1093  1015  0.0066  0.0037  0.0020
    26  1060  1015  0.0066  0.0037  0.0020
    27  1059  1015  0.0066  0.0037  0.0020
    28  1067  1015  0.0066  0.0037  0.0020
    29  1068  1015  0.0066  0.0037  0.0020
    30  1058  1015  0.0066  0.0037  0.0020
    31  1069  1015  0.0066  0.0037  0.0020
    32  1076  1015  0.0066  0.0037  0.0020
    33  1075  1015  0.0066  0.0037  0.0020
    34  1074  1015  0.0066  0.0037  0.0020
    35  1073  1015  0.0066  0.0037  0.0020
    36  1072  1015  0.0066  0.0037  0.0020
    37  1071  1015  0.0066  0.0037  0.0020
    38  1070  1015  0.0066  0.0037  0.0020
    39  1076  1016  0.0066  0.0037  0.0020
    40  1080  1016  0.0066  0.0037  0.0020
    41  1081  1016  0.0066  0.0037  0.0020
    42  1082  1016  0.0066  0.0037  0.0020
    43  1083  1016  0.0066  0.0037  0.0020
    44  1084  1016  0.0066  0.0037  0.0020
    45  1085  1016  0.0066  0.0037  0.0020
    46  1086  1016  0.0066  0.0037  0.0020
    47  1087  1016  0.0066  0.0037  0.0020
    48  1088  1016  0.0066  0.0037  0.0020
    49  1089  1016  0.0066  0.0037  0.0020
    50  1049  1016  0.0065  0.0037  0.0020
    51  1050  1016  0.0065  0.0037  0.0020
    52  1051  1016  0.0065  0.0037  0.0020
    53  1052  1016  0.0065  0.0037  0.0020
    54  1053  1016  0.0065  0.0037  0.0020
    55  1054  1016  0.0065  0.0037  0.0020
    56  1055  1016  0.0066  0.0037  0.0020
    57  1056  1016  0.0066  0.0037  0.0020
    58  1090  1016  0.0066  0.0037  0.0020
    59  1078  1016  0.0066  0.0037  0.0020
    60  1048  1017  0.0065  0.0037  0.0020
    61  1047  1017  0.0065  0.0037  0.0020
    62  1046  1017  0.0065  0.0037  0.0020
    63  1045  1017  0.0065  0.0037  0.0020
    64  1049  1017  0.0065  0.0037  0.0020
    65  1043  1018  0.0065  0.0037  0.0020
    66  1041  1018  0.0065  0.0037  0.0020
    67  1044  1018  0.0065  0.0037  0.0020
    68  1041  1019  0.0065  0.0037  0.0020
    69  1040  1019  0.0065  0.0037  0.0020
    70  1038  1020  0.0065  0.0037  0.0020
    71  1037  1020  0.0065  0.0037  0.0020
    72  1039  1020  0.0065  0.0037  0.0020
    73  1036  1021  0.0065  0.0037  0.0020
    74  1034  1022  0.0065  0.0037  0.0020
    75  1033  1022  0.0065  0.0037  0.0020
    76  1035  1022  0.0065  0.0037  0.0020
    77  1033  1023  0.0065  0.0037  0.0020
    78  1032  1023  0.0065  0.0037  0.0020
    79  1031  1023  0.0065  0.0037  0.0020
    80  1030  1023  0.0065  0.0037  0.0020
    81  1001  1023  0.0065  0.0037  0.0020
    82  1002  1023  0.0065  0.0037  0.0020
    83  1003  1023  0.0065  0.0037  0.0020
    84  1000  1023  0.0065  0.0037  0.0020
    85  1004  1023  0.0065  0.0037  0.0020
    86  1005  1023  0.0065  0.0037  0.0020
    87  1006  1023  0.0065  0.0037  0.0020
    88  1007  1023  0.0065  0.0037  0.0020
    89  1008  1023  0.0065  0.0037  0.0020
    90  1019  1023  0.0065  0.0037  0.0020
    91  1018  1023  0.0065  0.0037  0.0020
    92  1017  1023  0.0065  0.0037  0.0020
    93  1016  1023  0.0065  0.0037  0.0020
    94  1015  1023  0.0065  0.0037  0.0020
    95  1013  1023  0.0065  0.0037  0.0020
    96  1012  1023  0.0065  0.0037  0.0020
    97  1011  1023  0.0065  0.0037  0.0020
    98  1010  1023  0.0065  0.0037  0.0020
    99  1009  1023  0.0065  0.0037  0.0020
   100  1020  1024  0.0065  0.0037  0.0020
   101  1021  1024  0.0065  0.0037  0.0020
   102  1022  1024  0.0065  0.0037  0.0020
   103  1024  1024  0.0065  0.0037  0.0020
   104  1025  1024  0.0065  0.0037  0.0020
   105  1027  1024  0.0065  0.0037  0.0020
   106  1028  1024  0.0065  0.0037  0.0020
   107  1029  1024  0.0065  0.0037  0.0020
   108  1026  1024  0.0065  0.0037  0.0020
