; ENVI Output of ROIs (5.4) [Tue Aug 13 13:13:45 2019]
; Number of ROIs: 10
; File Dimension: 1328 x 1184
;
; ROI name: Region #1
; ROI rgb value: {255, 0, 0}
; ROI npts: 213
;
; ROI name: Region #2
; ROI rgb value: {0, 255, 0}
; ROI npts: 216
;
; ROI name: Region #3
; ROI rgb value: {0, 0, 255}
; ROI npts: 190
;
; ROI name: Region #4
; ROI rgb value: {255, 255, 0}
; ROI npts: 206
;
; ROI name: Region #5
; ROI rgb value: {0, 255, 255}
; ROI npts: 207
;
; ROI name: Region #6
; ROI rgb value: {255, 0, 255}
; ROI npts: 168
;
; ROI name: Region #7
; ROI rgb value: {176, 48, 96}
; ROI npts: 169
;
; ROI name: Region #8
; ROI rgb value: {46, 139, 87}
; ROI npts: 149
;
; ROI name: Region #9
; ROI rgb value: {160, 32, 240}
; ROI npts: 149
;
; ROI name: Region #10
; ROI rgb value: {255, 127, 80}
; ROI npts: 348
;   ID    X   Y      B1      B2      B3
     1  222  57  0.0033  0.0020  0.0016
     2  220  58  0.0032  0.0020  0.0016
     3  221  58  0.0032  0.0020  0.0016
     4  218  59  0.0032  0.0020  0.0016
     5  219  59  0.0032  0.0020  0.0016
     6  216  60  0.0032  0.0020  0.0016
     7  217  60  0.0032  0.0020  0.0016
     8  215  61  0.0032  0.0020  0.0016
     9  214  61  0.0032  0.0020  0.0015
    10  212  62  0.0032  0.0020  0.0015
    11  213  62  0.0032  0.0020  0.0015
    12  210  63  0.0032  0.0020  0.0015
    13  211  63  0.0032  0.0020  0.0015
    14  208  64  0.0032  0.0020  0.0015
    15  207  64  0.0032  0.0020  0.0015
    16  206  64  0.0032  0.0020  0.0015
    17  209  64  0.0032  0.0020  0.0015
    18  205  65  0.0032  0.0020  0.0015
    19  204  65  0.0032  0.0020  0.0015
    20  203  65  0.0032  0.0020  0.0015
    21  202  65  0.0032  0.0020  0.0015
    22  201  65  0.0032  0.0020  0.0015
    23  200  65  0.0032  0.0020  0.0015
    24  198  66  0.0032  0.0020  0.0015
    25  197  66  0.0032  0.0020  0.0015
    26  196  66  0.0032  0.0020  0.0015
    27  195  66  0.0032  0.0020  0.0015
    28  194  66  0.0032  0.0020  0.0015
    29  193  66  0.0032  0.0020  0.0015
    30  199  66  0.0032  0.0020  0.0015
    31  192  67  0.0032  0.0020  0.0015
    32  191  67  0.0032  0.0020  0.0015
    33  190  67  0.0032  0.0020  0.0015
    34  189  67  0.0032  0.0020  0.0015
    35  188  67  0.0032  0.0020  0.0015
    36  187  67  0.0032  0.0020  0.0015
    37  185  68  0.0032  0.0020  0.0015
    38  184  68  0.0032  0.0020  0.0015
    39  183  68  0.0032  0.0020  0.0015
    40  182  68  0.0032  0.0020  0.0015
    41  181  68  0.0032  0.0020  0.0015
    42  186  68  0.0032  0.0020  0.0015
    43  180  69  0.0032  0.0020  0.0015
    44  179  69  0.0032  0.0020  0.0015
    45  178  69  0.0032  0.0020  0.0015
    46  177  69  0.0032  0.0020  0.0015
    47  176  69  0.0032  0.0020  0.0015
    48  175  69  0.0032  0.0020  0.0015
    49  173  70  0.0032  0.0020  0.0015
    50  172  70  0.0032  0.0020  0.0015
    51  171  70  0.0032  0.0020  0.0015
    52  170  70  0.0032  0.0020  0.0015
    53  169  70  0.0032  0.0020  0.0015
    54  174  70  0.0032  0.0020  0.0015
    55  168  71  0.0032  0.0020  0.0015
    56  167  71  0.0032  0.0020  0.0015
    57  166  71  0.0032  0.0020  0.0015
    58  165  71  0.0032  0.0020  0.0015
    59  164  71  0.0032  0.0020  0.0015
    60  162  72  0.0032  0.0020  0.0015
    61  161  72  0.0032  0.0020  0.0015
    62  160  72  0.0032  0.0020  0.0015
    63  159  72  0.0032  0.0020  0.0015
    64  158  72  0.0032  0.0020  0.0015
    65  163  72  0.0032  0.0020  0.0015
    66  157  73  0.0032  0.0020  0.0015
    67  156  73  0.0032  0.0020  0.0015
    68  155  73  0.0032  0.0020  0.0015
    69  154  73  0.0032  0.0020  0.0015
    70  153  73  0.0032  0.0020  0.0015
    71  152  73  0.0032  0.0020  0.0015
    72  151  74  0.0032  0.0020  0.0015
    73  150  74  0.0032  0.0020  0.0015
    74  149  74  0.0032  0.0020  0.0015
    75  148  74  0.0032  0.0020  0.0015
    76  147  74  0.0032  0.0020  0.0015
    77  146  74  0.0032  0.0020  0.0015
    78  144  75  0.0032  0.0020  0.0015
    79  143  75  0.0032  0.0020  0.0015
    80  142  75  0.0032  0.0020  0.0015
    81  145  75  0.0032  0.0020  0.0015
    82  141  76  0.0032  0.0020  0.0015
    83  140  76  0.0032  0.0020  0.0015
    84  139  76  0.0032  0.0020  0.0015
    85  138  76  0.0032  0.0020  0.0015
    86  136  77  0.0032  0.0020  0.0015
    87  135  77  0.0032  0.0020  0.0015
    88  134  77  0.0032  0.0020  0.0015
    89  137  77  0.0032  0.0020  0.0015
    90  132  78  0.0032  0.0020  0.0015
    91  131  78  0.0032  0.0020  0.0015
    92  130  78  0.0032  0.0020  0.0015
    93  133  78  0.0032  0.0020  0.0015
    94  129  79  0.0032  0.0020  0.0015
    95  128  79  0.0032  0.0020  0.0015
    96  127  79  0.0032  0.0020  0.0015
    97  126  79  0.0032  0.0020  0.0015
    98  125  79  0.0032  0.0020  0.0015
    99  124  79  0.0032  0.0020  0.0015
   100  123  79  0.0032  0.0020  0.0015
   101  122  79  0.0032  0.0020  0.0015
   102  121  79  0.0032  0.0020  0.0015
   103  120  79  0.0032  0.0020  0.0015
   104  119  79  0.0032  0.0020  0.0015
   105  118  79  0.0032  0.0020  0.0015
   106  117  79  0.0032  0.0020  0.0015
   107  116  79  0.0032  0.0020  0.0015
   108  115  79  0.0032  0.0020  0.0015
   109  114  79  0.0032  0.0020  0.0015
   110  113  79  0.0032  0.0020  0.0015
   119   19  79  0.0032  0.0020  0.0015
   120   20  79  0.0032  0.0020  0.0015
   121   21  79  0.0032  0.0020  0.0015
   122   22  79  0.0031  0.0020  0.0015
   123   23  79  0.0032  0.0020  0.0015
   124   24  79  0.0031  0.0020  0.0015
   125   25  79  0.0032  0.0020  0.0015
   126   26  79  0.0031  0.0020  0.0015
   127   27  79  0.0032  0.0020  0.0015
   128   28  79  0.0032  0.0020  0.0015
   129   29  79  0.0032  0.0020  0.0015
   130   30  79  0.0032  0.0020  0.0015
   131   31  79  0.0032  0.0020  0.0015
   132   32  79  0.0032  0.0020  0.0015
   133   33  79  0.0032  0.0020  0.0015
   134   34  79  0.0031  0.0020  0.0015
   135   35  79  0.0032  0.0020  0.0015
   136   36  79  0.0032  0.0020  0.0015
   138   85  80  0.0032  0.0020  0.0015
   139   84  80  0.0032  0.0020  0.0015
   140   83  80  0.0032  0.0020  0.0015
   141   82  80  0.0032  0.0020  0.0015
   142   81  80  0.0032  0.0020  0.0015
   143   80  80  0.0032  0.0020  0.0015
   144   79  80  0.0032  0.0020  0.0015
   145   78  80  0.0032  0.0020  0.0015
   146  112  80  0.0032  0.0020  0.0015
   147  111  80  0.0032  0.0020  0.0015
   148  110  80  0.0032  0.0020  0.0015
   149  109  80  0.0032  0.0020  0.0015
   150  108  80  0.0032  0.0020  0.0015
   151  107  80  0.0032  0.0020  0.0015
   152  106  80  0.0032  0.0020  0.0015
   153  105  80  0.0032  0.0020  0.0015
   154  104  80  0.0032  0.0020  0.0015
   155  103  80  0.0032  0.0020  0.0015
   156  102  80  0.0032  0.0020  0.0015
   157  101  80  0.0032  0.0020  0.0015
   158  100  80  0.0032  0.0020  0.0015
   159   99  80  0.0032  0.0020  0.0015
   160   98  80  0.0032  0.0020  0.0015
   161   97  80  0.0032  0.0020  0.0015
   162   96  80  0.0032  0.0020  0.0015
   163   95  80  0.0032  0.0020  0.0015
   164   94  80  0.0032  0.0020  0.0015
   165   93  80  0.0032  0.0020  0.0015
   166   92  80  0.0032  0.0020  0.0015
   167   91  80  0.0032  0.0020  0.0015
   168   90  80  0.0032  0.0020  0.0015
   169   89  80  0.0032  0.0020  0.0015
   170   88  80  0.0032  0.0020  0.0015
   171   87  80  0.0032  0.0020  0.0015
   172   37  80  0.0031  0.0020  0.0015
   173   50  80  0.0032  0.0020  0.0015
   174   49  80  0.0032  0.0020  0.0015
   175   48  80  0.0032  0.0020  0.0015
   176   47  80  0.0032  0.0020  0.0015
   177   46  80  0.0032  0.0020  0.0015
   178   45  80  0.0032  0.0020  0.0015
   179   44  80  0.0032  0.0020  0.0015
   180   43  80  0.0032  0.0020  0.0015
   181   42  80  0.0032  0.0020  0.0015
   182   41  80  0.0032  0.0020  0.0015
   183   40  80  0.0032  0.0020  0.0015
   184   39  80  0.0032  0.0020  0.0015
   185   38  80  0.0032  0.0020  0.0015
   186   86  80  0.0032  0.0020  0.0015
   187   52  81  0.0032  0.0020  0.0015
   188   53  81  0.0032  0.0020  0.0015
   189   54  81  0.0032  0.0020  0.0015
   190   55  81  0.0032  0.0020  0.0015
   191   56  81  0.0032  0.0020  0.0015
   192   57  81  0.0032  0.0020  0.0015
   193   58  81  0.0032  0.0020  0.0015
   194   59  81  0.0032  0.0020  0.0015
   195   60  81  0.0032  0.0020  0.0015
   196   61  81  0.0032  0.0020  0.0015
   197   62  81  0.0032  0.0020  0.0015
   198   63  81  0.0032  0.0020  0.0015
   199   64  81  0.0032  0.0020  0.0015
   200   65  81  0.0032  0.0020  0.0015
   201   66  81  0.0032  0.0020  0.0015
   202   67  81  0.0032  0.0020  0.0015
   203   68  81  0.0032  0.0020  0.0015
   204   69  81  0.0032  0.0020  0.0015
   205   70  81  0.0032  0.0020  0.0015
   206   71  81  0.0032  0.0020  0.0015
   207   72  81  0.0032  0.0020  0.0015
   208   73  81  0.0032  0.0020  0.0015
   209   74  81  0.0032  0.0020  0.0015
   210   75  81  0.0032  0.0020  0.0015
   211   76  81  0.0032  0.0020  0.0015
   212   77  81  0.0032  0.0020  0.0015
   213   51  81  0.0032  0.0020  0.0015

     1  218  72  0.0032  0.0020  0.0016
     2  219  72  0.0032  0.0020  0.0016
     3  216  73  0.0032  0.0020  0.0016
     4  217  73  0.0032  0.0020  0.0016
     5  214  74  0.0032  0.0020  0.0016
     6  215  74  0.0032  0.0020  0.0016
     7  212  75  0.0032  0.0020  0.0016
     8  213  75  0.0032  0.0020  0.0016
     9  211  76  0.0032  0.0020  0.0016
    10  209  76  0.0032  0.0020  0.0016
    11  210  76  0.0032  0.0020  0.0016
    12  208  77  0.0032  0.0020  0.0016
    13  207  77  0.0032  0.0020  0.0016
    14  206  78  0.0032  0.0020  0.0016
    15  205  78  0.0032  0.0020  0.0016
    16  204  79  0.0032  0.0020  0.0016
    17  202  79  0.0032  0.0020  0.0016
    18  201  79  0.0032  0.0020  0.0016
    19  203  79  0.0032  0.0020  0.0016
    20  199  80  0.0032  0.0020  0.0016
    21  197  80  0.0032  0.0020  0.0016
    22  198  80  0.0032  0.0020  0.0016
    23  200  80  0.0032  0.0020  0.0016
    24  196  81  0.0032  0.0020  0.0016
    25  195  81  0.0032  0.0020  0.0016
    26  193  81  0.0032  0.0020  0.0016
    27  192  81  0.0032  0.0020  0.0016
    28  194  81  0.0032  0.0020  0.0016
    29  191  82  0.0032  0.0020  0.0016
    30  190  82  0.0032  0.0020  0.0015
    31  189  82  0.0032  0.0020  0.0015
    32  188  82  0.0032  0.0020  0.0015
    33  183  83  0.0032  0.0020  0.0015
    34  187  83  0.0032  0.0020  0.0015
    35  186  83  0.0032  0.0020  0.0015
    36  185  83  0.0032  0.0020  0.0015
    37  184  83  0.0032  0.0020  0.0015
    38  182  84  0.0032  0.0020  0.0015
    39  181  84  0.0032  0.0020  0.0015
    40  180  84  0.0032  0.0020  0.0015
    41  179  84  0.0032  0.0020  0.0015
    42  178  84  0.0032  0.0020  0.0015
    43  174  85  0.0032  0.0020  0.0015
    44  177  85  0.0032  0.0020  0.0016
    45  176  85  0.0032  0.0020  0.0015
    46  175  85  0.0032  0.0020  0.0015
    47  170  86  0.0032  0.0020  0.0015
    48  169  86  0.0032  0.0020  0.0015
    49  168  86  0.0032  0.0020  0.0015
    50  167  86  0.0032  0.0020  0.0015
    51  166  86  0.0032  0.0020  0.0015
    52  171  86  0.0032  0.0020  0.0015
    53  173  86  0.0032  0.0020  0.0015
    54  172  86  0.0032  0.0020  0.0015
    55  161  87  0.0032  0.0020  0.0015
    56  160  87  0.0032  0.0020  0.0015
    57  159  87  0.0032  0.0020  0.0015
    59  157  87  0.0032  0.0020  0.0015
    60  156  87  0.0032  0.0020  0.0015
    61  155  87  0.0032  0.0020  0.0015
    62  154  87  0.0032  0.0020  0.0015
    63  163  87  0.0032  0.0020  0.0015
    64  164  87  0.0032  0.0020  0.0015
    65  165  87  0.0032  0.0020  0.0015
    66  162  87  0.0032  0.0020  0.0015
    67  149  88  0.0032  0.0020  0.0015
    68  148  88  0.0032  0.0020  0.0015
    69  147  88  0.0032  0.0020  0.0015
    70  146  88  0.0032  0.0020  0.0015
    71  150  88  0.0032  0.0020  0.0015
    72  152  88  0.0032  0.0020  0.0015
    73  153  88  0.0032  0.0020  0.0015
    74  151  88  0.0032  0.0020  0.0015
    75  140  89  0.0032  0.0020  0.0015
    76  145  89  0.0032  0.0020  0.0015
    77  143  89  0.0032  0.0020  0.0015
    78  144  89  0.0032  0.0020  0.0015
    79  142  89  0.0032  0.0020  0.0015
    80  141  89  0.0032  0.0020  0.0015
    81  135  90  0.0032  0.0020  0.0015
    82  137  90  0.0032  0.0020  0.0015
    83  138  90  0.0032  0.0020  0.0015
    84  139  90  0.0032  0.0020  0.0015
    85  136  90  0.0032  0.0020  0.0015
    86  134  90  0.0032  0.0020  0.0015
    87  133  91  0.0032  0.0020  0.0015
    88  131  91  0.0032  0.0020  0.0015
    89  130  91  0.0032  0.0020  0.0015
    90  129  91  0.0032  0.0020  0.0015
    91  132  91  0.0032  0.0020  0.0015
    92  128  92  0.0032  0.0020  0.0015
    93  126  92  0.0032  0.0020  0.0015
    94  125  92  0.0032  0.0020  0.0015
    95  124  92  0.0032  0.0020  0.0015
    96  123  92  0.0032  0.0020  0.0015
    97  127  92  0.0032  0.0020  0.0015
    98   39  93  0.0031  0.0020  0.0015
    99   38  93  0.0031  0.0020  0.0015
   100   37  93  0.0031  0.0020  0.0015
   101   36  93  0.0031  0.0020  0.0015
   102   35  93  0.0031  0.0020  0.0015
   103   34  93  0.0032  0.0020  0.0015
   104   33  93  0.0032  0.0020  0.0015
   105   32  93  0.0032  0.0020  0.0015
   106   31  93  0.0032  0.0020  0.0015
   107   30  93  0.0031  0.0020  0.0015
   108   40  93  0.0032  0.0020  0.0015
   109   21  93  0.0031  0.0020  0.0015
   110   29  93  0.0031  0.0020  0.0015
   111   28  93  0.0031  0.0020  0.0015
   112   27  93  0.0031  0.0020  0.0015
   113   26  93  0.0032  0.0020  0.0015
   114  117  93  0.0032  0.0020  0.0015
   115  118  93  0.0032  0.0020  0.0015
   116  119  93  0.0032  0.0020  0.0015
   117  120  93  0.0032  0.0020  0.0015
   118  121  93  0.0032  0.0020  0.0015
   119  122  93  0.0032  0.0020  0.0015
   120   41  93  0.0032  0.0020  0.0015
   121   42  93  0.0032  0.0020  0.0015
   122   43  93  0.0032  0.0020  0.0015
   123   44  93  0.0032  0.0020  0.0015
   124   46  93  0.0032  0.0020  0.0015
   125   45  93  0.0032  0.0020  0.0015
   126   47  93  0.0032  0.0020  0.0015
   127   48  93  0.0032  0.0020  0.0015
   128   49  93  0.0032  0.0020  0.0015
   129   22  93  0.0031  0.0020  0.0015
   130   50  93  0.0032  0.0020  0.0015
   131   25  93  0.0031  0.0020  0.0015
   132   24  93  0.0031  0.0020  0.0015
   133   23  93  0.0031  0.0020  0.0015
   134  116  94  0.0032  0.0020  0.0015
   135  115  94  0.0032  0.0020  0.0015
   136  114  94  0.0032  0.0020  0.0015
   137  113  94  0.0032  0.0020  0.0015
   138  110  94  0.0032  0.0020  0.0015
   140  108  94  0.0032  0.0020  0.0015
   141  107  94  0.0032  0.0020  0.0015
   142  106  94  0.0032  0.0020  0.0015
   143  105  94  0.0032  0.0020  0.0015
   144  104  94  0.0032  0.0020  0.0015
   145  103  94  0.0032  0.0020  0.0015
   146  102  94  0.0032  0.0020  0.0015
   147  101  94  0.0032  0.0020  0.0015
   148  100  94  0.0032  0.0020  0.0015
   149   99  94  0.0032  0.0020  0.0015
   150   98  94  0.0032  0.0020  0.0015
   151   97  94  0.0032  0.0020  0.0015
   152   96  94  0.0032  0.0020  0.0015
   153   95  94  0.0032  0.0020  0.0015
   154   94  94  0.0032  0.0020  0.0015
   155   93  94  0.0032  0.0020  0.0015
   156   92  94  0.0032  0.0020  0.0015
   157   91  94  0.0032  0.0020  0.0015
   158   90  94  0.0032  0.0020  0.0015
   159   89  94  0.0032  0.0020  0.0015
   160   88  94  0.0032  0.0020  0.0015
   161   87  94  0.0032  0.0020  0.0015
   162   86  94  0.0032  0.0020  0.0015
   163   85  94  0.0032  0.0020  0.0015
   164   84  94  0.0032  0.0020  0.0015
   165   83  94  0.0032  0.0020  0.0015
   166   82  94  0.0032  0.0020  0.0015
   167   81  94  0.0032  0.0020  0.0015
   168   80  94  0.0032  0.0020  0.0015
   169   79  94  0.0032  0.0020  0.0015
   170   78  94  0.0032  0.0020  0.0015
   171   77  94  0.0032  0.0020  0.0015
   172   76  94  0.0032  0.0020  0.0015
   173   75  94  0.0032  0.0020  0.0015
   174   74  94  0.0032  0.0020  0.0015
   175   73  94  0.0032  0.0020  0.0015
   176   72  94  0.0032  0.0020  0.0015
   177   71  94  0.0032  0.0020  0.0015
   178   70  94  0.0032  0.0020  0.0015
   179   69  94  0.0032  0.0020  0.0015
   180   68  94  0.0032  0.0020  0.0015
   181   67  94  0.0032  0.0020  0.0015
   182   66  94  0.0032  0.0020  0.0015
   183   65  94  0.0032  0.0020  0.0015
   184   64  94  0.0032  0.0020  0.0015
   185   63  94  0.0032  0.0020  0.0015
   186   62  94  0.0032  0.0020  0.0015
   187   61  94  0.0032  0.0020  0.0016
   188   60  94  0.0032  0.0020  0.0015
   189   59  94  0.0032  0.0020  0.0015
   190   58  94  0.0032  0.0020  0.0015
   191   57  94  0.0032  0.0020  0.0015
   192   56  94  0.0032  0.0020  0.0015
   193   55  94  0.0032  0.0020  0.0015
   194   54  94  0.0032  0.0020  0.0015
   195   53  94  0.0032  0.0020  0.0015
   196   52  94  0.0032  0.0020  0.0015
   197   51  94  0.0032  0.0020  0.0015
   198  112  94  0.0032  0.0020  0.0015
   199   20  94  0.0031  0.0020  0.0015
   201   19  94  0.0031  0.0020  0.0015
   207  111  94  0.0032  0.0020  0.0015
   210  109  94  0.0032  0.0020  0.0015

     1  192   93  0.0032  0.0020  0.0016
     2  190   93  0.0032  0.0020  0.0016
     3  189   93  0.0032  0.0020  0.0016
     4  188   93  0.0032  0.0020  0.0016
     5  191   93  0.0032  0.0020  0.0016
     6  182   94  0.0032  0.0020  0.0016
     7  183   94  0.0032  0.0020  0.0016
     8  181   94  0.0032  0.0020  0.0015
     9  185   94  0.0032  0.0020  0.0015
    10  186   94  0.0032  0.0020  0.0015
    11  187   94  0.0032  0.0020  0.0016
    12  180   94  0.0032  0.0020  0.0015
    13  179   94  0.0032  0.0020  0.0016
    14  178   94  0.0032  0.0020  0.0016
    15  184   94  0.0032  0.0020  0.0015
    16  177   95  0.0032  0.0020  0.0016
    17  176   95  0.0032  0.0020  0.0016
    18  175   95  0.0032  0.0020  0.0015
    19  174   95  0.0032  0.0020  0.0015
    20  173   95  0.0032  0.0020  0.0015
    21  172   95  0.0032  0.0020  0.0015
    22  171   95  0.0032  0.0020  0.0015
    23  170   95  0.0032  0.0020  0.0015
    24  169   95  0.0032  0.0020  0.0016
    25  168   95  0.0032  0.0020  0.0015
    26  167   95  0.0032  0.0020  0.0015
    27  166   95  0.0032  0.0020  0.0016
    28  165   96  0.0032  0.0020  0.0015
    29  164   96  0.0032  0.0020  0.0015
    30  163   96  0.0032  0.0020  0.0015
    31  162   96  0.0032  0.0020  0.0015
    32  161   96  0.0032  0.0020  0.0015
    33  160   96  0.0032  0.0020  0.0015
    34  159   96  0.0032  0.0020  0.0015
    35  158   96  0.0032  0.0020  0.0015
    36  154   96  0.0032  0.0020  0.0015
    37  155   96  0.0032  0.0020  0.0015
    38  156   96  0.0032  0.0020  0.0015
    39  157   96  0.0032  0.0020  0.0015
    40  153   97  0.0032  0.0020  0.0015
    41  152   97  0.0032  0.0020  0.0015
    42  151   97  0.0032  0.0020  0.0015
    43  150   97  0.0032  0.0020  0.0015
    44  149   97  0.0032  0.0020  0.0015
    45  148   97  0.0032  0.0020  0.0016
    46  147   97  0.0032  0.0020  0.0015
    47  146   97  0.0032  0.0020  0.0015
    48  145   97  0.0032  0.0020  0.0015
    49  144   97  0.0032  0.0020  0.0015
    50  143   97  0.0032  0.0020  0.0015
    51  142   97  0.0032  0.0020  0.0015
    52  140   98  0.0032  0.0020  0.0015
    53  139   98  0.0032  0.0020  0.0015
    54  138   98  0.0032  0.0020  0.0015
    55  133   98  0.0032  0.0020  0.0015
    56  134   98  0.0032  0.0020  0.0015
    57  135   98  0.0032  0.0020  0.0015
    58  137   98  0.0032  0.0020  0.0015
    59  141   98  0.0032  0.0020  0.0015
    60  136   98  0.0032  0.0020  0.0015
    61  130   99  0.0032  0.0020  0.0015
    62  131   99  0.0032  0.0020  0.0015
    63  132   99  0.0032  0.0020  0.0015
    64  129   99  0.0032  0.0020  0.0015
    67   41  100  0.0032  0.0020  0.0015
    68  128  100  0.0032  0.0020  0.0015
    69  127  100  0.0032  0.0020  0.0015
    70  126  100  0.0032  0.0020  0.0015
    71  125  100  0.0032  0.0020  0.0015
    72   22  100  0.0031  0.0020  0.0015
    73   23  100  0.0031  0.0020  0.0015
    74   24  100  0.0031  0.0020  0.0015
    75   25  100  0.0031  0.0020  0.0015
    76   26  100  0.0032  0.0020  0.0015
    77   27  100  0.0031  0.0020  0.0015
    78   28  100  0.0032  0.0020  0.0015
    79   29  100  0.0032  0.0020  0.0015
    80   30  100  0.0031  0.0020  0.0015
    81   31  100  0.0031  0.0020  0.0015
    82   32  100  0.0031  0.0020  0.0015
    83   33  100  0.0031  0.0020  0.0015
    84   34  100  0.0031  0.0020  0.0015
    85   35  100  0.0031  0.0020  0.0015
    86   36  100  0.0031  0.0020  0.0015
    87   37  100  0.0031  0.0020  0.0015
    88   38  100  0.0031  0.0020  0.0015
    89   39  100  0.0031  0.0020  0.0015
    90   40  100  0.0032  0.0020  0.0015
    91   42  100  0.0032  0.0020  0.0015
    92   43  100  0.0032  0.0020  0.0015
    94   44  101  0.0032  0.0020  0.0015
    95   46  101  0.0032  0.0020  0.0015
    97   47  101  0.0031  0.0020  0.0015
    98   63  101  0.0032  0.0020  0.0015
    99   48  101  0.0032  0.0020  0.0015
   100   49  101  0.0032  0.0020  0.0015
   101   50  101  0.0032  0.0020  0.0015
   102   51  101  0.0032  0.0020  0.0015
   103   52  101  0.0032  0.0020  0.0015
   104   53  101  0.0032  0.0020  0.0015
   105   54  101  0.0032  0.0020  0.0015
   106   55  101  0.0032  0.0020  0.0015
   107   56  101  0.0032  0.0020  0.0015
   108   57  101  0.0032  0.0020  0.0015
   109   58  101  0.0032  0.0020  0.0015
   110   59  101  0.0032  0.0020  0.0015
   111   60  101  0.0032  0.0020  0.0015
   112   61  101  0.0032  0.0020  0.0015
   114   62  101  0.0032  0.0020  0.0016
   118  120  101  0.0032  0.0020  0.0015
   119  121  101  0.0032  0.0020  0.0015
   120  122  101  0.0032  0.0020  0.0015
   121  123  101  0.0032  0.0020  0.0015
   122  124  101  0.0032  0.0020  0.0015
   132   64  101  0.0032  0.0020  0.0015
   133   45  101  0.0031  0.0020  0.0015
   136  119  102  0.0032  0.0020  0.0015
   137  118  102  0.0032  0.0020  0.0015
   138  117  102  0.0032  0.0020  0.0015
   139  116  102  0.0032  0.0020  0.0015
   140  115  102  0.0032  0.0020  0.0015
   141   65  102  0.0032  0.0020  0.0015
   142   66  102  0.0032  0.0020  0.0015
   143   67  102  0.0032  0.0020  0.0015
   144   68  102  0.0032  0.0020  0.0015
   145   69  102  0.0032  0.0020  0.0015
   146   70  102  0.0032  0.0020  0.0015
   147   71  102  0.0032  0.0020  0.0015
   148   72  102  0.0032  0.0020  0.0015
   149   73  102  0.0031  0.0020  0.0015
   150   74  102  0.0031  0.0020  0.0015
   151   75  102  0.0031  0.0020  0.0015
   152   76  102  0.0032  0.0020  0.0015
   153   77  102  0.0031  0.0020  0.0015
   154   78  102  0.0031  0.0020  0.0015
   155   79  102  0.0031  0.0020  0.0015
   156   80  102  0.0031  0.0020  0.0015
   157   81  102  0.0032  0.0020  0.0015
   158   82  102  0.0032  0.0020  0.0015
   159   83  102  0.0032  0.0020  0.0015
   160   84  102  0.0032  0.0020  0.0015
   161   93  102  0.0032  0.0020  0.0015
   162   92  102  0.0032  0.0020  0.0015
   163   91  102  0.0032  0.0020  0.0015
   164   90  102  0.0032  0.0020  0.0015
   165   89  102  0.0032  0.0020  0.0015
   166   88  102  0.0032  0.0020  0.0015
   167   87  102  0.0032  0.0020  0.0016
   168   86  102  0.0032  0.0020  0.0016
   169   85  102  0.0032  0.0020  0.0016
   170   94  103  0.0032  0.0020  0.0015
   171   95  103  0.0032  0.0020  0.0015
   172   96  103  0.0032  0.0020  0.0015
   173   97  103  0.0032  0.0020  0.0015
   174   99  103  0.0032  0.0020  0.0015
   175  100  103  0.0032  0.0020  0.0015
   176  101  103  0.0032  0.0020  0.0015
   177  102  103  0.0032  0.0020  0.0015
   178  103  103  0.0032  0.0020  0.0015
   179  104  103  0.0032  0.0020  0.0015
   180  105  103  0.0032  0.0020  0.0015
   181  106  103  0.0032  0.0020  0.0015
   182  107  103  0.0032  0.0020  0.0015
   183  108  103  0.0032  0.0020  0.0015
   184  109  103  0.0032  0.0020  0.0015
   185  110  103  0.0032  0.0020  0.0015
   186  111  103  0.0032  0.0020  0.0015
   187  112  103  0.0032  0.0020  0.0015
   188  113  103  0.0032  0.0020  0.0015
   189  114  103  0.0032  0.0020  0.0015
   190   98  103  0.0032  0.0020  0.0015

     1  328   90  0.0033  0.0020  0.0016
     2  328   91  0.0033  0.0020  0.0016
     3  329   92  0.0033  0.0020  0.0016
     4  329   93  0.0033  0.0020  0.0016
     5  330   94  0.0033  0.0020  0.0016
     6  330   95  0.0033  0.0019  0.0016
     7  331   96  0.0033  0.0020  0.0016
     8  332   97  0.0033  0.0020  0.0016
     9  333   98  0.0032  0.0019  0.0016
    10  334   99  0.0032  0.0020  0.0016
    11  335  100  0.0032  0.0020  0.0016
    12  337  101  0.0033  0.0019  0.0016
    13  336  101  0.0032  0.0020  0.0016
    14  338  102  0.0033  0.0020  0.0016
    15  339  102  0.0032  0.0019  0.0016
    16  340  102  0.0032  0.0019  0.0016
    17  341  102  0.0033  0.0020  0.0016
    18  342  102  0.0033  0.0019  0.0016
    19  343  103  0.0033  0.0020  0.0016
    20  344  103  0.0033  0.0020  0.0016
    21  345  103  0.0033  0.0019  0.0016
    22  346  103  0.0033  0.0020  0.0016
    23  347  103  0.0033  0.0020  0.0016
    24  348  103  0.0033  0.0020  0.0016
    25  349  103  0.0033  0.0019  0.0016
    26  350  103  0.0033  0.0019  0.0016
    27  351  103  0.0033  0.0020  0.0016
    28  352  103  0.0033  0.0019  0.0016
    29  353  103  0.0033  0.0020  0.0016
    30  354  104  0.0033  0.0020  0.0016
    31  355  104  0.0033  0.0019  0.0016
    32  356  104  0.0033  0.0020  0.0016
    33  357  104  0.0033  0.0020  0.0016
    34  358  104  0.0033  0.0020  0.0016
    35  359  104  0.0033  0.0020  0.0016
    36  360  104  0.0033  0.0020  0.0016
    37  361  104  0.0033  0.0019  0.0016
    38  362  104  0.0033  0.0019  0.0016
    39  363  104  0.0033  0.0019  0.0016
    40  364  104  0.0033  0.0019  0.0016
    41  365  104  0.0033  0.0019  0.0016
    42  366  104  0.0033  0.0019  0.0016
    43  367  104  0.0032  0.0019  0.0016
    44  368  104  0.0032  0.0019  0.0016
    45  369  104  0.0032  0.0019  0.0016
    46  371  105  0.0032  0.0019  0.0016
    47  370  105  0.0032  0.0019  0.0016
    48  373  106  0.0032  0.0019  0.0016
    49  372  106  0.0032  0.0019  0.0016
    50  375  107  0.0032  0.0019  0.0016
    51  374  107  0.0032  0.0019  0.0016
    52  377  108  0.0033  0.0019  0.0016
    53  376  108  0.0032  0.0019  0.0016
    54  378  109  0.0032  0.0019  0.0016
    55  379  110  0.0033  0.0019  0.0016
    56  381  111  0.0033  0.0019  0.0016
    57  380  111  0.0032  0.0019  0.0016
    58  383  112  0.0032  0.0019  0.0016
    59  384  112  0.0033  0.0019  0.0016
    60  385  112  0.0033  0.0019  0.0016
    61  382  112  0.0032  0.0019  0.0016
    62  386  113  0.0032  0.0019  0.0016
    63  387  113  0.0033  0.0019  0.0016
    64  388  113  0.0032  0.0019  0.0016
    65  389  113  0.0032  0.0019  0.0016
    66  390  113  0.0032  0.0019  0.0016
    67  391  113  0.0033  0.0019  0.0016
    68  392  113  0.0033  0.0019  0.0016
    69  393  113  0.0033  0.0019  0.0016
    70  394  113  0.0033  0.0019  0.0016
    71  395  114  0.0033  0.0019  0.0016
    72  396  114  0.0033  0.0019  0.0016
    73  397  114  0.0033  0.0019  0.0016
    74  398  114  0.0032  0.0019  0.0016
    75  399  114  0.0032  0.0019  0.0016
    76  400  114  0.0032  0.0019  0.0016
    77  401  114  0.0032  0.0019  0.0016
    78  403  115  0.0032  0.0019  0.0016
    79  402  115  0.0032  0.0019  0.0016
    80  405  116  0.0032  0.0019  0.0016
    81  404  116  0.0033  0.0019  0.0016
    82  406  117  0.0033  0.0019  0.0016
    83  407  117  0.0032  0.0019  0.0016
    84  408  117  0.0033  0.0019  0.0016
    85  409  117  0.0033  0.0019  0.0016
    86  410  117  0.0033  0.0019  0.0016
    87  411  117  0.0033  0.0019  0.0016
    88  412  117  0.0033  0.0019  0.0016
    89  413  117  0.0033  0.0019  0.0016
    90  414  117  0.0033  0.0019  0.0016
    91  415  117  0.0033  0.0019  0.0016
    92  416  117  0.0033  0.0019  0.0016
    93  417  117  0.0033  0.0019  0.0016
    94  418  117  0.0033  0.0019  0.0016
    95  419  117  0.0033  0.0019  0.0016
    96  420  117  0.0033  0.0019  0.0016
    97  421  117  0.0033  0.0019  0.0016
    98  422  117  0.0033  0.0019  0.0016
    99  423  117  0.0033  0.0019  0.0016
   100  424  117  0.0033  0.0019  0.0016
   101  425  117  0.0033  0.0019  0.0016
   102  426  117  0.0033  0.0019  0.0016
   103  427  117  0.0033  0.0019  0.0016
   104  428  117  0.0033  0.0019  0.0016
   105  429  117  0.0033  0.0019  0.0016
   106  430  117  0.0033  0.0019  0.0016
   107  431  117  0.0033  0.0019  0.0016
   108  432  117  0.0033  0.0019  0.0016
   109  433  117  0.0033  0.0019  0.0016
   110  434  117  0.0033  0.0019  0.0016
   111  435  117  0.0033  0.0019  0.0016
   112  436  117  0.0033  0.0019  0.0016
   113  437  117  0.0033  0.0019  0.0016
   114  438  117  0.0033  0.0019  0.0016
   115  439  117  0.0033  0.0019  0.0016
   116  440  117  0.0033  0.0019  0.0016
   117  442  118  0.0033  0.0019  0.0016
   118  443  118  0.0033  0.0019  0.0016
   119  444  118  0.0033  0.0019  0.0016
   120  445  118  0.0033  0.0019  0.0016
   121  446  118  0.0033  0.0019  0.0016
   122  447  118  0.0033  0.0019  0.0016
   123  448  118  0.0033  0.0019  0.0016
   124  441  118  0.0033  0.0019  0.0016
   125  449  119  0.0033  0.0019  0.0016
   126  450  119  0.0033  0.0019  0.0016
   127  451  119  0.0033  0.0019  0.0016
   128  452  119  0.0033  0.0019  0.0016
   129  453  119  0.0033  0.0019  0.0016
   130  454  119  0.0033  0.0019  0.0016
   131  455  119  0.0033  0.0019  0.0016
   132  457  120  0.0033  0.0019  0.0016
   133  458  120  0.0033  0.0019  0.0016
   134  459  120  0.0033  0.0019  0.0016
   135  460  120  0.0033  0.0019  0.0016
   136  461  120  0.0033  0.0019  0.0016
   137  456  120  0.0033  0.0019  0.0016
   138  462  121  0.0033  0.0019  0.0016
   139  463  121  0.0033  0.0019  0.0016
   140  464  121  0.0033  0.0019  0.0016
   141  465  121  0.0033  0.0019  0.0016
   142  466  121  0.0033  0.0019  0.0016
   143  467  121  0.0033  0.0019  0.0016
   144  469  122  0.0033  0.0019  0.0016
   145  470  122  0.0033  0.0019  0.0016
   146  471  122  0.0033  0.0019  0.0016
   147  472  122  0.0033  0.0019  0.0016
   148  473  122  0.0033  0.0019  0.0016
   149  474  122  0.0033  0.0019  0.0016
   150  475  122  0.0033  0.0019  0.0016
   151  468  122  0.0033  0.0019  0.0016
   152  476  123  0.0033  0.0019  0.0016
   153  477  123  0.0033  0.0019  0.0016
   154  478  123  0.0033  0.0019  0.0016
   155  479  123  0.0033  0.0019  0.0016
   156  480  123  0.0033  0.0019  0.0016
   157  481  123  0.0033  0.0019  0.0016
   158  482  123  0.0033  0.0019  0.0016
   159  483  123  0.0033  0.0019  0.0016
   160  484  123  0.0033  0.0019  0.0016
   161  485  124  0.0033  0.0019  0.0016
   162  486  124  0.0033  0.0019  0.0016
   163  487  124  0.0033  0.0019  0.0016
   164  488  124  0.0033  0.0019  0.0016
   165  489  124  0.0033  0.0019  0.0016
   166  490  124  0.0033  0.0019  0.0016
   167  491  124  0.0033  0.0019  0.0016
   168  492  124  0.0033  0.0019  0.0016
   171  496  125  0.0033  0.0019  0.0016
   172  497  125  0.0033  0.0019  0.0016
   173  498  125  0.0033  0.0019  0.0016
   174  499  125  0.0033  0.0019  0.0016
   176  500  126  0.0033  0.0019  0.0016
   177  501  126  0.0033  0.0019  0.0016
   178  502  126  0.0033  0.0019  0.0016
   179  503  126  0.0033  0.0019  0.0016
   180  504  126  0.0033  0.0019  0.0016
   181  505  126  0.0033  0.0019  0.0016
   182  506  126  0.0033  0.0019  0.0016
   183  507  126  0.0033  0.0019  0.0016
   184  508  126  0.0033  0.0019  0.0016
   185  509  126  0.0033  0.0019  0.0016
   186  510  126  0.0033  0.0019  0.0016
   187  511  126  0.0033  0.0019  0.0016
   188  512  126  0.0033  0.0019  0.0016
   189  513  126  0.0033  0.0019  0.0016
   190  514  126  0.0033  0.0019  0.0016
   191  515  126  0.0033  0.0019  0.0016
   192  516  126  0.0033  0.0019  0.0016
   193  517  126  0.0033  0.0019  0.0016
   194  518  126  0.0033  0.0019  0.0016
   195  519  126  0.0033  0.0019  0.0016
   196  520  126  0.0033  0.0019  0.0016
   197  521  126  0.0033  0.0019  0.0016
   198  522  126  0.0033  0.0019  0.0016
   199  524  127  0.0033  0.0019  0.0016
   200  525  127  0.0033  0.0019  0.0016
   201  523  127  0.0033  0.0019  0.0016
   202  527  128  0.0034  0.0020  0.0016
   203  528  128  0.0033  0.0019  0.0016
   204  526  128  0.0034  0.0020  0.0016
   205  530  129  0.0033  0.0019  0.0016
   206  529  129  0.0033  0.0019  0.0016

     1  262  167  0.0032  0.0019  0.0016
     2  264  168  0.0032  0.0019  0.0016
     3  263  168  0.0032  0.0019  0.0016
     4  266  169  0.0032  0.0019  0.0016
     5  265  169  0.0032  0.0019  0.0016
     6  267  170  0.0032  0.0019  0.0016
     7  268  170  0.0032  0.0019  0.0016
     8  270  171  0.0032  0.0019  0.0016
     9  269  171  0.0032  0.0019  0.0016
    10  272  172  0.0032  0.0019  0.0016
    11  271  172  0.0032  0.0019  0.0016
    12  273  173  0.0032  0.0019  0.0016
    13  274  173  0.0032  0.0019  0.0016
    14  275  173  0.0032  0.0019  0.0016
    15  320  173  0.0032  0.0019  0.0016
    16  319  173  0.0032  0.0019  0.0016
    17  318  173  0.0032  0.0019  0.0016
    18  317  173  0.0032  0.0019  0.0016
    19  322  173  0.0032  0.0019  0.0016
    20  323  173  0.0032  0.0019  0.0016
    21  324  173  0.0032  0.0019  0.0016
    22  325  173  0.0032  0.0019  0.0016
    23  321  173  0.0032  0.0019  0.0016
    24  349  174  0.0032  0.0019  0.0016
    25  348  174  0.0032  0.0019  0.0016
    26  347  174  0.0032  0.0019  0.0016
    27  346  174  0.0032  0.0019  0.0016
    28  345  174  0.0032  0.0019  0.0016
    29  344  174  0.0032  0.0019  0.0016
    30  343  174  0.0032  0.0019  0.0016
    31  350  174  0.0032  0.0019  0.0016
    32  341  174  0.0032  0.0019  0.0016
    33  340  174  0.0032  0.0019  0.0016
    34  339  174  0.0032  0.0019  0.0016
    35  338  174  0.0032  0.0019  0.0016
    36  337  174  0.0032  0.0019  0.0016
    37  336  174  0.0032  0.0019  0.0016
    38  335  174  0.0032  0.0019  0.0016
    39  334  174  0.0032  0.0019  0.0016
    40  333  174  0.0032  0.0019  0.0016
    41  332  174  0.0032  0.0019  0.0016
    42  331  174  0.0032  0.0019  0.0016
    43  330  174  0.0032  0.0019  0.0016
    44  329  174  0.0032  0.0019  0.0016
    45  328  174  0.0032  0.0019  0.0016
    46  327  174  0.0032  0.0019  0.0016
    47  326  174  0.0032  0.0019  0.0016
    48  351  174  0.0032  0.0019  0.0016
    49  352  174  0.0032  0.0019  0.0016
    50  353  174  0.0032  0.0019  0.0016
    51  354  174  0.0032  0.0019  0.0016
    52  313  174  0.0032  0.0019  0.0016
    53  314  174  0.0032  0.0019  0.0016
    54  315  174  0.0032  0.0019  0.0016
    55  316  174  0.0032  0.0019  0.0016
    56  279  174  0.0032  0.0019  0.0016
    57  278  174  0.0032  0.0019  0.0016
    58  277  174  0.0032  0.0019  0.0016
    59  276  174  0.0032  0.0019  0.0016
    60  342  174  0.0032  0.0019  0.0016
    61  312  175  0.0032  0.0019  0.0016
    62  311  175  0.0032  0.0019  0.0016
    63  310  175  0.0032  0.0019  0.0016
    64  309  175  0.0032  0.0019  0.0016
    65  308  175  0.0032  0.0019  0.0016
    66  307  175  0.0032  0.0019  0.0016
    67  306  175  0.0032  0.0019  0.0016
    68  305  175  0.0032  0.0019  0.0016
    69  304  175  0.0032  0.0019  0.0016
    70  303  175  0.0032  0.0019  0.0016
    71  302  175  0.0032  0.0019  0.0016
    72  301  175  0.0032  0.0019  0.0016
    73  300  175  0.0032  0.0019  0.0016
    74  299  175  0.0032  0.0019  0.0016
    75  298  175  0.0032  0.0019  0.0016
    76  297  175  0.0032  0.0019  0.0016
    77  296  175  0.0032  0.0019  0.0016
    78  295  175  0.0032  0.0019  0.0016
    79  294  175  0.0032  0.0019  0.0016
    80  293  175  0.0032  0.0019  0.0016
    81  292  175  0.0032  0.0019  0.0016
    82  291  175  0.0032  0.0019  0.0016
    83  290  175  0.0032  0.0019  0.0016
    84  289  175  0.0032  0.0019  0.0016
    85  288  175  0.0032  0.0019  0.0016
    86  287  175  0.0032  0.0019  0.0016
    87  286  175  0.0032  0.0019  0.0016
    88  285  175  0.0032  0.0019  0.0016
    89  284  175  0.0032  0.0019  0.0016
    90  283  175  0.0032  0.0019  0.0016
    91  282  175  0.0032  0.0019  0.0016
    92  281  175  0.0032  0.0019  0.0016
    93  280  175  0.0032  0.0019  0.0016
    94  355  175  0.0032  0.0019  0.0016
    95  356  175  0.0032  0.0019  0.0016
    96  357  175  0.0032  0.0019  0.0016
    97  358  175  0.0032  0.0019  0.0016
    98  359  175  0.0032  0.0019  0.0016
    99  360  175  0.0032  0.0019  0.0016
   100  361  175  0.0032  0.0019  0.0016
   101  362  175  0.0032  0.0019  0.0016
   102  363  175  0.0032  0.0019  0.0016
   103  364  175  0.0032  0.0019  0.0016
   104  365  176  0.0032  0.0019  0.0016
   105  366  176  0.0032  0.0019  0.0016
   106  367  176  0.0032  0.0019  0.0016
   107  368  176  0.0032  0.0019  0.0016
   108  369  176  0.0032  0.0019  0.0016
   109  371  177  0.0032  0.0019  0.0016
   110  372  177  0.0032  0.0019  0.0016
   111  373  177  0.0032  0.0019  0.0016
   112  374  177  0.0032  0.0019  0.0016
   113  375  177  0.0032  0.0019  0.0016
   114  376  177  0.0032  0.0019  0.0016
   115  370  177  0.0032  0.0019  0.0016
   116  377  178  0.0032  0.0019  0.0016
   117  378  178  0.0032  0.0019  0.0016
   118  379  178  0.0032  0.0019  0.0016
   119  380  178  0.0032  0.0019  0.0016
   120  381  178  0.0032  0.0019  0.0016
   121  382  178  0.0032  0.0019  0.0016
   126  387  179  0.0032  0.0019  0.0016
   127  388  180  0.0032  0.0019  0.0016
   128  389  180  0.0032  0.0019  0.0016
   129  390  180  0.0032  0.0019  0.0016
   130  391  180  0.0032  0.0019  0.0016
   131  392  180  0.0032  0.0019  0.0016
   132  393  180  0.0032  0.0019  0.0016
   133  394  180  0.0032  0.0019  0.0016
   134  395  180  0.0032  0.0019  0.0016
   135  396  180  0.0032  0.0019  0.0016
   136  397  180  0.0032  0.0019  0.0016
   137  398  180  0.0032  0.0019  0.0016
   138  399  180  0.0032  0.0019  0.0016
   139  400  180  0.0032  0.0019  0.0016
   140  401  180  0.0032  0.0019  0.0016
   141  402  180  0.0032  0.0019  0.0016
   142  403  180  0.0032  0.0019  0.0016
   143  404  181  0.0032  0.0019  0.0016
   144  405  181  0.0032  0.0019  0.0016
   145  406  181  0.0032  0.0019  0.0016
   146  407  181  0.0032  0.0019  0.0016
   147  408  181  0.0032  0.0019  0.0016
   148  409  181  0.0032  0.0019  0.0016
   149  410  181  0.0032  0.0019  0.0016
   150  411  181  0.0032  0.0019  0.0016
   151  412  181  0.0032  0.0019  0.0016
   152  413  181  0.0032  0.0019  0.0016
   153  414  181  0.0032  0.0019  0.0016
   154  415  181  0.0032  0.0019  0.0016
   155  416  181  0.0032  0.0019  0.0016
   156  417  181  0.0032  0.0019  0.0016
   157  418  181  0.0032  0.0019  0.0016
   158  419  181  0.0032  0.0019  0.0016
   159  420  181  0.0032  0.0019  0.0016
   160  421  181  0.0032  0.0019  0.0016
   161  422  181  0.0032  0.0019  0.0016
   162  423  181  0.0032  0.0019  0.0016
   163  424  181  0.0032  0.0019  0.0016
   164  425  181  0.0032  0.0019  0.0016
   165  426  181  0.0032  0.0019  0.0016
   166  427  181  0.0032  0.0019  0.0016
   167  428  181  0.0032  0.0019  0.0016
   168  430  182  0.0032  0.0019  0.0016
   169  431  182  0.0032  0.0019  0.0016
   170  432  182  0.0032  0.0019  0.0016
   171  429  182  0.0032  0.0019  0.0016
   172  434  183  0.0032  0.0019  0.0016
   173  435  183  0.0032  0.0019  0.0016
   174  433  183  0.0032  0.0019  0.0016
   175  436  184  0.0032  0.0019  0.0016
   176  437  184  0.0032  0.0019  0.0016
   177  438  184  0.0032  0.0019  0.0016
   178  439  184  0.0032  0.0019  0.0016
   179  440  185  0.0032  0.0019  0.0016
   180  441  185  0.0032  0.0019  0.0016
   181  442  185  0.0032  0.0019  0.0016
   182  443  185  0.0032  0.0019  0.0016
   183  444  185  0.0032  0.0019  0.0016
   184  445  185  0.0032  0.0019  0.0016
   185  446  185  0.0032  0.0019  0.0016
   186  447  185  0.0032  0.0019  0.0016
   187  448  185  0.0032  0.0019  0.0016
   188  449  186  0.0032  0.0019  0.0016
   189  450  186  0.0032  0.0019  0.0016
   190  451  186  0.0032  0.0019  0.0016
   191  452  186  0.0032  0.0019  0.0016
   192  453  186  0.0032  0.0019  0.0016
   193  454  186  0.0032  0.0019  0.0016
   194  455  186  0.0032  0.0019  0.0016
   195  456  186  0.0032  0.0019  0.0016
   196  457  186  0.0032  0.0019  0.0016
   197  458  186  0.0032  0.0019  0.0016
   198  459  186  0.0032  0.0019  0.0016
   199  460  186  0.0032  0.0019  0.0016
   200  461  186  0.0032  0.0019  0.0016
   201  462  186  0.0032  0.0019  0.0016
   202  464  187  0.0032  0.0019  0.0016
   203  465  187  0.0032  0.0019  0.0016
   204  466  187  0.0032  0.0019  0.0016
   205  467  187  0.0032  0.0019  0.0016
   206  468  187  0.0032  0.0019  0.0016
   207  463  187  0.0032  0.0019  0.0016

     1  1158  674  0.0031  0.0016  0.0016
     2  1160  675  0.0031  0.0016  0.0016
     3  1159  675  0.0031  0.0016  0.0016
     4  1161  676  0.0031  0.0016  0.0016
     5  1162  677  0.0031  0.0016  0.0016
     6  1164  678  0.0031  0.0016  0.0016
     7  1163  678  0.0031  0.0016  0.0016
     8  1165  679  0.0031  0.0016  0.0016
     9  1166  680  0.0031  0.0016  0.0016
    10  1167  680  0.0031  0.0016  0.0016
    11  1168  681  0.0031  0.0016  0.0016
    12  1170  682  0.0031  0.0016  0.0016
    13  1169  682  0.0031  0.0016  0.0016
    14  1171  683  0.0031  0.0016  0.0016
    17  1174  685  0.0031  0.0016  0.0016
    18  1176  686  0.0031  0.0016  0.0016
    19  1175  686  0.0031  0.0016  0.0016
    20  1177  687  0.0031  0.0016  0.0016
    21  1179  688  0.0031  0.0016  0.0016
    22  1178  688  0.0031  0.0016  0.0016
    23  1180  689  0.0031  0.0016  0.0016
    24  1182  690  0.0031  0.0016  0.0016
    25  1181  690  0.0031  0.0016  0.0016
    26  1183  691  0.0031  0.0016  0.0016
    27  1185  692  0.0031  0.0016  0.0016
    28  1184  692  0.0031  0.0016  0.0016
    29  1186  693  0.0031  0.0016  0.0016
    30  1187  693  0.0031  0.0016  0.0016
    31  1189  694  0.0031  0.0016  0.0016
    32  1188  694  0.0031  0.0016  0.0016
    33  1191  695  0.0031  0.0016  0.0017
    34  1190  695  0.0031  0.0016  0.0016
    35  1192  696  0.0031  0.0016  0.0016
    36  1193  696  0.0031  0.0016  0.0016
    37  1194  696  0.0031  0.0016  0.0017
    38  1196  697  0.0031  0.0016  0.0017
    39  1195  697  0.0031  0.0016  0.0017
    40  1197  698  0.0031  0.0016  0.0017
    43  1201  699  0.0031  0.0016  0.0016
    45  1203  700  0.0031  0.0015  0.0016
    46  1202  700  0.0031  0.0016  0.0016
    47  1205  701  0.0031  0.0015  0.0016
    48  1204  701  0.0031  0.0016  0.0016
    49  1207  702  0.0031  0.0016  0.0016
    50  1206  702  0.0031  0.0015  0.0016
    51  1208  703  0.0031  0.0015  0.0016
    52  1209  703  0.0031  0.0016  0.0016
    53  1211  704  0.0031  0.0015  0.0016
    54  1210  704  0.0031  0.0016  0.0016
    55  1213  705  0.0031  0.0015  0.0016
    56  1212  705  0.0031  0.0015  0.0016
    57  1214  706  0.0031  0.0015  0.0016
    58  1216  707  0.0031  0.0015  0.0016
    59  1215  707  0.0031  0.0015  0.0016
    60  1218  708  0.0031  0.0016  0.0016
    61  1217  708  0.0031  0.0016  0.0016
    62  1219  709  0.0031  0.0016  0.0016
    63  1220  709  0.0031  0.0016  0.0016
    64  1222  710  0.0031  0.0016  0.0016
    65  1221  710  0.0031  0.0015  0.0016
    66  1224  711  0.0031  0.0015  0.0016
    67  1223  711  0.0031  0.0015  0.0016
    68  1225  712  0.0031  0.0015  0.0016
    69  1226  712  0.0031  0.0016  0.0016
    70  1228  713  0.0031  0.0016  0.0016
    71  1229  713  0.0031  0.0015  0.0016
    72  1227  713  0.0031  0.0016  0.0016
    73  1230  714  0.0031  0.0015  0.0016
    74  1231  714  0.0031  0.0015  0.0016
    75  1233  715  0.0031  0.0015  0.0016
    76  1234  715  0.0031  0.0015  0.0016
    77  1232  715  0.0031  0.0015  0.0016
    78  1236  716  0.0031  0.0016  0.0016
    79  1235  716  0.0031  0.0015  0.0016
    80  1238  717  0.0031  0.0015  0.0016
    81  1239  717  0.0031  0.0015  0.0016
    82  1237  717  0.0031  0.0015  0.0016
    83  1240  718  0.0031  0.0015  0.0016
    84  1241  718  0.0031  0.0015  0.0016
    85  1243  719  0.0031  0.0015  0.0016
    86  1244  719  0.0031  0.0015  0.0016
    87  1245  719  0.0031  0.0015  0.0016
    88  1242  719  0.0031  0.0015  0.0016
    89  1246  720  0.0031  0.0015  0.0016
    90  1247  720  0.0031  0.0015  0.0016
    91  1248  720  0.0031  0.0015  0.0016
    92  1249  720  0.0031  0.0015  0.0016
    93  1250  720  0.0030  0.0015  0.0016
   118  1275  720  0.0031  0.0015  0.0016
   119  1276  720  0.0031  0.0015  0.0016
   120  1277  720  0.0031  0.0015  0.0016
   121  1278  720  0.0031  0.0015  0.0016
   122  1279  720  0.0031  0.0015  0.0016
   123  1280  720  0.0031  0.0015  0.0016
   124  1281  720  0.0031  0.0015  0.0016
   125  1282  720  0.0031  0.0015  0.0016
   126  1283  720  0.0031  0.0015  0.0016
   127  1284  720  0.0031  0.0015  0.0016
   128  1285  720  0.0031  0.0015  0.0016
   129  1286  720  0.0031  0.0015  0.0016
   130  1287  720  0.0031  0.0015  0.0016
   131  1288  720  0.0031  0.0015  0.0016
   132  1289  720  0.0031  0.0015  0.0016
   133  1290  720  0.0031  0.0015  0.0016
   134  1291  720  0.0031  0.0015  0.0016
   135  1292  720  0.0031  0.0015  0.0016
   136  1293  720  0.0031  0.0015  0.0016
   137  1294  720  0.0031  0.0015  0.0016
   138  1295  720  0.0031  0.0015  0.0016
   139  1296  720  0.0031  0.0015  0.0016
   140  1297  720  0.0031  0.0015  0.0016
   141  1298  720  0.0031  0.0015  0.0016
   145  1273  721  0.0031  0.0015  0.0016
   146  1272  721  0.0031  0.0015  0.0016
   147  1271  721  0.0031  0.0015  0.0016
   148  1270  721  0.0031  0.0015  0.0016
   149  1269  721  0.0031  0.0015  0.0016
   150  1251  721  0.0031  0.0015  0.0016
   151  1252  721  0.0031  0.0015  0.0016
   152  1253  721  0.0031  0.0015  0.0016
   153  1254  721  0.0031  0.0015  0.0016
   154  1274  721  0.0031  0.0015  0.0016
   155  1256  722  0.0031  0.0015  0.0016
   156  1264  722  0.0031  0.0015  0.0016
   157  1267  722  0.0031  0.0015  0.0016
   158  1266  722  0.0031  0.0015  0.0016
   159  1259  722  0.0031  0.0015  0.0016
   160  1258  722  0.0031  0.0015  0.0016
   161  1257  722  0.0031  0.0015  0.0016
   162  1265  722  0.0031  0.0015  0.0016
   163  1255  722  0.0031  0.0015  0.0016
   164  1268  722  0.0031  0.0015  0.0016
   165  1261  723  0.0031  0.0015  0.0016
   166  1260  723  0.0031  0.0015  0.0016
   167  1263  723  0.0031  0.0015  0.0016
   168  1262  723  0.0031  0.0015  0.0016

     1  1156  679  0.0031  0.0016  0.0016
     2  1158  680  0.0031  0.0016  0.0016
     3  1157  680  0.0031  0.0016  0.0016
     4  1159  681  0.0031  0.0016  0.0016
     5  1160  682  0.0031  0.0016  0.0016
     6  1161  682  0.0031  0.0016  0.0016
     7  1163  683  0.0031  0.0016  0.0016
     8  1162  683  0.0031  0.0016  0.0016
     9  1164  684  0.0031  0.0016  0.0016
    10  1165  685  0.0031  0.0016  0.0016
    11  1166  685  0.0031  0.0016  0.0016
    12  1167  686  0.0031  0.0016  0.0016
    13  1169  687  0.0031  0.0016  0.0016
    14  1168  687  0.0031  0.0016  0.0016
    19  1175  691  0.0031  0.0016  0.0016
    23  1178  693  0.0031  0.0016  0.0016
    24  1180  694  0.0031  0.0016  0.0016
    25  1179  694  0.0031  0.0016  0.0016
    26  1181  695  0.0031  0.0016  0.0016
    27  1183  696  0.0031  0.0016  0.0016
    28  1182  696  0.0031  0.0016  0.0016
    29  1185  697  0.0031  0.0016  0.0016
    30  1184  697  0.0031  0.0016  0.0016
    31  1186  698  0.0031  0.0016  0.0016
    32  1187  698  0.0031  0.0016  0.0016
    33  1189  699  0.0031  0.0016  0.0017
    34  1188  699  0.0031  0.0016  0.0017
    35  1191  700  0.0031  0.0016  0.0017
    36  1190  700  0.0031  0.0016  0.0017
    37  1193  701  0.0031  0.0016  0.0017
    38  1192  701  0.0031  0.0016  0.0017
    39  1195  702  0.0031  0.0016  0.0017
    40  1194  702  0.0031  0.0016  0.0017
    41  1196  703  0.0031  0.0016  0.0017
    42  1197  703  0.0031  0.0016  0.0017
    43  1199  704  0.0031  0.0015  0.0016
    44  1198  704  0.0031  0.0015  0.0016
    45  1201  705  0.0031  0.0016  0.0016
    46  1200  705  0.0031  0.0016  0.0016
    47  1202  706  0.0031  0.0016  0.0016
    48  1203  706  0.0031  0.0016  0.0016
    49  1205  707  0.0031  0.0016  0.0016
    50  1204  707  0.0031  0.0016  0.0016
    51  1206  708  0.0031  0.0016  0.0016
    52  1207  709  0.0031  0.0016  0.0016
    53  1208  709  0.0031  0.0016  0.0016
    54  1210  710  0.0031  0.0015  0.0016
    55  1209  710  0.0031  0.0016  0.0016
    56  1212  711  0.0031  0.0016  0.0017
    57  1211  711  0.0031  0.0016  0.0017
    58  1214  712  0.0031  0.0016  0.0016
    59  1213  712  0.0031  0.0016  0.0016
    60  1216  713  0.0031  0.0016  0.0016
    61  1215  713  0.0031  0.0015  0.0016
    62  1217  714  0.0031  0.0015  0.0016
    63  1218  714  0.0031  0.0016  0.0016
    64  1220  715  0.0031  0.0015  0.0016
    65  1219  715  0.0031  0.0016  0.0016
    66  1222  716  0.0031  0.0015  0.0016
    67  1221  716  0.0031  0.0015  0.0016
    68  1223  717  0.0031  0.0015  0.0016
    69  1224  717  0.0031  0.0015  0.0016
    70  1226  718  0.0031  0.0015  0.0016
    71  1225  718  0.0031  0.0015  0.0016
    72  1228  719  0.0031  0.0016  0.0016
    73  1227  719  0.0031  0.0015  0.0016
    74  1229  720  0.0031  0.0015  0.0016
    75  1230  720  0.0031  0.0016  0.0016
    76  1232  721  0.0030  0.0015  0.0016
    77  1233  721  0.0031  0.0015  0.0016
    78  1234  721  0.0031  0.0015  0.0016
    79  1231  721  0.0031  0.0015  0.0016
    80  1236  722  0.0030  0.0015  0.0016
    81  1237  722  0.0031  0.0015  0.0016
    82  1238  722  0.0031  0.0015  0.0016
    83  1235  722  0.0030  0.0015  0.0016
    84  1239  723  0.0030  0.0015  0.0016
    85  1240  723  0.0031  0.0015  0.0016
    86  1241  723  0.0031  0.0015  0.0016
    87  1242  723  0.0031  0.0015  0.0016
    88  1244  724  0.0031  0.0015  0.0016
    89  1245  724  0.0031  0.0015  0.0016
    90  1246  724  0.0031  0.0015  0.0016
    91  1243  724  0.0031  0.0015  0.0016
    92  1247  725  0.0031  0.0015  0.0016
    93  1248  725  0.0031  0.0015  0.0016
    94  1249  725  0.0031  0.0015  0.0016
    95  1250  725  0.0031  0.0015  0.0016
   100  1300  725  0.0031  0.0015  0.0016
   101  1299  725  0.0031  0.0015  0.0016
   102  1298  725  0.0031  0.0015  0.0016
   103  1297  725  0.0031  0.0015  0.0016
   104  1296  725  0.0031  0.0015  0.0016
   105  1295  725  0.0031  0.0015  0.0016
   106  1294  725  0.0031  0.0015  0.0016
   107  1293  725  0.0031  0.0015  0.0016
   108  1292  725  0.0031  0.0015  0.0016
   109  1291  725  0.0031  0.0015  0.0016
   110  1290  725  0.0031  0.0015  0.0016
   111  1289  725  0.0031  0.0015  0.0016
   112  1288  725  0.0031  0.0015  0.0016
   113  1287  725  0.0031  0.0015  0.0016
   114  1286  725  0.0031  0.0015  0.0016
   119  1273  726  0.0031  0.0015  0.0016
   120  1275  726  0.0031  0.0015  0.0016
   121  1276  726  0.0031  0.0015  0.0016
   122  1277  726  0.0031  0.0015  0.0016
   123  1278  726  0.0031  0.0015  0.0016
   124  1279  726  0.0031  0.0015  0.0016
   125  1280  726  0.0031  0.0015  0.0016
   126  1281  726  0.0031  0.0015  0.0016
   127  1282  726  0.0031  0.0015  0.0016
   128  1283  726  0.0031  0.0015  0.0016
   129  1284  726  0.0031  0.0015  0.0016
   130  1285  726  0.0031  0.0015  0.0016
   146  1254  726  0.0031  0.0015  0.0016
   147  1253  726  0.0031  0.0015  0.0016
   148  1252  726  0.0031  0.0015  0.0016
   149  1251  726  0.0031  0.0015  0.0016
   150  1274  726  0.0031  0.0015  0.0016
   152  1271  727  0.0031  0.0015  0.0016
   153  1270  727  0.0031  0.0015  0.0016
   154  1269  727  0.0031  0.0015  0.0016
   155  1268  727  0.0031  0.0015  0.0016
   156  1267  727  0.0031  0.0015  0.0016
   157  1266  727  0.0031  0.0015  0.0016
   158  1265  727  0.0031  0.0015  0.0016
   159  1255  727  0.0031  0.0015  0.0016
   160  1272  727  0.0031  0.0015  0.0016
   161  1256  727  0.0031  0.0015  0.0016
   162  1257  727  0.0031  0.0015  0.0016
   163  1258  727  0.0031  0.0015  0.0016
   164  1260  728  0.0031  0.0015  0.0016
   165  1261  728  0.0031  0.0015  0.0016
   166  1262  728  0.0031  0.0015  0.0016
   167  1264  728  0.0031  0.0015  0.0016
   168  1263  728  0.0031  0.0015  0.0016
   169  1259  728  0.0031  0.0015  0.0016

     1  710  735  0.0030  0.0017  0.0016
     3  709  737  0.0030  0.0017  0.0016
     4  708  738  0.0030  0.0017  0.0016
     5  707  738  0.0030  0.0017  0.0016
     6  705  739  0.0030  0.0017  0.0016
     7  706  739  0.0030  0.0017  0.0016
     8  703  740  0.0030  0.0017  0.0016
     9  704  740  0.0030  0.0017  0.0016
    10  702  741  0.0030  0.0016  0.0016
    11  701  741  0.0030  0.0017  0.0016
    12  700  741  0.0030  0.0017  0.0016
    13  699  741  0.0030  0.0017  0.0016
    14  697  742  0.0030  0.0017  0.0016
    15  696  742  0.0029  0.0016  0.0016
    16  695  742  0.0030  0.0016  0.0016
    17  698  742  0.0030  0.0017  0.0016
    18  694  743  0.0030  0.0017  0.0016
    19  693  743  0.0029  0.0017  0.0016
    20  692  743  0.0030  0.0016  0.0016
    21  691  743  0.0030  0.0016  0.0016
    22  690  743  0.0030  0.0017  0.0016
    23  689  743  0.0030  0.0017  0.0016
    24  688  743  0.0030  0.0016  0.0016
    25  687  743  0.0030  0.0017  0.0016
    26  686  744  0.0030  0.0017  0.0016
    27  685  744  0.0030  0.0016  0.0016
    28  684  744  0.0030  0.0017  0.0016
    29  683  744  0.0030  0.0016  0.0016
    30  682  744  0.0030  0.0017  0.0016
    31  681  744  0.0030  0.0017  0.0016
    32  680  744  0.0029  0.0017  0.0016
    33  679  744  0.0029  0.0017  0.0016
    34  678  744  0.0029  0.0016  0.0016
    35  677  744  0.0030  0.0017  0.0016
    36  676  744  0.0029  0.0017  0.0016
    37  675  745  0.0029  0.0016  0.0016
    38  674  745  0.0030  0.0017  0.0016
    39  673  745  0.0029  0.0017  0.0016
    40  672  745  0.0029  0.0016  0.0016
    41  671  745  0.0029  0.0017  0.0016
    42  670  745  0.0029  0.0016  0.0016
    43  669  745  0.0029  0.0016  0.0016
    44  668  745  0.0029  0.0017  0.0016
    45  667  745  0.0029  0.0017  0.0016
    47  665  745  0.0030  0.0017  0.0016
    48  664  745  0.0029  0.0017  0.0016
    49  663  745  0.0029  0.0017  0.0016
    50  662  745  0.0029  0.0017  0.0016
    51  661  745  0.0030  0.0017  0.0016
    52  660  745  0.0029  0.0017  0.0016
    53  659  745  0.0030  0.0017  0.0016
    54  658  745  0.0030  0.0017  0.0016
    55  657  745  0.0029  0.0017  0.0016
    56  656  746  0.0029  0.0017  0.0016
    57  655  746  0.0029  0.0017  0.0016
    58  654  746  0.0029  0.0017  0.0016
    59  653  746  0.0029  0.0017  0.0016
    60  652  746  0.0029  0.0017  0.0016
    61  651  746  0.0029  0.0017  0.0016
    62  650  746  0.0029  0.0017  0.0016
    63  649  746  0.0029  0.0017  0.0016
    64  648  746  0.0030  0.0017  0.0016
    65  647  746  0.0029  0.0017  0.0016
    84  646  746  0.0029  0.0017  0.0016
    91  621  747  0.0030  0.0017  0.0016
    92  620  747  0.0029  0.0017  0.0016
    93  619  747  0.0029  0.0017  0.0016
    94  618  747  0.0029  0.0017  0.0016
    95  617  747  0.0029  0.0017  0.0016
    96  616  747  0.0029  0.0017  0.0016
    97  615  747  0.0029  0.0017  0.0016
    98  614  747  0.0029  0.0016  0.0016
    99  613  747  0.0029  0.0016  0.0016
   100  612  747  0.0029  0.0017  0.0016
   101  611  747  0.0029  0.0017  0.0016
   102  610  747  0.0029  0.0017  0.0016
   103  608  748  0.0029  0.0017  0.0016
   104  607  748  0.0029  0.0017  0.0016
   105  606  748  0.0029  0.0017  0.0016
   106  605  748  0.0029  0.0017  0.0016
   107  604  748  0.0029  0.0017  0.0016
   108  609  748  0.0029  0.0017  0.0016
   109  603  749  0.0029  0.0017  0.0016
   110  602  749  0.0029  0.0016  0.0016
   111  601  749  0.0029  0.0017  0.0016
   112  600  749  0.0029  0.0017  0.0016
   113  599  749  0.0029  0.0017  0.0016
   114  598  749  0.0029  0.0017  0.0016
   115  597  750  0.0029  0.0017  0.0016
   116  596  750  0.0029  0.0017  0.0016
   117  595  750  0.0029  0.0017  0.0016
   118  594  750  0.0029  0.0017  0.0016
   119  593  750  0.0029  0.0017  0.0016
   120  592  750  0.0029  0.0017  0.0016
   121  591  750  0.0029  0.0017  0.0016
   122  589  751  0.0029  0.0017  0.0016
   123  588  751  0.0029  0.0017  0.0016
   124  587  751  0.0029  0.0017  0.0016
   125  586  751  0.0029  0.0017  0.0016
   126  585  751  0.0029  0.0016  0.0016
   127  584  751  0.0029  0.0017  0.0016
   128  583  751  0.0029  0.0017  0.0016
   129  590  751  0.0029  0.0017  0.0016
   133  579  752  0.0029  0.0017  0.0016
   135  577  752  0.0029  0.0017  0.0016
   136  576  752  0.0029  0.0017  0.0016
   137  575  752  0.0029  0.0017  0.0016
   138  574  753  0.0029  0.0017  0.0016
   139  573  753  0.0029  0.0017  0.0016
   140  572  753  0.0029  0.0017  0.0016
   141  571  753  0.0029  0.0017  0.0016
   142  570  753  0.0029  0.0017  0.0016
   143  569  753  0.0029  0.0017  0.0016
   144  568  753  0.0029  0.0017  0.0016
   145  567  753  0.0029  0.0017  0.0016
   146  565  754  0.0029  0.0017  0.0016
   147  564  754  0.0029  0.0017  0.0016
   148  563  754  0.0029  0.0017  0.0016
   149  566  754  0.0029  0.0017  0.0016

     1  713  727  0.0030  0.0017  0.0016
     2  712  728  0.0030  0.0017  0.0016
     3  711  729  0.0030  0.0017  0.0016
     7  707  732  0.0030  0.0017  0.0016
     8  706  733  0.0030  0.0017  0.0016
     9  705  734  0.0030  0.0017  0.0016
    10  703  735  0.0030  0.0017  0.0016
    11  704  735  0.0030  0.0017  0.0016
    12  701  736  0.0030  0.0017  0.0016
    13  700  736  0.0030  0.0017  0.0016
    14  702  736  0.0030  0.0017  0.0016
    15  698  737  0.0030  0.0017  0.0016
    16  697  737  0.0030  0.0017  0.0016
    17  699  737  0.0029  0.0016  0.0016
    18  696  738  0.0030  0.0016  0.0016
    19  695  738  0.0030  0.0017  0.0016
    20  694  738  0.0030  0.0017  0.0016
    21  693  738  0.0030  0.0017  0.0016
    22  692  738  0.0030  0.0017  0.0016
    23  691  738  0.0030  0.0017  0.0016
    24  690  738  0.0030  0.0017  0.0016
    25  689  738  0.0030  0.0017  0.0016
    26  688  738  0.0030  0.0017  0.0016
    27  687  738  0.0030  0.0017  0.0016
    28  686  738  0.0030  0.0017  0.0016
    29  685  738  0.0030  0.0017  0.0016
    30  684  738  0.0030  0.0017  0.0016
    31  683  738  0.0029  0.0016  0.0016
    32  682  738  0.0029  0.0017  0.0016
    33  681  738  0.0029  0.0017  0.0016
    34  680  738  0.0029  0.0017  0.0016
    35  679  738  0.0029  0.0017  0.0016
    36  678  738  0.0030  0.0017  0.0016
    37  677  738  0.0030  0.0017  0.0016
    38  676  738  0.0030  0.0017  0.0016
    39  675  738  0.0030  0.0017  0.0016
    40  674  738  0.0030  0.0017  0.0016
    41  673  738  0.0030  0.0017  0.0016
    42  672  738  0.0030  0.0017  0.0016
    43  671  739  0.0030  0.0017  0.0016
    44  670  739  0.0030  0.0017  0.0016
    45  669  739  0.0029  0.0016  0.0016
    46  668  739  0.0030  0.0017  0.0016
    47  667  739  0.0030  0.0017  0.0016
    48  666  739  0.0030  0.0017  0.0016
    49  665  739  0.0030  0.0017  0.0016
    50  664  739  0.0030  0.0017  0.0016
    51  663  739  0.0029  0.0017  0.0016
    52  662  739  0.0030  0.0017  0.0016
    53  661  739  0.0030  0.0017  0.0016
    54  660  739  0.0030  0.0017  0.0016
    55  659  740  0.0030  0.0017  0.0016
    56  658  740  0.0030  0.0017  0.0016
    57  657  740  0.0030  0.0017  0.0016
    58  656  740  0.0030  0.0017  0.0016
    59  654  740  0.0030  0.0017  0.0016
    60  653  740  0.0030  0.0017  0.0016
    61  652  740  0.0029  0.0017  0.0016
    62  651  740  0.0030  0.0017  0.0016
    63  650  740  0.0030  0.0017  0.0016
    64  649  740  0.0030  0.0017  0.0016
    65  648  740  0.0030  0.0017  0.0016
    66  647  740  0.0029  0.0017  0.0016
    67  646  740  0.0030  0.0017  0.0016
    68  645  740  0.0030  0.0017  0.0016
    69  644  740  0.0029  0.0017  0.0016
    70  643  740  0.0030  0.0017  0.0016
    71  655  740  0.0030  0.0017  0.0016
    72  636  741  0.0030  0.0017  0.0016
    73  635  741  0.0030  0.0017  0.0016
    74  638  741  0.0029  0.0017  0.0016
    75  639  741  0.0029  0.0017  0.0016
    76  640  741  0.0030  0.0017  0.0016
    77  641  741  0.0030  0.0017  0.0016
    78  642  741  0.0030  0.0017  0.0016
    79  634  741  0.0029  0.0017  0.0016
    80  633  741  0.0030  0.0017  0.0016
    81  632  741  0.0030  0.0017  0.0016
    82  631  741  0.0029  0.0017  0.0016
    83  630  741  0.0029  0.0017  0.0016
    84  629  741  0.0030  0.0017  0.0016
    85  628  741  0.0029  0.0017  0.0016
    86  627  741  0.0030  0.0017  0.0016
    87  626  741  0.0029  0.0017  0.0016
    88  625  741  0.0029  0.0017  0.0016
    89  624  741  0.0030  0.0017  0.0016
    90  623  741  0.0029  0.0017  0.0016
    91  637  741  0.0030  0.0017  0.0016
    92  622  742  0.0029  0.0017  0.0016
    93  621  742  0.0030  0.0017  0.0016
    94  620  742  0.0029  0.0017  0.0016
    95  619  742  0.0029  0.0017  0.0016
    96  618  742  0.0029  0.0017  0.0016
    97  617  742  0.0029  0.0017  0.0016
    98  616  742  0.0030  0.0017  0.0016
    99  615  742  0.0029  0.0017  0.0016
   100  614  742  0.0029  0.0017  0.0016
   101  613  742  0.0029  0.0017  0.0016
   102  612  742  0.0029  0.0017  0.0016
   103  611  742  0.0029  0.0017  0.0016
   104  610  742  0.0029  0.0017  0.0016
   105  608  743  0.0029  0.0017  0.0016
   106  607  743  0.0029  0.0017  0.0016
   107  606  743  0.0029  0.0017  0.0016
   108  605  743  0.0029  0.0017  0.0016
   109  609  743  0.0029  0.0017  0.0016
   110  604  744  0.0029  0.0017  0.0016
   111  603  744  0.0029  0.0017  0.0016
   112  602  744  0.0029  0.0017  0.0016
   113  601  744  0.0029  0.0017  0.0016
   114  600  744  0.0029  0.0017  0.0016
   115  599  744  0.0029  0.0017  0.0016
   116  598  745  0.0029  0.0017  0.0016
   117  597  745  0.0029  0.0017  0.0016
   118  596  745  0.0029  0.0017  0.0016
   119  595  745  0.0029  0.0017  0.0016
   120  594  745  0.0029  0.0017  0.0016
   121  593  745  0.0029  0.0017  0.0016
   122  592  745  0.0029  0.0017  0.0016
   123  591  745  0.0029  0.0017  0.0016
   124  590  745  0.0029  0.0017  0.0016
   125  589  745  0.0029  0.0017  0.0016
   126  588  746  0.0029  0.0017  0.0016
   127  587  746  0.0029  0.0017  0.0016
   128  586  746  0.0029  0.0017  0.0016
   129  585  746  0.0029  0.0017  0.0016
   130  584  746  0.0029  0.0017  0.0016
   131  583  746  0.0029  0.0017  0.0016
   132  582  746  0.0029  0.0017  0.0016
   133  581  746  0.0029  0.0017  0.0016
   134  580  746  0.0029  0.0017  0.0016
   135  579  746  0.0029  0.0017  0.0016
   136  578  746  0.0029  0.0017  0.0016
   137  577  746  0.0029  0.0017  0.0016
   139  575  746  0.0029  0.0017  0.0016
   140  574  746  0.0029  0.0017  0.0016
   141  573  746  0.0029  0.0017  0.0016
   142  571  747  0.0029  0.0017  0.0016
   143  570  747  0.0029  0.0017  0.0016
   144  569  747  0.0029  0.0017  0.0016
   145  568  747  0.0029  0.0017  0.0016
   146  567  747  0.0029  0.0017  0.0016
   149  572  747  0.0029  0.0017  0.0016

     1  349  658  0.0029  0.0017  0.0016
     2  348  658  0.0029  0.0017  0.0016
     3  350  659  0.0029  0.0017  0.0016
     4  351  659  0.0029  0.0017  0.0016
     5  352  659  0.0029  0.0017  0.0016
     6  354  660  0.0029  0.0017  0.0016
     7  355  660  0.0029  0.0017  0.0016
     8  356  660  0.0029  0.0017  0.0016
     9  353  660  0.0029  0.0017  0.0016
    10  357  661  0.0029  0.0017  0.0016
    11  358  661  0.0029  0.0017  0.0016
    12  359  661  0.0029  0.0017  0.0016
    13  360  661  0.0029  0.0017  0.0016
    14  361  661  0.0029  0.0017  0.0016
    15  362  661  0.0029  0.0017  0.0016
    16  363  662  0.0029  0.0017  0.0016
    17  364  662  0.0029  0.0017  0.0016
    18  365  662  0.0029  0.0017  0.0016
    19  366  662  0.0029  0.0017  0.0016
    20  367  662  0.0029  0.0017  0.0016
    21  368  662  0.0029  0.0017  0.0016
    22  369  662  0.0029  0.0017  0.0016
    23  370  662  0.0029  0.0017  0.0016
    24  371  662  0.0029  0.0017  0.0016
    25  372  662  0.0029  0.0017  0.0016
    26  373  662  0.0029  0.0017  0.0016
    27  374  662  0.0029  0.0017  0.0016
    28  375  663  0.0029  0.0017  0.0016
    29  376  663  0.0029  0.0017  0.0016
    30  377  663  0.0029  0.0017  0.0016
    31  378  663  0.0029  0.0017  0.0016
    32  379  663  0.0029  0.0017  0.0016
    33  380  663  0.0029  0.0017  0.0016
    34  381  663  0.0029  0.0017  0.0016
    35  382  663  0.0029  0.0017  0.0016
    36  383  663  0.0029  0.0017  0.0016
    37  384  663  0.0029  0.0017  0.0016
    38  385  663  0.0029  0.0017  0.0016
    39  386  663  0.0029  0.0017  0.0016
    40  387  663  0.0029  0.0017  0.0016
    41  388  663  0.0029  0.0017  0.0016
    42  389  663  0.0029  0.0017  0.0016
    43  390  663  0.0029  0.0017  0.0016
    44  391  663  0.0029  0.0017  0.0016
    45  392  663  0.0029  0.0017  0.0016
    46  393  663  0.0029  0.0017  0.0016
    47  394  664  0.0029  0.0017  0.0016
    48  395  664  0.0029  0.0017  0.0016
    49  396  664  0.0029  0.0017  0.0016
    50  397  664  0.0029  0.0017  0.0016
    51  398  664  0.0029  0.0017  0.0016
    52  399  664  0.0029  0.0017  0.0016
    53  400  664  0.0029  0.0017  0.0016
    54  401  664  0.0029  0.0017  0.0016
    55  402  664  0.0029  0.0017  0.0016
    56  403  664  0.0029  0.0017  0.0016
    57  404  664  0.0030  0.0017  0.0016
    58  405  664  0.0029  0.0017  0.0016
    59  406  664  0.0030  0.0017  0.0016
    60  407  664  0.0029  0.0017  0.0016
    61  408  664  0.0029  0.0017  0.0016
    62  409  664  0.0029  0.0017  0.0016
    63  410  664  0.0029  0.0017  0.0016
    64  411  664  0.0029  0.0017  0.0016
    65  412  664  0.0029  0.0017  0.0016
    66  413  664  0.0029  0.0017  0.0016
    67  414  664  0.0029  0.0017  0.0016
    68  415  664  0.0029  0.0017  0.0016
    69  416  664  0.0029  0.0017  0.0016
    70  417  664  0.0029  0.0017  0.0016
    71  418  664  0.0029  0.0017  0.0016
    72  419  664  0.0029  0.0017  0.0016
    73  420  664  0.0029  0.0017  0.0016
    74  421  664  0.0029  0.0017  0.0016
    75  422  664  0.0029  0.0017  0.0016
    76  423  664  0.0029  0.0017  0.0016
    77  424  664  0.0029  0.0017  0.0016
    78  425  664  0.0029  0.0017  0.0016
    79  426  664  0.0029  0.0017  0.0016
    80  427  664  0.0029  0.0017  0.0016
    81  428  664  0.0029  0.0017  0.0016
    82  429  664  0.0029  0.0017  0.0016
    83  430  664  0.0029  0.0017  0.0016
    84  431  664  0.0029  0.0017  0.0016
    85  432  664  0.0030  0.0017  0.0016
    86  433  664  0.0030  0.0017  0.0016
    87  434  664  0.0029  0.0017  0.0016
    88  435  665  0.0029  0.0017  0.0016
    89  436  665  0.0030  0.0017  0.0016
    90  437  665  0.0029  0.0017  0.0016
    91  438  665  0.0029  0.0017  0.0016
    92  439  665  0.0029  0.0017  0.0016
    93  440  665  0.0029  0.0017  0.0016
    94  441  665  0.0029  0.0017  0.0016
    95  442  665  0.0029  0.0017  0.0016
    96  443  665  0.0029  0.0017  0.0016
    97  444  665  0.0029  0.0017  0.0016
    98  445  665  0.0029  0.0017  0.0016
    99  446  665  0.0029  0.0017  0.0016
   100  447  665  0.0029  0.0017  0.0016
   101  448  665  0.0029  0.0017  0.0016
   102  449  665  0.0029  0.0017  0.0016
   103  450  665  0.0029  0.0017  0.0016
   104  451  665  0.0029  0.0017  0.0016
   105  452  665  0.0029  0.0017  0.0016
   106  453  665  0.0029  0.0017  0.0016
   107  454  665  0.0029  0.0017  0.0016
   108  455  665  0.0029  0.0017  0.0016
   109  456  665  0.0029  0.0017  0.0016
   110  457  665  0.0029  0.0017  0.0016
   111  458  665  0.0030  0.0017  0.0016
   112  459  665  0.0029  0.0017  0.0016
   113  460  665  0.0030  0.0017  0.0016
   114  461  665  0.0030  0.0017  0.0016
   115  462  665  0.0029  0.0017  0.0016
   116  463  665  0.0030  0.0017  0.0016
   117  464  665  0.0029  0.0017  0.0016
   118  465  666  0.0029  0.0017  0.0016
   119  466  666  0.0029  0.0017  0.0016
   120  467  666  0.0029  0.0017  0.0016
   121  468  666  0.0029  0.0017  0.0016
   122  471  667  0.0029  0.0017  0.0016
   123  469  667  0.0030  0.0017  0.0016
   124  470  667  0.0029  0.0017  0.0016
   125  472  667  0.0029  0.0017  0.0016
   126  473  668  0.0029  0.0017  0.0016
   127  476  668  0.0029  0.0017  0.0016
   128  474  668  0.0029  0.0017  0.0016
   129  475  668  0.0029  0.0017  0.0016
   130  477  669  0.0029  0.0017  0.0016
   131  479  669  0.0029  0.0017  0.0016
   132  478  669  0.0029  0.0017  0.0016
   133  480  670  0.0029  0.0017  0.0016
   134  481  670  0.0029  0.0017  0.0016
   135  482  670  0.0029  0.0017  0.0016
   136  483  670  0.0029  0.0017  0.0016
   137  485  671  0.0029  0.0017  0.0016
   138  486  671  0.0029  0.0017  0.0016
   139  487  671  0.0029  0.0017  0.0016
   140  484  671  0.0029  0.0017  0.0016
   141  491  672  0.0029  0.0017  0.0016
   142  488  672  0.0030  0.0017  0.0016
   143  489  672  0.0030  0.0017  0.0016
   144  490  672  0.0030  0.0017  0.0016
   146  494  673  0.0029  0.0017  0.0016
   147  492  673  0.0029  0.0017  0.0016
   148  493  673  0.0029  0.0017  0.0016
   149  501  674  0.0029  0.0017  0.0016
   150  497  674  0.0029  0.0017  0.0016
   152  499  674  0.0029  0.0017  0.0016
   153  500  674  0.0029  0.0017  0.0016
   154  506  674  0.0029  0.0017  0.0016
   155  505  674  0.0029  0.0017  0.0016
   156  504  674  0.0029  0.0017  0.0016
   157  503  674  0.0029  0.0017  0.0016
   158  502  674  0.0029  0.0017  0.0016
   159  498  674  0.0029  0.0017  0.0016
   160  508  675  0.0029  0.0017  0.0016
   162  510  675  0.0029  0.0017  0.0016
   163  507  675  0.0029  0.0017  0.0016
   164  509  675  0.0029  0.0017  0.0016
   165  560  676  0.0030  0.0017  0.0016
   166  557  676  0.0030  0.0017  0.0016
   167  558  676  0.0030  0.0017  0.0016
   168  571  676  0.0030  0.0017  0.0016
   169  570  676  0.0030  0.0017  0.0016
   170  569  676  0.0030  0.0017  0.0016
   171  555  676  0.0030  0.0017  0.0016
   172  556  676  0.0030  0.0017  0.0016
   173  568  676  0.0030  0.0017  0.0016
   174  567  676  0.0030  0.0017  0.0016
   175  566  676  0.0030  0.0017  0.0016
   176  559  676  0.0030  0.0017  0.0016
   177  565  676  0.0030  0.0017  0.0016
   178  564  676  0.0030  0.0017  0.0016
   185  563  676  0.0030  0.0017  0.0016
   186  562  676  0.0030  0.0017  0.0016
   187  561  676  0.0030  0.0017  0.0016
   189  519  677  0.0029  0.0017  0.0016
   190  521  677  0.0029  0.0017  0.0016
   191  522  677  0.0029  0.0017  0.0016
   192  523  677  0.0029  0.0017  0.0016
   193  554  677  0.0030  0.0017  0.0016
   194  553  677  0.0030  0.0017  0.0016
   195  552  677  0.0030  0.0017  0.0016
   196  551  677  0.0030  0.0017  0.0016
   197  550  677  0.0030  0.0017  0.0016
   198  549  677  0.0030  0.0017  0.0016
   199  575  677  0.0030  0.0017  0.0016
   200  574  677  0.0030  0.0017  0.0016
   201  573  677  0.0030  0.0017  0.0016
   202  572  677  0.0030  0.0017  0.0016
   203  520  677  0.0029  0.0017  0.0016
   204  524  678  0.0029  0.0017  0.0016
   205  525  678  0.0029  0.0017  0.0016
   206  526  678  0.0029  0.0017  0.0016
   207  527  678  0.0029  0.0017  0.0016
   208  528  678  0.0029  0.0017  0.0016
   209  529  678  0.0029  0.0017  0.0016
   210  530  678  0.0029  0.0017  0.0016
   211  595  678  0.0030  0.0017  0.0016
   212  594  678  0.0030  0.0017  0.0016
   213  593  678  0.0030  0.0017  0.0016
   214  592  678  0.0030  0.0017  0.0016
   215  591  678  0.0030  0.0017  0.0016
   216  590  678  0.0030  0.0017  0.0016
   217  589  678  0.0030  0.0017  0.0016
   218  588  678  0.0030  0.0017  0.0016
   219  587  678  0.0030  0.0017  0.0016
   220  540  678  0.0030  0.0017  0.0016
   221  541  678  0.0029  0.0017  0.0016
   222  542  678  0.0030  0.0017  0.0016
   223  543  678  0.0030  0.0017  0.0016
   224  544  678  0.0030  0.0017  0.0016
   225  545  678  0.0030  0.0017  0.0016
   226  546  678  0.0030  0.0017  0.0016
   227  547  678  0.0030  0.0017  0.0016
   228  548  678  0.0030  0.0017  0.0016
   229  576  678  0.0030  0.0017  0.0016
   230  577  678  0.0030  0.0017  0.0016
   231  578  678  0.0030  0.0017  0.0016
   232  579  678  0.0030  0.0017  0.0016
   233  580  678  0.0030  0.0017  0.0016
   234  581  678  0.0030  0.0017  0.0016
   235  582  678  0.0030  0.0017  0.0016
   236  583  678  0.0030  0.0017  0.0016
   237  584  678  0.0030  0.0017  0.0016
   238  585  678  0.0030  0.0017  0.0016
   239  586  678  0.0030  0.0017  0.0016
   240  539  679  0.0030  0.0017  0.0016
   241  538  679  0.0030  0.0017  0.0016
   242  537  679  0.0030  0.0017  0.0016
   243  536  679  0.0029  0.0017  0.0016
   244  535  679  0.0029  0.0017  0.0016
   245  534  679  0.0029  0.0017  0.0016
   246  533  679  0.0029  0.0017  0.0016
   247  532  679  0.0029  0.0017  0.0016
   248  531  679  0.0030  0.0017  0.0016
   249  596  679  0.0030  0.0017  0.0016
   250  597  679  0.0030  0.0017  0.0016
   251  598  679  0.0030  0.0017  0.0016
   252  599  679  0.0030  0.0017  0.0016
   253  600  679  0.0030  0.0017  0.0016
   254  601  679  0.0030  0.0017  0.0016
   255  603  680  0.0030  0.0017  0.0016
   256  604  680  0.0030  0.0017  0.0016
   257  605  680  0.0030  0.0017  0.0016
   258  602  680  0.0030  0.0017  0.0016
   259  606  681  0.0030  0.0017  0.0016
   260  607  681  0.0030  0.0017  0.0016
   261  694  681  0.0030  0.0017  0.0016
   262  693  681  0.0030  0.0017  0.0016
   263  692  681  0.0030  0.0017  0.0016
   264  691  681  0.0030  0.0017  0.0016
   265  690  681  0.0030  0.0017  0.0016
   266  689  681  0.0030  0.0017  0.0016
   267  688  681  0.0030  0.0017  0.0016
   268  687  681  0.0030  0.0017  0.0016
   269  686  681  0.0030  0.0017  0.0016
   270  685  681  0.0030  0.0017  0.0016
   271  684  681  0.0030  0.0017  0.0016
   272  683  681  0.0030  0.0017  0.0016
   273  682  681  0.0030  0.0017  0.0016
   274  681  681  0.0030  0.0017  0.0016
   275  680  681  0.0030  0.0017  0.0016
   276  695  681  0.0030  0.0017  0.0016
   277  679  681  0.0030  0.0017  0.0016
   278  678  681  0.0030  0.0017  0.0016
   279  677  681  0.0030  0.0017  0.0016
   280  676  681  0.0030  0.0017  0.0016
   281  675  681  0.0030  0.0017  0.0016
   282  674  681  0.0030  0.0017  0.0016
   283  673  681  0.0030  0.0017  0.0016
   284  672  681  0.0030  0.0017  0.0016
   285  671  681  0.0030  0.0017  0.0016
   286  670  681  0.0030  0.0017  0.0016
   287  669  681  0.0030  0.0017  0.0016
   288  668  681  0.0030  0.0017  0.0016
   289  667  681  0.0030  0.0017  0.0016
   290  666  681  0.0030  0.0017  0.0016
   291  665  681  0.0030  0.0017  0.0016
   292  664  681  0.0030  0.0017  0.0016
   293  663  681  0.0030  0.0017  0.0016
   294  662  681  0.0030  0.0017  0.0016
   295  661  681  0.0030  0.0017  0.0016
   296  660  681  0.0030  0.0017  0.0016
   297  644  681  0.0030  0.0017  0.0016
   298  645  681  0.0030  0.0017  0.0016
   299  646  681  0.0030  0.0017  0.0016
   300  647  681  0.0030  0.0017  0.0016
   301  648  681  0.0030  0.0017  0.0016
   302  649  681  0.0030  0.0017  0.0016
   303  650  681  0.0030  0.0017  0.0016
   304  651  681  0.0030  0.0017  0.0016
   305  652  681  0.0030  0.0017  0.0016
   306  653  681  0.0030  0.0017  0.0016
   307  654  681  0.0030  0.0017  0.0016
   308  655  681  0.0030  0.0017  0.0016
   309  656  681  0.0030  0.0017  0.0016
   310  657  681  0.0030  0.0017  0.0016
   311  658  681  0.0030  0.0017  0.0016
   312  659  681  0.0030  0.0017  0.0016
   313  643  682  0.0030  0.0017  0.0016
   314  642  682  0.0030  0.0017  0.0016
   315  641  682  0.0030  0.0017  0.0016
   316  640  682  0.0030  0.0017  0.0016
   317  639  682  0.0030  0.0017  0.0016
   318  638  682  0.0030  0.0017  0.0016
   319  637  682  0.0030  0.0017  0.0016
   320  636  682  0.0030  0.0017  0.0016
   321  635  682  0.0030  0.0017  0.0016
   322  634  682  0.0030  0.0017  0.0016
   323  609  682  0.0030  0.0017  0.0016
   324  610  682  0.0030  0.0017  0.0016
   325  608  682  0.0030  0.0017  0.0016
   326  630  683  0.0030  0.0017  0.0016
   327  629  683  0.0030  0.0017  0.0016
   328  628  683  0.0030  0.0017  0.0016
   329  627  683  0.0030  0.0017  0.0016
   330  626  683  0.0030  0.0017  0.0016
   331  625  683  0.0030  0.0017  0.0016
   332  624  683  0.0030  0.0017  0.0016
   333  631  683  0.0030  0.0017  0.0016
   334  633  683  0.0030  0.0017  0.0016
   335  632  683  0.0030  0.0017  0.0016
   336  611  683  0.0030  0.0017  0.0016
   337  612  683  0.0030  0.0017  0.0016
   338  613  683  0.0030  0.0017  0.0016
   339  623  683  0.0030  0.0017  0.0016
   340  615  684  0.0030  0.0017  0.0016
   341  614  684  0.0030  0.0017  0.0016
   342  617  684  0.0030  0.0017  0.0016
   343  618  684  0.0030  0.0017  0.0016
   344  619  684  0.0030  0.0017  0.0016
   345  620  684  0.0030  0.0017  0.0016
   346  621  684  0.0030  0.0017  0.0016
   347  622  684  0.0030  0.0017  0.0016
   348  616  684  0.0030  0.0017  0.0016
