; ENVI Output of ROIs (5.4) [Tue Aug 13 13:13:30 2019]
; Number of ROIs: 10
; File Dimension: 1328 x 1184
;
; ROI name: Region #1
; ROI rgb value: {255, 0, 0}
; ROI npts: 213
;
; ROI name: Region #2
; ROI rgb value: {0, 255, 0}
; ROI npts: 216
;
; ROI name: Region #3
; ROI rgb value: {0, 0, 255}
; ROI npts: 190
;
; ROI name: Region #4
; ROI rgb value: {255, 255, 0}
; ROI npts: 206
;
; ROI name: Region #5
; ROI rgb value: {0, 255, 255}
; ROI npts: 207
;
; ROI name: Region #6
; ROI rgb value: {255, 0, 255}
; ROI npts: 168
;
; ROI name: Region #7
; ROI rgb value: {176, 48, 96}
; ROI npts: 169
;
; ROI name: Region #8
; ROI rgb value: {46, 139, 87}
; ROI npts: 149
;
; ROI name: Region #9
; ROI rgb value: {160, 32, 240}
; ROI npts: 149
;
; ROI name: Region #10
; ROI rgb value: {255, 127, 80}
; ROI npts: 348
;   ID    X   Y         B1         B2         B3
     1  222  57  -119.9614   159.7762   -29.1585
     2  220  58  -119.9603   159.7760   -29.1587
     3  221  58  -119.9606   159.7759   -29.1586
     4  218  59  -119.9584   159.7753   -29.1592
     5  219  59  -119.9594   159.7757   -29.1588
     6  216  60  -119.9579   159.7755   -29.1591
     7  217  60  -119.9578   159.7751   -29.1592
     8  215  61  -119.9569   159.7750   -29.1593
     9  214  61  -119.9563   159.7749   -29.1595
    10  212  62  -119.9551   159.7747   -29.1597
    11  213  62  -119.9557   159.7747   -29.1595
    12  210  63  -119.9547   159.7749   -29.1595
    13  211  63  -119.9543   159.7744   -29.1598
    14  208  64  -119.9530   159.7743   -29.1599
    15  207  64  -119.9525   159.7742   -29.1601
    16  206  64  -119.9541   159.7755   -29.1593
    17  209  64  -119.9532   159.7742   -29.1600
    18  205  65  -119.9554   159.7765   -29.1583
    19  204  65  -119.9529   159.7752   -29.1594
    20  203  65  -119.9511   159.7743   -29.1602
    21  202  65  -119.9517   159.7749   -29.1599
    22  201  65  -119.9509   159.7747   -29.1602
    23  200  65  -119.9520   159.7756   -29.1596
    24  198  66  -119.9517   159.7759   -29.1594
    25  197  66  -119.9516   159.7761   -29.1593
    26  196  66  -119.9508   159.7758   -29.1597
    27  195  66  -119.9503   159.7758   -29.1598
    28  194  66  -119.9499   159.7758   -29.1599
    29  193  66  -119.9495   159.7758   -29.1600
    30  199  66  -119.9515   159.7755   -29.1595
    31  192  67  -119.9491   159.7757   -29.1600
    32  191  67  -119.9482   159.7755   -29.1603
    33  190  67  -119.9480   159.7756   -29.1603
    34  189  67  -119.9482   159.7759   -29.1602
    35  188  67  -119.9474   159.7757   -29.1605
    36  187  67  -119.9480   159.7763   -29.1602
    37  185  68  -119.9467   159.7760   -29.1604
    38  184  68  -119.9473   159.7766   -29.1601
    39  183  68  -119.9466   159.7764   -29.1603
    40  182  68  -119.9466   159.7766   -29.1603
    41  181  68  -119.9468   159.7770   -29.1601
    42  186  68  -119.9467   159.7757   -29.1605
    43  180  69  -119.9464   159.7770   -29.1600
    44  179  69  -119.9464   159.7772   -29.1599
    45  178  69  -119.9462   159.7773   -29.1599
    46  177  69  -119.9461   159.7775   -29.1599
    47  176  69  -119.9458   159.7776   -29.1600
    48  175  69  -119.9457   159.7777   -29.1600
    49  173  70  -119.9453   159.7779   -29.1598
    50  172  70  -119.9451   159.7781   -29.1598
    51  171  70  -119.9452   159.7784   -29.1597
    52  170  70  -119.9452   159.7787   -29.1596
    53  169  70  -119.9451   159.7788   -29.1596
    54  174  70  -119.9453   159.7777   -29.1599
    55  168  71  -119.9452   159.7791   -29.1592
    56  167  71  -119.9453   159.7794   -29.1591
    57  166  71  -119.9450   159.7795   -29.1592
    58  165  71  -119.9451   159.7798   -29.1591
    59  164  71  -119.9452   159.7801   -29.1590
    60  162  72  -119.9450   159.7804   -29.1587
    61  161  72  -119.9445   159.7804   -29.1589
    62  160  72  -119.9442   159.7804   -29.1589
    63  159  72  -119.9443   159.7807   -29.1588
    64  158  72  -119.9435   159.7805   -29.1591
    65  163  72  -119.9451   159.7802   -29.1587
    66  157  73  -119.9432   159.7805   -29.1590
    67  156  73  -119.9424   159.7803   -29.1592
    68  155  73  -119.9414   159.7799   -29.1596
    69  154  73  -119.9409   159.7798   -29.1598
    70  153  73  -119.9406   159.7798   -29.1598
    71  152  73  -119.9395   159.7794   -29.1603
    72  151  74  -119.9439   159.7824   -29.1581
    73  150  74  -119.9442   159.7828   -29.1579
    74  149  74  -119.9445   159.7833   -29.1577
    75  148  74  -119.9444   159.7834   -29.1577
    76  147  74  -119.9448   159.7840   -29.1574
    77  146  74  -119.9448   159.7842   -29.1573
    78  144  75  -119.9447   159.7846   -29.1571
    79  143  75  -119.9442   159.7845   -29.1572
    80  142  75  -119.9443   159.7849   -29.1571
    81  145  75  -119.9440   159.7839   -29.1574
    82  141  76  -119.9434   159.7845   -29.1572
    83  140  76  -119.9426   159.7843   -29.1575
    84  139  76  -119.9425   159.7844   -29.1575
    85  138  76  -119.9420   159.7843   -29.1577
    86  136  77  -119.9400   159.7836   -29.1582
    87  135  77  -119.9427   159.7855   -29.1569
    88  134  77  -119.9380   159.7828   -29.1590
    89  137  77  -119.9408   159.7838   -29.1579
    90  132  78  -119.9400   159.7846   -29.1577
    91  131  78  -119.9396   159.7845   -29.1578
    92  130  78  -119.9388   159.7843   -29.1581
    93  133  78  -119.9366   159.7822   -29.1595
    94  129  79  -119.9380   159.7840   -29.1582
    95  128  79  -119.9375   159.7839   -29.1584
    96  127  79  -119.9394   159.7854   -29.1574
    97  126  79  -119.9368   159.7840   -29.1585
    98  125  79  -119.9399   159.7862   -29.1569
    99  124  79  -119.9389   159.7858   -29.1573
   100  123  79  -119.9403   159.7869   -29.1566
   101  122  79  -119.9404   159.7872   -29.1565
   102  121  79  -119.9393   159.7868   -29.1570
   103  120  79  -119.9391   159.7869   -29.1570
   104  119  79  -119.9380   159.7864   -29.1575
   105  118  79  -119.9373   159.7863   -29.1578
   106  117  79  -119.9368   159.7862   -29.1579
   107  116  79  -119.9361   159.7860   -29.1582
   108  115  79  -119.9357   159.7860   -29.1583
   109  114  79  -119.9353   159.7859   -29.1584
   110  113  79  -119.9347   159.7858   -29.1587
   119   19  79  -119.9241   159.8021   -29.1572
   120   20  79  -119.9220   159.8005   -29.1582
   121   21  79  -119.9239   159.8015   -29.1574
   122   22  79  -119.9216   159.7998   -29.1586
   123   23  79  -119.9229   159.8004   -29.1581
   124   24  79  -119.9235   159.8005   -29.1579
   125   25  79  -119.9252   159.8013   -29.1571
   126   26  79  -119.9229   159.7996   -29.1582
   127   27  79  -119.9236   159.7998   -29.1580
   128   28  79  -119.9248   159.8003   -29.1575
   129   29  79  -119.9243   159.7998   -29.1578
   130   30  79  -119.9256   159.8004   -29.1572
   131   31  79  -119.9253   159.7999   -29.1575
   132   32  79  -119.9258   159.8000   -29.1573
   133   33  79  -119.9245   159.7989   -29.1580
   134   34  79  -119.9212   159.7965   -29.1596
   135   35  79  -119.9240   159.7981   -29.1584
   136   36  79  -119.9245   159.7982   -29.1582
   138   85  80  -119.9351   159.7929   -29.1565
   139   84  80  -119.9348   159.7930   -29.1566
   140   83  80  -119.9341   159.7928   -29.1568
   141   82  80  -119.9343   159.7931   -29.1566
   142   81  80  -119.9341   159.7933   -29.1566
   143   80  80  -119.9342   159.7936   -29.1565
   144   79  80  -119.9338   159.7935   -29.1566
   145   78  80  -119.9336   159.7937   -29.1566
   146  112  80  -119.9345   159.7859   -29.1585
   147  111  80  -119.9359   159.7870   -29.1578
   148  110  80  -119.9362   159.7875   -29.1576
   149  109  80  -119.9359   159.7876   -29.1576
   150  108  80  -119.9361   159.7879   -29.1575
   151  107  80  -119.9357   159.7879   -29.1576
   152  106  80  -119.9354   159.7880   -29.1577
   153  105  80  -119.9358   159.7885   -29.1575
   154  104  80  -119.9351   159.7883   -29.1577
   155  103  80  -119.9350   159.7884   -29.1577
   156  102  80  -119.9352   159.7888   -29.1575
   157  101  80  -119.9347   159.7888   -29.1577
   158  100  80  -119.9347   159.7890   -29.1576
   159   99  80  -119.9340   159.7888   -29.1579
   160   98  80  -119.9336   159.7888   -29.1580
   161   97  80  -119.9334   159.7889   -29.1580
   162   96  80  -119.9343   159.7897   -29.1575
   163   95  80  -119.9344   159.7900   -29.1575
   164   94  80  -119.9346   159.7904   -29.1573
   165   93  80  -119.9351   159.7910   -29.1570
   166   92  80  -119.9346   159.7909   -29.1572
   167   91  80  -119.9344   159.7910   -29.1572
   168   90  80  -119.9338   159.7909   -29.1574
   169   89  80  -119.9340   159.7912   -29.1572
   170   88  80  -119.9342   159.7916   -29.1571
   171   87  80  -119.9341   159.7918   -29.1570
   172   37  80  -119.9235   159.7973   -29.1585
   173   50  80  -119.9300   159.7983   -29.1563
   174   49  80  -119.9296   159.7982   -29.1565
   175   48  80  -119.9290   159.7981   -29.1567
   176   47  80  -119.9284   159.7979   -29.1569
   177   46  80  -119.9278   159.7979   -29.1571
   178   45  80  -119.9272   159.7977   -29.1573
   179   44  80  -119.9268   159.7977   -29.1574
   180   43  80  -119.9264   159.7976   -29.1576
   181   42  80  -119.9259   159.7976   -29.1577
   182   41  80  -119.9254   159.7975   -29.1579
   183   40  80  -119.9256   159.7979   -29.1577
   184   39  80  -119.9249   159.7977   -29.1580
   185   38  80  -119.9241   159.7974   -29.1583
   186   86  80  -119.9348   159.7925   -29.1567
   187   52  81  -119.9307   159.7982   -29.1559
   188   53  81  -119.9302   159.7976   -29.1562
   189   54  81  -119.9305   159.7975   -29.1562
   190   55  81  -119.9306   159.7974   -29.1562
   191   56  81  -119.9310   159.7974   -29.1560
   192   57  81  -119.9315   159.7975   -29.1559
   193   58  81  -119.9316   159.7973   -29.1559
   194   59  81  -119.9324   159.7976   -29.1556
   195   60  81  -119.9325   159.7974   -29.1557
   196   61  81  -119.9331   159.7975   -29.1555
   197   62  81  -119.9335   159.7975   -29.1553
   198   63  81  -119.9340   159.7976   -29.1552
   199   64  81  -119.9344   159.7976   -29.1550
   200   65  81  -119.9347   159.7976   -29.1549
   201   66  81  -119.9349   159.7974   -29.1549
   202   67  81  -119.9354   159.7975   -29.1548
   203   68  81  -119.9355   159.7973   -29.1548
   204   69  81  -119.9349   159.7967   -29.1551
   205   70  81  -119.9353   159.7967   -29.1550
   206   71  81  -119.9353   159.7965   -29.1551
   207   72  81  -119.9348   159.7959   -29.1554
   208   73  81  -119.9332   159.7946   -29.1562
   209   74  81  -119.9333   159.7945   -29.1562
   210   75  81  -119.9338   159.7945   -29.1561
   211   76  81  -119.9333   159.7940   -29.1564
   212   77  81  -119.9334   159.7938   -29.1564
   213   51  81  -119.9303   159.7982   -29.1561

     1  218  72  -119.9567   159.7740   -29.1571
     2  219  72  -119.9571   159.7740   -29.1570
     3  216  73  -119.9559   159.7740   -29.1571
     4  217  73  -119.9562   159.7740   -29.1570
     5  214  74  -119.9552   159.7740   -29.1571
     6  215  74  -119.9554   159.7739   -29.1571
     7  212  75  -119.9549   159.7743   -29.1569
     8  213  75  -119.9551   159.7742   -29.1568
     9  211  76  -119.9549   159.7746   -29.1566
    10  209  76  -119.9545   159.7748   -29.1567
    11  210  76  -119.9548   159.7747   -29.1566
    12  208  77  -119.9545   159.7750   -29.1564
    13  207  77  -119.9546   159.7753   -29.1562
    14  206  78  -119.9539   159.7751   -29.1563
    15  205  78  -119.9539   159.7753   -29.1562
    16  204  79  -119.9535   159.7754   -29.1561
    17  202  79  -119.9532   159.7757   -29.1561
    18  201  79  -119.9532   159.7759   -29.1560
    19  203  79  -119.9532   159.7754   -29.1562
    20  199  80  -119.9523   159.7758   -29.1561
    21  197  80  -119.9509   159.7754   -29.1566
    22  198  80  -119.9514   159.7755   -29.1565
    23  200  80  -119.9525   159.7757   -29.1561
    24  196  81  -119.9505   159.7754   -29.1566
    25  195  81  -119.9504   159.7756   -29.1565
    26  193  81  -119.9514   159.7767   -29.1559
    27  192  81  -119.9546   159.7789   -29.1543
    28  194  81  -119.9505   159.7759   -29.1564
    29  191  82  -119.9531   159.7782   -29.1547
    30  190  82  -119.9489   159.7759   -29.1566
    31  189  82  -119.9482   159.7757   -29.1569
    32  188  82  -119.9485   159.7761   -29.1566
    33  183  83  -119.9465   159.7760   -29.1571
    34  187  83  -119.9471   159.7754   -29.1570
    35  186  83  -119.9478   159.7761   -29.1566
    36  185  83  -119.9476   159.7763   -29.1567
    37  184  83  -119.9470   159.7761   -29.1569
    38  182  84  -119.9459   159.7759   -29.1570
    39  181  84  -119.9460   159.7762   -29.1569
    40  180  84  -119.9455   159.7762   -29.1571
    41  179  84  -119.9456   159.7765   -29.1570
    42  178  84  -119.9448   159.7762   -29.1573
    43  174  85  -119.9452   159.7774   -29.1566
    44  177  85  -119.9473   159.7780   -29.1558
    45  176  85  -119.9465   159.7778   -29.1561
    46  175  85  -119.9459   159.7776   -29.1563
    47  170  86  -119.9429   159.7770   -29.1572
    48  169  86  -119.9434   159.7775   -29.1569
    49  168  86  -119.9442   159.7783   -29.1565
    50  167  86  -119.9439   159.7783   -29.1566
    51  166  86  -119.9437   159.7784   -29.1566
    52  171  86  -119.9436   159.7771   -29.1569
    53  173  86  -119.9440   159.7769   -29.1569
    54  172  86  -119.9441   159.7772   -29.1567
    55  161  87  -119.9404   159.7776   -29.1575
    56  160  87  -119.9405   159.7778   -29.1574
    57  159  87  -119.9400   159.7778   -29.1575
    59  157  87  -119.9444   159.7811   -29.1552
    60  156  87  -119.9441   159.7811   -29.1552
    61  155  87  -119.9427   159.7805   -29.1559
    62  154  87  -119.9420   159.7803   -29.1562
    63  163  87  -119.9419   159.7780   -29.1569
    64  164  87  -119.9428   159.7783   -29.1566
    65  165  87  -119.9433   159.7784   -29.1564
    66  162  87  -119.9412   159.7778   -29.1572
    67  149  88  -119.9400   159.7802   -29.1566
    68  148  88  -119.9396   159.7802   -29.1567
    69  147  88  -119.9392   159.7802   -29.1568
    70  146  88  -119.9391   159.7804   -29.1568
    71  150  88  -119.9403   159.7802   -29.1565
    72  152  88  -119.9410   159.7801   -29.1563
    73  153  88  -119.9412   159.7800   -29.1562
    74  151  88  -119.9407   159.7802   -29.1564
    75  140  89  -119.9382   159.7813   -29.1567
    76  145  89  -119.9387   159.7804   -29.1567
    77  143  89  -119.9386   159.7808   -29.1567
    78  144  89  -119.9384   159.7804   -29.1568
    79  142  89  -119.9384   159.7809   -29.1567
    80  141  89  -119.9382   159.7811   -29.1567
    81  135  90  -119.9375   159.7821   -29.1565
    82  137  90  -119.9389   159.7825   -29.1559
    83  138  90  -119.9374   159.7812   -29.1567
    84  139  90  -119.9376   159.7812   -29.1567
    85  136  90  -119.9387   159.7825   -29.1560
    86  134  90  -119.9366   159.7817   -29.1568
    87  133  91  -119.9353   159.7812   -29.1571
    88  131  91  -119.9364   159.7823   -29.1565
    89  130  91  -119.9361   159.7824   -29.1566
    90  129  91  -119.9359   159.7825   -29.1566
    91  132  91  -119.9369   159.7824   -29.1563
    92  128  92  -119.9354   159.7824   -29.1565
    93  126  92  -119.9352   159.7828   -29.1565
    94  125  92  -119.9349   159.7829   -29.1565
    95  124  92  -119.9349   159.7831   -29.1565
    96  123  92  -119.9364   159.7843   -29.1557
    97  127  92  -119.9351   159.7825   -29.1566
    98   39  93  -119.9235   159.7966   -29.1557
    99   38  93  -119.9230   159.7965   -29.1559
   100   37  93  -119.9233   159.7970   -29.1557
   101   36  93  -119.9233   159.7972   -29.1556
   102   35  93  -119.9238   159.7978   -29.1554
   103   34  93  -119.9246   159.7985   -29.1550
   104   33  93  -119.9231   159.7978   -29.1555
   105   32  93  -119.9233   159.7982   -29.1553
   106   31  93  -119.9242   159.7990   -29.1549
   107   30  93  -119.9225   159.7982   -29.1556
   108   40  93  -119.9246   159.7970   -29.1553
   109   21  93  -119.9204   159.7990   -29.1559
   110   29  93  -119.9230   159.7988   -29.1553
   111   28  93  -119.9229   159.7989   -29.1553
   112   27  93  -119.9220   159.7986   -29.1556
   113   26  93  -119.9202   159.7977   -29.1563
   114  117  93  -119.9314   159.7826   -29.1574
   115  118  93  -119.9328   159.7832   -29.1568
   116  119  93  -119.9330   159.7831   -29.1568
   117  120  93  -119.9338   159.7833   -29.1565
   118  121  93  -119.9348   159.7837   -29.1561
   119  122  93  -119.9356   159.7840   -29.1558
   120   41  93  -119.9238   159.7963   -29.1558
   121   42  93  -119.9248   159.7967   -29.1554
   122   43  93  -119.9252   159.7967   -29.1552
   123   44  93  -119.9256   159.7967   -29.1551
   124   46  93  -119.9261   159.7966   -29.1550
   125   45  93  -119.9259   159.7967   -29.1551
   126   47  93  -119.9266   159.7966   -29.1549
   127   48  93  -119.9266   159.7964   -29.1549
   128   49  93  -119.9269   159.7963   -29.1549
   129   22  93  -119.9201   159.7986   -29.1561
   130   50  93  -119.9268   159.7961   -29.1550
   131   25  93  -119.9212   159.7986   -29.1558
   132   24  93  -119.9211   159.7987   -29.1558
   133   23  93  -119.9202   159.7984   -29.1561
   134  116  94  -119.9332   159.7840   -29.1563
   135  115  94  -119.9337   159.7845   -29.1560
   136  114  94  -119.9338   159.7848   -29.1559
   137  113  94  -119.9335   159.7848   -29.1560
   138  110  94  -119.9346   159.7863   -29.1552
   140  108  94  -119.9341   159.7864   -29.1553
   141  107  94  -119.9339   159.7865   -29.1553
   142  106  94  -119.9339   159.7868   -29.1552
   143  105  94  -119.9336   159.7869   -29.1553
   144  104  94  -119.9332   159.7869   -29.1554
   145  103  94  -119.9325   159.7867   -29.1557
   146  102  94  -119.9326   159.7870   -29.1555
   147  101  94  -119.9327   159.7873   -29.1554
   148  100  94  -119.9351   159.7890   -29.1542
   149   99  94  -119.9340   159.7886   -29.1546
   150   98  94  -119.9333   159.7884   -29.1549
   151   97  94  -119.9326   159.7882   -29.1552
   152   96  94  -119.9319   159.7880   -29.1555
   153   95  94  -119.9313   159.7878   -29.1557
   154   94  94  -119.9308   159.7878   -29.1558
   155   93  94  -119.9302   159.7877   -29.1560
   156   92  94  -119.9295   159.7874   -29.1563
   157   91  94  -119.9291   159.7874   -29.1564
   158   90  94  -119.9279   159.7869   -29.1569
   159   89  94  -119.9283   159.7874   -29.1567
   160   88  94  -119.9276   159.7872   -29.1569
   161   87  94  -119.9318   159.7901   -29.1550
   162   86  94  -119.9319   159.7904   -29.1549
   163   85  94  -119.9320   159.7908   -29.1548
   164   84  94  -119.9322   159.7911   -29.1546
   165   83  94  -119.9320   159.7912   -29.1547
   166   82  94  -119.9322   159.7916   -29.1545
   167   81  94  -119.9316   159.7915   -29.1547
   168   80  94  -119.9307   159.7911   -29.1551
   169   79  94  -119.9297   159.7908   -29.1555
   170   78  94  -119.9292   159.7907   -29.1557
   171   77  94  -119.9287   159.7906   -29.1558
   172   76  94  -119.9297   159.7915   -29.1553
   173   75  94  -119.9300   159.7919   -29.1551
   174   74  94  -119.9311   159.7928   -29.1544
   175   73  94  -119.9321   159.7937   -29.1539
   176   72  94  -119.9340   159.7952   -29.1529
   177   71  94  -119.9318   159.7941   -29.1539
   178   70  94  -119.9328   159.7950   -29.1533
   179   69  94  -119.9324   159.7949   -29.1535
   180   68  94  -119.9318   159.7948   -29.1537
   181   67  94  -119.9336   159.7962   -29.1527
   182   66  94  -119.9342   159.7968   -29.1524
   183   65  94  -119.9341   159.7970   -29.1524
   184   64  94  -119.9340   159.7971   -29.1524
   185   63  94  -119.9338   159.7973   -29.1524
   186   62  94  -119.9330   159.7970   -29.1527
   187   61  94  -119.9340   159.7979   -29.1522
   188   60  94  -119.9330   159.7975   -29.1526
   189   59  94  -119.9324   159.7974   -29.1528
   190   58  94  -119.9314   159.7970   -29.1532
   191   57  94  -119.9306   159.7967   -29.1535
   192   56  94  -119.9296   159.7963   -29.1539
   193   55  94  -119.9290   159.7962   -29.1541
   194   54  94  -119.9282   159.7959   -29.1544
   195   53  94  -119.9277   159.7959   -29.1546
   196   52  94  -119.9273   159.7958   -29.1547
   197   51  94  -119.9268   159.7958   -29.1548
   198  112  94  -119.9335   159.7851   -29.1559
   199   20  94  -119.9196   159.7987   -29.1560
   201   19  94  -119.9208   159.7998   -29.1554
   207  111  94  -119.9336   159.7854   -29.1557
   210  109  94  -119.9344   159.7864   -29.1552

     1  192   93  -119.9474   159.7743   -29.1550
     2  190   93  -119.9469   159.7744   -29.1552
     3  189   93  -119.9464   159.7744   -29.1553
     4  188   93  -119.9461   159.7744   -29.1554
     5  191   93  -119.9471   159.7744   -29.1551
     6  182   94  -119.9441   159.7746   -29.1557
     7  183   94  -119.9443   159.7745   -29.1557
     8  181   94  -119.9438   159.7747   -29.1558
     9  185   94  -119.9441   159.7739   -29.1559
    10  186   94  -119.9448   159.7741   -29.1556
    11  187   94  -119.9454   159.7742   -29.1554
    12  180   94  -119.9436   159.7748   -29.1558
    13  179   94  -119.9438   159.7751   -29.1557
    14  178   94  -119.9439   159.7755   -29.1555
    15  184   94  -119.9441   159.7741   -29.1558
    16  177   95  -119.9429   159.7751   -29.1557
    17  176   95  -119.9428   159.7753   -29.1557
    18  175   95  -119.9425   159.7754   -29.1557
    19  174   95  -119.9425   159.7756   -29.1557
    20  173   95  -119.9420   159.7755   -29.1559
    21  172   95  -119.9419   159.7757   -29.1558
    22  171   95  -119.9420   159.7760   -29.1557
    23  170   95  -119.9418   159.7762   -29.1557
    24  169   95  -119.9456   159.7788   -29.1538
    25  168   95  -119.9436   159.7777   -29.1547
    26  167   95  -119.9427   159.7774   -29.1550
    27  166   95  -119.9431   159.7779   -29.1548
    28  165   96  -119.9417   159.7773   -29.1551
    29  164   96  -119.9408   159.7769   -29.1555
    30  163   96  -119.9399   159.7766   -29.1558
    31  162   96  -119.9390   159.7763   -29.1562
    32  161   96  -119.9388   159.7764   -29.1562
    33  160   96  -119.9387   159.7766   -29.1562
    34  159   96  -119.9379   159.7764   -29.1565
    35  158   96  -119.9370   159.7760   -29.1568
    36  154   96  -119.9364   159.7766   -29.1568
    37  155   96  -119.9367   159.7766   -29.1568
    38  156   96  -119.9377   159.7769   -29.1564
    39  157   96  -119.9385   159.7772   -29.1561
    40  153   97  -119.9350   159.7760   -29.1572
    41  152   97  -119.9347   159.7760   -29.1574
    42  151   97  -119.9356   159.7768   -29.1569
    43  150   97  -119.9358   159.7772   -29.1568
    44  149   97  -119.9375   159.7785   -29.1558
    45  148   97  -119.9410   159.7810   -29.1541
    46  147   97  -119.9373   159.7789   -29.1557
    47  146   97  -119.9385   159.7799   -29.1552
    48  145   97  -119.9370   159.7792   -29.1557
    49  144   97  -119.9373   159.7796   -29.1556
    50  143   97  -119.9372   159.7798   -29.1556
    51  142   97  -119.9377   159.7803   -29.1554
    52  140   98  -119.9367   159.7802   -29.1554
    53  139   98  -119.9364   159.7803   -29.1555
    54  138   98  -119.9364   159.7805   -29.1554
    55  133   98  -119.9372   159.7823   -29.1547
    56  134   98  -119.9375   159.7822   -29.1546
    57  135   98  -119.9373   159.7818   -29.1548
    58  137   98  -119.9365   159.7808   -29.1553
    59  141   98  -119.9370   159.7802   -29.1553
    60  136   98  -119.9380   159.7820   -29.1545
    61  130   99  -119.9356   159.7820   -29.1550
    62  131   99  -119.9358   159.7818   -29.1550
    63  132   99  -119.9361   159.7818   -29.1549
    64  129   99  -119.9353   159.7820   -29.1551
    67   41  100  -119.9237   159.7962   -29.1543
    68  128  100  -119.9347   159.7819   -29.1551
    69  127  100  -119.9345   159.7820   -29.1551
    70  126  100  -119.9342   159.7820   -29.1552
    71  125  100  -119.9342   159.7822   -29.1552
    72   22  100  -119.9219   159.7996   -29.1538
    73   23  100  -119.9229   159.8001   -29.1535
    74   24  100  -119.9229   159.7998   -29.1535
    75   25  100  -119.9223   159.7992   -29.1538
    76   26  100  -119.9219   159.7987   -29.1541
    77   27  100  -119.9221   159.7986   -29.1541
    78   28  100  -119.9219   159.7982   -29.1542
    79   29  100  -119.9224   159.7982   -29.1541
    80   30  100  -119.9219   159.7977   -29.1543
    81   31  100  -119.9229   159.7981   -29.1540
    82   32  100  -119.9221   159.7973   -29.1544
    83   33  100  -119.9230   159.7976   -29.1541
    84   34  100  -119.9230   159.7974   -29.1542
    85   35  100  -119.9243   159.7980   -29.1536
    86   36  100  -119.9228   159.7968   -29.1544
    87   37  100  -119.9229   159.7966   -29.1544
    88   38  100  -119.9231   159.7965   -29.1543
    89   39  100  -119.9235   159.7965   -29.1542
    90   40  100  -119.9233   159.7962   -29.1544
    91   42  100  -119.9241   159.7962   -29.1542
    92   43  100  -119.9244   159.7961   -29.1541
    94   44  101  -119.9243   159.7958   -29.1540
    95   46  101  -119.9246   159.7955   -29.1540
    97   47  101  -119.9251   159.7955   -29.1539
    98   63  101  -119.9296   159.7945   -29.1529
    99   48  101  -119.9251   159.7953   -29.1539
   100   49  101  -119.9252   159.7952   -29.1539
   101   50  101  -119.9254   159.7950   -29.1539
   102   51  101  -119.9252   159.7946   -29.1541
   103   52  101  -119.9259   159.7949   -29.1538
   104   53  101  -119.9258   159.7945   -29.1539
   105   54  101  -119.9267   159.7949   -29.1536
   106   55  101  -119.9277   159.7952   -29.1532
   107   56  101  -119.9275   159.7949   -29.1533
   108   57  101  -119.9286   159.7953   -29.1529
   109   58  101  -119.9294   159.7956   -29.1526
   110   59  101  -119.9298   159.7956   -29.1525
   111   60  101  -119.9297   159.7953   -29.1526
   112   61  101  -119.9294   159.7949   -29.1529
   114   62  101  -119.9327   159.7967   -29.1514
   118  120  101  -119.9334   159.7830   -29.1549
   119  121  101  -119.9338   159.7829   -29.1548
   120  122  101  -119.9341   159.7829   -29.1547
   121  123  101  -119.9344   159.7829   -29.1547
   122  124  101  -119.9345   159.7827   -29.1547
   132   64  101  -119.9283   159.7934   -29.1535
   133   45  101  -119.9244   159.7956   -29.1541
   136  119  102  -119.9327   159.7827   -29.1550
   137  118  102  -119.9324   159.7828   -29.1550
   138  117  102  -119.9325   159.7831   -29.1549
   139  116  102  -119.9328   159.7835   -29.1547
   140  115  102  -119.9327   159.7837   -29.1547
   141   65  102  -119.9230   159.7898   -29.1557
   142   66  102  -119.9255   159.7912   -29.1547
   143   67  102  -119.9258   159.7911   -29.1546
   144   68  102  -119.9264   159.7912   -29.1544
   145   69  102  -119.9270   159.7914   -29.1542
   146   70  102  -119.9286   159.7921   -29.1536
   147   71  102  -119.9287   159.7920   -29.1536
   148   72  102  -119.9295   159.7922   -29.1533
   149   73  102  -119.9233   159.7880   -29.1562
   150   74  102  -119.9245   159.7886   -29.1557
   151   75  102  -119.9239   159.7879   -29.1561
   152   76  102  -119.9253   159.7886   -29.1556
   153   77  102  -119.9257   159.7886   -29.1554
   154   78  102  -119.9241   159.7874   -29.1563
   155   79  102  -119.9264   159.7885   -29.1553
   156   80  102  -119.9270   159.7887   -29.1551
   157   81  102  -119.9276   159.7888   -29.1549
   158   82  102  -119.9286   159.7892   -29.1546
   159   83  102  -119.9294   159.7895   -29.1542
   160   84  102  -119.9301   159.7897   -29.1540
   161   93  102  -119.9306   159.7878   -29.1543
   162   92  102  -119.9305   159.7879   -29.1543
   163   91  102  -119.9303   159.7881   -29.1543
   164   90  102  -119.9303   159.7883   -29.1543
   165   89  102  -119.9313   159.7892   -29.1538
   166   88  102  -119.9316   159.7897   -29.1535
   167   87  102  -119.9315   159.7898   -29.1535
   168   86  102  -119.9312   159.7899   -29.1536
   169   85  102  -119.9309   159.7900   -29.1537
   170   94  103  -119.9304   159.7874   -29.1542
   171   95  103  -119.9307   159.7873   -29.1542
   172   96  103  -119.9318   159.7878   -29.1537
   173   97  103  -119.9318   159.7876   -29.1537
   174   99  103  -119.9322   159.7873   -29.1537
   175  100  103  -119.9324   159.7872   -29.1537
   176  101  103  -119.9326   159.7871   -29.1536
   177  102  103  -119.9327   159.7869   -29.1536
   178  103  103  -119.9316   159.7859   -29.1542
   179  104  103  -119.9323   159.7862   -29.1539
   180  105  103  -119.9328   159.7862   -29.1538
   181  106  103  -119.9331   159.7861   -29.1537
   182  107  103  -119.9335   159.7862   -29.1536
   183  108  103  -119.9329   159.7855   -29.1540
   184  109  103  -119.9325   159.7851   -29.1542
   185  110  103  -119.9323   159.7847   -29.1543
   186  111  103  -119.9322   159.7844   -29.1544
   187  112  103  -119.9321   159.7841   -29.1545
   188  113  103  -119.9319   159.7837   -29.1547
   189  114  103  -119.9326   159.7839   -29.1545
   190   98  103  -119.9320   159.7874   -29.1537

     1  328   90  -119.9669   159.7531   -29.1559
     2  328   91  -119.9663   159.7527   -29.1560
     3  329   92  -119.9661   159.7523   -29.1560
     4  329   93  -119.9660   159.7522   -29.1558
     5  330   94  -119.9660   159.7520   -29.1556
     6  330   95  -119.9655   159.7517   -29.1556
     7  331   96  -119.9655   159.7514   -29.1555
     8  332   97  -119.9650   159.7509   -29.1555
     9  333   98  -119.9650   159.7506   -29.1554
    10  334   99  -119.9639   159.7496   -29.1558
    11  335  100  -119.9637   159.7493   -29.1557
    12  337  101  -119.9627   159.7482   -29.1560
    13  336  101  -119.9629   159.7486   -29.1559
    14  338  102  -119.9625   159.7478   -29.1559
    15  339  102  -119.9621   159.7473   -29.1562
    16  340  102  -119.9639   159.7482   -29.1554
    17  341  102  -119.9644   159.7482   -29.1553
    18  342  102  -119.9648   159.7482   -29.1552
    19  343  103  -119.9652   159.7482   -29.1549
    20  344  103  -119.9653   159.7480   -29.1549
    21  345  103  -119.9657   159.7480   -29.1548
    22  346  103  -119.9658   159.7478   -29.1548
    23  347  103  -119.9658   159.7475   -29.1549
    24  348  103  -119.9658   159.7473   -29.1549
    25  349  103  -119.9658   159.7471   -29.1550
    26  350  103  -119.9663   159.7471   -29.1548
    27  351  103  -119.9667   159.7471   -29.1547
    28  352  103  -119.9677   159.7475   -29.1543
    29  353  103  -119.9689   159.7480   -29.1539
    30  354  104  -119.9691   159.7478   -29.1536
    31  355  104  -119.9699   159.7481   -29.1533
    32  356  104  -119.9701   159.7480   -29.1533
    33  357  104  -119.9721   159.7489   -29.1525
    34  358  104  -119.9724   159.7489   -29.1524
    35  359  104  -119.9713   159.7479   -29.1530
    36  360  104  -119.9696   159.7467   -29.1538
    37  361  104  -119.9672   159.7450   -29.1549
    38  362  104  -119.9679   159.7452   -29.1547
    39  363  104  -119.9670   159.7444   -29.1552
    40  364  104  -119.9666   159.7439   -29.1554
    41  365  104  -119.9659   159.7433   -29.1558
    42  366  104  -119.9654   159.7427   -29.1561
    43  367  104  -119.9632   159.7411   -29.1572
    44  368  104  -119.9638   159.7412   -29.1570
    45  369  104  -119.9641   159.7411   -29.1570
    46  371  105  -119.9631   159.7401   -29.1573
    47  370  105  -119.9661   159.7421   -29.1559
    48  373  106  -119.9622   159.7391   -29.1575
    49  372  106  -119.9623   159.7393   -29.1575
    50  375  107  -119.9632   159.7391   -29.1570
    51  374  107  -119.9614   159.7383   -29.1577
    52  377  108  -119.9634   159.7388   -29.1568
    53  376  108  -119.9644   159.7396   -29.1563
    54  378  109  -119.9626   159.7380   -29.1570
    55  379  110  -119.9628   159.7379   -29.1567
    56  381  111  -119.9625   159.7372   -29.1568
    57  380  111  -119.9627   159.7375   -29.1566
    58  383  112  -119.9629   159.7369   -29.1566
    59  384  112  -119.9626   159.7365   -29.1567
    60  385  112  -119.9638   159.7370   -29.1563
    61  382  112  -119.9625   159.7369   -29.1567
    62  386  113  -119.9623   159.7358   -29.1568
    63  387  113  -119.9625   159.7357   -29.1568
    64  388  113  -119.9628   159.7356   -29.1567
    65  389  113  -119.9631   159.7356   -29.1567
    66  390  113  -119.9627   159.7351   -29.1569
    67  391  113  -119.9628   159.7349   -29.1569
    68  392  113  -119.9632   159.7349   -29.1568
    69  393  113  -119.9645   159.7354   -29.1563
    70  394  113  -119.9647   159.7353   -29.1563
    71  395  114  -119.9656   159.7356   -29.1557
    72  396  114  -119.9655   159.7353   -29.1558
    73  397  114  -119.9654   159.7350   -29.1560
    74  398  114  -119.9642   159.7340   -29.1566
    75  399  114  -119.9632   159.7332   -29.1571
    76  400  114  -119.9621   159.7323   -29.1576
    77  401  114  -119.9624   159.7322   -29.1575
    78  403  115  -119.9633   159.7323   -29.1571
    79  402  115  -119.9627   159.7321   -29.1572
    80  405  116  -119.9637   159.7320   -29.1568
    81  404  116  -119.9664   159.7338   -29.1556
    82  406  117  -119.9644   159.7321   -29.1564
    83  407  117  -119.9641   159.7318   -29.1565
    84  408  117  -119.9655   159.7323   -29.1560
    85  409  117  -119.9662   159.7325   -29.1558
    86  410  117  -119.9672   159.7329   -29.1554
    87  411  117  -119.9677   159.7329   -29.1552
    88  412  117  -119.9681   159.7329   -29.1551
    89  413  117  -119.9675   159.7323   -29.1554
    90  414  117  -119.9661   159.7313   -29.1561
    91  415  117  -119.9666   159.7313   -29.1560
    92  416  117  -119.9663   159.7309   -29.1561
    93  417  117  -119.9671   159.7311   -29.1558
    94  418  117  -119.9686   159.7317   -29.1552
    95  419  117  -119.9673   159.7307   -29.1559
    96  420  117  -119.9673   159.7305   -29.1560
    97  421  117  -119.9676   159.7304   -29.1559
    98  422  117  -119.9677   159.7302   -29.1559
    99  423  117  -119.9678   159.7301   -29.1559
   100  424  117  -119.9677   159.7298   -29.1560
   101  425  117  -119.9676   159.7294   -29.1561
   102  426  117  -119.9672   159.7289   -29.1564
   103  427  117  -119.9677   159.7290   -29.1562
   104  428  117  -119.9680   159.7290   -29.1561
   105  429  117  -119.9680   159.7287   -29.1562
   106  430  117  -119.9682   159.7286   -29.1562
   107  431  117  -119.9681   159.7283   -29.1562
   108  432  117  -119.9682   159.7281   -29.1563
   109  433  117  -119.9683   159.7279   -29.1563
   110  434  117  -119.9682   159.7276   -29.1564
   111  435  117  -119.9683   159.7274   -29.1565
   112  436  117  -119.9683   159.7272   -29.1565
   113  437  117  -119.9684   159.7270   -29.1566
   114  438  117  -119.9685   159.7268   -29.1566
   115  439  117  -119.9686   159.7267   -29.1566
   116  440  117  -119.9685   159.7264   -29.1567
   117  442  118  -119.9693   159.7263   -29.1564
   118  443  118  -119.9688   159.7258   -29.1566
   119  444  118  -119.9685   159.7254   -29.1567
   120  445  118  -119.9698   159.7259   -29.1563
   121  446  118  -119.9694   159.7254   -29.1565
   122  447  118  -119.9694   159.7252   -29.1566
   123  448  118  -119.9691   159.7248   -29.1568
   124  441  118  -119.9683   159.7260   -29.1567
   125  449  119  -119.9691   159.7245   -29.1567
   126  450  119  -119.9694   159.7245   -29.1566
   127  451  119  -119.9696   159.7243   -29.1566
   128  452  119  -119.9701   159.7244   -29.1564
   129  453  119  -119.9700   159.7241   -29.1565
   130  454  119  -119.9701   159.7239   -29.1565
   131  455  119  -119.9697   159.7234   -29.1568
   132  457  120  -119.9720   159.7243   -29.1557
   133  458  120  -119.9735   159.7249   -29.1550
   134  459  120  -119.9743   159.7252   -29.1548
   135  460  120  -119.9727   159.7240   -29.1555
   136  461  120  -119.9735   159.7242   -29.1552
   137  456  120  -119.9705   159.7236   -29.1563
   138  462  121  -119.9730   159.7237   -29.1552
   139  463  121  -119.9725   159.7231   -29.1555
   140  464  121  -119.9746   159.7241   -29.1547
   141  465  121  -119.9707   159.7216   -29.1564
   142  466  121  -119.9708   159.7214   -29.1565
   143  467  121  -119.9701   159.7207   -29.1568
   144  469  122  -119.9713   159.7209   -29.1562
   145  470  122  -119.9703   159.7201   -29.1567
   146  471  122  -119.9709   159.7202   -29.1565
   147  472  122  -119.9714   159.7202   -29.1564
   148  473  122  -119.9711   159.7198   -29.1566
   149  474  122  -119.9740   159.7213   -29.1554
   150  475  122  -119.9706   159.7191   -29.1569
   151  468  122  -119.9701   159.7204   -29.1567
   152  476  123  -119.9713   159.7192   -29.1565
   153  477  123  -119.9740   159.7206   -29.1553
   154  478  123  -119.9736   159.7201   -29.1556
   155  479  123  -119.9729   159.7194   -29.1560
   156  480  123  -119.9751   159.7205   -29.1550
   157  481  123  -119.9744   159.7199   -29.1554
   158  482  123  -119.9757   159.7204   -29.1549
   159  483  123  -119.9722   159.7181   -29.1565
   160  484  123  -119.9728   159.7182   -29.1564
   161  485  124  -119.9720   159.7174   -29.1566
   162  486  124  -119.9713   159.7168   -29.1569
   163  487  124  -119.9698   159.7156   -29.1577
   164  488  124  -119.9700   159.7155   -29.1577
   165  489  124  -119.9701   159.7153   -29.1577
   166  490  124  -119.9703   159.7152   -29.1577
   167  491  124  -119.9712   159.7155   -29.1573
   168  492  124  -119.9711   159.7152   -29.1574
   171  496  125  -119.9699   159.7135   -29.1580
   172  497  125  -119.9691   159.7128   -29.1584
   173  498  125  -119.9689   159.7124   -29.1586
   174  499  125  -119.9689   159.7122   -29.1587
   176  500  126  -119.9737   159.7148   -29.1564
   177  501  126  -119.9748   159.7152   -29.1559
   178  502  126  -119.9757   159.7155   -29.1556
   179  503  126  -119.9708   159.7123   -29.1579
   180  504  126  -119.9686   159.7108   -29.1589
   181  505  126  -119.9668   159.7095   -29.1598
   182  506  126  -119.9660   159.7088   -29.1602
   183  507  126  -119.9658   159.7084   -29.1604
   184  508  126  -119.9707   159.7111   -29.1582
   185  509  126  -119.9681   159.7093   -29.1595
   186  510  126  -119.9666   159.7082   -29.1602
   187  511  126  -119.9694   159.7096   -29.1590
   188  512  126  -119.9738   159.7119   -29.1571
   189  513  126  -119.9745   159.7121   -29.1569
   190  514  126  -119.9747   159.7120   -29.1569
   191  515  126  -119.9728   159.7106   -29.1577
   192  516  126  -119.9743   159.7113   -29.1571
   193  517  126  -119.9766   159.7124   -29.1562
   194  518  126  -119.9782   159.7130   -29.1555
   195  519  126  -119.9748   159.7108   -29.1571
   196  520  126  -119.9762   159.7114   -29.1565
   197  521  126  -119.9779   159.7122   -29.1558
   198  522  126  -119.9769   159.7113   -29.1564
   199  524  127  -119.9897   159.7183   -29.1505
   200  525  127  -120.0017   159.7251   -29.1452
   201  523  127  -119.9880   159.7176   -29.1512
   202  527  128  -120.0050   159.7265   -29.1437
   203  528  128  -119.9915   159.7184   -29.1497
   204  526  128  -120.0044   159.7264   -29.1438
   205  530  129  -119.9808   159.7116   -29.1545
   206  529  129  -119.9841   159.7138   -29.1529

     1  262  167  -119.9416   159.7524   -29.1463
     2  264  168  -119.9412   159.7517   -29.1464
     3  263  168  -119.9412   159.7519   -29.1463
     4  266  169  -119.9404   159.7506   -29.1467
     5  265  169  -119.9401   159.7507   -29.1467
     6  267  170  -119.9414   159.7510   -29.1461
     7  268  170  -119.9416   159.7509   -29.1460
     8  270  171  -119.9413   159.7502   -29.1461
     9  269  171  -119.9414   159.7505   -29.1459
    10  272  172  -119.9424   159.7504   -29.1455
    11  271  172  -119.9417   159.7502   -29.1457
    12  273  173  -119.9423   159.7500   -29.1454
    13  274  173  -119.9426   159.7500   -29.1453
    14  275  173  -119.9429   159.7500   -29.1452
    15  320  173  -119.9470   159.7415   -29.1463
    16  319  173  -119.9466   159.7415   -29.1465
    17  318  173  -119.9462   159.7415   -29.1466
    18  317  173  -119.9459   159.7416   -29.1467
    19  322  173  -119.9477   159.7414   -29.1462
    20  323  173  -119.9481   159.7414   -29.1460
    21  324  173  -119.9486   159.7415   -29.1459
    22  325  173  -119.9487   159.7413   -29.1459
    23  321  173  -119.9474   159.7415   -29.1463
    24  349  174  -119.9523   159.7377   -29.1456
    25  348  174  -119.9522   159.7379   -29.1455
    26  347  174  -119.9523   159.7381   -29.1454
    27  346  174  -119.9507   159.7374   -29.1461
    28  345  174  -119.9507   159.7377   -29.1460
    29  344  174  -119.9506   159.7378   -29.1460
    30  343  174  -119.9503   159.7379   -29.1461
    31  350  174  -119.9528   159.7377   -29.1454
    32  341  174  -119.9508   159.7387   -29.1457
    33  340  174  -119.9509   159.7390   -29.1456
    34  339  174  -119.9509   159.7393   -29.1455
    35  338  174  -119.9509   159.7395   -29.1455
    36  337  174  -119.9508   159.7397   -29.1455
    37  336  174  -119.9507   159.7399   -29.1454
    38  335  174  -119.9503   159.7399   -29.1455
    39  334  174  -119.9518   159.7410   -29.1448
    40  333  174  -119.9502   159.7403   -29.1455
    41  332  174  -119.9502   159.7406   -29.1454
    42  331  174  -119.9499   159.7406   -29.1455
    43  330  174  -119.9494   159.7406   -29.1456
    44  329  174  -119.9490   159.7405   -29.1458
    45  328  174  -119.9489   159.7407   -29.1458
    46  327  174  -119.9493   159.7412   -29.1455
    47  326  174  -119.9488   159.7411   -29.1457
    48  351  174  -119.9511   159.7364   -29.1463
    49  352  174  -119.9512   159.7363   -29.1463
    50  353  174  -119.9508   159.7358   -29.1465
    51  354  174  -119.9509   159.7356   -29.1466
    52  313  174  -119.9445   159.7417   -29.1468
    53  314  174  -119.9446   159.7415   -29.1469
    54  315  174  -119.9449   159.7414   -29.1468
    55  316  174  -119.9455   159.7415   -29.1466
    56  279  174  -119.9427   159.7488   -29.1453
    57  278  174  -119.9430   159.7492   -29.1451
    58  277  174  -119.9432   159.7496   -29.1450
    59  276  174  -119.9427   159.7495   -29.1452
    60  342  174  -119.9514   159.7388   -29.1455
    61  312  175  -119.9442   159.7417   -29.1467
    62  311  175  -119.9438   159.7417   -29.1468
    63  310  175  -119.9446   159.7425   -29.1463
    64  309  175  -119.9455   159.7432   -29.1459
    65  308  175  -119.9435   159.7423   -29.1467
    66  307  175  -119.9456   159.7438   -29.1457
    67  306  175  -119.9461   159.7443   -29.1454
    68  305  175  -119.9457   159.7443   -29.1455
    69  304  175  -119.9457   159.7446   -29.1454
    70  303  175  -119.9458   159.7449   -29.1453
    71  302  175  -119.9457   159.7450   -29.1453
    72  301  175  -119.9444   159.7445   -29.1458
    73  300  175  -119.9429   159.7439   -29.1464
    74  299  175  -119.9414   159.7431   -29.1471
    75  298  175  -119.9430   159.7444   -29.1463
    76  297  175  -119.9436   159.7450   -29.1460
    77  296  175  -119.9412   159.7438   -29.1470
    78  295  175  -119.9400   159.7433   -29.1475
    79  294  175  -119.9446   159.7463   -29.1453
    80  293  175  -119.9410   159.7444   -29.1469
    81  292  175  -119.9405   159.7443   -29.1470
    82  291  175  -119.9384   159.7433   -29.1479
    83  290  175  -119.9392   159.7440   -29.1475
    84  289  175  -119.9362   159.7424   -29.1489
    85  288  175  -119.9371   159.7432   -29.1483
    86  287  175  -119.9347   159.7420   -29.1494
    87  286  175  -119.9385   159.7445   -29.1475
    88  285  175  -119.9414   159.7465   -29.1461
    89  284  175  -119.9406   159.7463   -29.1464
    90  283  175  -119.9370   159.7443   -29.1480
    91  282  175  -119.9409   159.7470   -29.1461
    92  281  175  -119.9422   159.7480   -29.1455
    93  280  175  -119.9425   159.7485   -29.1453
    94  355  175  -119.9519   159.7360   -29.1459
    95  356  175  -119.9518   159.7357   -29.1460
    96  357  175  -119.9517   159.7353   -29.1462
    97  358  175  -119.9534   159.7361   -29.1454
    98  359  175  -119.9547   159.7367   -29.1449
    99  360  175  -119.9551   159.7367   -29.1448
   100  361  175  -119.9534   159.7354   -29.1457
   101  362  175  -119.9514   159.7339   -29.1467
   102  363  175  -119.9548   159.7357   -29.1452
   103  364  175  -119.9516   159.7336   -29.1467
   104  365  176  -119.9499   159.7323   -29.1473
   105  366  176  -119.9481   159.7310   -29.1482
   106  367  176  -119.9515   159.7328   -29.1468
   107  368  176  -119.9525   159.7331   -29.1464
   108  369  176  -119.9522   159.7327   -29.1465
   109  371  177  -119.9524   159.7323   -29.1464
   110  372  177  -119.9500   159.7307   -29.1476
   111  373  177  -119.9508   159.7309   -29.1473
   112  374  177  -119.9509   159.7307   -29.1473
   113  375  177  -119.9507   159.7303   -29.1475
   114  376  177  -119.9509   159.7302   -29.1474
   115  370  177  -119.9526   159.7327   -29.1462
   116  377  178  -119.9516   159.7304   -29.1469
   117  378  178  -119.9516   159.7301   -29.1470
   118  379  178  -119.9509   159.7295   -29.1474
   119  380  178  -119.9506   159.7291   -29.1476
   120  381  178  -119.9513   159.7293   -29.1473
   121  382  178  -119.9521   159.7295   -29.1471
   126  387  179  -119.9542   159.7295   -29.1462
   127  388  180  -119.9535   159.7288   -29.1464
   128  389  180  -119.9533   159.7285   -29.1465
   129  390  180  -119.9538   159.7285   -29.1463
   130  391  180  -119.9546   159.7288   -29.1460
   131  392  180  -119.9531   159.7276   -29.1468
   132  393  180  -119.9534   159.7276   -29.1467
   133  394  180  -119.9547   159.7281   -29.1461
   134  395  180  -119.9551   159.7281   -29.1460
   135  396  180  -119.9542   159.7273   -29.1465
   136  397  180  -119.9551   159.7276   -29.1462
   137  398  180  -119.9560   159.7279   -29.1458
   138  399  180  -119.9562   159.7278   -29.1458
   139  400  180  -119.9557   159.7272   -29.1461
   140  401  180  -119.9554   159.7268   -29.1463
   141  402  180  -119.9553   159.7265   -29.1464
   142  403  180  -119.9559   159.7266   -29.1462
   143  404  181  -119.9563   159.7266   -29.1459
   144  405  181  -119.9563   159.7264   -29.1459
   145  406  181  -119.9569   159.7265   -29.1457
   146  407  181  -119.9574   159.7266   -29.1455
   147  408  181  -119.9583   159.7269   -29.1452
   148  409  181  -119.9593   159.7272   -29.1448
   149  410  181  -119.9589   159.7267   -29.1451
   150  411  181  -119.9591   159.7266   -29.1450
   151  412  181  -119.9558   159.7244   -29.1467
   152  413  181  -119.9572   159.7250   -29.1461
   153  414  181  -119.9582   159.7253   -29.1457
   154  415  181  -119.9580   159.7250   -29.1459
   155  416  181  -119.9582   159.7248   -29.1459
   156  417  181  -119.9581   159.7245   -29.1460
   157  418  181  -119.9588   159.7247   -29.1457
   158  419  181  -119.9590   159.7246   -29.1457
   159  420  181  -119.9593   159.7245   -29.1456
   160  421  181  -119.9594   159.7244   -29.1456
   161  422  181  -119.9587   159.7237   -29.1460
   162  423  181  -119.9588   159.7235   -29.1461
   163  424  181  -119.9589   159.7234   -29.1461
   164  425  181  -119.9590   159.7232   -29.1461
   165  426  181  -119.9591   159.7230   -29.1461
   166  427  181  -119.9593   159.7228   -29.1462
   167  428  181  -119.9594   159.7227   -29.1462
   168  430  182  -119.9592   159.7221   -29.1462
   169  431  182  -119.9592   159.7218   -29.1462
   170  432  182  -119.9593   159.7216   -29.1463
   171  429  182  -119.9592   159.7223   -29.1461
   172  434  183  -119.9590   159.7210   -29.1463
   173  435  183  -119.9592   159.7208   -29.1463
   174  433  183  -119.9591   159.7212   -29.1462
   175  436  184  -119.9589   159.7204   -29.1462
   176  437  184  -119.9589   159.7201   -29.1463
   177  438  184  -119.9590   159.7200   -29.1463
   178  439  184  -119.9594   159.7200   -29.1462
   179  440  185  -119.9593   159.7196   -29.1461
   180  441  185  -119.9595   159.7195   -29.1461
   181  442  185  -119.9595   159.7193   -29.1461
   182  443  185  -119.9596   159.7191   -29.1462
   183  444  185  -119.9594   159.7188   -29.1463
   184  445  185  -119.9593   159.7184   -29.1464
   185  446  185  -119.9586   159.7178   -29.1468
   186  447  185  -119.9584   159.7174   -29.1470
   187  448  185  -119.9588   159.7174   -29.1469
   188  449  186  -119.9560   159.7155   -29.1479
   189  450  186  -119.9574   159.7160   -29.1474
   190  451  186  -119.9575   159.7159   -29.1474
   191  452  186  -119.9571   159.7154   -29.1476
   192  453  186  -119.9584   159.7159   -29.1471
   193  454  186  -119.9595   159.7164   -29.1467
   194  455  186  -119.9606   159.7168   -29.1463
   195  456  186  -119.9610   159.7168   -29.1461
   196  457  186  -119.9610   159.7165   -29.1462
   197  458  186  -119.9620   159.7169   -29.1459
   198  459  186  -119.9626   159.7170   -29.1456
   199  460  186  -119.9612   159.7159   -29.1463
   200  461  186  -119.9609   159.7155   -29.1466
   201  462  186  -119.9617   159.7157   -29.1462
   202  464  187  -119.9598   159.7141   -29.1470
   203  465  187  -119.9606   159.7144   -29.1467
   204  466  187  -119.9605   159.7141   -29.1468
   205  467  187  -119.9608   159.7140   -29.1467
   206  468  187  -119.9615   159.7142   -29.1465
   207  463  187  -119.9598   159.7144   -29.1469

     1  1158  674  -119.9158   159.5184   -29.1089
     2  1160  675  -119.9155   159.5178   -29.1090
     3  1159  675  -119.9157   159.5181   -29.1088
     4  1161  676  -119.9149   159.5173   -29.1092
     5  1162  677  -119.9141   159.5166   -29.1095
     6  1164  678  -119.9122   159.5152   -29.1102
     7  1163  678  -119.9115   159.5150   -29.1105
     8  1165  679  -119.9117   159.5147   -29.1103
     9  1166  680  -119.9130   159.5151   -29.1096
    10  1167  680  -119.9133   159.5150   -29.1095
    11  1168  681  -119.9132   159.5147   -29.1094
    12  1170  682  -119.9125   159.5139   -29.1096
    13  1169  682  -119.9131   159.5144   -29.1093
    14  1171  683  -119.9147   159.5148   -29.1085
    17  1174  685  -119.9113   159.5123   -29.1098
    18  1176  686  -119.9157   159.5141   -29.1077
    19  1175  686  -119.9109   159.5119   -29.1098
    20  1177  687  -119.9124   159.5122   -29.1091
    21  1179  688  -119.9002   159.5054   -29.1146
    22  1178  688  -119.8989   159.5050   -29.1151
    23  1180  689  -119.9112   159.5109   -29.1094
    24  1182  690  -119.9158   159.5127   -29.1072
    25  1181  690  -119.9109   159.5105   -29.1094
    26  1183  691  -119.9023   159.5056   -29.1133
    27  1185  692  -119.9047   159.5063   -29.1121
    28  1184  692  -119.9040   159.5062   -29.1124
    29  1186  693  -119.9171   159.5125   -29.1063
    30  1187  693  -119.9185   159.5130   -29.1056
    31  1189  694  -119.9053   159.5058   -29.1117
    32  1188  694  -119.9202   159.5136   -29.1047
    33  1191  695  -119.9263   159.5160   -29.1018
    34  1190  695  -119.9244   159.5153   -29.1026
    35  1192  696  -119.9227   159.5140   -29.1033
    36  1193  696  -119.9227   159.5137   -29.1034
    37  1194  696  -119.9317   159.5181   -29.0993
    38  1196  697  -119.9338   159.5187   -29.0982
    39  1195  697  -119.9319   159.5180   -29.0990
    40  1197  698  -119.9272   159.5151   -29.1011
    43  1201  699  -119.9051   159.5029   -29.1115
    45  1203  700  -119.9056   159.5026   -29.1112
    46  1202  700  -119.9049   159.5025   -29.1115
    47  1205  701  -119.9050   159.5019   -29.1114
    48  1204  701  -119.9052   159.5022   -29.1113
    49  1207  702  -119.9029   159.5003   -29.1123
    50  1206  702  -119.9026   159.5004   -29.1124
    51  1208  703  -119.9040   159.5007   -29.1117
    52  1209  703  -119.9047   159.5008   -29.1114
    53  1211  704  -119.9038   159.4999   -29.1118
    54  1210  704  -119.9034   159.4999   -29.1119
    55  1213  705  -119.9039   159.4995   -29.1116
    56  1212  705  -119.9034   159.4995   -29.1118
    57  1214  706  -119.9040   159.4993   -29.1114
    58  1216  707  -119.9032   159.4984   -29.1118
    59  1215  707  -119.9036   159.4989   -29.1115
    60  1218  708  -119.9055   159.4991   -29.1106
    61  1217  708  -119.9075   159.5003   -29.1095
    62  1219  709  -119.9050   159.4986   -29.1107
    63  1220  709  -119.9060   159.4989   -29.1103
    64  1222  710  -119.9035   159.4972   -29.1114
    65  1221  710  -119.9034   159.4973   -29.1114
    66  1224  711  -119.9034   159.4967   -29.1114
    67  1223  711  -119.9041   159.4973   -29.1109
    68  1225  712  -119.9043   159.4969   -29.1108
    69  1226  712  -119.9035   159.4962   -29.1112
    70  1228  713  -119.9043   159.4962   -29.1108
    71  1229  713  -119.9039   159.4958   -29.1110
    72  1227  713  -119.9035   159.4960   -29.1111
    73  1230  714  -119.9049   159.4961   -29.1104
    74  1231  714  -119.9034   159.4950   -29.1112
    75  1233  715  -119.9035   159.4946   -29.1111
    76  1234  715  -119.9040   159.4947   -29.1109
    77  1232  715  -119.9030   159.4946   -29.1112
    78  1236  716  -119.9032   159.4938   -29.1112
    79  1235  716  -119.9038   159.4944   -29.1108
    80  1238  717  -119.9053   159.4944   -29.1101
    81  1239  717  -119.9060   159.4946   -29.1098
    82  1237  717  -119.9050   159.4945   -29.1102
    83  1240  718  -119.9048   159.4937   -29.1103
    84  1241  718  -119.9062   159.4942   -29.1097
    85  1243  719  -119.9038   159.4925   -29.1107
    86  1244  719  -119.9051   159.4930   -29.1102
    87  1245  719  -119.9059   159.4931   -29.1099
    88  1242  719  -119.9066   159.4941   -29.1093
    89  1246  720  -119.9054   159.4927   -29.1099
    90  1247  720  -119.9059   159.4927   -29.1097
    91  1248  720  -119.8988   159.4889   -29.1133
    92  1249  720  -119.8997   159.4891   -29.1129
    93  1250  720  -119.9002   159.4892   -29.1127
   118  1275  720  -119.9052   159.4862   -29.1120
   119  1276  720  -119.9054   159.4861   -29.1119
   120  1277  720  -119.9058   159.4861   -29.1118
   121  1278  720  -119.9062   159.4860   -29.1117
   122  1279  720  -119.9064   159.4859   -29.1116
   123  1280  720  -119.9068   159.4859   -29.1115
   124  1281  720  -119.9069   159.4857   -29.1115
   125  1282  720  -119.9073   159.4857   -29.1114
   126  1283  720  -119.9077   159.4857   -29.1113
   127  1284  720  -119.9079   159.4856   -29.1113
   128  1285  720  -119.9075   159.4852   -29.1115
   129  1286  720  -119.9077   159.4850   -29.1115
   130  1287  720  -119.9078   159.4849   -29.1115
   131  1288  720  -119.9080   159.4848   -29.1115
   132  1289  720  -119.9082   159.4847   -29.1114
   133  1290  720  -119.9082   159.4844   -29.1115
   134  1291  720  -119.9085   159.4844   -29.1114
   135  1292  720  -119.9089   159.4844   -29.1113
   136  1293  720  -119.9122   159.4858   -29.1097
   137  1294  720  -119.9127   159.4858   -29.1096
   138  1295  720  -119.9155   159.4870   -29.1083
   139  1296  720  -119.9108   159.4844   -29.1106
   140  1297  720  -119.9125   159.4851   -29.1098
   141  1298  720  -119.9114   159.4843   -29.1105
   145  1273  721  -119.9045   159.4863   -29.1120
   146  1272  721  -119.9043   159.4864   -29.1120
   147  1271  721  -119.9041   159.4865   -29.1120
   148  1270  721  -119.9038   159.4866   -29.1121
   149  1269  721  -119.9040   159.4869   -29.1119
   150  1251  721  -119.9014   159.4895   -29.1120
   151  1252  721  -119.9020   159.4896   -29.1118
   152  1253  721  -119.9023   159.4895   -29.1117
   153  1254  721  -119.9022   159.4893   -29.1118
   154  1274  721  -119.9050   159.4863   -29.1118
   155  1256  722  -119.9024   159.4889   -29.1117
   156  1264  722  -119.9038   159.4879   -29.1115
   157  1267  722  -119.9037   159.4871   -29.1118
   158  1266  722  -119.9036   159.4873   -29.1117
   159  1259  722  -119.9034   159.4887   -29.1114
   160  1258  722  -119.9030   159.4888   -29.1115
   161  1257  722  -119.9026   159.4888   -29.1116
   162  1265  722  -119.9038   159.4877   -29.1115
   163  1255  722  -119.9023   159.4890   -29.1116
   164  1268  722  -119.9038   159.4870   -29.1117
   165  1261  723  -119.9031   159.4881   -29.1114
   166  1260  723  -119.9026   159.4881   -29.1116
   167  1263  723  -119.9036   159.4879   -29.1113
   168  1262  723  -119.9037   159.4882   -29.1112

     1  1156  679  -119.9137   159.5177   -29.1087
     2  1158  680  -119.9126   159.5166   -29.1092
     3  1157  680  -119.9136   159.5174   -29.1087
     4  1159  681  -119.9123   159.5163   -29.1092
     5  1160  682  -119.9119   159.5158   -29.1092
     6  1161  682  -119.9126   159.5160   -29.1089
     7  1163  683  -119.9108   159.5146   -29.1097
     8  1162  683  -119.9106   159.5147   -29.1097
     9  1164  684  -119.9123   159.5151   -29.1089
    10  1165  685  -119.9122   159.5148   -29.1087
    11  1166  685  -119.9122   159.5145   -29.1088
    12  1167  686  -119.9128   159.5146   -29.1084
    13  1169  687  -119.9160   159.5158   -29.1069
    14  1168  687  -119.9143   159.5152   -29.1076
    19  1175  691  -119.9050   159.5087   -29.1115
    23  1178  693  -119.8995   159.5052   -29.1139
    24  1180  694  -119.9030   159.5065   -29.1122
    25  1179  694  -119.9006   159.5055   -29.1132
    26  1181  695  -119.9121   159.5110   -29.1078
    27  1183  696  -119.9141   159.5115   -29.1068
    28  1182  696  -119.9126   159.5110   -29.1075
    29  1185  697  -119.9153   159.5117   -29.1062
    30  1184  697  -119.9142   159.5114   -29.1066
    31  1186  698  -119.9170   159.5123   -29.1053
    32  1187  698  -119.9158   159.5115   -29.1059
    33  1189  699  -119.9288   159.5177   -29.0998
    34  1188  699  -119.9258   159.5164   -29.1011
    35  1191  700  -119.9311   159.5184   -29.0986
    36  1190  700  -119.9307   159.5184   -29.0988
    37  1193  701  -119.9313   159.5180   -29.0985
    38  1192  701  -119.9332   159.5192   -29.0975
    39  1195  702  -119.9346   159.5192   -29.0968
    40  1194  702  -119.9344   159.5194   -29.0969
    41  1196  703  -119.9348   159.5191   -29.0966
    42  1197  703  -119.9360   159.5195   -29.0961
    43  1199  704  -119.8996   159.5004   -29.1129
    44  1198  704  -119.8985   159.5000   -29.1134
    45  1201  705  -119.9025   159.5014   -29.1115
    46  1200  705  -119.9009   159.5008   -29.1122
    47  1202  706  -119.9008   159.5003   -29.1121
    48  1203  706  -119.9030   159.5012   -29.1112
    49  1205  707  -119.9036   159.5011   -29.1108
    50  1204  707  -119.9037   159.5013   -29.1107
    51  1206  708  -119.9034   159.5007   -29.1108
    52  1207  709  -119.9046   159.5011   -29.1102
    53  1208  709  -119.9054   159.5013   -29.1100
    54  1210  710  -119.9057   159.5009   -29.1096
    55  1209  710  -119.9157   159.5063   -29.1050
    56  1212  711  -119.9226   159.5092   -29.1018
    57  1211  711  -119.9259   159.5110   -29.1002
    58  1214  712  -119.9022   159.4982   -29.1110
    59  1213  712  -119.9021   159.4984   -29.1110
    60  1216  713  -119.9021   159.4977   -29.1110
    61  1215  713  -119.9023   159.4980   -29.1108
    62  1217  714  -119.9016   159.4972   -29.1111
    63  1218  714  -119.9018   159.4971   -29.1110
    64  1220  715  -119.9032   159.4974   -29.1103
    65  1219  715  -119.9025   159.4972   -29.1106
    66  1222  716  -119.9039   159.4972   -29.1100
    67  1221  716  -119.9030   159.4970   -29.1103
    68  1223  717  -119.9025   159.4963   -29.1105
    69  1224  717  -119.9023   159.4960   -29.1106
    70  1226  718  -119.9025   159.4956   -29.1105
    71  1225  718  -119.9021   159.4956   -29.1106
    72  1228  719  -119.9035   159.4957   -29.1099
    73  1227  719  -119.9011   159.4947   -29.1110
    74  1229  720  -119.9057   159.4966   -29.1087
    75  1230  720  -119.9088   159.4979   -29.1073
    76  1232  721  -119.8966   159.4912   -29.1130
    77  1233  721  -119.9005   159.4930   -29.1112
    78  1234  721  -119.9011   159.4931   -29.1110
    79  1231  721  -119.9048   159.4956   -29.1091
    80  1236  722  -119.8948   159.4894   -29.1139
    81  1237  722  -119.9020   159.4929   -29.1106
    82  1238  722  -119.8979   159.4905   -29.1126
    83  1235  722  -119.8934   159.4889   -29.1145
    84  1239  723  -119.8981   159.4904   -29.1124
    85  1240  723  -119.9008   159.4916   -29.1111
    86  1241  723  -119.9047   159.4933   -29.1094
    87  1242  723  -119.9079   159.4947   -29.1080
    88  1244  724  -119.9049   159.4928   -29.1093
    89  1245  724  -119.9058   159.4930   -29.1089
    90  1246  724  -119.9044   159.4920   -29.1096
    91  1243  724  -119.9030   159.4920   -29.1101
    92  1247  725  -119.9028   159.4910   -29.1103
    93  1248  725  -119.9024   159.4906   -29.1105
    94  1249  725  -119.9028   159.4906   -29.1104
    95  1250  725  -119.9034   159.4906   -29.1102
   100  1300  725  -119.9094   159.4827   -29.1105
   101  1299  725  -119.9094   159.4829   -29.1105
   102  1298  725  -119.9098   159.4834   -29.1102
   103  1297  725  -119.9094   159.4834   -29.1103
   104  1296  725  -119.9091   159.4834   -29.1104
   105  1295  725  -119.9105   159.4844   -29.1097
   106  1294  725  -119.9100   159.4843   -29.1098
   107  1293  725  -119.9102   159.4847   -29.1097
   108  1292  725  -119.9098   159.4847   -29.1098
   109  1291  725  -119.9093   159.4846   -29.1100
   110  1290  725  -119.9086   159.4845   -29.1103
   111  1289  725  -119.9083   159.4846   -29.1103
   112  1288  725  -119.9077   159.4845   -29.1106
   113  1287  725  -119.9077   159.4847   -29.1105
   114  1286  725  -119.9077   159.4849   -29.1104
   119  1273  726  -119.9047   159.4862   -29.1108
   120  1275  726  -119.9050   159.4859   -29.1108
   121  1276  726  -119.9050   159.4857   -29.1109
   122  1277  726  -119.9050   159.4855   -29.1109
   123  1278  726  -119.9054   159.4855   -29.1108
   124  1279  726  -119.9057   159.4854   -29.1107
   125  1280  726  -119.9060   159.4854   -29.1107
   126  1281  726  -119.9062   159.4853   -29.1106
   127  1282  726  -119.9067   159.4853   -29.1104
   128  1283  726  -119.9067   159.4851   -29.1105
   129  1284  726  -119.9070   159.4850   -29.1104
   130  1285  726  -119.9075   159.4850   -29.1103
   146  1254  726  -119.9022   159.4891   -29.1108
   147  1253  726  -119.9034   159.4900   -29.1101
   148  1252  726  -119.9036   159.4903   -29.1100
   149  1251  726  -119.9033   159.4903   -29.1101
   150  1274  726  -119.9046   159.4860   -29.1109
   152  1271  727  -119.9044   159.4865   -29.1106
   153  1270  727  -119.9044   159.4867   -29.1106
   154  1269  727  -119.9042   159.4869   -29.1105
   155  1268  727  -119.9042   159.4871   -29.1105
   156  1267  727  -119.9039   159.4871   -29.1105
   157  1266  727  -119.9038   159.4873   -29.1106
   158  1265  727  -119.9036   159.4874   -29.1106
   159  1255  727  -119.9024   159.4890   -29.1105
   160  1272  727  -119.9043   159.4862   -29.1107
   161  1256  727  -119.9029   159.4890   -29.1103
   162  1257  727  -119.9027   159.4887   -29.1105
   163  1258  727  -119.9032   159.4887   -29.1103
   164  1260  728  -119.9015   159.4874   -29.1110
   165  1261  728  -119.9014   159.4872   -29.1111
   166  1262  728  -119.9021   159.4873   -29.1109
   167  1264  728  -119.9032   159.4874   -29.1105
   168  1263  728  -119.9029   159.4875   -29.1106
   169  1259  728  -119.9032   159.4885   -29.1102

     1  710  735  -119.8665   159.5918   -29.0899
     3  709  737  -119.8657   159.5915   -29.0898
     4  708  738  -119.8655   159.5917   -29.0897
     5  707  738  -119.8643   159.5912   -29.0901
     6  705  739  -119.8634   159.5912   -29.0902
     7  706  739  -119.8634   159.5909   -29.0903
     8  703  740  -119.8623   159.5910   -29.0904
     9  704  740  -119.8626   159.5909   -29.0903
    10  702  741  -119.8611   159.5905   -29.0908
    11  701  741  -119.8607   159.5905   -29.0907
    12  700  741  -119.8604   159.5906   -29.0907
    13  699  741  -119.8601   159.5906   -29.0907
    14  697  742  -119.8594   159.5907   -29.0914
    15  696  742  -119.8590   159.5907   -29.0915
    16  695  742  -119.8592   159.5910   -29.0913
    17  698  742  -119.8597   159.5906   -29.0908
    18  694  743  -119.8575   159.5903   -29.0917
    19  693  743  -119.8569   159.5902   -29.0920
    20  692  743  -119.8570   159.5905   -29.0918
    21  691  743  -119.8568   159.5906   -29.0918
    22  690  743  -119.8573   159.5911   -29.0915
    23  689  743  -119.8598   159.5927   -29.0902
    24  688  743  -119.8598   159.5930   -29.0901
    25  687  743  -119.8580   159.5921   -29.0909
    26  686  744  -119.8577   159.5922   -29.0908
    27  685  744  -119.8552   159.5910   -29.0920
    28  684  744  -119.8580   159.5928   -29.0905
    29  683  744  -119.8579   159.5930   -29.0904
    30  682  744  -119.8577   159.5931   -29.0905
    31  681  744  -119.8562   159.5925   -29.0912
    32  680  744  -119.8519   159.5903   -29.0933
    33  679  744  -119.8516   159.5903   -29.0934
    34  678  744  -119.8557   159.5929   -29.0912
    35  677  744  -119.8554   159.5930   -29.0913
    36  676  744  -119.8539   159.5923   -29.0920
    37  675  745  -119.8484   159.5895   -29.0945
    38  674  745  -119.8560   159.5939   -29.0906
    39  673  745  -119.8513   159.5915   -29.0930
    40  672  745  -119.8467   159.5892   -29.0952
    41  671  745  -119.8513   159.5920   -29.0928
    42  670  745  -119.8511   159.5921   -29.0928
    43  669  745  -119.8515   159.5925   -29.0926
    44  668  745  -119.8511   159.5926   -29.0927
    45  667  745  -119.8513   159.5929   -29.0926
    47  665  745  -119.8564   159.5963   -29.0899
    48  664  745  -119.8561   159.5963   -29.0900
    49  663  745  -119.8561   159.5965   -29.0899
    50  662  745  -119.8556   159.5965   -29.0901
    51  661  745  -119.8577   159.5979   -29.0890
    52  660  745  -119.8581   159.5983   -29.0887
    53  659  745  -119.8576   159.5983   -29.0889
    54  658  745  -119.8577   159.5986   -29.0888
    55  657  745  -119.8568   159.5983   -29.0892
    56  656  746  -119.8538   159.5968   -29.0904
    57  655  746  -119.8538   159.5971   -29.0903
    58  654  746  -119.8555   159.5982   -29.0894
    59  653  746  -119.8548   159.5981   -29.0897
    60  652  746  -119.8540   159.5978   -29.0900
    61  651  746  -119.8541   159.5981   -29.0899
    62  650  746  -119.8544   159.5986   -29.0896
    63  649  746  -119.8547   159.5989   -29.0894
    64  648  746  -119.8562   159.6000   -29.0887
    65  647  746  -119.8565   159.6004   -29.0885
    84  646  746  -119.8559   159.6003   -29.0887
    91  621  747  -119.8575   159.6069   -29.0858
    92  620  747  -119.8558   159.6062   -29.0866
    93  619  747  -119.8542   159.6055   -29.0874
    94  618  747  -119.8489   159.6027   -29.0901
    95  617  747  -119.8491   159.6031   -29.0899
    96  616  747  -119.8484   159.6029   -29.0902
    97  615  747  -119.8530   159.6057   -29.0877
    98  614  747  -119.8457   159.6018   -29.0917
    99  613  747  -119.8453   159.6019   -29.0918
   100  612  747  -119.8506   159.6051   -29.0889
   101  611  747  -119.8487   159.6042   -29.0900
   102  610  747  -119.8494   159.6049   -29.0894
   103  608  748  -119.8491   159.6051   -29.0892
   104  607  748  -119.8496   159.6056   -29.0888
   105  606  748  -119.8492   159.6056   -29.0889
   106  605  748  -119.8467   159.6045   -29.0902
   107  604  748  -119.8444   159.6034   -29.0913
   108  609  748  -119.8486   159.6046   -29.0896
   109  603  749  -119.8428   159.6026   -29.0919
   110  602  749  -119.8413   159.6020   -29.0926
   111  601  749  -119.8528   159.6088   -29.0863
   112  600  749  -119.8488   159.6067   -29.0884
   113  599  749  -119.8487   159.6069   -29.0883
   114  598  749  -119.8445   159.6047   -29.0905
   115  597  750  -119.8432   159.6042   -29.0910
   116  596  750  -119.8434   159.6046   -29.0908
   117  595  750  -119.8424   159.6042   -29.0912
   118  594  750  -119.8427   159.6046   -29.0910
   119  593  750  -119.8442   159.6057   -29.0901
   120  592  750  -119.8417   159.6045   -29.0914
   121  591  750  -119.8415   159.6046   -29.0914
   122  589  751  -119.8405   159.6045   -29.0915
   123  588  751  -119.8399   159.6044   -29.0917
   124  587  751  -119.8392   159.6042   -29.0920
   125  586  751  -119.8405   159.6052   -29.0912
   126  585  751  -119.8382   159.6041   -29.0924
   127  584  751  -119.8393   159.6049   -29.0917
   128  583  751  -119.8390   159.6050   -29.0918
   129  590  751  -119.8412   159.6046   -29.0912
   133  579  752  -119.8389   159.6059   -29.0914
   135  577  752  -119.8373   159.6054   -29.0921
   136  576  752  -119.8377   159.6058   -29.0918
   137  575  752  -119.8380   159.6062   -29.0916
   138  574  753  -119.8370   159.6059   -29.0918
   139  573  753  -119.8377   159.6065   -29.0914
   140  572  753  -119.8373   159.6065   -29.0916
   141  571  753  -119.8374   159.6068   -29.0914
   142  570  753  -119.8377   159.6072   -29.0912
   143  569  753  -119.8383   159.6078   -29.0908
   144  568  753  -119.8379   159.6078   -29.0909
   145  567  753  -119.8384   159.6083   -29.0906
   146  565  754  -119.8378   159.6084   -29.0905
   147  564  754  -119.8374   159.6084   -29.0907
   148  563  754  -119.8371   159.6084   -29.0907
   149  566  754  -119.8379   159.6082   -29.0905

     1  713  727  -119.8700   159.5932   -29.0897
     2  712  728  -119.8692   159.5930   -29.0900
     3  711  729  -119.8677   159.5924   -29.0907
     7  707  732  -119.8659   159.5922   -29.0906
     8  706  733  -119.8650   159.5920   -29.0908
     9  705  734  -119.8641   159.5916   -29.0910
    10  703  735  -119.8630   159.5915   -29.0912
    11  704  735  -119.8635   159.5915   -29.0911
    12  701  736  -119.8624   159.5916   -29.0914
    13  700  736  -119.8622   159.5917   -29.0916
    14  702  736  -119.8623   159.5913   -29.0913
    15  698  737  -119.8617   159.5919   -29.0914
    16  697  737  -119.8614   159.5919   -29.0911
    17  699  737  -119.8614   159.5915   -29.0917
    18  696  738  -119.8590   159.5908   -29.0920
    19  695  738  -119.8588   159.5908   -29.0919
    20  694  738  -119.8596   159.5916   -29.0916
    21  693  738  -119.8595   159.5917   -29.0916
    22  692  738  -119.8596   159.5920   -29.0915
    23  691  738  -119.8595   159.5922   -29.0915
    24  690  738  -119.8597   159.5925   -29.0914
    25  689  738  -119.8598   159.5928   -29.0913
    26  688  738  -119.8591   159.5927   -29.0915
    27  687  738  -119.8584   159.5925   -29.0917
    28  686  738  -119.8565   159.5917   -29.0926
    29  685  738  -119.8561   159.5916   -29.0928
    30  684  738  -119.8546   159.5910   -29.0935
    31  683  738  -119.8543   159.5911   -29.0935
    32  682  738  -119.8535   159.5909   -29.0939
    33  681  738  -119.8525   159.5905   -29.0943
    34  680  738  -119.8528   159.5909   -29.0940
    35  679  738  -119.8530   159.5912   -29.0939
    36  678  738  -119.8635   159.5974   -29.0886
    37  677  738  -119.8626   159.5971   -29.0890
    38  676  738  -119.8614   159.5967   -29.0895
    39  675  738  -119.8606   159.5965   -29.0899
    40  674  738  -119.8599   159.5963   -29.0901
    41  673  738  -119.8573   159.5951   -29.0914
    42  672  738  -119.8563   159.5947   -29.0919
    43  671  739  -119.8566   159.5951   -29.0914
    44  670  739  -119.8577   159.5959   -29.0908
    45  669  739  -119.8551   159.5947   -29.0920
    46  668  739  -119.8547   159.5947   -29.0922
    47  667  739  -119.8579   159.5967   -29.0905
    48  666  739  -119.8575   159.5968   -29.0906
    49  665  739  -119.8582   159.5974   -29.0902
    50  664  739  -119.8574   159.5971   -29.0906
    51  663  739  -119.8564   159.5968   -29.0910
    52  662  739  -119.8568   159.5973   -29.0907
    53  661  739  -119.8593   159.5989   -29.0894
    54  660  739  -119.8589   159.5989   -29.0896
    55  659  740  -119.8591   159.5993   -29.0892
    56  658  740  -119.8602   159.6001   -29.0885
    57  657  740  -119.8585   159.5993   -29.0894
    58  656  740  -119.8580   159.5993   -29.0895
    59  654  740  -119.8581   159.5998   -29.0893
    60  653  740  -119.8572   159.5995   -29.0897
    61  652  740  -119.8563   159.5993   -29.0901
    62  651  740  -119.8561   159.5994   -29.0901
    63  650  740  -119.8573   159.6003   -29.0894
    64  649  740  -119.8579   159.6009   -29.0891
    65  648  740  -119.8577   159.6010   -29.0891
    66  647  740  -119.8573   159.6010   -29.0892
    67  646  740  -119.8571   159.6011   -29.0893
    68  645  740  -119.8567   159.6011   -29.0894
    69  644  740  -119.8560   159.6009   -29.0897
    70  643  740  -119.8587   159.6027   -29.0883
    71  655  740  -119.8588   159.6000   -29.0890
    72  636  741  -119.8567   159.6031   -29.0886
    73  635  741  -119.8562   159.6031   -29.0888
    74  638  741  -119.8551   159.6018   -29.0896
    75  639  741  -119.8556   159.6018   -29.0894
    76  640  741  -119.8585   159.6033   -29.0879
    77  641  741  -119.8575   159.6024   -29.0886
    78  642  741  -119.8580   159.6025   -29.0884
    79  634  741  -119.8555   159.6029   -29.0891
    80  633  741  -119.8566   159.6038   -29.0885
    81  632  741  -119.8660   159.6094   -29.0834
    82  631  741  -119.8540   159.6028   -29.0896
    83  630  741  -119.8539   159.6030   -29.0896
    84  629  741  -119.8692   159.6118   -29.0817
    85  628  741  -119.8532   159.6030   -29.0899
    86  627  741  -119.8592   159.6066   -29.0866
    87  626  741  -119.8523   159.6029   -29.0902
    88  625  741  -119.8533   159.6037   -29.0896
    89  624  741  -119.8583   159.6068   -29.0869
    90  623  741  -119.8528   159.6039   -29.0898
    91  637  741  -119.8566   159.6029   -29.0887
    92  622  742  -119.8522   159.6038   -29.0898
    93  621  742  -119.8569   159.6067   -29.0872
    94  620  742  -119.8560   159.6064   -29.0876
    95  619  742  -119.8549   159.6060   -29.0882
    96  618  742  -119.8538   159.6056   -29.0886
    97  617  742  -119.8507   159.6041   -29.0902
    98  616  742  -119.8530   159.6056   -29.0885
    99  615  742  -119.8507   159.6046   -29.0901
   100  614  742  -119.8515   159.6053   -29.0898
   101  613  742  -119.8541   159.6069   -29.0882
   102  612  742  -119.8503   159.6050   -29.0903
   103  611  742  -119.8556   159.6083   -29.0872
   104  610  742  -119.8496   159.6051   -29.0904
   105  608  743  -119.8519   159.6068   -29.0887
   106  607  743  -119.8517   159.6069   -29.0887
   107  606  743  -119.8512   159.6068   -29.0890
   108  605  743  -119.8483   159.6054   -29.0904
   109  609  743  -119.8494   159.6052   -29.0903
   110  604  744  -119.8462   159.6044   -29.0912
   111  603  744  -119.8458   159.6045   -29.0913
   112  602  744  -119.8446   159.6040   -29.0919
   113  601  744  -119.8445   159.6042   -29.0919
   114  600  744  -119.8467   159.6057   -29.0906
   115  599  744  -119.8475   159.6063   -29.0901
   116  598  745  -119.8478   159.6067   -29.0897
   117  597  745  -119.8454   159.6056   -29.0908
   118  596  745  -119.8459   159.6061   -29.0905
   119  595  745  -119.8439   159.6052   -29.0915
   120  594  745  -119.8445   159.6057   -29.0911
   121  593  745  -119.8442   159.6058   -29.0912
   122  592  745  -119.8434   159.6056   -29.0915
   123  591  745  -119.8426   159.6054   -29.0919
   124  590  745  -119.8420   159.6052   -29.0922
   125  589  745  -119.8419   159.6054   -29.0922
   126  588  746  -119.8411   159.6052   -29.0923
   127  587  746  -119.8404   159.6050   -29.0926
   128  586  746  -119.8401   159.6050   -29.0927
   129  585  746  -119.8396   159.6050   -29.0929
   130  584  746  -119.8442   159.6078   -29.0905
   131  583  746  -119.8388   159.6050   -29.0932
   132  582  746  -119.8377   159.6046   -29.0936
   133  581  746  -119.8376   159.6047   -29.0935
   134  580  746  -119.8382   159.6053   -29.0930
   135  579  746  -119.8384   159.6057   -29.0929
   136  578  746  -119.8404   159.6071   -29.0918
   137  577  746  -119.8403   159.6072   -29.0917
   139  575  746  -119.8493   159.6128   -29.0868
   140  574  746  -119.8399   159.6077   -29.0918
   141  573  746  -119.8446   159.6106   -29.0892
   142  571  747  -119.8417   159.6094   -29.0905
   143  570  747  -119.8414   159.6094   -29.0906
   144  569  747  -119.8419   159.6100   -29.0903
   145  568  747  -119.8417   159.6101   -29.0903
   146  567  747  -119.8413   159.6101   -29.0905
   149  572  747  -119.8428   159.6098   -29.0900

     1  349  658  -119.8433   159.6634   -29.0935
     2  348  658  -119.8430   159.6635   -29.0935
     3  350  659  -119.8432   159.6631   -29.0933
     4  351  659  -119.8430   159.6627   -29.0935
     5  352  659  -119.8431   159.6626   -29.0935
     6  354  660  -119.8431   159.6621   -29.0934
     7  355  660  -119.8432   159.6619   -29.0934
     8  356  660  -119.8433   159.6618   -29.0934
     9  353  660  -119.8432   159.6624   -29.0933
    10  357  661  -119.8426   159.6611   -29.0936
    11  358  661  -119.8432   159.6612   -29.0933
    12  359  661  -119.8429   159.6608   -29.0936
    13  360  661  -119.8432   159.6607   -29.0935
    14  361  661  -119.8433   159.6606   -29.0935
    15  362  661  -119.8437   159.6606   -29.0934
    16  363  662  -119.8441   159.6605   -29.0931
    17  364  662  -119.8445   159.6605   -29.0929
    18  365  662  -119.8453   159.6608   -29.0926
    19  366  662  -119.8451   159.6604   -29.0928
    20  367  662  -119.8459   159.6607   -29.0924
    21  368  662  -119.8457   159.6603   -29.0926
    22  369  662  -119.8439   159.6590   -29.0935
    23  370  662  -119.8450   159.6594   -29.0930
    24  371  662  -119.8455   159.6595   -29.0929
    25  372  662  -119.8468   159.6601   -29.0923
    26  373  662  -119.8474   159.6602   -29.0922
    27  374  662  -119.8471   159.6598   -29.0923
    28  375  663  -119.8456   159.6586   -29.0929
    29  376  663  -119.8439   159.6574   -29.0937
    30  377  663  -119.8445   159.6575   -29.0935
    31  378  663  -119.8453   159.6577   -29.0932
    32  379  663  -119.8452   159.6574   -29.0934
    33  380  663  -119.8454   159.6573   -29.0933
    34  381  663  -119.8457   159.6573   -29.0932
    35  382  663  -119.8453   159.6568   -29.0935
    36  383  663  -119.8450   159.6564   -29.0938
    37  384  663  -119.8442   159.6557   -29.0942
    38  385  663  -119.8442   159.6555   -29.0943
    39  386  663  -119.8431   159.6546   -29.0949
    40  387  663  -119.8449   159.6554   -29.0941
    41  388  663  -119.8438   159.6545   -29.0947
    42  389  663  -119.8434   159.6540   -29.0950
    43  390  663  -119.8440   159.6542   -29.0947
    44  391  663  -119.8441   159.6540   -29.0949
    45  392  663  -119.8449   159.6542   -29.0945
    46  393  663  -119.8454   159.6543   -29.0943
    47  394  664  -119.8456   159.6541   -29.0941
    48  395  664  -119.8455   159.6539   -29.0942
    49  396  664  -119.8461   159.6540   -29.0939
    50  397  664  -119.8468   159.6542   -29.0937
    51  398  664  -119.8497   159.6557   -29.0924
    52  399  664  -119.8502   159.6557   -29.0922
    53  400  664  -119.8590   159.6608   -29.0881
    54  401  664  -119.8594   159.6608   -29.0880
    55  402  664  -119.8612   159.6616   -29.0872
    56  403  664  -119.8619   159.6618   -29.0869
    57  404  664  -119.8635   159.6625   -29.0862
    58  405  664  -119.8647   159.6630   -29.0857
    59  406  664  -119.8604   159.6602   -29.0877
    60  407  664  -119.8529   159.6555   -29.0913
    61  408  664  -119.8442   159.6500   -29.0956
    62  409  664  -119.8451   159.6504   -29.0952
    63  410  664  -119.8457   159.6505   -29.0950
    64  411  664  -119.8464   159.6507   -29.0947
    65  412  664  -119.8471   159.6509   -29.0944
    66  413  664  -119.8473   159.6508   -29.0944
    67  414  664  -119.8479   159.6509   -29.0941
    68  415  664  -119.8481   159.6507   -29.0942
    69  416  664  -119.8485   159.6507   -29.0940
    70  417  664  -119.8511   159.6521   -29.0929
    71  418  664  -119.8486   159.6503   -29.0941
    72  419  664  -119.8477   159.6496   -29.0946
    73  420  664  -119.8477   159.6494   -29.0946
    74  421  664  -119.8486   159.6497   -29.0943
    75  422  664  -119.8485   159.6494   -29.0944
    76  423  664  -119.8495   159.6497   -29.0940
    77  424  664  -119.8497   159.6496   -29.0939
    78  425  664  -119.8502   159.6496   -29.0938
    79  426  664  -119.8505   159.6496   -29.0937
    80  427  664  -119.8507   159.6495   -29.0937
    81  428  664  -119.8511   159.6495   -29.0935
    82  429  664  -119.8516   159.6496   -29.0934
    83  430  664  -119.8518   159.6494   -29.0933
    84  431  664  -119.8521   159.6494   -29.0932
    85  432  664  -119.8519   159.6490   -29.0933
    86  433  664  -119.8510   159.6483   -29.0938
    87  434  664  -119.8510   159.6481   -29.0938
    88  435  665  -119.8514   159.6480   -29.0936
    89  436  665  -119.8508   159.6474   -29.0938
    90  437  665  -119.8488   159.6460   -29.0949
    91  438  665  -119.8508   159.6470   -29.0941
    92  439  665  -119.8495   159.6460   -29.0950
    93  440  665  -119.8495   159.6458   -29.0950
    94  441  665  -119.8506   159.6462   -29.0945
    95  442  665  -119.8506   159.6459   -29.0946
    96  443  665  -119.8508   159.6458   -29.0946
    97  444  665  -119.8496   159.6449   -29.0952
    98  445  665  -119.8500   159.6449   -29.0951
    99  446  665  -119.8501   159.6447   -29.0951
   100  447  665  -119.8503   159.6446   -29.0950
   101  448  665  -119.8507   159.6446   -29.0950
   102  449  665  -119.8516   159.6449   -29.0946
   103  450  665  -119.8518   159.6448   -29.0946
   104  451  665  -119.8521   159.6447   -29.0945
   105  452  665  -119.8530   159.6450   -29.0941
   106  453  665  -119.8538   159.6453   -29.0938
   107  454  665  -119.8536   159.6449   -29.0939
   108  455  665  -119.8541   159.6450   -29.0937
   109  456  665  -119.8538   159.6446   -29.0939
   110  457  665  -119.8538   159.6443   -29.0940
   111  458  665  -119.8540   159.6442   -29.0940
   112  459  665  -119.8544   159.6442   -29.0939
   113  460  665  -119.8545   159.6440   -29.0939
   114  461  665  -119.8546   159.6439   -29.0939
   115  462  665  -119.8547   159.6437   -29.0939
   116  463  665  -119.8548   159.6435   -29.0939
   117  464  665  -119.8547   159.6432   -29.0941
   118  465  666  -119.8547   159.6430   -29.0939
   119  466  666  -119.8546   159.6427   -29.0940
   120  467  666  -119.8547   159.6425   -29.0941
   121  468  666  -119.8544   159.6421   -29.0943
   122  471  667  -119.8538   159.6411   -29.0946
   123  469  667  -119.8541   159.6417   -29.0943
   124  470  667  -119.8539   159.6413   -29.0945
   125  472  667  -119.8537   159.6407   -29.0947
   126  473  668  -119.8534   159.6403   -29.0947
   127  476  668  -119.8538   159.6399   -29.0947
   128  474  668  -119.8538   159.6403   -29.0946
   129  475  668  -119.8538   159.6401   -29.0947
   130  477  669  -119.8535   159.6394   -29.0947
   131  479  669  -119.8537   159.6391   -29.0948
   132  478  669  -119.8537   159.6393   -29.0947
   133  480  670  -119.8540   159.6390   -29.0945
   134  481  670  -119.8537   159.6386   -29.0947
   135  482  670  -119.8541   159.6386   -29.0946
   136  483  670  -119.8544   159.6385   -29.0945
   137  485  671  -119.8539   159.6378   -29.0947
   138  486  671  -119.8542   159.6377   -29.0946
   139  487  671  -119.8550   159.6380   -29.0943
   140  484  671  -119.8540   159.6380   -29.0946
   141  491  672  -119.8507   159.6345   -29.0964
   142  488  672  -119.8553   159.6379   -29.0939
   143  489  672  -119.8567   159.6384   -29.0933
   144  490  672  -119.8579   159.6389   -29.0927
   146  494  673  -119.8520   159.6345   -29.0957
   147  492  673  -119.8520   159.6350   -29.0956
   148  493  673  -119.8504   159.6338   -29.0964
   149  501  674  -119.8501   159.6318   -29.0969
   150  497  674  -119.8496   159.6324   -29.0969
   152  499  674  -119.8419   159.6275   -29.1009
   153  500  674  -119.8498   159.6318   -29.0970
   154  506  674  -119.8502   159.6306   -29.0973
   155  505  674  -119.8512   159.6315   -29.0967
   156  504  674  -119.8498   159.6309   -29.0973
   157  503  674  -119.8407   159.6258   -29.1018
   158  502  674  -119.8466   159.6295   -29.0988
   159  498  674  -119.8504   159.6326   -29.0965
   160  508  675  -119.8447   159.6270   -29.0999
   162  510  675  -119.8505   159.6299   -29.0972
   163  507  675  -119.8516   159.6313   -29.0964
   164  509  675  -119.8498   159.6297   -29.0975
   165  560  676  -119.8634   159.6258   -29.0939
   166  557  676  -119.8615   159.6254   -29.0948
   167  558  676  -119.8600   159.6243   -29.0955
   168  571  676  -119.8617   159.6223   -29.0954
   169  570  676  -119.8657   159.6248   -29.0933
   170  569  676  -119.8602   159.6219   -29.0961
   171  555  676  -119.8615   159.6259   -29.0946
   172  556  676  -119.8603   159.6249   -29.0953
   173  568  676  -119.8611   159.6226   -29.0956
   174  567  676  -119.8604   159.6224   -29.0959
   175  566  676  -119.8600   159.6225   -29.0960
   176  559  676  -119.8599   159.6240   -29.0956
   177  565  676  -119.8621   159.6239   -29.0948
   178  564  676  -119.8618   159.6239   -29.0949
   185  563  676  -119.8614   159.6239   -29.0951
   186  562  676  -119.8612   159.6241   -29.0951
   187  561  676  -119.8607   159.6240   -29.0954
   189  519  677  -119.8526   159.6290   -29.0962
   190  521  677  -119.8536   159.6291   -29.0960
   191  522  677  -119.8526   159.6283   -29.0965
   192  523  677  -119.8533   159.6285   -29.0962
   193  554  677  -119.8628   159.6268   -29.0937
   194  553  677  -119.8625   159.6268   -29.0938
   195  552  677  -119.8623   159.6270   -29.0938
   196  551  677  -119.8620   159.6270   -29.0939
   197  550  677  -119.8614   159.6269   -29.0941
   198  549  677  -119.8608   159.6268   -29.0943
   199  575  677  -119.8627   159.6219   -29.0951
   200  574  677  -119.8607   159.6210   -29.0959
   201  573  677  -119.8610   159.6214   -29.0957
   202  572  677  -119.8612   159.6217   -29.0956
   203  520  677  -119.8530   159.6290   -29.0961
   204  524  678  -119.8515   159.6272   -29.0969
   205  525  678  -119.8515   159.6270   -29.0970
   206  526  678  -119.8524   159.6273   -29.0968
   207  527  678  -119.8535   159.6277   -29.0964
   208  528  678  -119.8512   159.6261   -29.0973
   209  529  678  -119.8517   159.6262   -29.0972
   210  530  678  -119.8518   159.6260   -29.0972
   211  595  678  -119.8619   159.6168   -29.0965
   212  594  678  -119.8612   159.6166   -29.0969
   213  593  678  -119.8606   159.6165   -29.0970
   214  592  678  -119.8615   159.6172   -29.0963
   215  591  678  -119.8624   159.6180   -29.0964
   216  590  678  -119.8656   159.6200   -29.0943
   217  589  678  -119.8654   159.6202   -29.0943
   218  588  678  -119.8632   159.6191   -29.0956
   219  587  678  -119.8666   159.6213   -29.0939
   220  540  678  -119.8567   159.6265   -29.0956
   221  541  678  -119.8585   159.6273   -29.0950
   222  542  678  -119.8577   159.6266   -29.0951
   223  543  678  -119.8582   159.6266   -29.0949
   224  544  678  -119.8589   159.6268   -29.0947
   225  545  678  -119.8595   159.6269   -29.0944
   226  546  678  -119.8593   159.6266   -29.0945
   227  547  678  -119.8596   159.6266   -29.0945
   228  548  678  -119.8600   159.6266   -29.0944
   229  576  678  -119.8629   159.6217   -29.0949
   230  577  678  -119.8634   159.6218   -29.0947
   231  578  678  -119.8663   159.6233   -29.0932
   232  579  678  -119.8652   159.6224   -29.0938
   233  580  678  -119.8684   159.6240   -29.0923
   234  581  678  -119.8666   159.6227   -29.0935
   235  582  678  -119.8664   159.6224   -29.0936
   236  583  678  -119.8663   159.6221   -29.0938
   237  584  678  -119.8657   159.6215   -29.0941
   238  585  678  -119.8664   159.6217   -29.0938
   239  586  678  -119.8664   159.6215   -29.0939
   240  539  679  -119.8561   159.6264   -29.0954
   241  538  679  -119.8561   159.6266   -29.0954
   242  537  679  -119.8556   159.6266   -29.0956
   243  536  679  -119.8555   159.6267   -29.0956
   244  535  679  -119.8550   159.6267   -29.0960
   245  534  679  -119.8544   159.6266   -29.0962
   246  533  679  -119.8543   159.6267   -29.0962
   247  532  679  -119.8544   159.6270   -29.0961
   248  531  679  -119.8527   159.6262   -29.0965
   249  596  679  -119.8639   159.6176   -29.0952
   250  597  679  -119.8652   159.6182   -29.0946
   251  598  679  -119.8663   159.6186   -29.0941
   252  599  679  -119.8659   159.6181   -29.0945
   253  600  679  -119.8667   159.6183   -29.0941
   254  601  679  -119.8644   159.6168   -29.0955
   255  603  680  -119.8645   159.6164   -29.0954
   256  604  680  -119.8668   159.6175   -29.0942
   257  605  680  -119.8656   159.6166   -29.0949
   258  602  680  -119.8644   159.6165   -29.0953
   259  606  681  -119.8655   159.6162   -29.0948
   260  607  681  -119.8654   159.6159   -29.0949
   261  694  681  -119.8719   159.5996   -29.0976
   262  693  681  -119.8714   159.5995   -29.0978
   263  692  681  -119.8717   159.6000   -29.0976
   264  691  681  -119.8715   159.6001   -29.0977
   265  690  681  -119.8716   159.6004   -29.0975
   266  689  681  -119.8713   159.6004   -29.0976
   267  688  681  -119.8714   159.6007   -29.0975
   268  687  681  -119.8712   159.6008   -29.0976
   269  686  681  -119.8712   159.6010   -29.0975
   270  685  681  -119.8711   159.6012   -29.0975
   271  684  681  -119.8706   159.6012   -29.0977
   272  683  681  -119.8730   159.6028   -29.0964
   273  682  681  -119.8731   159.6030   -29.0963
   274  681  681  -119.8727   159.6030   -29.0965
   275  680  681  -119.8726   159.6032   -29.0964
   276  695  681  -119.8718   159.5993   -29.0978
   277  679  681  -119.8724   159.6034   -29.0964
   278  678  681  -119.8718   159.6033   -29.0967
   279  677  681  -119.8726   159.6039   -29.0963
   280  676  681  -119.8715   159.6035   -29.0967
   281  675  681  -119.8721   159.6041   -29.0964
   282  674  681  -119.8655   159.6006   -29.0996
   283  673  681  -119.8716   159.6042   -29.0965
   284  672  681  -119.8713   159.6043   -29.0966
   285  671  681  -119.8715   159.6047   -29.0965
   286  670  681  -119.8725   159.6055   -29.0959
   287  669  681  -119.8719   159.6054   -29.0961
   288  668  681  -119.8714   159.6053   -29.0963
   289  667  681  -119.8710   159.6053   -29.0964
   290  666  681  -119.8705   159.6053   -29.0966
   291  665  681  -119.8701   159.6053   -29.0968
   292  664  681  -119.8699   159.6054   -29.0968
   293  663  681  -119.8690   159.6051   -29.0971
   294  662  681  -119.8687   159.6051   -29.0972
   295  661  681  -119.8684   159.6053   -29.0973
   296  660  681  -119.8676   159.6050   -29.0976
   297  644  681  -119.8674   159.6086   -29.0965
   298  645  681  -119.8665   159.6078   -29.0971
   299  646  681  -119.8666   159.6077   -29.0971
   300  647  681  -119.8672   159.6078   -29.0969
   301  648  681  -119.8675   159.6077   -29.0968
   302  649  681  -119.8701   159.6089   -29.0955
   303  650  681  -119.8647   159.6056   -29.0982
   304  651  681  -119.8674   159.6069   -29.0969
   305  652  681  -119.8680   159.6071   -29.0968
   306  653  681  -119.8669   159.6062   -29.0975
   307  654  681  -119.8668   159.6059   -29.0975
   308  655  681  -119.8675   159.6061   -29.0973
   309  656  681  -119.8669   159.6055   -29.0976
   310  657  681  -119.8672   159.6055   -29.0975
   311  658  681  -119.8672   159.6052   -29.0977
   312  659  681  -119.8671   159.6049   -29.0978
   313  643  682  -119.8687   159.6095   -29.0955
   314  642  682  -119.8656   159.6080   -29.0971
   315  641  682  -119.8661   159.6085   -29.0968
   316  640  682  -119.8654   159.6083   -29.0970
   317  639  682  -119.8649   159.6083   -29.0972
   318  638  682  -119.8667   159.6095   -29.0962
   319  637  682  -119.8661   159.6094   -29.0965
   320  636  682  -119.8653   159.6092   -29.0968
   321  635  682  -119.8646   159.6090   -29.0971
   322  634  682  -119.8642   159.6090   -29.0973
   323  609  682  -119.8635   159.6144   -29.0960
   324  610  682  -119.8637   159.6143   -29.0960
   325  608  682  -119.8641   159.6150   -29.0955
   326  630  683  -119.8641   159.6099   -29.0969
   327  629  683  -119.8638   159.6100   -29.0969
   328  628  683  -119.8631   159.6098   -29.0973
   329  627  683  -119.8639   159.6105   -29.0968
   330  626  683  -119.8631   159.6102   -29.0972
   331  625  683  -119.8630   159.6104   -29.0971
   332  624  683  -119.8623   159.6102   -29.0975
   333  631  683  -119.8639   159.6095   -29.0970
   334  633  683  -119.8644   159.6094   -29.0969
   335  632  683  -119.8636   159.6091   -29.0973
   336  611  683  -119.8631   159.6137   -29.0960
   337  612  683  -119.8632   159.6135   -29.0961
   338  613  683  -119.8636   159.6135   -29.0959
   339  623  683  -119.8632   159.6110   -29.0970
   340  615  684  -119.8643   159.6134   -29.0955
   341  614  684  -119.8639   159.6134   -29.0956
   342  617  684  -119.8636   159.6125   -29.0960
   343  618  684  -119.8634   159.6122   -29.0962
   344  619  684  -119.8611   159.6107   -29.0977
   345  620  684  -119.8644   159.6124   -29.0959
   346  621  684  -119.8657   159.6129   -29.0954
   347  622  684  -119.8647   159.6120   -29.0960
   348  616  684  -119.8641   159.6131   -29.0957
