; ENVI Output of ROIs (5.4) [Tue Aug 13 09:56:45 2019]
; Number of ROIs: 13
; File Dimension: 1328 x 1184
;
; ROI name: Region #1
; ROI rgb value: {255, 0, 0}
; ROI npts: 195
;
; ROI name: Region #2
; ROI rgb value: {0, 255, 0}
; ROI npts: 88
;
; ROI name: Region #4
; ROI rgb value: {255, 255, 0}
; ROI npts: 100
;
; ROI name: Region #3
; ROI rgb value: {0, 0, 255}
; ROI npts: 101
;
; ROI name: Region #5
; ROI rgb value: {0, 255, 255}
; ROI npts: 108
;
; ROI name: Region #6
; ROI rgb value: {255, 0, 255}
; ROI npts: 79
;
; ROI name: Region #7
; ROI rgb value: {176, 48, 96}
; ROI npts: 113
;
; ROI name: Region #8
; ROI rgb value: {46, 139, 87}
; ROI npts: 192
;
; ROI name: Region #9
; ROI rgb value: {160, 32, 240}
; ROI npts: 309
;
; ROI name: Region #10
; ROI rgb value: {255, 127, 80}
; ROI npts: 308
;
; ROI name: Region #11
; ROI rgb value: {127, 255, 212}
; ROI npts: 120
;
; ROI name: Region #12
; ROI rgb value: {218, 112, 214}
; ROI npts: 179
;
; ROI name: Region #13
; ROI rgb value: {160, 82, 45}
; ROI npts: 198
;   ID     X    Y      B1      B2      B3
     1  1057  316  0.0024  0.0019  0.0016
     2  1059  317  0.0024  0.0019  0.0016
     3  1058  317  0.0024  0.0019  0.0016
     4  1061  318  0.0024  0.0019  0.0016
     5  1060  318  0.0024  0.0019  0.0016
     6  1062  319  0.0024  0.0019  0.0016
     7  1063  319  0.0024  0.0019  0.0016
     8  1065  320  0.0024  0.0019  0.0016
     9  1064  320  0.0024  0.0019  0.0016
    10  1067  321  0.0024  0.0019  0.0016
    11  1066  321  0.0024  0.0019  0.0016
    12  1068  322  0.0024  0.0019  0.0016
    13  1069  322  0.0024  0.0019  0.0016
    14  1071  323  0.0024  0.0019  0.0016
    15  1070  323  0.0024  0.0019  0.0016
    16  1073  324  0.0024  0.0019  0.0016
    17  1072  324  0.0024  0.0019  0.0016
    18  1074  325  0.0024  0.0019  0.0017
    19  1075  325  0.0024  0.0019  0.0017
    20  1077  326  0.0024  0.0019  0.0016
    21  1076  326  0.0024  0.0019  0.0016
    22  1078  327  0.0024  0.0019  0.0017
    23  1079  328  0.0024  0.0019  0.0017
    24  1080  328  0.0024  0.0019  0.0016
    25  1081  329  0.0024  0.0019  0.0016
    26  1083  330  0.0024  0.0019  0.0016
    27  1082  330  0.0024  0.0019  0.0016
    28  1084  331  0.0024  0.0019  0.0016
    29  1085  332  0.0024  0.0019  0.0017
    30  1086  333  0.0024  0.0019  0.0017
    31  1087  334  0.0024  0.0019  0.0017
    32  1089  335  0.0024  0.0019  0.0016
    33  1088  335  0.0024  0.0019  0.0016
    34  1090  336  0.0024  0.0019  0.0017
    38  1095  340  0.0024  0.0019  0.0016
    39  1094  340  0.0024  0.0019  0.0017
    40  1097  341  0.0024  0.0019  0.0016
    41  1096  341  0.0024  0.0019  0.0016
    42  1098  342  0.0024  0.0019  0.0016
    43  1099  342  0.0024  0.0019  0.0016
    44  1101  343  0.0024  0.0019  0.0016
    45  1100  343  0.0024  0.0019  0.0016
    46  1103  344  0.0024  0.0019  0.0016
    47  1102  344  0.0024  0.0019  0.0016
    48  1104  345  0.0024  0.0019  0.0016
    49  1105  345  0.0024  0.0019  0.0016
    50  1107  346  0.0024  0.0019  0.0016
    51  1106  346  0.0024  0.0019  0.0016
    52  1108  347  0.0024  0.0019  0.0016
    53  1109  347  0.0024  0.0019  0.0017
    54  1110  347  0.0024  0.0019  0.0016
    55  1112  348  0.0024  0.0019  0.0017
    56  1111  348  0.0024  0.0019  0.0017
    58  1113  349  0.0024  0.0019  0.0016
    60  1116  350  0.0024  0.0019  0.0016
    61  1117  350  0.0024  0.0019  0.0016
    62  1119  351  0.0024  0.0019  0.0017
    63  1118  351  0.0024  0.0019  0.0016
    64  1121  352  0.0024  0.0019  0.0017
    65  1120  352  0.0024  0.0019  0.0017
    66  1122  353  0.0024  0.0019  0.0016
    67  1123  353  0.0024  0.0019  0.0016
    68  1124  353  0.0024  0.0018  0.0016
    69  1126  354  0.0024  0.0019  0.0016
    70  1125  354  0.0024  0.0019  0.0017
    71  1128  355  0.0024  0.0019  0.0017
    72  1127  355  0.0024  0.0019  0.0017
    75  1131  356  0.0024  0.0018  0.0016
    77  1132  357  0.0024  0.0018  0.0016
    78  1135  358  0.0024  0.0018  0.0016
    79  1136  358  0.0024  0.0018  0.0016
    80  1134  358  0.0024  0.0019  0.0017
    81  1137  359  0.0024  0.0018  0.0016
    82  1138  359  0.0024  0.0019  0.0017
    83  1140  360  0.0024  0.0019  0.0017
    84  1141  360  0.0024  0.0019  0.0017
    85  1139  360  0.0024  0.0019  0.0017
    86  1142  361  0.0024  0.0019  0.0017
    87  1143  361  0.0024  0.0019  0.0017
    88  1145  362  0.0024  0.0018  0.0017
    89  1144  362  0.0024  0.0018  0.0017
    90  1146  363  0.0024  0.0018  0.0017
    91  1147  363  0.0024  0.0019  0.0017
    92  1148  363  0.0024  0.0018  0.0017
    93  1150  364  0.0024  0.0018  0.0017
    94  1149  364  0.0024  0.0018  0.0017
    95  1152  365  0.0024  0.0019  0.0017
    96  1151  365  0.0024  0.0019  0.0017
    97  1153  366  0.0024  0.0018  0.0017
    98  1154  366  0.0024  0.0018  0.0017
    99  1155  366  0.0024  0.0018  0.0017
   100  1157  367  0.0024  0.0018  0.0017
   101  1156  367  0.0024  0.0018  0.0017
   102  1159  368  0.0024  0.0018  0.0017
   103  1158  368  0.0024  0.0018  0.0017
   104  1160  369  0.0024  0.0018  0.0017
   105  1161  369  0.0024  0.0018  0.0017
   106  1162  369  0.0024  0.0018  0.0017
   107  1164  370  0.0024  0.0018  0.0017
   108  1165  370  0.0024  0.0018  0.0017
   109  1166  370  0.0024  0.0018  0.0017
   110  1163  370  0.0024  0.0018  0.0017
   111  1167  371  0.0024  0.0018  0.0016
   112  1168  371  0.0024  0.0018  0.0016
   113  1169  371  0.0024  0.0018  0.0016
   114  1170  371  0.0024  0.0018  0.0016
   115  1172  372  0.0024  0.0018  0.0016
   116  1173  372  0.0024  0.0018  0.0016
   117  1174  372  0.0024  0.0018  0.0017
   118  1171  372  0.0024  0.0018  0.0016
   119  1176  373  0.0024  0.0018  0.0016
   120  1177  373  0.0024  0.0018  0.0016
   121  1175  373  0.0024  0.0018  0.0016
   122  1178  374  0.0024  0.0018  0.0016
   123  1179  374  0.0024  0.0018  0.0016
   124  1181  375  0.0024  0.0018  0.0017
   125  1180  375  0.0024  0.0018  0.0016
   126  1183  376  0.0024  0.0018  0.0017
   127  1182  376  0.0024  0.0018  0.0016
   128  1184  377  0.0024  0.0018  0.0016
   129  1185  377  0.0024  0.0018  0.0016
   130  1187  378  0.0024  0.0018  0.0016
   131  1188  378  0.0024  0.0018  0.0016
   132  1186  378  0.0024  0.0018  0.0016
   133  1189  379  0.0024  0.0018  0.0016
   134  1190  379  0.0024  0.0018  0.0016
   135  1191  379  0.0024  0.0018  0.0016
   136  1193  380  0.0024  0.0018  0.0016
   137  1194  380  0.0024  0.0018  0.0016
   138  1192  380  0.0024  0.0018  0.0016
   139  1195  381  0.0024  0.0018  0.0016
   140  1196  381  0.0024  0.0018  0.0016
   141  1197  381  0.0024  0.0018  0.0016
   142  1198  381  0.0024  0.0018  0.0016
   143  1200  382  0.0024  0.0018  0.0016
   144  1201  382  0.0024  0.0018  0.0017
   145  1199  382  0.0024  0.0018  0.0017
   146  1202  383  0.0024  0.0018  0.0016
   147  1203  383  0.0024  0.0018  0.0016
   148  1204  383  0.0024  0.0018  0.0016
   149  1206  384  0.0024  0.0018  0.0016
   150  1207  384  0.0024  0.0018  0.0017
   151  1205  384  0.0024  0.0018  0.0016
   152  1209  385  0.0024  0.0018  0.0017
   153  1208  385  0.0024  0.0018  0.0017
   154  1210  386  0.0024  0.0018  0.0017
   155  1211  386  0.0024  0.0018  0.0017
   156  1212  386  0.0024  0.0018  0.0017
   157  1214  387  0.0024  0.0018  0.0017
   158  1215  387  0.0024  0.0018  0.0016
   159  1213  387  0.0024  0.0018  0.0017
   160  1216  388  0.0024  0.0018  0.0016
   161  1217  388  0.0024  0.0018  0.0016
   162  1219  389  0.0024  0.0018  0.0016
   163  1220  389  0.0024  0.0018  0.0016
   164  1218  389  0.0024  0.0018  0.0016
   165  1222  390  0.0024  0.0018  0.0016
   166  1221  390  0.0024  0.0018  0.0016
   167  1223  391  0.0024  0.0018  0.0016
   168  1224  391  0.0024  0.0018  0.0016
   169  1226  392  0.0024  0.0018  0.0016
   170  1225  392  0.0024  0.0018  0.0016
   171  1227  393  0.0024  0.0018  0.0016
   172  1228  394  0.0024  0.0018  0.0016
   173  1229  394  0.0024  0.0018  0.0016
   174  1230  395  0.0024  0.0018  0.0016
   175  1232  396  0.0024  0.0018  0.0016
   176  1231  396  0.0024  0.0018  0.0016
   177  1234  397  0.0024  0.0018  0.0016
   178  1233  397  0.0024  0.0018  0.0016
   179  1235  398  0.0024  0.0018  0.0016
   180  1236  399  0.0024  0.0018  0.0016
   181  1237  400  0.0024  0.0018  0.0016
   182  1237  401  0.0024  0.0018  0.0016
   183  1238  402  0.0024  0.0018  0.0016
   184  1239  403  0.0024  0.0018  0.0016
   185  1239  404  0.0024  0.0018  0.0016
   186  1240  405  0.0024  0.0018  0.0016
   187  1240  406  0.0024  0.0018  0.0016
   188  1240  407  0.0024  0.0018  0.0016
   189  1240  408  0.0024  0.0018  0.0016
   190  1241  409  0.0024  0.0018  0.0017
   191  1241  410  0.0024  0.0018  0.0017
   192  1241  411  0.0024  0.0018  0.0016
   193  1241  412  0.0024  0.0018  0.0017
   194  1242  413  0.0024  0.0018  0.0017
   195  1242  414  0.0024  0.0018  0.0017

    1  1202  150  0.0025  0.0019  0.0016
    2  1203  151  0.0025  0.0019  0.0016
    3  1204  152  0.0025  0.0019  0.0016
    4  1204  153  0.0025  0.0019  0.0016
    5  1205  154  0.0025  0.0019  0.0016
    6  1206  155  0.0025  0.0019  0.0016
    7  1208  156  0.0025  0.0019  0.0016
    8  1207  156  0.0025  0.0019  0.0016
    9  1209  157  0.0025  0.0019  0.0016
   10  1210  158  0.0025  0.0019  0.0016
   11  1211  158  0.0025  0.0019  0.0016
   12  1213  159  0.0025  0.0019  0.0016
   13  1212  159  0.0025  0.0019  0.0016
   14  1214  160  0.0025  0.0019  0.0016
   15  1216  161  0.0025  0.0019  0.0016
   16  1215  161  0.0025  0.0019  0.0016
   17  1217  162  0.0025  0.0019  0.0016
   18  1219  163  0.0025  0.0019  0.0016
   19  1218  163  0.0025  0.0019  0.0016
   20  1221  164  0.0025  0.0019  0.0016
   21  1220  164  0.0025  0.0019  0.0016
   22  1222  165  0.0025  0.0019  0.0016
   23  1223  166  0.0025  0.0019  0.0016
   24  1225  167  0.0025  0.0019  0.0016
   25  1224  167  0.0025  0.0019  0.0016
   26  1226  168  0.0025  0.0019  0.0016
   27  1227  169  0.0025  0.0019  0.0016
   28  1228  170  0.0025  0.0019  0.0016
   29  1229  170  0.0025  0.0019  0.0016
   30  1230  171  0.0025  0.0019  0.0016
   31  1232  172  0.0025  0.0019  0.0016
   32  1231  172  0.0025  0.0019  0.0016
   33  1233  173  0.0025  0.0019  0.0016
   34  1235  174  0.0025  0.0019  0.0016
   35  1234  174  0.0025  0.0019  0.0016
   36  1236  175  0.0025  0.0019  0.0016
   37  1237  175  0.0025  0.0019  0.0016
   38  1238  175  0.0025  0.0019  0.0016
   39  1240  176  0.0025  0.0019  0.0016
   40  1239  176  0.0025  0.0019  0.0016
   41  1242  177  0.0025  0.0019  0.0016
   42  1241  177  0.0025  0.0019  0.0016
   43  1243  178  0.0025  0.0019  0.0016
   44  1245  178  0.0025  0.0019  0.0016
   45  1244  178  0.0025  0.0019  0.0016
   46  1247  179  0.0025  0.0019  0.0016
   47  1248  179  0.0025  0.0019  0.0016
   48  1246  179  0.0025  0.0019  0.0016
   49  1250  180  0.0025  0.0019  0.0016
   50  1249  180  0.0025  0.0019  0.0016
   51  1252  181  0.0025  0.0019  0.0016
   52  1253  181  0.0025  0.0019  0.0016
   53  1251  181  0.0025  0.0019  0.0016
   54  1254  182  0.0025  0.0019  0.0016
   55  1255  182  0.0025  0.0019  0.0016
   56  1256  182  0.0025  0.0019  0.0016
   57  1257  182  0.0025  0.0019  0.0016
   58  1259  183  0.0025  0.0019  0.0016
   59  1260  183  0.0025  0.0019  0.0016
   60  1261  183  0.0025  0.0019  0.0016
   61  1262  183  0.0025  0.0019  0.0016
   62  1258  183  0.0025  0.0019  0.0016
   63  1264  184  0.0025  0.0019  0.0016
   64  1265  184  0.0025  0.0019  0.0016
   65  1263  184  0.0025  0.0019  0.0016
   66  1266  185  0.0025  0.0019  0.0016
   67  1267  185  0.0025  0.0019  0.0016
   68  1269  186  0.0025  0.0019  0.0016
   69  1268  186  0.0025  0.0019  0.0016
   70  1271  187  0.0025  0.0019  0.0016
   71  1270  187  0.0025  0.0019  0.0016
   72  1272  188  0.0025  0.0019  0.0016
   73  1273  188  0.0025  0.0019  0.0016
   74  1275  189  0.0025  0.0019  0.0016
   75  1274  189  0.0025  0.0019  0.0016
   76  1276  190  0.0025  0.0019  0.0016
   77  1277  191  0.0025  0.0019  0.0016
   78  1278  192  0.0025  0.0019  0.0016
   79  1279  193  0.0025  0.0019  0.0016
   80  1279  194  0.0025  0.0019  0.0016
   81  1280  195  0.0025  0.0019  0.0016
   82  1280  196  0.0025  0.0019  0.0016
   83  1281  197  0.0025  0.0019  0.0016
   84  1282  197  0.0025  0.0019  0.0016
   85  1283  197  0.0025  0.0019  0.0016
   86  1285  198  0.0025  0.0019  0.0016
   87  1286  198  0.0025  0.0019  0.0016
   88  1284  198  0.0025  0.0019  0.0016

     1  1192  147  0.0025  0.0019  0.0016
     2  1193  148  0.0025  0.0019  0.0016
     3  1193  149  0.0025  0.0019  0.0016
     4  1194  150  0.0025  0.0019  0.0016
     5  1194  151  0.0025  0.0019  0.0016
     6  1195  152  0.0025  0.0019  0.0016
     7  1195  153  0.0025  0.0019  0.0016
     8  1196  154  0.0025  0.0019  0.0016
     9  1196  155  0.0025  0.0019  0.0016
    10  1197  156  0.0025  0.0019  0.0016
    11  1199  157  0.0025  0.0019  0.0016
    12  1198  157  0.0025  0.0019  0.0016
    13  1200  158  0.0025  0.0019  0.0016
    14  1201  158  0.0025  0.0019  0.0016
    15  1203  159  0.0025  0.0019  0.0016
    16  1202  159  0.0025  0.0019  0.0016
    17  1204  160  0.0025  0.0019  0.0016
    18  1206  161  0.0025  0.0019  0.0016
    19  1205  161  0.0025  0.0019  0.0016
    20  1207  162  0.0025  0.0019  0.0016
    21  1209  163  0.0025  0.0019  0.0016
    22  1208  163  0.0025  0.0019  0.0016
    23  1210  164  0.0025  0.0019  0.0016
    24  1211  165  0.0025  0.0019  0.0016
    25  1212  166  0.0025  0.0019  0.0016
    26  1213  167  0.0025  0.0019  0.0016
    27  1214  168  0.0025  0.0019  0.0016
    28  1215  169  0.0025  0.0019  0.0016
    29  1217  170  0.0025  0.0019  0.0016
    30  1216  170  0.0025  0.0019  0.0016
    31  1218  171  0.0025  0.0019  0.0016
    32  1219  171  0.0025  0.0019  0.0016
    33  1221  172  0.0025  0.0019  0.0016
    34  1220  172  0.0025  0.0019  0.0016
    35  1222  173  0.0025  0.0019  0.0016
    36  1224  174  0.0025  0.0019  0.0016
    37  1223  174  0.0025  0.0019  0.0016
    38  1225  175  0.0025  0.0019  0.0016
    39  1227  176  0.0025  0.0019  0.0016
    40  1226  176  0.0025  0.0019  0.0016
    41  1229  177  0.0025  0.0019  0.0016
    42  1228  177  0.0025  0.0019  0.0016
    43  1230  178  0.0025  0.0019  0.0016
    44  1231  178  0.0025  0.0019  0.0016
    45  1233  179  0.0025  0.0019  0.0016
    46  1234  179  0.0025  0.0019  0.0016
    47  1232  179  0.0025  0.0019  0.0016
    48  1236  180  0.0025  0.0019  0.0016
    49  1235  180  0.0025  0.0019  0.0016
    50  1237  181  0.0025  0.0019  0.0016
    51  1238  181  0.0025  0.0019  0.0016
    52  1239  181  0.0025  0.0019  0.0016
    53  1241  182  0.0025  0.0019  0.0016
    54  1242  182  0.0025  0.0019  0.0016
    55  1240  182  0.0025  0.0019  0.0016
    56  1244  183  0.0025  0.0019  0.0016
    57  1243  183  0.0025  0.0019  0.0016
    58  1245  184  0.0025  0.0019  0.0016
    59  1246  184  0.0025  0.0019  0.0016
    60  1247  184  0.0025  0.0019  0.0016
    61  1249  185  0.0025  0.0019  0.0016
    62  1250  185  0.0025  0.0019  0.0016
    63  1248  185  0.0025  0.0019  0.0016
    64  1251  186  0.0025  0.0019  0.0016
    65  1252  186  0.0025  0.0019  0.0016
    66  1254  187  0.0025  0.0019  0.0016
    67  1255  187  0.0025  0.0019  0.0016
    68  1253  187  0.0025  0.0019  0.0016
    69  1257  188  0.0025  0.0019  0.0016
    70  1256  188  0.0025  0.0019  0.0016
    71  1258  189  0.0025  0.0019  0.0016
    72  1259  189  0.0025  0.0019  0.0016
    73  1260  189  0.0025  0.0019  0.0016
    74  1262  190  0.0025  0.0019  0.0016
    75  1263  190  0.0025  0.0019  0.0016
    76  1261  190  0.0025  0.0019  0.0016
    77  1264  191  0.0025  0.0019  0.0016
    78  1265  191  0.0025  0.0019  0.0016
    79  1266  191  0.0025  0.0019  0.0016
    80  1268  192  0.0025  0.0019  0.0016
    81  1267  192  0.0025  0.0019  0.0016
    82  1270  193  0.0025  0.0019  0.0016
    83  1269  193  0.0025  0.0019  0.0016
    84  1271  194  0.0025  0.0019  0.0016
    85  1272  194  0.0025  0.0019  0.0016
    86  1274  195  0.0025  0.0019  0.0016
    87  1273  195  0.0025  0.0019  0.0016
    88  1275  196  0.0025  0.0019  0.0016
    89  1275  197  0.0025  0.0019  0.0016
    90  1275  198  0.0025  0.0019  0.0016
    91  1275  199  0.0025  0.0019  0.0016
    92  1275  200  0.0025  0.0019  0.0016
    93  1276  201  0.0025  0.0019  0.0016
    94  1275  201  0.0025  0.0019  0.0016
    95  1277  202  0.0025  0.0019  0.0016
    96  1278  202  0.0025  0.0019  0.0016
    97  1279  202  0.0025  0.0019  0.0016
    98  1280  202  0.0025  0.0019  0.0016
    99  1282  203  0.0025  0.0019  0.0016
   100  1281  203  0.0025  0.0019  0.0016

     1  1174  151  0.0025  0.0019  0.0016
     2  1175  152  0.0025  0.0019  0.0016
     3  1175  153  0.0025  0.0019  0.0016
     4  1176  154  0.0025  0.0019  0.0016
     5  1176  155  0.0025  0.0019  0.0016
     6  1177  156  0.0025  0.0019  0.0016
     7  1178  157  0.0025  0.0019  0.0016
     8  1179  158  0.0025  0.0019  0.0016
     9  1180  159  0.0025  0.0019  0.0016
    10  1181  160  0.0025  0.0019  0.0016
    11  1182  161  0.0025  0.0019  0.0016
    12  1183  162  0.0025  0.0019  0.0016
    13  1184  163  0.0025  0.0019  0.0016
    14  1185  164  0.0025  0.0019  0.0016
    15  1186  165  0.0025  0.0019  0.0016
    16  1188  166  0.0025  0.0019  0.0016
    17  1187  166  0.0025  0.0019  0.0016
    18  1189  167  0.0025  0.0019  0.0016
    19  1190  168  0.0025  0.0019  0.0016
    20  1191  169  0.0025  0.0019  0.0016
    21  1192  170  0.0025  0.0019  0.0016
    22  1193  171  0.0025  0.0019  0.0016
    23  1194  172  0.0025  0.0019  0.0016
    24  1196  173  0.0025  0.0019  0.0016
    25  1195  173  0.0025  0.0019  0.0016
    26  1197  174  0.0025  0.0019  0.0016
    27  1198  174  0.0025  0.0019  0.0016
    28  1199  174  0.0025  0.0019  0.0016
    29  1200  175  0.0025  0.0019  0.0016
    30  1201  176  0.0025  0.0019  0.0016
    31  1202  177  0.0025  0.0019  0.0016
    32  1203  178  0.0025  0.0019  0.0016
    33  1204  179  0.0025  0.0019  0.0016
    34  1205  179  0.0025  0.0019  0.0016
    35  1207  180  0.0025  0.0019  0.0016
    36  1206  180  0.0025  0.0019  0.0016
    37  1209  181  0.0025  0.0019  0.0016
    38  1208  181  0.0025  0.0019  0.0016
    39  1210  182  0.0025  0.0019  0.0016
    40  1211  182  0.0025  0.0019  0.0016
    41  1213  183  0.0025  0.0019  0.0016
    42  1212  183  0.0025  0.0019  0.0016
    43  1214  184  0.0025  0.0019  0.0016
    44  1216  185  0.0025  0.0019  0.0016
    45  1215  185  0.0025  0.0019  0.0016
    46  1217  186  0.0025  0.0019  0.0016
    47  1218  186  0.0025  0.0019  0.0016
    48  1220  187  0.0025  0.0019  0.0016
    49  1221  187  0.0025  0.0019  0.0016
    50  1219  187  0.0025  0.0019  0.0016
    51  1222  188  0.0025  0.0019  0.0016
    52  1223  188  0.0025  0.0019  0.0016
    53  1225  189  0.0025  0.0019  0.0016
    54  1226  189  0.0025  0.0019  0.0016
    55  1224  189  0.0025  0.0019  0.0016
    56  1227  190  0.0025  0.0019  0.0016
    57  1228  190  0.0025  0.0019  0.0016
    58  1229  190  0.0025  0.0019  0.0016
    59  1231  191  0.0025  0.0019  0.0016
    60  1230  191  0.0025  0.0019  0.0016
    61  1233  192  0.0025  0.0019  0.0016
    62  1234  192  0.0025  0.0019  0.0016
    63  1232  192  0.0025  0.0019  0.0016
    64  1235  193  0.0025  0.0019  0.0016
    65  1236  193  0.0025  0.0019  0.0016
    66  1237  193  0.0025  0.0019  0.0016
    67  1239  194  0.0025  0.0019  0.0016
    68  1238  194  0.0025  0.0019  0.0016
    69  1241  195  0.0025  0.0019  0.0016
    70  1242  195  0.0025  0.0019  0.0016
    71  1240  195  0.0025  0.0019  0.0016
    72  1243  196  0.0025  0.0019  0.0016
    73  1244  196  0.0025  0.0019  0.0016
    74  1246  197  0.0025  0.0019  0.0016
    75  1247  197  0.0025  0.0019  0.0016
    76  1245  197  0.0025  0.0019  0.0016
    77  1248  198  0.0025  0.0019  0.0016
    78  1249  198  0.0025  0.0019  0.0016
    79  1251  199  0.0025  0.0019  0.0016
    80  1252  199  0.0025  0.0019  0.0016
    81  1250  199  0.0025  0.0019  0.0016
    82  1254  200  0.0025  0.0019  0.0016
    83  1253  200  0.0025  0.0019  0.0016
    84  1255  201  0.0025  0.0019  0.0016
    85  1256  201  0.0025  0.0019  0.0016
    86  1256  202  0.0025  0.0019  0.0016
    87  1257  203  0.0025  0.0019  0.0016
    88  1257  204  0.0025  0.0019  0.0016
    89  1257  205  0.0025  0.0019  0.0016
    90  1258  206  0.0025  0.0019  0.0016
    91  1259  207  0.0025  0.0019  0.0016
    92  1258  207  0.0025  0.0019  0.0016
    93  1261  208  0.0025  0.0019  0.0016
    94  1260  208  0.0025  0.0019  0.0016
    95  1262  209  0.0025  0.0019  0.0016
    96  1263  209  0.0025  0.0019  0.0016
    97  1264  209  0.0025  0.0019  0.0016
    98  1266  210  0.0025  0.0019  0.0016
    99  1265  210  0.0025  0.0019  0.0016
   100  1268  211  0.0025  0.0019  0.0016
   101  1267  211  0.0025  0.0019  0.0016

     1  1161  157  0.0025  0.0019  0.0016
     2  1162  158  0.0025  0.0019  0.0016
     3  1162  159  0.0025  0.0019  0.0016
     4  1163  160  0.0025  0.0019  0.0016
     5  1163  161  0.0025  0.0019  0.0016
     6  1164  162  0.0025  0.0019  0.0016
     7  1165  163  0.0025  0.0019  0.0016
     8  1166  164  0.0025  0.0019  0.0016
     9  1167  165  0.0025  0.0019  0.0016
    10  1168  166  0.0025  0.0019  0.0016
    11  1169  167  0.0025  0.0019  0.0016
    12  1170  168  0.0025  0.0019  0.0016
    13  1171  169  0.0025  0.0019  0.0016
    14  1172  170  0.0025  0.0019  0.0016
    15  1174  171  0.0025  0.0019  0.0016
    16  1173  171  0.0025  0.0019  0.0016
    17  1175  172  0.0025  0.0019  0.0016
    18  1176  173  0.0025  0.0019  0.0016
    19  1177  174  0.0025  0.0019  0.0016
    20  1178  175  0.0025  0.0019  0.0016
    21  1179  175  0.0025  0.0019  0.0016
    22  1180  176  0.0025  0.0019  0.0016
    23  1181  177  0.0025  0.0019  0.0016
    24  1183  178  0.0025  0.0019  0.0016
    25  1182  178  0.0025  0.0019  0.0016
    26  1184  179  0.0025  0.0019  0.0016
    27  1185  180  0.0025  0.0019  0.0016
    28  1186  181  0.0025  0.0019  0.0016
    29  1188  182  0.0025  0.0019  0.0016
    30  1187  182  0.0025  0.0019  0.0016
    31  1189  183  0.0025  0.0019  0.0016
    32  1190  184  0.0025  0.0019  0.0016
    33  1191  185  0.0025  0.0019  0.0016
    34  1192  185  0.0025  0.0019  0.0016
    35  1193  186  0.0025  0.0019  0.0016
    36  1194  187  0.0025  0.0019  0.0016
    37  1196  188  0.0025  0.0019  0.0016
    38  1195  188  0.0025  0.0019  0.0016
    39  1197  189  0.0025  0.0019  0.0016
    40  1198  190  0.0025  0.0019  0.0016
    41  1199  190  0.0025  0.0019  0.0016
    42  1201  191  0.0025  0.0019  0.0016
    43  1200  191  0.0025  0.0019  0.0016
    44  1203  192  0.0025  0.0019  0.0016
    45  1202  192  0.0025  0.0019  0.0016
    46  1205  193  0.0025  0.0019  0.0016
    47  1204  193  0.0025  0.0019  0.0016
    48  1206  194  0.0025  0.0019  0.0016
    49  1207  194  0.0025  0.0019  0.0016
    50  1209  195  0.0025  0.0019  0.0016
    51  1208  195  0.0025  0.0019  0.0016
    52  1211  196  0.0025  0.0019  0.0016
    53  1210  196  0.0025  0.0019  0.0016
    54  1212  197  0.0025  0.0019  0.0016
    55  1213  197  0.0025  0.0019  0.0016
    56  1215  198  0.0025  0.0019  0.0016
    57  1216  198  0.0025  0.0019  0.0016
    58  1214  198  0.0025  0.0019  0.0016
    59  1218  199  0.0025  0.0019  0.0016
    60  1217  199  0.0025  0.0019  0.0016
    61  1219  200  0.0025  0.0019  0.0016
    62  1220  200  0.0025  0.0019  0.0016
    63  1222  201  0.0025  0.0019  0.0016
    64  1221  201  0.0025  0.0019  0.0016
    65  1224  202  0.0025  0.0019  0.0016
    66  1223  202  0.0025  0.0019  0.0016
    67  1225  203  0.0025  0.0019  0.0016
    68  1226  203  0.0025  0.0019  0.0016
    69  1227  203  0.0025  0.0019  0.0016
    70  1228  203  0.0025  0.0019  0.0016
    71  1230  204  0.0025  0.0019  0.0016
    72  1231  204  0.0025  0.0019  0.0016
    73  1232  204  0.0025  0.0019  0.0016
    74  1229  204  0.0025  0.0019  0.0016
    75  1233  205  0.0025  0.0019  0.0016
    76  1234  205  0.0025  0.0019  0.0016
    77  1235  205  0.0025  0.0019  0.0016
    78  1237  206  0.0025  0.0019  0.0016
    79  1238  206  0.0025  0.0019  0.0016
    80  1239  206  0.0025  0.0019  0.0016
    81  1236  206  0.0025  0.0019  0.0016
    82  1240  207  0.0025  0.0019  0.0016
    83  1241  207  0.0025  0.0019  0.0016
    84  1242  208  0.0025  0.0019  0.0016
    85  1243  209  0.0025  0.0019  0.0016
    86  1244  210  0.0025  0.0019  0.0016
    87  1245  211  0.0025  0.0019  0.0016
    88  1246  212  0.0025  0.0019  0.0016
    89  1247  213  0.0025  0.0019  0.0016
    90  1248  214  0.0025  0.0019  0.0016
    91  1249  215  0.0025  0.0019  0.0016
    92  1250  216  0.0025  0.0019  0.0016
    93  1251  217  0.0025  0.0019  0.0016
    94  1252  218  0.0025  0.0019  0.0016
    95  1253  219  0.0025  0.0019  0.0016
    96  1254  220  0.0025  0.0019  0.0016
    97  1255  221  0.0025  0.0019  0.0016
    98  1256  222  0.0025  0.0019  0.0016
    99  1257  223  0.0025  0.0019  0.0016
   100  1259  224  0.0025  0.0019  0.0016
   101  1258  224  0.0025  0.0019  0.0016
   102  1260  225  0.0025  0.0019  0.0016
   103  1261  225  0.0025  0.0019  0.0016
   104  1263  226  0.0025  0.0019  0.0016
   105  1262  226  0.0025  0.0019  0.0016
   106  1265  227  0.0025  0.0019  0.0016
   107  1264  227  0.0025  0.0019  0.0016
   108  1266  228  0.0025  0.0019  0.0016

    1  1181  185  0.0025  0.0019  0.0016
    2  1183  186  0.0025  0.0019  0.0016
    3  1182  186  0.0025  0.0019  0.0016
    4  1184  187  0.0025  0.0019  0.0016
    5  1185  187  0.0025  0.0019  0.0016
    6  1187  188  0.0025  0.0019  0.0016
    7  1186  188  0.0025  0.0019  0.0016
    8  1189  189  0.0025  0.0019  0.0016
    9  1188  189  0.0025  0.0019  0.0016
   10  1190  190  0.0025  0.0019  0.0016
   11  1191  190  0.0025  0.0019  0.0016
   12  1193  191  0.0025  0.0019  0.0016
   13  1192  191  0.0025  0.0019  0.0016
   14  1195  192  0.0025  0.0019  0.0016
   15  1194  192  0.0025  0.0019  0.0016
   16  1196  193  0.0025  0.0019  0.0016
   17  1198  194  0.0025  0.0019  0.0016
   18  1197  194  0.0025  0.0019  0.0016
   19  1199  195  0.0025  0.0019  0.0016
   20  1200  195  0.0025  0.0019  0.0016
   21  1202  196  0.0025  0.0019  0.0016
   22  1201  196  0.0025  0.0019  0.0016
   23  1204  197  0.0025  0.0019  0.0016
   24  1203  197  0.0025  0.0019  0.0016
   25  1206  198  0.0025  0.0019  0.0016
   26  1205  198  0.0025  0.0019  0.0016
   27  1208  199  0.0025  0.0019  0.0016
   28  1207  199  0.0025  0.0019  0.0016
   29  1209  200  0.0025  0.0019  0.0016
   30  1210  200  0.0025  0.0019  0.0016
   31  1211  200  0.0025  0.0019  0.0016
   32  1213  201  0.0025  0.0019  0.0016
   33  1212  201  0.0025  0.0019  0.0016
   34  1215  202  0.0025  0.0019  0.0016
   35  1214  202  0.0025  0.0019  0.0016
   36  1217  203  0.0025  0.0019  0.0016
   37  1218  203  0.0025  0.0019  0.0016
   38  1216  203  0.0025  0.0019  0.0016
   39  1219  204  0.0025  0.0019  0.0016
   40  1220  204  0.0025  0.0019  0.0016
   41  1222  205  0.0025  0.0019  0.0016
   42  1223  205  0.0025  0.0019  0.0016
   43  1224  205  0.0025  0.0019  0.0016
   44  1221  205  0.0025  0.0019  0.0016
   45  1226  206  0.0025  0.0019  0.0016
   46  1227  206  0.0025  0.0019  0.0016
   47  1228  206  0.0025  0.0019  0.0016
   48  1225  206  0.0025  0.0019  0.0016
   49  1229  207  0.0025  0.0019  0.0016
   50  1230  207  0.0025  0.0019  0.0016
   51  1231  207  0.0025  0.0019  0.0016
   52  1233  208  0.0025  0.0019  0.0016
   53  1232  208  0.0025  0.0019  0.0016
   54  1235  209  0.0025  0.0019  0.0016
   55  1234  209  0.0025  0.0019  0.0016
   56  1237  210  0.0025  0.0019  0.0016
   57  1236  210  0.0025  0.0019  0.0016
   58  1239  211  0.0025  0.0019  0.0016
   59  1238  211  0.0025  0.0019  0.0016
   60  1240  212  0.0025  0.0019  0.0016
   61  1241  212  0.0025  0.0019  0.0016
   62  1242  213  0.0025  0.0019  0.0016
   63  1243  214  0.0025  0.0019  0.0016
   64  1244  215  0.0025  0.0019  0.0016
   65  1245  216  0.0025  0.0019  0.0016
   66  1246  217  0.0025  0.0019  0.0016
   67  1247  218  0.0025  0.0019  0.0016
   68  1248  219  0.0025  0.0019  0.0016
   69  1249  220  0.0025  0.0019  0.0016
   70  1250  221  0.0025  0.0019  0.0016
   71  1250  222  0.0025  0.0019  0.0016
   72  1251  223  0.0025  0.0019  0.0016
   73  1252  224  0.0025  0.0019  0.0016
   74  1252  225  0.0025  0.0019  0.0016
   75  1254  226  0.0025  0.0019  0.0016
   76  1253  226  0.0025  0.0019  0.0016
   77  1256  227  0.0025  0.0019  0.0016
   78  1257  227  0.0025  0.0019  0.0016
   79  1255  227  0.0025  0.0019  0.0016

    1   977  36  0.0025  0.0020  0.0017
    27   976  36  0.0026  0.0020  0.0017
    28   978  37  0.0026  0.0020  0.0017
    29   979  37  0.0026  0.0020  0.0017
    30   981  38  0.0025  0.0020  0.0017
    31   980  38  0.0026  0.0020  0.0017
    32   982  39  0.0026  0.0020  0.0017
    33   983  39  0.0026  0.0020  0.0017
    34   984  39  0.0025  0.0020  0.0017
    35   985  39  0.0026  0.0020  0.0017
    36   987  40  0.0026  0.0020  0.0017
    37   988  40  0.0026  0.0020  0.0017
    38   989  40  0.0026  0.0020  0.0017
    39   990  40  0.0026  0.0020  0.0017
    40   986  40  0.0026  0.0020  0.0017
    41   991  41  0.0026  0.0020  0.0017
    42   992  41  0.0026  0.0020  0.0017
    43   993  41  0.0026  0.0020  0.0017
    44   995  42  0.0026  0.0020  0.0017
    45   996  42  0.0026  0.0020  0.0017
    46   994  42  0.0026  0.0020  0.0017
    47   998  43  0.0026  0.0020  0.0017
    48   997  43  0.0026  0.0020  0.0017
    49   999  44  0.0026  0.0020  0.0017
    50  1000  44  0.0026  0.0020  0.0017
    51  1001  44  0.0026  0.0020  0.0017
    52  1003  45  0.0026  0.0020  0.0017
    53  1004  45  0.0026  0.0020  0.0017
    54  1002  45  0.0026  0.0020  0.0017
    55  1006  46  0.0026  0.0020  0.0017
    56  1005  46  0.0026  0.0020  0.0017
    57  1007  47  0.0025  0.0020  0.0017
    58  1008  47  0.0026  0.0020  0.0017
    59  1010  48  0.0026  0.0020  0.0017
    60  1009  48  0.0026  0.0020  0.0017
    61  1012  49  0.0026  0.0020  0.0017
    62  1011  49  0.0026  0.0020  0.0017
    63  1013  50  0.0026  0.0020  0.0017
    64  1014  50  0.0026  0.0020  0.0017
    65  1015  51  0.0025  0.0020  0.0017
    66  1017  52  0.0026  0.0020  0.0017
    67  1016  52  0.0026  0.0020  0.0017
    68  1018  53  0.0026  0.0020  0.0017
    69  1019  54  0.0026  0.0020  0.0017
    70  1020  55  0.0026  0.0020  0.0017
    71  1021  55  0.0026  0.0020  0.0017
    72  1022  56  0.0025  0.0020  0.0017
    73  1023  57  0.0025  0.0020  0.0017
    74  1025  58  0.0025  0.0020  0.0017
    75  1024  58  0.0025  0.0020  0.0017
    76  1027  59  0.0025  0.0020  0.0017
    77  1026  59  0.0026  0.0020  0.0017
    78  1028  60  0.0025  0.0020  0.0017
    79  1029  60  0.0025  0.0020  0.0017
    80  1030  60  0.0025  0.0020  0.0017
    81  1032  61  0.0025  0.0020  0.0017
    82  1033  61  0.0026  0.0020  0.0017
    83  1031  61  0.0025  0.0020  0.0017
    84  1034  62  0.0025  0.0020  0.0017
    85  1035  62  0.0025  0.0020  0.0017
    86  1036  62  0.0025  0.0020  0.0017
    87  1037  62  0.0025  0.0020  0.0017
    88  1039  63  0.0025  0.0020  0.0017
    89  1040  63  0.0026  0.0020  0.0017
    90  1038  63  0.0025  0.0020  0.0017
    91  1042  64  0.0025  0.0020  0.0017
    92  1043  64  0.0026  0.0020  0.0017
    93  1044  64  0.0026  0.0020  0.0017
    94  1045  64  0.0026  0.0020  0.0017
    95  1041  64  0.0026  0.0020  0.0017
    96  1046  65  0.0025  0.0020  0.0017
    97  1047  65  0.0025  0.0020  0.0017
    98  1048  65  0.0026  0.0020  0.0017
    99  1049  65  0.0026  0.0020  0.0017
   100  1050  65  0.0026  0.0020  0.0017
   101  1051  65  0.0025  0.0020  0.0017
   102  1053  66  0.0026  0.0020  0.0017
   103  1052  66  0.0026  0.0020  0.0017
   104  1054  67  0.0026  0.0020  0.0017
   105  1055  67  0.0026  0.0020  0.0017
   106  1056  67  0.0026  0.0020  0.0017
   107  1057  67  0.0026  0.0020  0.0017
   108  1058  67  0.0026  0.0020  0.0017
   109  1060  68  0.0026  0.0020  0.0017
   110  1061  68  0.0026  0.0020  0.0017
   111  1062  68  0.0026  0.0020  0.0017
   112  1063  68  0.0026  0.0020  0.0017
   113  1059  68  0.0026  0.0020  0.0017

     1  1044  321  0.0024  0.0019  0.0016
     2  1043  321  0.0024  0.0019  0.0016
     3  1045  322  0.0024  0.0019  0.0016
     4  1046  322  0.0024  0.0019  0.0016
     5  1047  322  0.0024  0.0019  0.0016
     6  1049  323  0.0024  0.0019  0.0016
     7  1050  323  0.0024  0.0019  0.0016
     8  1051  323  0.0024  0.0019  0.0016
     9  1048  323  0.0024  0.0019  0.0016
    10  1052  324  0.0024  0.0019  0.0016
    11  1053  324  0.0024  0.0019  0.0016
    12  1054  324  0.0024  0.0019  0.0016
    13  1056  325  0.0024  0.0019  0.0016
    14  1057  325  0.0024  0.0019  0.0016
    15  1055  325  0.0024  0.0019  0.0016
    16  1059  326  0.0024  0.0019  0.0017
    17  1058  326  0.0024  0.0019  0.0017
    18  1060  327  0.0024  0.0019  0.0016
    19  1061  327  0.0024  0.0019  0.0016
    20  1063  328  0.0024  0.0019  0.0016
    21  1062  328  0.0024  0.0019  0.0016
    22  1065  329  0.0024  0.0019  0.0016
    23  1064  329  0.0024  0.0019  0.0017
    24  1066  330  0.0024  0.0019  0.0017
    25  1067  330  0.0024  0.0019  0.0016
    26  1069  331  0.0024  0.0019  0.0017
    27  1068  331  0.0024  0.0019  0.0016
    28  1070  332  0.0024  0.0019  0.0016
    29  1072  333  0.0024  0.0019  0.0016
    30  1071  333  0.0024  0.0019  0.0017
    31  1073  334  0.0024  0.0019  0.0016
    32  1075  335  0.0024  0.0019  0.0016
    33  1074  335  0.0024  0.0019  0.0017
    34  1077  336  0.0024  0.0019  0.0016
    35  1076  336  0.0024  0.0019  0.0017
    36  1078  337  0.0024  0.0019  0.0017
    37  1079  338  0.0024  0.0019  0.0016
    38  1081  339  0.0024  0.0019  0.0016
    39  1080  339  0.0024  0.0019  0.0017
    40  1082  340  0.0024  0.0019  0.0016
    41  1083  341  0.0024  0.0019  0.0016
    42  1084  342  0.0024  0.0019  0.0016
    43  1085  343  0.0024  0.0019  0.0016
    44  1087  344  0.0024  0.0019  0.0016
    45  1086  344  0.0024  0.0019  0.0016
    46  1088  345  0.0024  0.0019  0.0016
    47  1089  346  0.0024  0.0019  0.0016
    48  1090  347  0.0024  0.0019  0.0016
    49  1091  347  0.0024  0.0019  0.0016
    50  1093  348  0.0024  0.0019  0.0016
    51  1092  348  0.0024  0.0019  0.0016
    52  1095  349  0.0024  0.0019  0.0016
    53  1094  349  0.0024  0.0019  0.0016
    54  1096  350  0.0024  0.0019  0.0016
    55  1097  350  0.0024  0.0018  0.0016
    56  1099  351  0.0024  0.0019  0.0017
    57  1098  351  0.0024  0.0019  0.0016
    58  1101  352  0.0024  0.0019  0.0016
    59  1100  352  0.0024  0.0019  0.0016
    60  1102  353  0.0024  0.0019  0.0016
    61  1103  353  0.0024  0.0019  0.0016
    62  1105  354  0.0024  0.0018  0.0016
    63  1104  354  0.0024  0.0019  0.0017
    64  1107  355  0.0024  0.0018  0.0016
    65  1108  355  0.0024  0.0019  0.0016
    66  1106  355  0.0024  0.0019  0.0016
    67  1109  356  0.0024  0.0018  0.0016
    68  1110  356  0.0024  0.0019  0.0017
    69  1111  356  0.0024  0.0018  0.0016
    70  1113  357  0.0024  0.0018  0.0016
    71  1112  357  0.0024  0.0018  0.0017
    72  1114  358  0.0024  0.0018  0.0016
    73  1115  358  0.0024  0.0019  0.0016
    74  1116  358  0.0024  0.0019  0.0017
    75  1118  359  0.0024  0.0019  0.0017
    76  1119  359  0.0024  0.0019  0.0017
    77  1117  359  0.0024  0.0019  0.0017
    78  1120  360  0.0024  0.0018  0.0016
    79  1121  360  0.0024  0.0019  0.0016
    80  1122  360  0.0024  0.0018  0.0016
    81  1123  360  0.0024  0.0018  0.0016
    82  1125  361  0.0024  0.0018  0.0016
    83  1126  361  0.0024  0.0018  0.0016
    92  1135  364  0.0024  0.0018  0.0016
    93  1134  364  0.0024  0.0018  0.0016
    95  1138  365  0.0024  0.0018  0.0016
    97  1139  366  0.0024  0.0018  0.0016
    98  1140  366  0.0024  0.0018  0.0017
    99  1142  367  0.0024  0.0018  0.0017
   100  1141  367  0.0024  0.0018  0.0017
   101  1143  368  0.0024  0.0018  0.0017
   102  1144  368  0.0024  0.0018  0.0017
   103  1145  368  0.0024  0.0018  0.0017
   104  1147  369  0.0024  0.0018  0.0017
   105  1146  369  0.0024  0.0018  0.0017
   106  1149  370  0.0024  0.0018  0.0017
   107  1148  370  0.0024  0.0018  0.0017
   108  1150  371  0.0024  0.0018  0.0017
   109  1151  371  0.0024  0.0018  0.0017
   110  1152  371  0.0024  0.0018  0.0017
   111  1154  372  0.0024  0.0018  0.0017
   112  1155  372  0.0024  0.0018  0.0017
   113  1153  372  0.0024  0.0018  0.0017
   114  1156  373  0.0024  0.0018  0.0017
   115  1157  373  0.0024  0.0018  0.0017
   116  1158  373  0.0024  0.0018  0.0017
   117  1160  374  0.0024  0.0018  0.0016
   118  1161  374  0.0024  0.0018  0.0016
   119  1159  374  0.0024  0.0018  0.0017
   120  1162  375  0.0024  0.0018  0.0016
   121  1163  375  0.0024  0.0018  0.0016
   122  1164  375  0.0024  0.0018  0.0016
   123  1166  376  0.0024  0.0018  0.0017
   124  1167  376  0.0024  0.0018  0.0017
   125  1165  376  0.0024  0.0018  0.0017
   126  1168  377  0.0024  0.0018  0.0016
   127  1169  377  0.0024  0.0018  0.0016
   128  1170  377  0.0024  0.0018  0.0016
   129  1172  378  0.0024  0.0018  0.0016
   130  1173  378  0.0024  0.0018  0.0017
   131  1171  378  0.0024  0.0018  0.0017
   132  1174  379  0.0024  0.0018  0.0016
   133  1175  379  0.0024  0.0018  0.0016
   134  1177  380  0.0024  0.0018  0.0016
   135  1178  380  0.0024  0.0018  0.0016
   136  1176  380  0.0024  0.0018  0.0016
   137  1179  381  0.0024  0.0018  0.0016
   138  1180  381  0.0024  0.0018  0.0016
   139  1181  381  0.0024  0.0018  0.0017
   140  1183  382  0.0024  0.0018  0.0017
   141  1182  382  0.0024  0.0018  0.0017
   142  1185  383  0.0024  0.0018  0.0017
   143  1184  383  0.0024  0.0018  0.0016
   144  1186  384  0.0024  0.0018  0.0016
   145  1187  384  0.0024  0.0018  0.0016
   146  1188  384  0.0024  0.0018  0.0016
   147  1190  385  0.0024  0.0018  0.0016
   148  1189  385  0.0024  0.0018  0.0016
   149  1192  386  0.0024  0.0018  0.0016
   150  1191  386  0.0024  0.0018  0.0017
   151  1193  387  0.0024  0.0018  0.0017
   152  1194  387  0.0024  0.0018  0.0017
   153  1195  387  0.0024  0.0018  0.0016
   154  1197  388  0.0024  0.0018  0.0016
   155  1198  388  0.0024  0.0018  0.0016
   156  1196  388  0.0024  0.0018  0.0016
   157  1199  389  0.0024  0.0018  0.0017
   158  1200  389  0.0024  0.0018  0.0017
   159  1201  389  0.0024  0.0018  0.0017
   160  1202  389  0.0024  0.0018  0.0017
   161  1204  390  0.0024  0.0018  0.0017
   162  1205  390  0.0024  0.0018  0.0017
   163  1203  390  0.0024  0.0018  0.0017
   164  1207  391  0.0024  0.0018  0.0017
   165  1208  391  0.0024  0.0018  0.0017
   166  1206  391  0.0024  0.0018  0.0017
   167  1210  392  0.0024  0.0018  0.0016
   168  1209  392  0.0024  0.0018  0.0017
   169  1211  393  0.0024  0.0018  0.0016
   170  1212  393  0.0024  0.0018  0.0016
   171  1214  394  0.0024  0.0018  0.0017
   172  1213  394  0.0024  0.0018  0.0016
   173  1216  395  0.0024  0.0018  0.0017
   174  1215  395  0.0024  0.0018  0.0017
   175  1217  396  0.0024  0.0018  0.0016
   176  1218  396  0.0024  0.0018  0.0016
   177  1220  397  0.0024  0.0018  0.0016
   178  1219  397  0.0024  0.0018  0.0016
   179  1222  398  0.0024  0.0018  0.0016
   180  1221  398  0.0024  0.0018  0.0016
   181  1223  399  0.0024  0.0018  0.0016
   182  1224  400  0.0024  0.0018  0.0016
   183  1226  401  0.0024  0.0018  0.0016
   184  1225  401  0.0024  0.0018  0.0016
   185  1227  402  0.0024  0.0018  0.0017
   186  1229  403  0.0024  0.0018  0.0016
   187  1228  403  0.0024  0.0018  0.0017
   188  1230  404  0.0024  0.0018  0.0016
   189  1231  405  0.0024  0.0018  0.0016
   190  1233  406  0.0024  0.0018  0.0016
   191  1232  406  0.0024  0.0018  0.0016
   192  1234  407  0.0024  0.0018  0.0016

     1  1032  356  0.0024  0.0019  0.0016
     2  1034  357  0.0024  0.0019  0.0016
     3  1033  357  0.0024  0.0019  0.0016
     4  1035  358  0.0024  0.0019  0.0016
     5  1036  359  0.0024  0.0019  0.0017
     6  1037  359  0.0024  0.0019  0.0017
     7  1039  360  0.0024  0.0019  0.0017
     8  1038  360  0.0024  0.0019  0.0017
     9  1040  361  0.0024  0.0019  0.0017
    10  1041  362  0.0024  0.0019  0.0017
    11  1042  362  0.0024  0.0019  0.0017
    12  1043  363  0.0024  0.0019  0.0016
    13  1045  364  0.0024  0.0019  0.0016
    14  1044  364  0.0024  0.0019  0.0016
    15  1047  365  0.0024  0.0019  0.0016
    16  1046  365  0.0024  0.0019  0.0016
    17  1049  366  0.0024  0.0019  0.0016
    18  1048  366  0.0024  0.0019  0.0016
    19  1050  367  0.0024  0.0019  0.0016
    20  1051  367  0.0024  0.0019  0.0016
    21  1053  368  0.0024  0.0019  0.0017
    22  1052  368  0.0024  0.0019  0.0017
    23  1055  369  0.0024  0.0019  0.0016
    24  1054  369  0.0024  0.0019  0.0016
    25  1057  370  0.0024  0.0019  0.0017
    26  1058  370  0.0024  0.0019  0.0016
    27  1056  370  0.0024  0.0019  0.0017
    28  1059  371  0.0024  0.0018  0.0016
    29  1060  371  0.0024  0.0019  0.0016
    30  1061  371  0.0024  0.0019  0.0017
    31  1062  371  0.0024  0.0019  0.0017
    32  1064  372  0.0024  0.0019  0.0017
    33  1065  372  0.0024  0.0019  0.0017
    34  1066  372  0.0024  0.0018  0.0017
    35  1067  372  0.0024  0.0019  0.0017
    36  1063  372  0.0024  0.0019  0.0017
    37  1068  373  0.0024  0.0018  0.0017
    38  1069  373  0.0024  0.0019  0.0017
    39  1070  373  0.0024  0.0019  0.0017
    40  1071  373  0.0024  0.0019  0.0017
    41  1072  373  0.0024  0.0018  0.0017
    42  1073  373  0.0024  0.0019  0.0017
    43  1075  374  0.0024  0.0019  0.0017
    44  1076  374  0.0024  0.0018  0.0017
    45  1077  374  0.0024  0.0019  0.0017
    46  1078  374  0.0024  0.0018  0.0017
    47  1074  374  0.0024  0.0019  0.0017
    48  1079  375  0.0024  0.0018  0.0017
    49  1080  375  0.0024  0.0018  0.0017
    50  1081  375  0.0024  0.0018  0.0017
    51  1082  375  0.0024  0.0018  0.0017
    52  1084  376  0.0024  0.0019  0.0017
    53  1085  376  0.0024  0.0018  0.0017
    54  1086  376  0.0024  0.0018  0.0017
    55  1083  376  0.0024  0.0018  0.0017
    56  1088  377  0.0024  0.0019  0.0017
    57  1089  377  0.0024  0.0018  0.0016
    58  1087  377  0.0024  0.0018  0.0016
    59  1090  378  0.0024  0.0018  0.0016
    60  1091  378  0.0024  0.0018  0.0016
    61  1092  378  0.0024  0.0018  0.0016
    62  1094  379  0.0024  0.0018  0.0016
    63  1095  379  0.0024  0.0018  0.0016
    64  1093  379  0.0024  0.0018  0.0016
    65  1097  380  0.0024  0.0018  0.0016
    66  1098  380  0.0024  0.0018  0.0016
    67  1096  380  0.0024  0.0018  0.0016
    68  1099  381  0.0024  0.0018  0.0016
    69  1100  381  0.0024  0.0018  0.0016
    70  1101  381  0.0024  0.0018  0.0016
    71  1102  381  0.0024  0.0018  0.0016
    72  1104  382  0.0024  0.0018  0.0017
    73  1105  382  0.0024  0.0018  0.0017
    74  1103  382  0.0024  0.0018  0.0017
    75  1107  383  0.0024  0.0018  0.0016
    76  1108  383  0.0024  0.0018  0.0017
    77  1106  383  0.0024  0.0018  0.0017
    78  1109  384  0.0024  0.0018  0.0017
    79  1110  384  0.0024  0.0018  0.0017
    80  1111  384  0.0024  0.0018  0.0017
    81  1113  385  0.0024  0.0018  0.0017
    82  1112  385  0.0024  0.0018  0.0017
    83  1115  386  0.0024  0.0018  0.0017
    84  1116  386  0.0024  0.0018  0.0017
    85  1114  386  0.0024  0.0018  0.0017
    86  1118  387  0.0024  0.0018  0.0017
    87  1119  387  0.0024  0.0018  0.0017
    88  1117  387  0.0024  0.0018  0.0017
    89  1120  388  0.0024  0.0018  0.0017
    90  1121  388  0.0024  0.0018  0.0017
    91  1123  389  0.0024  0.0018  0.0017
    92  1124  389  0.0024  0.0018  0.0017
    93  1122  389  0.0024  0.0018  0.0017
    94  1126  390  0.0024  0.0018  0.0017
    95  1127  390  0.0024  0.0018  0.0017
    96  1125  390  0.0024  0.0018  0.0017
    97  1129  391  0.0024  0.0018  0.0017
    98  1128  391  0.0024  0.0018  0.0017
    99  1130  392  0.0024  0.0018  0.0017
   100  1131  392  0.0024  0.0018  0.0016
   101  1132  392  0.0024  0.0018  0.0017
   102  1134  393  0.0024  0.0018  0.0016
   103  1135  393  0.0024  0.0018  0.0017
   104  1133  393  0.0024  0.0018  0.0016
   105  1137  394  0.0024  0.0018  0.0017
   106  1136  394  0.0024  0.0018  0.0017
   107  1139  395  0.0024  0.0018  0.0016
   108  1140  395  0.0024  0.0018  0.0016
   109  1138  395  0.0024  0.0018  0.0016
   110  1141  396  0.0024  0.0018  0.0016
   111  1142  396  0.0024  0.0018  0.0016
   112  1143  396  0.0024  0.0018  0.0016
   113  1145  397  0.0024  0.0018  0.0016
   114  1144  397  0.0024  0.0018  0.0016
   115  1147  398  0.0024  0.0018  0.0016
   116  1148  398  0.0024  0.0018  0.0016
   117  1146  398  0.0024  0.0018  0.0016
   118  1149  399  0.0024  0.0018  0.0016
   119  1150  399  0.0024  0.0018  0.0016
   120  1151  399  0.0024  0.0018  0.0016
   121  1153  400  0.0024  0.0018  0.0016
   122  1152  400  0.0024  0.0018  0.0016
   123  1155  401  0.0024  0.0018  0.0016
   124  1156  401  0.0024  0.0018  0.0016
   125  1154  401  0.0024  0.0018  0.0016
   126  1158  402  0.0024  0.0018  0.0017
   127  1159  402  0.0024  0.0018  0.0017
   128  1157  402  0.0024  0.0018  0.0017
   129  1160  403  0.0024  0.0018  0.0017
   130  1161  403  0.0024  0.0018  0.0017
   131  1163  404  0.0024  0.0018  0.0017
   132  1162  404  0.0024  0.0018  0.0017
   133  1165  405  0.0024  0.0018  0.0017
   134  1166  405  0.0024  0.0018  0.0017
   135  1164  405  0.0024  0.0018  0.0017
   136  1168  406  0.0024  0.0018  0.0017
   137  1167  406  0.0024  0.0018  0.0017
   138  1169  407  0.0024  0.0018  0.0017
   139  1170  407  0.0024  0.0018  0.0017
   140  1171  407  0.0024  0.0018  0.0017
   141  1172  407  0.0024  0.0018  0.0017
   142  1173  407  0.0024  0.0018  0.0017
   143  1174  407  0.0024  0.0018  0.0017
   144  1175  407  0.0024  0.0018  0.0017
   145  1176  407  0.0024  0.0018  0.0017
   146  1177  407  0.0024  0.0018  0.0017
   147  1179  408  0.0024  0.0018  0.0017
   148  1178  408  0.0024  0.0018  0.0017
   149  1181  409  0.0024  0.0018  0.0017
   150  1180  409  0.0024  0.0018  0.0017
   151  1182  410  0.0024  0.0018  0.0017
   152  1183  410  0.0024  0.0018  0.0016
   153  1185  411  0.0024  0.0018  0.0017
   154  1184  411  0.0024  0.0018  0.0016
   155  1186  412  0.0024  0.0018  0.0016
   156  1187  412  0.0024  0.0018  0.0017
   157  1189  413  0.0024  0.0018  0.0017
   158  1188  413  0.0024  0.0018  0.0017
   159  1191  414  0.0024  0.0018  0.0017
   160  1190  414  0.0024  0.0018  0.0017
   161  1193  415  0.0024  0.0018  0.0016
   162  1192  415  0.0024  0.0018  0.0017
   163  1195  416  0.0024  0.0018  0.0016
   164  1194  416  0.0024  0.0018  0.0016
   165  1196  417  0.0024  0.0018  0.0016
   166  1197  417  0.0024  0.0018  0.0016
   167  1199  418  0.0024  0.0018  0.0017
   168  1198  418  0.0024  0.0018  0.0017
   169  1201  419  0.0024  0.0018  0.0017
   170  1200  419  0.0024  0.0018  0.0017
   171  1202  420  0.0024  0.0018  0.0017
   172  1204  421  0.0024  0.0018  0.0017
   173  1203  421  0.0024  0.0018  0.0017
   174  1205  422  0.0024  0.0018  0.0017
   175  1206  423  0.0024  0.0018  0.0017
   176  1208  424  0.0024  0.0018  0.0017
   177  1207  424  0.0024  0.0018  0.0017
   178  1209  425  0.0024  0.0018  0.0017
   179  1209  426  0.0024  0.0018  0.0017
   180  1209  427  0.0024  0.0018  0.0017
   181  1209  428  0.0024  0.0018  0.0017
   182  1209  429  0.0024  0.0018  0.0017
   183  1209  430  0.0024  0.0018  0.0017
   184  1209  431  0.0024  0.0018  0.0017
   185  1209  432  0.0024  0.0018  0.0016
   186  1209  433  0.0024  0.0018  0.0016
   187  1209  434  0.0024  0.0018  0.0016
   188  1209  435  0.0024  0.0018  0.0016
   189  1209  436  0.0024  0.0018  0.0016
   190  1209  437  0.0024  0.0018  0.0016
   191  1209  438  0.0024  0.0018  0.0016
   192  1209  439  0.0024  0.0018  0.0017
   193  1209  440  0.0024  0.0018  0.0017
   194  1209  441  0.0024  0.0018  0.0016
   195  1208  442  0.0024  0.0018  0.0016
   196  1208  443  0.0024  0.0018  0.0016
   197  1208  444  0.0024  0.0018  0.0016
   198  1208  445  0.0024  0.0018  0.0017
   199  1208  446  0.0024  0.0018  0.0016
   200  1208  447  0.0024  0.0018  0.0016
   201  1208  448  0.0024  0.0018  0.0017
   202  1208  449  0.0024  0.0018  0.0016
   203  1208  450  0.0024  0.0018  0.0016
   204  1208  451  0.0024  0.0018  0.0017
   205  1209  452  0.0024  0.0018  0.0017
   206  1209  453  0.0024  0.0018  0.0017
   207  1210  454  0.0024  0.0018  0.0017
   208  1210  455  0.0024  0.0018  0.0017
   209  1211  456  0.0024  0.0018  0.0017
   210  1213  457  0.0024  0.0018  0.0017
   211  1212  457  0.0024  0.0018  0.0017
   212  1214  458  0.0024  0.0018  0.0017
   213  1215  459  0.0024  0.0018  0.0017
   214  1216  460  0.0024  0.0018  0.0017
   215  1217  461  0.0024  0.0018  0.0017
   216  1219  462  0.0024  0.0018  0.0017
   217  1218  462  0.0024  0.0018  0.0017
   218  1220  463  0.0024  0.0018  0.0017
   219  1222  464  0.0024  0.0018  0.0016
   220  1221  464  0.0024  0.0018  0.0016
   221  1223  465  0.0024  0.0018  0.0017
   222  1224  465  0.0024  0.0018  0.0017
   223  1225  465  0.0024  0.0018  0.0017
   224  1227  466  0.0024  0.0018  0.0017
   225  1228  466  0.0024  0.0018  0.0017
   226  1226  466  0.0024  0.0018  0.0017
   227  1230  467  0.0024  0.0018  0.0016
   228  1231  467  0.0024  0.0018  0.0017
   229  1229  467  0.0024  0.0018  0.0017
   230  1232  468  0.0024  0.0018  0.0017
   231  1233  468  0.0024  0.0018  0.0017
   232  1234  468  0.0024  0.0018  0.0017
   233  1235  468  0.0024  0.0018  0.0017
   234  1237  469  0.0024  0.0018  0.0016
   235  1238  469  0.0024  0.0018  0.0016
   236  1239  469  0.0024  0.0018  0.0016
   237  1236  469  0.0024  0.0018  0.0016
   238  1240  470  0.0024  0.0018  0.0016
   239  1241  470  0.0024  0.0018  0.0016
   240  1242  470  0.0024  0.0018  0.0016
   241  1243  471  0.0024  0.0018  0.0016
   242  1244  472  0.0024  0.0018  0.0016
   243  1245  473  0.0024  0.0018  0.0017
   244  1245  474  0.0024  0.0018  0.0016
   245  1245  475  0.0024  0.0018  0.0017
   246  1245  476  0.0024  0.0018  0.0017
   247  1245  477  0.0024  0.0018  0.0017
   248  1246  478  0.0024  0.0018  0.0017
   249  1246  479  0.0024  0.0018  0.0017
   250  1246  480  0.0024  0.0018  0.0017
   251  1246  481  0.0024  0.0018  0.0017
   252  1246  482  0.0024  0.0018  0.0016
   253  1247  483  0.0024  0.0018  0.0017
   254  1247  484  0.0024  0.0018  0.0017
   255  1248  485  0.0024  0.0018  0.0017
   256  1248  486  0.0024  0.0018  0.0017
   257  1249  487  0.0024  0.0018  0.0017
   258  1251  488  0.0024  0.0018  0.0017
   259  1250  488  0.0024  0.0018  0.0017
   260  1252  489  0.0024  0.0018  0.0017
   261  1252  490  0.0024  0.0018  0.0017
   262  1252  491  0.0024  0.0018  0.0017
   263  1252  492  0.0024  0.0018  0.0017
   264  1252  493  0.0024  0.0018  0.0016
   265  1253  494  0.0024  0.0018  0.0016
   266  1253  495  0.0024  0.0018  0.0017
   267  1254  496  0.0024  0.0018  0.0017
   268  1255  497  0.0024  0.0018  0.0017
   269  1256  497  0.0024  0.0018  0.0017
   270  1254  497  0.0024  0.0018  0.0017
   271  1257  498  0.0024  0.0018  0.0017
   272  1258  498  0.0024  0.0018  0.0017
   273  1259  498  0.0024  0.0018  0.0017
   274  1260  498  0.0024  0.0018  0.0016
   275  1261  498  0.0024  0.0018  0.0016
   276  1262  498  0.0024  0.0018  0.0016
   277  1263  498  0.0024  0.0018  0.0016
   278  1264  498  0.0024  0.0018  0.0016
   279  1265  498  0.0024  0.0018  0.0016
   280  1266  498  0.0024  0.0018  0.0016
   281  1267  498  0.0024  0.0018  0.0016
   282  1268  498  0.0024  0.0018  0.0016
   283  1269  498  0.0024  0.0018  0.0016
   284  1270  498  0.0024  0.0018  0.0016
   285  1271  498  0.0024  0.0018  0.0016
   286  1272  498  0.0024  0.0018  0.0016
   287  1273  498  0.0024  0.0018  0.0016
   288  1274  498  0.0024  0.0018  0.0016
   289  1275  498  0.0024  0.0018  0.0016
   290  1276  498  0.0024  0.0018  0.0016
   291  1277  498  0.0024  0.0018  0.0016
   292  1278  498  0.0024  0.0018  0.0017
   293  1279  498  0.0024  0.0018  0.0016
   294  1280  498  0.0024  0.0018  0.0017
   295  1281  498  0.0024  0.0018  0.0016
   296  1282  498  0.0023  0.0018  0.0017
   297  1283  498  0.0024  0.0018  0.0017
   298  1284  498  0.0023  0.0018  0.0017
   299  1285  498  0.0024  0.0018  0.0017
   300  1286  498  0.0024  0.0018  0.0017
   301  1287  498  0.0024  0.0018  0.0017
   302  1288  498  0.0024  0.0018  0.0017
   303  1289  498  0.0024  0.0018  0.0016
   304  1290  498  0.0024  0.0018  0.0017
   305  1291  498  0.0024  0.0018  0.0017
   306  1292  498  0.0024  0.0018  0.0017
   307  1293  498  0.0024  0.0018  0.0016
   308  1294  498  0.0024  0.0018  0.0016
   309  1295  498  0.0024  0.0018  0.0016

     1  1034  369  0.0024  0.0019  0.0017
     2  1033  369  0.0024  0.0019  0.0017
     3  1036  370  0.0024  0.0019  0.0016
     4  1037  370  0.0024  0.0019  0.0016
     5  1038  370  0.0024  0.0019  0.0016
     6  1035  370  0.0024  0.0019  0.0017
     7  1039  371  0.0024  0.0019  0.0016
     8  1040  371  0.0024  0.0019  0.0017
     9  1041  371  0.0024  0.0019  0.0017
    10  1043  372  0.0024  0.0019  0.0016
    11  1042  372  0.0024  0.0019  0.0017
    12  1045  373  0.0024  0.0019  0.0016
    13  1044  373  0.0024  0.0019  0.0016
    14  1047  374  0.0024  0.0019  0.0017
    15  1046  374  0.0024  0.0019  0.0017
    16  1049  375  0.0024  0.0019  0.0017
    17  1048  375  0.0024  0.0019  0.0017
    18  1050  376  0.0024  0.0019  0.0017
    19  1051  376  0.0024  0.0019  0.0017
    20  1052  376  0.0024  0.0019  0.0017
    21  1053  376  0.0024  0.0019  0.0017
    22  1055  377  0.0024  0.0019  0.0017
    23  1056  377  0.0024  0.0019  0.0017
    27  1054  377  0.0024  0.0019  0.0017
    28  1060  378  0.0024  0.0019  0.0017
    29  1061  378  0.0024  0.0019  0.0016
    30  1062  378  0.0024  0.0018  0.0016
    33  1066  379  0.0024  0.0018  0.0017
    34  1067  379  0.0024  0.0018  0.0017
    35  1068  379  0.0024  0.0019  0.0017
    36  1069  379  0.0024  0.0019  0.0017
    37  1065  379  0.0024  0.0019  0.0017
    38  1070  380  0.0024  0.0019  0.0016
    39  1071  380  0.0024  0.0018  0.0017
    40  1072  380  0.0024  0.0019  0.0017
    41  1073  380  0.0024  0.0018  0.0017
    42  1074  380  0.0024  0.0019  0.0017
    43  1076  381  0.0024  0.0018  0.0017
    44  1077  381  0.0024  0.0018  0.0017
    45  1078  381  0.0024  0.0018  0.0017
    46  1079  381  0.0024  0.0018  0.0017
    47  1075  381  0.0024  0.0018  0.0017
    48  1080  382  0.0024  0.0018  0.0017
    49  1081  382  0.0024  0.0018  0.0017
    50  1082  382  0.0024  0.0018  0.0017
    51  1083  382  0.0024  0.0018  0.0017
    52  1084  382  0.0024  0.0018  0.0017
    53  1086  383  0.0024  0.0018  0.0017
    54  1087  383  0.0024  0.0019  0.0017
    55  1085  383  0.0024  0.0018  0.0017
    56  1088  384  0.0024  0.0018  0.0017
    57  1090  385  0.0024  0.0019  0.0017
    58  1089  385  0.0024  0.0018  0.0017
    59  1091  386  0.0024  0.0019  0.0017
    60  1092  387  0.0024  0.0018  0.0017
    61  1094  388  0.0024  0.0018  0.0016
    62  1093  388  0.0024  0.0018  0.0017
    63  1096  389  0.0024  0.0019  0.0017
    64  1095  389  0.0024  0.0018  0.0017
    65  1098  390  0.0024  0.0018  0.0017
    66  1099  390  0.0024  0.0018  0.0016
    67  1100  390  0.0024  0.0018  0.0017
    68  1097  390  0.0024  0.0018  0.0017
    69  1101  391  0.0024  0.0018  0.0017
    70  1102  391  0.0024  0.0018  0.0017
    71  1103  391  0.0024  0.0018  0.0017
    72  1104  391  0.0024  0.0018  0.0017
    73  1106  392  0.0024  0.0018  0.0017
    74  1107  392  0.0024  0.0018  0.0017
    75  1108  392  0.0024  0.0018  0.0017
    76  1105  392  0.0024  0.0018  0.0017
    77  1109  393  0.0024  0.0018  0.0017
    78  1110  393  0.0024  0.0018  0.0017
    79  1111  393  0.0024  0.0018  0.0017
    80  1112  393  0.0024  0.0018  0.0017
    81  1114  394  0.0024  0.0018  0.0017
    82  1115  394  0.0024  0.0018  0.0017
    83  1116  394  0.0024  0.0018  0.0017
    84  1113  394  0.0024  0.0018  0.0017
    85  1118  395  0.0024  0.0018  0.0017
    86  1119  395  0.0024  0.0018  0.0017
    87  1120  395  0.0024  0.0018  0.0017
    88  1117  395  0.0024  0.0018  0.0017
    89  1121  396  0.0024  0.0018  0.0017
    90  1122  396  0.0024  0.0018  0.0017
    91  1123  396  0.0024  0.0018  0.0016
    92  1125  397  0.0024  0.0018  0.0016
    93  1126  397  0.0024  0.0018  0.0016
    94  1124  397  0.0024  0.0018  0.0016
    95  1128  398  0.0024  0.0018  0.0016
    96  1129  398  0.0024  0.0018  0.0016
    97  1127  398  0.0024  0.0018  0.0017
    98  1130  399  0.0024  0.0018  0.0016
    99  1131  399  0.0024  0.0018  0.0016
   100  1133  400  0.0024  0.0018  0.0016
   101  1134  400  0.0024  0.0018  0.0016
   102  1132  400  0.0024  0.0018  0.0016
   103  1136  401  0.0024  0.0018  0.0016
   104  1137  401  0.0024  0.0018  0.0016
   105  1135  401  0.0024  0.0018  0.0016
   106  1138  402  0.0024  0.0018  0.0016
   107  1139  402  0.0024  0.0018  0.0016
   108  1141  403  0.0024  0.0018  0.0016
   109  1140  403  0.0024  0.0018  0.0016
   110  1142  404  0.0024  0.0018  0.0016
   111  1144  405  0.0024  0.0018  0.0016
   112  1143  405  0.0024  0.0018  0.0016
   113  1146  406  0.0024  0.0018  0.0016
   114  1145  406  0.0024  0.0018  0.0016
   115  1147  407  0.0024  0.0018  0.0016
   116  1148  407  0.0024  0.0018  0.0016
   117  1149  407  0.0024  0.0018  0.0016
   118  1151  408  0.0024  0.0018  0.0016
   119  1150  408  0.0024  0.0018  0.0016
   120  1153  409  0.0024  0.0018  0.0016
   121  1154  409  0.0024  0.0018  0.0016
   122  1152  409  0.0024  0.0018  0.0016
   123  1155  410  0.0024  0.0018  0.0017
   124  1156  410  0.0024  0.0018  0.0017
   125  1157  410  0.0024  0.0018  0.0017
   126  1159  411  0.0024  0.0018  0.0016
   127  1160  411  0.0024  0.0018  0.0016
   128  1158  411  0.0024  0.0018  0.0017
   129  1162  412  0.0024  0.0018  0.0017
   132  1161  412  0.0024  0.0018  0.0017
   136  1169  414  0.0024  0.0018  0.0017
   137  1170  414  0.0024  0.0018  0.0017
   138  1171  414  0.0024  0.0018  0.0017
   140  1173  415  0.0024  0.0018  0.0017
   141  1174  415  0.0024  0.0018  0.0017
   142  1172  415  0.0024  0.0018  0.0017
   143  1175  416  0.0024  0.0018  0.0017
   144  1176  416  0.0024  0.0018  0.0017
   145  1178  417  0.0024  0.0018  0.0017
   146  1177  417  0.0024  0.0018  0.0017
   147  1180  418  0.0024  0.0018  0.0017
   148  1179  418  0.0024  0.0018  0.0017
   149  1182  419  0.0024  0.0018  0.0017
   150  1181  419  0.0024  0.0018  0.0017
   151  1184  420  0.0024  0.0018  0.0017
   152  1183  420  0.0024  0.0018  0.0017
   153  1185  421  0.0024  0.0018  0.0017
   154  1186  421  0.0024  0.0018  0.0017
   155  1188  422  0.0024  0.0018  0.0017
   156  1187  422  0.0024  0.0018  0.0017
   157  1190  423  0.0024  0.0018  0.0017
   158  1189  423  0.0024  0.0018  0.0017
   159  1192  424  0.0024  0.0018  0.0016
   160  1191  424  0.0024  0.0018  0.0017
   161  1194  425  0.0024  0.0018  0.0016
   162  1193  425  0.0024  0.0018  0.0016
   163  1195  426  0.0024  0.0018  0.0016
   164  1196  426  0.0024  0.0018  0.0016
   165  1197  427  0.0024  0.0018  0.0016
   166  1198  428  0.0024  0.0018  0.0016
   167  1199  429  0.0024  0.0018  0.0016
   168  1200  430  0.0024  0.0018  0.0017
   169  1201  430  0.0024  0.0018  0.0017
   170  1202  431  0.0024  0.0018  0.0017
   171  1203  432  0.0024  0.0018  0.0017
   172  1203  433  0.0024  0.0018  0.0017
   173  1203  434  0.0024  0.0018  0.0016
   174  1203  435  0.0024  0.0018  0.0016
   175  1203  436  0.0024  0.0018  0.0016
   176  1203  437  0.0024  0.0018  0.0016
   177  1203  438  0.0024  0.0018  0.0016
   178  1203  439  0.0024  0.0018  0.0017
   179  1203  440  0.0024  0.0018  0.0016
   180  1203  441  0.0024  0.0018  0.0017
   181  1203  442  0.0024  0.0018  0.0016
   182  1204  443  0.0024  0.0018  0.0016
   183  1204  444  0.0024  0.0018  0.0016
   184  1204  445  0.0024  0.0018  0.0016
   185  1204  446  0.0024  0.0018  0.0017
   186  1204  447  0.0024  0.0018  0.0016
   187  1204  448  0.0024  0.0018  0.0016
   188  1204  449  0.0024  0.0018  0.0017
   189  1204  450  0.0024  0.0018  0.0016
   190  1204  451  0.0024  0.0018  0.0016
   191  1204  452  0.0024  0.0018  0.0017
   192  1203  453  0.0024  0.0018  0.0016
   193  1203  454  0.0024  0.0018  0.0016
   194  1203  455  0.0024  0.0018  0.0017
   195  1203  456  0.0024  0.0018  0.0016
   196  1203  457  0.0024  0.0018  0.0016
   197  1204  458  0.0024  0.0018  0.0016
   198  1204  459  0.0024  0.0018  0.0016
   199  1205  460  0.0024  0.0018  0.0016
   200  1205  461  0.0024  0.0018  0.0016
   201  1206  462  0.0024  0.0018  0.0016
   202  1206  463  0.0024  0.0018  0.0016
   203  1207  464  0.0024  0.0018  0.0016
   204  1208  465  0.0024  0.0018  0.0017
   205  1209  466  0.0024  0.0018  0.0017
   206  1210  467  0.0024  0.0018  0.0017
   207  1211  468  0.0024  0.0018  0.0017
   208  1211  469  0.0024  0.0018  0.0017
   209  1212  470  0.0024  0.0018  0.0017
   210  1213  471  0.0024  0.0018  0.0016
   211  1214  472  0.0024  0.0018  0.0016
   212  1215  472  0.0024  0.0018  0.0016
   213  1216  472  0.0024  0.0018  0.0016
   214  1217  472  0.0024  0.0018  0.0016
   215  1219  473  0.0024  0.0018  0.0016
   216  1220  473  0.0024  0.0018  0.0017
   217  1221  473  0.0024  0.0018  0.0017
   218  1222  473  0.0024  0.0018  0.0017
   219  1223  473  0.0024  0.0018  0.0017
   220  1218  473  0.0024  0.0018  0.0016
   221  1224  474  0.0024  0.0018  0.0017
   222  1225  474  0.0024  0.0018  0.0017
   223  1226  474  0.0024  0.0018  0.0017
   224  1228  475  0.0024  0.0018  0.0017
   225  1229  475  0.0024  0.0018  0.0017
   226  1227  475  0.0024  0.0018  0.0017
   227  1231  476  0.0024  0.0018  0.0017
   228  1230  476  0.0024  0.0018  0.0017
   229  1231  477  0.0024  0.0018  0.0017
   230  1231  478  0.0024  0.0018  0.0017
   231  1232  479  0.0024  0.0018  0.0016
   232  1232  480  0.0024  0.0018  0.0016
   233  1232  481  0.0024  0.0018  0.0016
   234  1232  482  0.0024  0.0018  0.0016
   235  1233  483  0.0024  0.0018  0.0016
   236  1233  484  0.0024  0.0018  0.0016
   237  1234  485  0.0024  0.0018  0.0016
   238  1234  486  0.0023  0.0018  0.0016
   239  1235  487  0.0024  0.0018  0.0016
   240  1235  488  0.0024  0.0018  0.0016
   241  1236  489  0.0023  0.0018  0.0016
   242  1236  490  0.0023  0.0018  0.0016
   243  1237  491  0.0024  0.0018  0.0016
   244  1237  492  0.0023  0.0018  0.0016
   245  1238  493  0.0024  0.0018  0.0016
   246  1239  494  0.0024  0.0018  0.0016
   247  1239  495  0.0024  0.0018  0.0016
   248  1240  496  0.0024  0.0018  0.0016
   249  1240  497  0.0024  0.0018  0.0016
   250  1241  498  0.0024  0.0018  0.0016
   251  1241  499  0.0023  0.0018  0.0016
   252  1241  500  0.0023  0.0018  0.0017
   253  1242  501  0.0023  0.0018  0.0016
   254  1242  502  0.0023  0.0018  0.0017
   255  1243  503  0.0023  0.0018  0.0016
   256  1243  504  0.0023  0.0018  0.0017
   257  1244  504  0.0023  0.0018  0.0017
   258  1245  504  0.0023  0.0018  0.0017
   259  1246  504  0.0023  0.0018  0.0017
   260  1247  504  0.0023  0.0018  0.0017
   261  1248  504  0.0023  0.0018  0.0017
   262  1249  504  0.0023  0.0018  0.0017
   263  1250  504  0.0023  0.0018  0.0017
   264  1251  504  0.0023  0.0018  0.0017
   265  1252  504  0.0023  0.0018  0.0017
   266  1253  505  0.0023  0.0018  0.0017
   267  1254  505  0.0023  0.0018  0.0017
   268  1255  505  0.0023  0.0018  0.0017
   269  1256  505  0.0024  0.0018  0.0017
   270  1257  505  0.0024  0.0018  0.0017
   271  1258  505  0.0024  0.0018  0.0017
   272  1259  505  0.0024  0.0018  0.0017
   273  1260  505  0.0024  0.0018  0.0017
   274  1261  505  0.0024  0.0018  0.0017
   275  1262  505  0.0024  0.0018  0.0017
   276  1263  505  0.0024  0.0018  0.0017
   277  1294  505  0.0024  0.0018  0.0016
   278  1293  505  0.0024  0.0018  0.0016
   279  1292  505  0.0023  0.0018  0.0017
   280  1291  505  0.0024  0.0018  0.0017
   281  1290  505  0.0024  0.0018  0.0017
   282  1289  505  0.0024  0.0018  0.0017
   283  1288  505  0.0024  0.0018  0.0017
   284  1287  505  0.0024  0.0018  0.0017
   285  1286  505  0.0024  0.0018  0.0017
   286  1285  505  0.0024  0.0018  0.0017
   287  1284  505  0.0024  0.0018  0.0017
   288  1295  505  0.0024  0.0018  0.0016
   289  1276  506  0.0024  0.0018  0.0016
   290  1277  506  0.0024  0.0018  0.0016
   291  1278  506  0.0023  0.0018  0.0016
   292  1279  506  0.0024  0.0018  0.0016
   293  1280  506  0.0024  0.0018  0.0016
   294  1281  506  0.0024  0.0018  0.0017
   295  1282  506  0.0024  0.0018  0.0017
   296  1283  506  0.0024  0.0018  0.0017
   297  1274  506  0.0024  0.0018  0.0016
   298  1273  506  0.0024  0.0018  0.0016
   299  1272  506  0.0023  0.0018  0.0016
   300  1271  506  0.0023  0.0018  0.0016
   301  1270  506  0.0023  0.0018  0.0016
   302  1269  506  0.0024  0.0018  0.0016
   303  1268  506  0.0024  0.0018  0.0016
   304  1267  506  0.0024  0.0018  0.0016
   305  1266  506  0.0024  0.0018  0.0016
   306  1265  506  0.0024  0.0018  0.0016
   307  1264  506  0.0024  0.0018  0.0016
   308  1275  506  0.0024  0.0018  0.0016

     1  778  357  0.0023  0.0019  0.0017
     2  778  358  0.0023  0.0019  0.0017
     3  778  359  0.0023  0.0019  0.0017
     4  778  360  0.0023  0.0019  0.0017
     5  778  361  0.0023  0.0019  0.0017
     6  778  362  0.0023  0.0019  0.0017
     7  778  363  0.0023  0.0019  0.0017
     8  778  364  0.0023  0.0019  0.0017
     9  778  365  0.0023  0.0019  0.0017
    10  778  366  0.0023  0.0019  0.0017
    11  778  367  0.0023  0.0019  0.0017
    12  777  368  0.0023  0.0019  0.0017
    13  777  369  0.0023  0.0019  0.0017
    14  776  370  0.0023  0.0019  0.0017
    15  776  371  0.0023  0.0019  0.0017
    16  775  372  0.0023  0.0019  0.0016
    17  775  373  0.0023  0.0019  0.0016
    18  774  374  0.0023  0.0019  0.0016
    19  773  375  0.0023  0.0019  0.0016
    20  772  376  0.0023  0.0019  0.0016
    21  771  377  0.0023  0.0019  0.0016
    22  770  378  0.0023  0.0019  0.0016
    23  769  379  0.0023  0.0019  0.0016
    24  770  380  0.0023  0.0019  0.0017
    25  770  381  0.0023  0.0019  0.0017
    26  771  382  0.0023  0.0019  0.0016
    27  773  383  0.0023  0.0019  0.0016
    28  774  383  0.0023  0.0019  0.0016
    29  772  383  0.0023  0.0019  0.0016
    30  775  384  0.0023  0.0019  0.0016
    31  776  384  0.0023  0.0019  0.0016
    32  777  384  0.0023  0.0019  0.0016
    33  778  384  0.0023  0.0019  0.0016
    34  780  385  0.0023  0.0019  0.0016
    35  781  385  0.0023  0.0019  0.0016
    36  779  385  0.0023  0.0019  0.0016
    37  782  386  0.0023  0.0019  0.0016
    38  783  386  0.0023  0.0019  0.0016
    39  784  386  0.0023  0.0019  0.0016
    40  785  386  0.0023  0.0019  0.0016
    41  787  387  0.0023  0.0019  0.0016
    42  788  387  0.0023  0.0019  0.0016
    43  789  387  0.0023  0.0019  0.0016
    44  786  387  0.0023  0.0019  0.0016
    45  790  388  0.0023  0.0019  0.0017
    46  791  388  0.0023  0.0019  0.0016
    47  792  388  0.0023  0.0019  0.0016
    48  794  389  0.0023  0.0019  0.0017
    49  795  389  0.0023  0.0019  0.0017
    50  793  389  0.0023  0.0019  0.0017
    51  796  390  0.0023  0.0019  0.0017
    52  797  390  0.0023  0.0019  0.0017
    53  798  390  0.0023  0.0019  0.0017
    54  800  391  0.0023  0.0019  0.0017
    55  799  391  0.0023  0.0019  0.0017
    56  802  392  0.0023  0.0019  0.0017
    57  803  392  0.0023  0.0019  0.0017
    58  801  392  0.0023  0.0019  0.0017
    59  804  393  0.0023  0.0019  0.0017
    60  805  393  0.0023  0.0019  0.0017
    61  806  393  0.0023  0.0019  0.0017
    62  808  394  0.0023  0.0019  0.0017
    63  809  394  0.0023  0.0019  0.0017
    64  807  394  0.0023  0.0019  0.0017
    65  811  395  0.0023  0.0019  0.0017
    66  810  395  0.0023  0.0019  0.0017
    67  812  396  0.0023  0.0019  0.0017
    68  813  396  0.0023  0.0019  0.0017
    69  814  396  0.0023  0.0019  0.0017
    70  816  397  0.0023  0.0019  0.0017
    71  815  397  0.0023  0.0019  0.0016
    72  818  398  0.0023  0.0019  0.0017
    73  819  398  0.0023  0.0019  0.0017
    74  817  398  0.0023  0.0019  0.0017
    75  820  399  0.0023  0.0019  0.0017
    76  821  399  0.0023  0.0019  0.0017
    77  822  399  0.0023  0.0019  0.0017
    78  824  400  0.0023  0.0019  0.0017
    79  823  400  0.0023  0.0019  0.0017
    80  826  401  0.0023  0.0019  0.0016
    81  827  401  0.0023  0.0019  0.0016
    82  825  401  0.0023  0.0019  0.0017
    83  828  402  0.0023  0.0019  0.0017
    84  829  402  0.0023  0.0019  0.0017
    85  830  402  0.0023  0.0019  0.0017
    86  831  402  0.0023  0.0019  0.0017
    87  833  403  0.0023  0.0019  0.0016
    88  832  403  0.0023  0.0019  0.0016
    89  835  404  0.0023  0.0019  0.0016
    90  834  404  0.0023  0.0019  0.0017
    91  836  405  0.0023  0.0019  0.0017
    92  838  406  0.0023  0.0019  0.0017
    93  837  406  0.0023  0.0019  0.0017
    94  839  407  0.0023  0.0019  0.0017
    95  841  408  0.0023  0.0019  0.0017
    96  840  408  0.0023  0.0019  0.0017
    97  842  409  0.0023  0.0019  0.0017
    98  843  410  0.0023  0.0019  0.0017
    99  844  410  0.0023  0.0019  0.0017
   100  846  411  0.0023  0.0019  0.0017
   101  845  411  0.0023  0.0019  0.0017
   102  848  412  0.0023  0.0019  0.0017
   103  847  412  0.0023  0.0019  0.0017
   104  849  413  0.0023  0.0019  0.0017
   105  850  414  0.0023  0.0019  0.0017
   106  851  414  0.0023  0.0019  0.0017
   107  853  415  0.0023  0.0019  0.0017
   108  852  415  0.0023  0.0019  0.0017
   109  855  416  0.0023  0.0019  0.0017
   110  854  416  0.0023  0.0019  0.0017
   111  857  417  0.0023  0.0019  0.0017
   112  858  417  0.0023  0.0019  0.0017
   113  856  417  0.0023  0.0019  0.0017
   114  859  418  0.0023  0.0019  0.0017
   115  860  418  0.0023  0.0019  0.0017
   116  861  418  0.0023  0.0019  0.0017
   117  862  418  0.0023  0.0019  0.0017
   118  864  419  0.0023  0.0019  0.0017
   119  865  419  0.0023  0.0019  0.0017
   120  863  419  0.0023  0.0019  0.0017

     1  822  339  0.0023  0.0019  0.0016
     2  822  340  0.0023  0.0019  0.0016
     3  822  341  0.0023  0.0019  0.0016
     4  822  342  0.0023  0.0019  0.0016
     5  822  343  0.0023  0.0019  0.0016
     6  822  344  0.0023  0.0019  0.0016
     7  821  345  0.0023  0.0019  0.0016
     8  821  346  0.0023  0.0019  0.0016
     9  821  347  0.0023  0.0019  0.0016
    10  821  348  0.0023  0.0019  0.0016
    11  821  349  0.0023  0.0019  0.0016
    12  821  350  0.0023  0.0019  0.0016
    13  822  351  0.0023  0.0019  0.0016
    14  822  352  0.0023  0.0019  0.0016
    15  823  352  0.0023  0.0019  0.0016
    16  825  353  0.0023  0.0019  0.0016
    17  826  353  0.0023  0.0019  0.0016
    18  827  353  0.0023  0.0019  0.0016
    19  824  353  0.0023  0.0019  0.0016
    20  828  354  0.0023  0.0019  0.0016
    21  829  354  0.0023  0.0019  0.0016
    22  830  354  0.0023  0.0019  0.0017
    23  831  354  0.0023  0.0019  0.0017
    24  833  355  0.0023  0.0019  0.0016
    25  834  355  0.0023  0.0019  0.0016
    26  835  355  0.0023  0.0019  0.0016
    27  832  355  0.0023  0.0019  0.0016
    28  837  356  0.0023  0.0019  0.0016
    29  836  356  0.0023  0.0019  0.0016
    30  839  357  0.0023  0.0019  0.0016
    31  838  357  0.0023  0.0019  0.0016
    32  840  358  0.0023  0.0019  0.0016
    33  841  358  0.0023  0.0019  0.0016
    34  843  359  0.0023  0.0019  0.0016
    35  842  359  0.0023  0.0019  0.0016
    36  844  360  0.0023  0.0019  0.0016
    37  845  361  0.0023  0.0019  0.0016
    38  846  361  0.0023  0.0019  0.0016
    39  848  362  0.0023  0.0019  0.0016
    40  847  362  0.0023  0.0019  0.0016
    41  850  363  0.0023  0.0019  0.0016
    42  849  363  0.0023  0.0019  0.0016
    43  851  364  0.0023  0.0019  0.0016
    44  852  364  0.0023  0.0019  0.0017
    45  854  365  0.0023  0.0019  0.0017
    46  853  365  0.0023  0.0019  0.0017
    47  856  366  0.0023  0.0019  0.0017
    48  855  366  0.0023  0.0019  0.0017
    49  857  367  0.0023  0.0019  0.0017
    50  858  367  0.0023  0.0019  0.0017
    51  860  368  0.0023  0.0019  0.0017
    52  859  368  0.0023  0.0019  0.0017
    53  861  369  0.0023  0.0019  0.0017
    54  862  370  0.0023  0.0019  0.0017
    55  863  370  0.0023  0.0019  0.0017
    56  865  371  0.0023  0.0019  0.0017
    57  864  371  0.0023  0.0019  0.0017
    58  866  372  0.0023  0.0019  0.0017
    59  868  373  0.0023  0.0019  0.0017
    60  867  373  0.0023  0.0019  0.0017
    61  869  374  0.0023  0.0019  0.0017
    62  871  375  0.0023  0.0019  0.0017
    63  870  375  0.0023  0.0019  0.0017
    64  873  376  0.0023  0.0019  0.0017
    65  872  376  0.0023  0.0019  0.0017
    66  874  377  0.0023  0.0019  0.0017
    67  875  377  0.0023  0.0019  0.0017
    68  877  378  0.0023  0.0019  0.0017
    69  878  378  0.0023  0.0019  0.0017
    70  876  378  0.0023  0.0019  0.0017
    71  880  379  0.0023  0.0019  0.0017
    72  879  379  0.0023  0.0019  0.0017
    73  881  380  0.0023  0.0019  0.0016
    74  882  381  0.0023  0.0019  0.0016
    75  883  382  0.0023  0.0019  0.0016
    76  883  383  0.0023  0.0019  0.0016
    77  884  384  0.0023  0.0019  0.0017
    78  885  385  0.0023  0.0019  0.0016
    79  886  385  0.0023  0.0019  0.0016
    80  888  386  0.0023  0.0019  0.0017
    81  889  386  0.0023  0.0019  0.0016
    82  887  386  0.0023  0.0019  0.0016
    83  891  387  0.0023  0.0019  0.0016
    84  890  387  0.0023  0.0019  0.0016
    85  893  388  0.0023  0.0019  0.0016
    86  894  388  0.0023  0.0019  0.0016
    87  892  388  0.0023  0.0019  0.0016
    88  895  389  0.0023  0.0019  0.0016
    89  896  389  0.0023  0.0019  0.0016
    90  897  389  0.0023  0.0019  0.0016
    91  899  390  0.0023  0.0019  0.0017
    92  900  390  0.0023  0.0019  0.0016
    93  898  390  0.0023  0.0019  0.0016
    94  902  391  0.0023  0.0019  0.0017
    95  901  391  0.0023  0.0019  0.0017
    96  903  392  0.0023  0.0019  0.0017
    97  904  392  0.0023  0.0019  0.0017
    98  905  392  0.0023  0.0019  0.0017
    99  907  393  0.0023  0.0019  0.0017
   100  906  393  0.0023  0.0019  0.0017
   101  908  394  0.0023  0.0019  0.0017
   102  909  394  0.0023  0.0019  0.0017
   103  911  395  0.0023  0.0019  0.0017
   104  910  395  0.0023  0.0019  0.0017
   105  912  396  0.0023  0.0019  0.0017
   106  914  397  0.0023  0.0019  0.0017
   107  913  397  0.0023  0.0019  0.0017
   108  915  398  0.0023  0.0019  0.0017
   109  917  399  0.0023  0.0019  0.0017
   110  916  399  0.0023  0.0019  0.0017
   111  919  400  0.0023  0.0019  0.0017
   112  918  400  0.0023  0.0019  0.0017
   113  920  401  0.0023  0.0019  0.0017
   114  921  402  0.0023  0.0019  0.0017
   115  922  403  0.0023  0.0019  0.0017
   116  923  404  0.0023  0.0019  0.0017
   118  924  405  0.0023  0.0018  0.0017
   119  926  406  0.0023  0.0018  0.0017
   120  927  407  0.0023  0.0018  0.0017
   121  928  408  0.0023  0.0018  0.0016
   122  929  409  0.0023  0.0018  0.0016
   123  930  410  0.0023  0.0018  0.0017
   124  931  411  0.0023  0.0019  0.0017
   125  932  412  0.0023  0.0019  0.0017
   126  933  413  0.0023  0.0019  0.0017
   127  933  414  0.0023  0.0019  0.0016
   128  934  415  0.0023  0.0019  0.0017
   129  935  416  0.0023  0.0019  0.0016
   130  936  417  0.0023  0.0019  0.0016
   131  937  418  0.0023  0.0018  0.0017
   132  938  419  0.0023  0.0018  0.0017
   133  939  420  0.0023  0.0018  0.0017
   134  940  421  0.0023  0.0019  0.0017
   135  940  422  0.0023  0.0018  0.0017
   136  941  423  0.0023  0.0018  0.0016
   137  942  424  0.0023  0.0019  0.0016
   138  943  425  0.0023  0.0018  0.0017
   139  943  426  0.0023  0.0018  0.0017
   140  944  427  0.0023  0.0018  0.0016
   141  945  428  0.0023  0.0019  0.0016
   142  946  428  0.0023  0.0018  0.0017
   143  947  428  0.0023  0.0019  0.0016
   144  948  428  0.0023  0.0018  0.0017
   145  950  429  0.0023  0.0018  0.0017
   146  951  429  0.0023  0.0019  0.0017
   147  952  429  0.0023  0.0018  0.0017
   148  953  429  0.0023  0.0018  0.0017
   149  954  429  0.0023  0.0018  0.0017
   150  955  429  0.0023  0.0018  0.0017
   151  949  429  0.0023  0.0018  0.0017
   152  956  430  0.0023  0.0018  0.0017
   153  957  430  0.0023  0.0018  0.0017
   154  958  430  0.0023  0.0019  0.0017
   155  959  430  0.0023  0.0018  0.0017
   156  960  430  0.0023  0.0019  0.0017
   157  961  430  0.0023  0.0018  0.0017
   158  962  430  0.0023  0.0018  0.0017
   159  963  430  0.0023  0.0018  0.0017
   160  964  430  0.0023  0.0018  0.0017
   161  965  430  0.0023  0.0018  0.0017
   162  966  430  0.0023  0.0018  0.0017
   163  967  431  0.0023  0.0019  0.0017
   164  968  431  0.0023  0.0018  0.0017
   165  969  431  0.0023  0.0018  0.0017
   166  970  431  0.0023  0.0018  0.0017
   167  971  431  0.0023  0.0018  0.0017
   168  972  431  0.0023  0.0018  0.0017
   169  973  431  0.0023  0.0018  0.0017
   170  974  431  0.0023  0.0018  0.0017
   171  975  431  0.0023  0.0018  0.0017
   172  976  431  0.0023  0.0018  0.0017
   173  978  432  0.0023  0.0018  0.0017
   174  979  432  0.0023  0.0018  0.0017
   175  980  432  0.0023  0.0018  0.0017
   176  977  432  0.0023  0.0018  0.0017
   177  982  433  0.0023  0.0018  0.0017
   178  983  433  0.0023  0.0018  0.0017
   179  981  433  0.0023  0.0018  0.0017

     1   950  401  0.0023  0.0018  0.0016
     2   951  402  0.0023  0.0018  0.0016
     3   951  403  0.0023  0.0018  0.0016
     4   952  404  0.0023  0.0019  0.0016
     5   952  405  0.0023  0.0019  0.0017
     6   953  406  0.0023  0.0019  0.0016
     7   953  407  0.0024  0.0019  0.0017
     8   954  408  0.0024  0.0019  0.0017
     9   955  409  0.0023  0.0019  0.0017
    10   955  410  0.0024  0.0019  0.0017
    11   956  411  0.0024  0.0019  0.0016
    12   956  412  0.0024  0.0019  0.0016
    13   957  413  0.0023  0.0019  0.0016
    14   957  414  0.0023  0.0018  0.0016
    15   959  415  0.0023  0.0019  0.0016
    16   960  415  0.0023  0.0019  0.0016
    17   958  415  0.0023  0.0018  0.0017
    18   961  416  0.0023  0.0018  0.0016
    19   962  416  0.0023  0.0018  0.0016
    20   963  416  0.0023  0.0018  0.0016
    21   964  416  0.0023  0.0018  0.0016
    22   965  416  0.0023  0.0018  0.0016
    23   966  416  0.0023  0.0018  0.0017
    24   967  416  0.0023  0.0018  0.0016
    25   968  416  0.0023  0.0018  0.0016
    26   969  416  0.0023  0.0018  0.0016
    27   970  416  0.0023  0.0018  0.0016
    28   971  417  0.0023  0.0018  0.0016
    29   972  417  0.0023  0.0018  0.0016
    30   973  417  0.0023  0.0018  0.0016
    31   974  417  0.0023  0.0018  0.0016
    32   975  417  0.0023  0.0018  0.0016
    33   976  417  0.0023  0.0018  0.0016
    34   977  417  0.0023  0.0018  0.0016
    35   978  417  0.0023  0.0018  0.0016
    36   979  417  0.0023  0.0018  0.0016
    37   980  417  0.0023  0.0018  0.0016
    38   981  418  0.0023  0.0018  0.0016
    39   982  418  0.0023  0.0018  0.0016
    40   983  418  0.0023  0.0018  0.0016
    41   985  419  0.0023  0.0018  0.0016
    42   986  419  0.0023  0.0018  0.0017
    43   987  419  0.0023  0.0018  0.0017
    44   984  419  0.0023  0.0018  0.0016
    45   989  420  0.0023  0.0018  0.0016
    46   990  420  0.0023  0.0018  0.0017
    47   988  420  0.0023  0.0018  0.0016
    48   991  421  0.0023  0.0018  0.0017
    49   992  421  0.0023  0.0018  0.0017
    50   993  421  0.0023  0.0018  0.0017
    51   995  422  0.0023  0.0018  0.0017
    52   996  422  0.0023  0.0018  0.0017
    53   997  422  0.0023  0.0018  0.0017
    54   994  422  0.0023  0.0018  0.0017
    55   999  423  0.0023  0.0018  0.0017
    56  1000  423  0.0023  0.0018  0.0017
    57  1001  423  0.0023  0.0018  0.0017
    58   998  423  0.0023  0.0018  0.0017
    59  1002  424  0.0023  0.0018  0.0017
    60  1003  424  0.0023  0.0018  0.0017
    61  1004  424  0.0023  0.0018  0.0017
    62  1005  424  0.0023  0.0018  0.0017
    63  1007  425  0.0023  0.0018  0.0017
    64  1008  425  0.0023  0.0018  0.0017
    65  1009  425  0.0023  0.0018  0.0017
    66  1006  425  0.0023  0.0018  0.0017
    67  1010  426  0.0023  0.0018  0.0017
    68  1011  426  0.0023  0.0018  0.0017
    69  1012  426  0.0023  0.0018  0.0017
    70  1013  426  0.0023  0.0018  0.0017
    71  1014  426  0.0023  0.0018  0.0017
    72  1015  427  0.0023  0.0018  0.0017
    73  1016  427  0.0023  0.0018  0.0017
    74  1017  427  0.0023  0.0018  0.0017
    75  1018  427  0.0023  0.0018  0.0017
    76  1019  427  0.0023  0.0018  0.0017
    77  1020  427  0.0023  0.0018  0.0017
    78  1022  428  0.0023  0.0018  0.0017
    79  1023  428  0.0023  0.0018  0.0017
    80  1024  428  0.0023  0.0018  0.0017
    81  1025  428  0.0023  0.0018  0.0017
    82  1026  428  0.0023  0.0018  0.0017
    83  1027  428  0.0023  0.0018  0.0017
    84  1021  428  0.0023  0.0018  0.0017
    85  1028  429  0.0023  0.0018  0.0017
    86  1029  429  0.0023  0.0018  0.0017
    87  1030  429  0.0023  0.0018  0.0017
    88  1031  429  0.0023  0.0018  0.0017
    89  1032  429  0.0023  0.0018  0.0017
    90  1034  430  0.0023  0.0018  0.0017
    91  1035  430  0.0023  0.0018  0.0017
    92  1036  430  0.0023  0.0018  0.0017
    93  1037  430  0.0023  0.0018  0.0017
    94  1033  430  0.0023  0.0018  0.0017
    95  1038  431  0.0023  0.0018  0.0017
    96  1039  431  0.0023  0.0018  0.0017
    97  1040  431  0.0023  0.0018  0.0017
    98  1041  431  0.0023  0.0018  0.0017
    99  1042  431  0.0023  0.0018  0.0017
   100  1043  432  0.0023  0.0018  0.0017
   101  1044  432  0.0023  0.0018  0.0017
   102  1045  432  0.0023  0.0018  0.0016
   103  1046  432  0.0023  0.0018  0.0016
   104  1048  433  0.0023  0.0018  0.0016
   105  1049  433  0.0023  0.0018  0.0016
   106  1050  433  0.0023  0.0018  0.0016
   107  1047  433  0.0023  0.0018  0.0016
   108  1051  434  0.0023  0.0018  0.0016
   109  1052  434  0.0023  0.0018  0.0016
   110  1053  434  0.0023  0.0018  0.0016
   111  1054  434  0.0024  0.0018  0.0017
   112  1055  434  0.0024  0.0018  0.0017
   113  1056  435  0.0023  0.0018  0.0016
   114  1057  435  0.0023  0.0018  0.0016
   115  1058  435  0.0023  0.0018  0.0016
   116  1059  435  0.0023  0.0018  0.0017
   117  1061  436  0.0024  0.0018  0.0017
   118  1062  436  0.0023  0.0018  0.0017
   119  1063  436  0.0024  0.0018  0.0017
   120  1064  436  0.0023  0.0018  0.0017
   121  1060  436  0.0024  0.0018  0.0017
   122  1065  437  0.0024  0.0018  0.0017
   123  1066  437  0.0023  0.0018  0.0017
   124  1067  437  0.0023  0.0018  0.0017
   125  1068  437  0.0023  0.0018  0.0017
   126  1069  437  0.0023  0.0018  0.0017
   127  1070  437  0.0024  0.0018  0.0017
   128  1072  438  0.0024  0.0018  0.0017
   129  1073  438  0.0024  0.0018  0.0017
   130  1074  438  0.0024  0.0018  0.0017
   131  1075  438  0.0024  0.0018  0.0017
   132  1071  438  0.0023  0.0018  0.0017
   133  1076  439  0.0024  0.0018  0.0017
   134  1077  439  0.0024  0.0018  0.0017
   135  1078  439  0.0024  0.0018  0.0017
   136  1079  439  0.0024  0.0018  0.0017
   137  1080  439  0.0024  0.0018  0.0017
   138  1081  440  0.0024  0.0018  0.0017
   139  1082  440  0.0024  0.0018  0.0017
   140  1083  440  0.0024  0.0018  0.0017
   141  1084  440  0.0024  0.0018  0.0017
   142  1086  441  0.0024  0.0018  0.0017
   143  1085  441  0.0024  0.0018  0.0017
   144  1088  442  0.0024  0.0018  0.0017
   145  1087  442  0.0024  0.0018  0.0017
   146  1090  443  0.0024  0.0018  0.0017
   147  1091  443  0.0024  0.0018  0.0017
   148  1089  443  0.0024  0.0018  0.0017
   149  1092  444  0.0024  0.0018  0.0017
   150  1093  444  0.0024  0.0018  0.0017
   151  1094  444  0.0024  0.0018  0.0017
   152  1095  444  0.0024  0.0018  0.0017
   153  1097  445  0.0024  0.0018  0.0017
   154  1098  445  0.0024  0.0018  0.0017
   155  1096  445  0.0024  0.0018  0.0017
   156  1099  446  0.0024  0.0018  0.0017
   157  1100  446  0.0024  0.0018  0.0017
   158  1101  446  0.0024  0.0018  0.0017
   159  1103  447  0.0024  0.0018  0.0017
   160  1104  447  0.0024  0.0018  0.0017
   161  1105  447  0.0024  0.0018  0.0017
   162  1102  447  0.0024  0.0018  0.0017
   163  1106  448  0.0024  0.0018  0.0017
   164  1107  448  0.0024  0.0018  0.0017
   165  1108  448  0.0024  0.0018  0.0017
   166  1110  449  0.0024  0.0018  0.0017
   167  1111  449  0.0024  0.0018  0.0017
   168  1112  449  0.0024  0.0018  0.0017
   169  1109  449  0.0024  0.0018  0.0017
   170  1114  450  0.0024  0.0018  0.0017
   171  1115  450  0.0024  0.0018  0.0017
   172  1113  450  0.0024  0.0018  0.0017
   173  1116  451  0.0024  0.0018  0.0017
   174  1117  451  0.0024  0.0018  0.0017
   175  1118  451  0.0024  0.0018  0.0017
   176  1119  451  0.0024  0.0018  0.0017
   177  1121  452  0.0024  0.0018  0.0017
   178  1122  452  0.0024  0.0018  0.0017
   179  1120  452  0.0024  0.0018  0.0017
   180  1123  453  0.0024  0.0018  0.0017
   181  1124  453  0.0024  0.0018  0.0017
   182  1125  453  0.0024  0.0018  0.0017
   183  1126  453  0.0024  0.0018  0.0017
   184  1128  454  0.0024  0.0018  0.0017
   185  1129  454  0.0024  0.0018  0.0017
   186  1127  454  0.0024  0.0018  0.0017
   187  1130  455  0.0024  0.0018  0.0017
   188  1131  455  0.0024  0.0018  0.0017
   189  1132  455  0.0024  0.0018  0.0017
   190  1134  456  0.0024  0.0018  0.0017
   191  1135  456  0.0024  0.0018  0.0017
   192  1133  456  0.0024  0.0018  0.0017
   193  1136  457  0.0024  0.0018  0.0017
   194  1137  457  0.0024  0.0018  0.0017
   195  1138  458  0.0024  0.0018  0.0017
   196  1140  459  0.0024  0.0018  0.0017
   197  1139  459  0.0024  0.0018  0.0017
   198  1141  460  0.0024  0.0018  0.0017
