; ENVI Output of ROIs (5.4) [Tue Aug 13 13:33:25 2019]
; Number of ROIs: 11
; File Dimension: 1328 x 1184
;
; ROI name: Region #1
; ROI rgb value: {255, 0, 0}
; ROI npts: 107
;
; ROI name: Region #2
; ROI rgb value: {0, 255, 0}
; ROI npts: 141
;
; ROI name: Region #3
; ROI rgb value: {0, 0, 255}
; ROI npts: 289
;
; ROI name: Region #4
; ROI rgb value: {255, 255, 0}
; ROI npts: 128
;
; ROI name: Region #5
; ROI rgb value: {0, 255, 255}
; ROI npts: 109
;
; ROI name: Region #6
; ROI rgb value: {255, 0, 255}
; ROI npts: 119
;
; ROI name: Region #7
; ROI rgb value: {176, 48, 96}
; ROI npts: 115
;
; ROI name: Region #8
; ROI rgb value: {46, 139, 87}
; ROI npts: 128
;
; ROI name: Region #9
; ROI rgb value: {160, 32, 240}
; ROI npts: 118
;
; ROI name: Region #10
; ROI rgb value: {255, 127, 80}
; ROI npts: 267
;
; ROI name: Region #11
; ROI rgb value: {127, 255, 212}
; ROI npts: 127
;   ID    X    Y         B1         B2         B3
     1  348  864  -119.4133   156.7164   -28.6913
     2  348  865  -119.4129   156.7168   -28.6914
     3  347  866  -119.4128   156.7173   -28.6915
     4  347  867  -119.4127   156.7175   -28.6914
     5  346  868  -119.4127   156.7178   -28.6914
     6  346  869  -119.4121   156.7185   -28.6916
     7  345  870  -119.4118   156.7191   -28.6919
     8  344  871  -119.4118   156.7194   -28.6919
     9  343  872  -119.4116   156.7199   -28.6920
    10  342  873  -119.4117   156.7202   -28.6919
    11  340  874  -119.4122   156.7204   -28.6918
    12  341  874  -119.4120   156.7203   -28.6917
    13  339  875  -119.4120   156.7209   -28.6919
    14  338  876  -119.4120   156.7213   -28.6919
    15  336  877  -119.4118   156.7221   -28.6922
    16  337  877  -119.4119   156.7218   -28.6920
    17  334  878  -119.4122   156.7224   -28.6921
    18  333  878  -119.4119   156.7229   -28.6925
    19  335  878  -119.4119   156.7224   -28.6921
    20  332  879  -119.4124   156.7228   -28.6921
    21  331  879  -119.4122   156.7233   -28.6925
    22  330  879  -119.4129   156.7229   -28.6921
    23  328  880  -119.4132   156.7233   -28.6921
    24  327  880  -119.4133   156.7234   -28.6921
    25  329  880  -119.4129   156.7233   -28.6921
    26  326  881  -119.4137   156.7235   -28.6918
    27  325  881  -119.4138   156.7236   -28.6919
    28  324  881  -119.4138   156.7239   -28.6921
    29  322  882  -119.4142   156.7241   -28.6920
    30  323  882  -119.4140   156.7241   -28.6920
    31  320  883  -119.4143   156.7247   -28.6921
    32  321  883  -119.4142   156.7245   -28.6920
    33  319  884  -119.4144   156.7250   -28.6921
    34  318  884  -119.4146   156.7251   -28.6921
    35  317  884  -119.4147   156.7252   -28.6922
    36  316  884  -119.4149   156.7253   -28.6923
    37  315  884  -119.4149   156.7255   -28.6924
    38  314  885  -119.4151   156.7258   -28.6923
    39  313  885  -119.4152   156.7259   -28.6924
    40  312  885  -119.4154   156.7260   -28.6924
    41  311  885  -119.4153   156.7263   -28.6927
    42  310  885  -119.4154   156.7265   -28.6928
    43  309  885  -119.4158   156.7265   -28.6927
    44  307  886  -119.4158   156.7271   -28.6928
    45  306  886  -119.4159   156.7272   -28.6929
    46  305  886  -119.4162   156.7273   -28.6929
    47  304  886  -119.4163   156.7274   -28.6930
    48  308  886  -119.4161   156.7266   -28.6924
    49  303  887  -119.4160   156.7280   -28.6932
    50  302  887  -119.4167   156.7277   -28.6929
    51  300  888  -119.4174   156.7277   -28.6925
    52  299  888  -119.4180   156.7275   -28.6923
    53  301  888  -119.4170   156.7278   -28.6927
    54  298  889  -119.4182   156.7276   -28.6921
    55  297  889  -119.4183   156.7278   -28.6922
    56  295  890  -119.4193   156.7276   -28.6917
    57  296  890  -119.4191   156.7275   -28.6917
    58  293  891  -119.4192   156.7283   -28.6919
    59  292  891  -119.4193   156.7285   -28.6920
    60  294  891  -119.4190   156.7281   -28.6918
    61  291  892  -119.4191   156.7290   -28.6922
    62  290  892  -119.4194   156.7290   -28.6921
    63  288  893  -119.4190   156.7299   -28.6925
    64  287  893  -119.4191   156.7301   -28.6927
    65  289  893  -119.4190   156.7297   -28.6924
    66  285  894  -119.4193   156.7305   -28.6928
    67  286  894  -119.4194   156.7302   -28.6925
    68  284  895  -119.4188   156.7313   -28.6931
    69  283  895  -119.4191   156.7313   -28.6931
    70  281  896  -119.4191   156.7320   -28.6933
    71  282  896  -119.4189   156.7318   -28.6932
    72  279  897  -119.4191   156.7326   -28.6935
    73  278  897  -119.4196   156.7324   -28.6933
    74  280  897  -119.4188   156.7325   -28.6935
    75  277  898  -119.4199   156.7325   -28.6930
    76  276  898  -119.4201   156.7326   -28.6931
    77  274  899  -119.4204   156.7329   -28.6930
    78  275  899  -119.4202   156.7328   -28.6930
    79  272  900  -119.4204   156.7336   -28.6932
    80  273  900  -119.4204   156.7333   -28.6930
    81  271  901  -119.4206   156.7337   -28.6930
    82  270  901  -119.4205   156.7341   -28.6933
    83  269  901  -119.4206   156.7342   -28.6934
    84  267  902  -119.4212   156.7343   -28.6931
    85  268  902  -119.4211   156.7342   -28.6930
    86  265  903  -119.4214   156.7348   -28.6931
    87  266  903  -119.4214   156.7346   -28.6929
    88  264  904  -119.4214   156.7352   -28.6931
    89  263  904  -119.4213   156.7355   -28.6934
    90  261  905  -119.4219   156.7356   -28.6931
    91  260  905  -119.4220   156.7358   -28.6932
    92  262  905  -119.4218   156.7355   -28.6930
    93  258  906  -119.4222   156.7363   -28.6933
    94  259  906  -119.4220   156.7361   -28.6932
    95  257  907  -119.4219   156.7368   -28.6934
    96  256  907  -119.4226   156.7365   -28.6931
    97  255  907  -119.4221   156.7372   -28.6937
    98  253  908  -119.4220   156.7379   -28.6940
    99  252  908  -119.4228   156.7374   -28.6935
   100  254  908  -119.4218   156.7378   -28.6939
   101  250  909  -119.4230   156.7379   -28.6935
   102  251  909  -119.4224   156.7382   -28.6938
   103  249  910  -119.4227   156.7385   -28.6937
   104  248  910  -119.4229   156.7386   -28.6938
   105  247  910  -119.4231   156.7387   -28.6938
   106  245  911  -119.4235   156.7390   -28.6937
   107  246  911  -119.4235   156.7387   -28.6935

     1  364  890  -119.4050   156.7220   -28.6898
     2  363  891  -119.4042   156.7230   -28.6903
     3  362  892  -119.4056   156.7221   -28.6893
     4  360  893  -119.4073   156.7213   -28.6882
     5  361  893  -119.4042   156.7238   -28.6904
     6  359  894  -119.4072   156.7217   -28.6882
     7  358  895  -119.4075   156.7218   -28.6880
     8  357  895  -119.4059   156.7235   -28.6894
     9  355  896  -119.4063   156.7237   -28.6893
    10  354  896  -119.4059   156.7244   -28.6898
    11  356  896  -119.4064   156.7234   -28.6890
    12  352  897  -119.4059   156.7249   -28.6900
    13  351  897  -119.4067   156.7245   -28.6896
    14  353  897  -119.4060   156.7246   -28.6897
    15  350  898  -119.4072   156.7244   -28.6892
    16  349  898  -119.4075   156.7245   -28.6891
    17  347  899  -119.4078   156.7249   -28.6891
    18  346  899  -119.4076   156.7253   -28.6894
    19  348  899  -119.4074   156.7249   -28.6892
    20  344  900  -119.4078   156.7257   -28.6894
    21  343  900  -119.4074   156.7263   -28.6900
    22  345  900  -119.4079   156.7254   -28.6892
    23  342  901  -119.4071   156.7270   -28.6902
    24  341  901  -119.4073   156.7270   -28.6902
    25  340  901  -119.4073   156.7272   -28.6903
    26  338  902  -119.4083   156.7270   -28.6898
    27  337  902  -119.4087   156.7270   -28.6897
    28  336  902  -119.4087   156.7272   -28.6899
    29  339  902  -119.4079   156.7271   -28.6899
    30  335  903  -119.4091   156.7272   -28.6895
    31  334  903  -119.4091   156.7275   -28.6898
    32  333  903  -119.4095   156.7274   -28.6896
    33  332  903  -119.4095   156.7276   -28.6898
    34  331  903  -119.4094   156.7280   -28.6900
    35  330  903  -119.4097   156.7280   -28.6900
    36  329  903  -119.4097   156.7283   -28.6902
    37  327  904  -119.4105   156.7282   -28.6897
    38  328  904  -119.4099   156.7285   -28.6900
    39  325  905  -119.4119   156.7276   -28.6888
    40  324  905  -119.4120   156.7278   -28.6890
    41  326  905  -119.4119   156.7274   -28.6887
    42  322  906  -119.4121   156.7283   -28.6891
    43  321  906  -119.4121   156.7286   -28.6892
    44  323  906  -119.4124   156.7278   -28.6887
    45  320  907  -119.4118   156.7292   -28.6895
    46  319  907  -119.4121   156.7292   -28.6894
    47  317  908  -119.4146   156.7277   -28.6876
    48  316  908  -119.4144   156.7282   -28.6880
    49  315  908  -119.4143   156.7285   -28.6883
    50  314  908  -119.4142   156.7288   -28.6885
    51  313  908  -119.4144   156.7289   -28.6886
    52  318  908  -119.4127   156.7290   -28.6890
    53  312  909  -119.4143   156.7294   -28.6887
    54  311  909  -119.4144   156.7296   -28.6888
    55  310  909  -119.4143   156.7299   -28.6891
    56  309  909  -119.4144   156.7300   -28.6892
    57  308  909  -119.4145   156.7302   -28.6892
    58  307  909  -119.4144   156.7305   -28.6895
    59  306  909  -119.4138   156.7313   -28.6901
    60  304  910  -119.4135   156.7322   -28.6906
    61  305  910  -119.4133   156.7321   -28.6905
    62  302  911  -119.4144   156.7320   -28.6901
    63  301  911  -119.4144   156.7323   -28.6903
    64  303  911  -119.4133   156.7327   -28.6907
    65  300  912  -119.4144   156.7327   -28.6903
    66  299  912  -119.4144   156.7329   -28.6905
    67  297  913  -119.4145   156.7334   -28.6905
    68  296  913  -119.4146   156.7336   -28.6907
    69  298  913  -119.4144   156.7332   -28.6904
    70  295  914  -119.4146   156.7340   -28.6906
    71  294  914  -119.4147   156.7341   -28.6907
    72  293  914  -119.4149   156.7342   -28.6908
    73  292  914  -119.4152   156.7342   -28.6907
    74  290  915  -119.4157   156.7345   -28.6905
    75  289  915  -119.4160   156.7345   -28.6905
    76  288  915  -119.4163   156.7345   -28.6905
    77  291  915  -119.4153   156.7345   -28.6906
    78  286  916  -119.4169   156.7345   -28.6901
    79  285  916  -119.4173   156.7344   -28.6900
    80  284  916  -119.4176   156.7345   -28.6900
    81  287  916  -119.4165   156.7346   -28.6902
    82  283  917  -119.4179   156.7346   -28.6898
    83  282  917  -119.4181   156.7347   -28.6898
    84  281  917  -119.4182   156.7348   -28.6899
    85  279  918  -119.4183   156.7353   -28.6900
    86  280  918  -119.4182   156.7352   -28.6899
    87  277  919  -119.4185   156.7358   -28.6900
    88  278  919  -119.4183   156.7357   -28.6900
    89  275  920  -119.4183   156.7366   -28.6904
    90  276  920  -119.4181   156.7365   -28.6903
    91  274  921  -119.4192   156.7362   -28.6897
    92  273  921  -119.4193   156.7363   -28.6898
    93  272  921  -119.4196   156.7364   -28.6898
    94  270  922  -119.4193   156.7372   -28.6902
    95  269  922  -119.4192   156.7375   -28.6905
    96  271  922  -119.4194   156.7369   -28.6900
    97  267  923  -119.4191   156.7383   -28.6908
    98  268  923  -119.4189   156.7381   -28.6907
    99  266  924  -119.4184   156.7392   -28.6913
   100  265  924  -119.4185   156.7393   -28.6914
   101  264  924  -119.4186   156.7395   -28.6915
   102  262  925  -119.4183   156.7403   -28.6919
   103  261  925  -119.4186   156.7403   -28.6918
   104  263  925  -119.4186   156.7399   -28.6915
   105  259  926  -119.4179   156.7416   -28.6926
   106  258  926  -119.4190   156.7409   -28.6919
   107  260  926  -119.4189   156.7405   -28.6916
   108  257  927  -119.4197   156.7407   -28.6913
   109  256  927  -119.4201   156.7406   -28.6912
   110  254  928  -119.4201   156.7412   -28.6914
   111  255  928  -119.4199   156.7411   -28.6913
   112  252  929  -119.4211   156.7410   -28.6908
   113  253  929  -119.4202   156.7415   -28.6913
   114  250  930  -119.4209   156.7418   -28.6912
   115  249  930  -119.4208   156.7421   -28.6914
   116  251  930  -119.4207   156.7417   -28.6911
   117  248  931  -119.4208   156.7425   -28.6914
   118  247  931  -119.4212   156.7423   -28.6913
   119  245  932  -119.4228   156.7417   -28.6902
   120  246  932  -119.4226   156.7416   -28.6902
   121  243  933  -119.4219   156.7430   -28.6911
   122  242  933  -119.4215   156.7436   -28.6916
   123  244  933  -119.4223   156.7424   -28.6906
   124  241  934  -119.4215   156.7440   -28.6917
   125  240  934  -119.4225   156.7434   -28.6910
   126  239  934  -119.4215   156.7445   -28.6921
   127  237  935  -119.4220   156.7446   -28.6918
   128  236  935  -119.4220   156.7449   -28.6920
   129  238  935  -119.4217   156.7446   -28.6918
   130  234  936  -119.4222   156.7453   -28.6920
   131  233  936  -119.4223   156.7455   -28.6921
   132  232  936  -119.4223   156.7458   -28.6924
   133  235  936  -119.4220   156.7452   -28.6920
   134  231  937  -119.4224   156.7460   -28.6922
   135  230  937  -119.4226   156.7461   -28.6922
   136  229  937  -119.4227   156.7463   -28.6924
   137  227  938  -119.4241   156.7457   -28.6915
   138  226  938  -119.4233   156.7466   -28.6923
   139  228  938  -119.4228   156.7465   -28.6923
   140  224  939  -119.4239   156.7467   -28.6920
   141  225  939  -119.4242   156.7462   -28.6916

     1  309   921  -119.4105   156.7346   -28.6898
     2  308   922  -119.4107   156.7348   -28.6897
     3  306   923  -119.4109   156.7352   -28.6897
     4  307   923  -119.4108   156.7350   -28.6895
     5  305   924  -119.4110   156.7355   -28.6896
     6  304   925  -119.4112   156.7357   -28.6895
     7  303   925  -119.4114   156.7357   -28.6894
     8  302   925  -119.4116   156.7359   -28.6895
     9  300   926  -119.4121   156.7360   -28.6893
    10  299   926  -119.4124   156.7361   -28.6893
    11  298   926  -119.4125   156.7362   -28.6894
    12  301   926  -119.4119   156.7359   -28.6892
    13  296   927  -119.4130   156.7364   -28.6892
    14  297   927  -119.4126   156.7364   -28.6893
    15  295   928  -119.4131   156.7366   -28.6891
    16  294   928  -119.4132   156.7368   -28.6892
    17  293   928  -119.4134   156.7370   -28.6893
    18  291   929  -119.4137   156.7373   -28.6892
    19  292   929  -119.4132   156.7374   -28.6894
    20  289   930  -119.4144   156.7373   -28.6888
    21  290   930  -119.4141   156.7373   -28.6889
    22  287   931  -119.4154   156.7371   -28.6883
    23  286   931  -119.4153   156.7374   -28.6885
    24  288   931  -119.4146   156.7374   -28.6887
    25  285   932  -119.4146   156.7383   -28.6891
    26  284   932  -119.4150   156.7383   -28.6890
    27  282   933  -119.4142   156.7395   -28.6898
    28  283   933  -119.4148   156.7387   -28.6891
    29  280   934  -119.4149   156.7396   -28.6894
    30  279   934  -119.4149   156.7398   -28.6896
    31  281   934  -119.4144   156.7397   -28.6896
    32  277   935  -119.4168   156.7388   -28.6883
    33  278   935  -119.4165   156.7388   -28.6883
    34  276   936  -119.4165   156.7394   -28.6886
    35  275   936  -119.4166   156.7396   -28.6887
    36  274   936  -119.4169   156.7396   -28.6887
    37  272   937  -119.4168   156.7403   -28.6889
    38  273   937  -119.4167   156.7401   -28.6888
    39  270   938  -119.4171   156.7407   -28.6888
    40  271   938  -119.4168   156.7406   -28.6889
    41  268   939  -119.4171   156.7412   -28.6890
    42  267   939  -119.4172   156.7414   -28.6891
    43  269   939  -119.4171   156.7410   -28.6888
    44  266   940  -119.4172   156.7418   -28.6891
    45  265   940  -119.4173   156.7419   -28.6892
    46  263   941  -119.4171   156.7428   -28.6895
    47  262   941  -119.4172   156.7430   -28.6896
    48  264   941  -119.4170   156.7426   -28.6894
    49  260   942  -119.4171   156.7436   -28.6899
    50  261   942  -119.4171   156.7434   -28.6897
    51  258   943  -119.4171   156.7442   -28.6900
    52  259   943  -119.4169   156.7441   -28.6900
    53  257   944  -119.4174   156.7443   -28.6898
    54  256   944  -119.4172   156.7448   -28.6902
    55  255   944  -119.4172   156.7450   -28.6904
    56  253   945  -119.4177   156.7452   -28.6902
    57  254   945  -119.4178   156.7448   -28.6899
    58  251   946  -119.4183   156.7452   -28.6899
    59  250   946  -119.4183   156.7455   -28.6901
    60  249   946  -119.4187   156.7455   -28.6900
    61  252   946  -119.4181   156.7452   -28.6899
    62  248   947  -119.4187   156.7458   -28.6900
    63  247   947  -119.4185   156.7462   -28.6903
    64  246   947  -119.4184   156.7466   -28.6906
    65  245   947  -119.4184   156.7468   -28.6908
    66  244   947  -119.4185   156.7470   -28.6909
    67  242   948  -119.4186   156.7475   -28.6910
    68  241   948  -119.4187   156.7477   -28.6911
    69  243   948  -119.4185   156.7473   -28.6909
    70  239   949  -119.4200   156.7472   -28.6903
    71  240   949  -119.4197   156.7472   -28.6903
    72  238   950  -119.4204   156.7472   -28.6900
    73  236   951  -119.4210   156.7473   -28.6897
    74  237   951  -119.4207   156.7473   -28.6898
    75  235   952  -119.4213   156.7475   -28.6895
    76  233   953  -119.4224   156.7471   -28.6888
    77  234   953  -119.4221   156.7472   -28.6888
    78  231   954  -119.4227   156.7475   -28.6887
    79  232   954  -119.4227   156.7473   -28.6886
    80  230   955  -119.4228   156.7478   -28.6887
    81  229   956  -119.4228   156.7481   -28.6886
    82  228   956  -119.4228   156.7484   -28.6889
    83  226   957  -119.4225   156.7492   -28.6892
    84  227   957  -119.4223   156.7491   -28.6892
    85  224   958  -119.4224   156.7499   -28.6895
    86  225   958  -119.4222   156.7498   -28.6895
    87  222   959  -119.4225   156.7505   -28.6896
    88  223   959  -119.4205   156.7518   -28.6909
    89  221   960  -119.4224   156.7509   -28.6897
    90  220   960  -119.4237   156.7500   -28.6889
    91  218   961  -119.4230   156.7512   -28.6896
    92  219   961  -119.4233   156.7507   -28.6892
    93  216   962  -119.4218   156.7528   -28.6907
    94  217   962  -119.4227   156.7518   -28.6898
    95  214   963  -119.4212   156.7540   -28.6914
    96  215   963  -119.4211   156.7537   -28.6912
    97  213   964  -119.4213   156.7542   -28.6913
    98  212   964  -119.4215   156.7543   -28.6913
    99  211   964  -119.4219   156.7542   -28.6912
   100  210   964  -119.4221   156.7543   -28.6912
   101  208   965  -119.4225   156.7546   -28.6911
   102  207   965  -119.4230   156.7544   -28.6909
   103  206   965  -119.4230   156.7547   -28.6911
   104  209   965  -119.4223   156.7545   -28.6910
   105  204   966  -119.4238   156.7546   -28.6907
   106  205   966  -119.4234   156.7547   -28.6907
   107  203   967  -119.4236   156.7551   -28.6908
   108  202   968  -119.4234   156.7556   -28.6909
   109  200   969  -119.4236   156.7561   -28.6910
   110  201   969  -119.4233   156.7561   -28.6910
   111  199   970  -119.4234   156.7566   -28.6911
   112  197   971  -119.4234   156.7572   -28.6913
   113  198   971  -119.4229   156.7573   -28.6915
   114  196   972  -119.4235   156.7575   -28.6912
   115  195   972  -119.4240   156.7573   -28.6910
   116  194   972  -119.4242   156.7574   -28.6910
   117  193   972  -119.4243   156.7576   -28.6911
   118  191   973  -119.4242   156.7582   -28.6914
   119  190   973  -119.4244   156.7583   -28.6914
   120  189   973  -119.4242   156.7587   -28.6917
   121  188   973  -119.4244   156.7589   -28.6918
   122  192   973  -119.4242   156.7580   -28.6912
   123  186   974  -119.4244   156.7594   -28.6920
   124  187   974  -119.4243   156.7593   -28.6919
   125  185   975  -119.4243   156.7599   -28.6921
   126  184   976  -119.4245   156.7601   -28.6919
   127  183   976  -119.4247   156.7602   -28.6920
   128  182   977  -119.4248   156.7604   -28.6918
   129  180   978  -119.4250   156.7608   -28.6919
   130  181   978  -119.4249   156.7607   -28.6918
   131  178   979  -119.4251   156.7614   -28.6920
   132  179   979  -119.4249   156.7613   -28.6920
   133  176   980  -119.4255   156.7616   -28.6919
   134  177   980  -119.4253   156.7616   -28.6918
   135  175   981  -119.4256   156.7619   -28.6918
   136  174   981  -119.4259   156.7619   -28.6918
   137  172   982  -119.4263   156.7622   -28.6916
   138  173   982  -119.4260   156.7622   -28.6916
   139  170   983  -119.4266   156.7626   -28.6916
   140  169   983  -119.4268   156.7626   -28.6916
   141  168   983  -119.4270   156.7627   -28.6916
   142  171   983  -119.4264   156.7625   -28.6915
   143  167   984  -119.4271   156.7630   -28.6915
   144  166   984  -119.4273   156.7630   -28.6916
   145  165   984  -119.4276   156.7631   -28.6916
   146  163   985  -119.4281   156.7632   -28.6914
   147  162   985  -119.4284   156.7633   -28.6913
   148  161   985  -119.4286   156.7634   -28.6914
   149  164   985  -119.4278   156.7632   -28.6914
   150  159   986  -119.4289   156.7637   -28.6913
   151  160   986  -119.4287   156.7636   -28.6913
   152  157   987  -119.4292   156.7641   -28.6912
   153  158   987  -119.4290   156.7640   -28.6912
   154  156   988  -119.4292   156.7644   -28.6912
   155  155   988  -119.4294   156.7645   -28.6912
   156  153   989  -119.4295   156.7650   -28.6913
   157  154   989  -119.4293   156.7649   -28.6913
   158  151   990  -119.4299   156.7653   -28.6912
   159  152   990  -119.4297   156.7652   -28.6912
   160  149   991  -119.4301   156.7658   -28.6912
   161  148   991  -119.4302   156.7660   -28.6914
   162  150   991  -119.4298   156.7657   -28.6913
   163  147   992  -119.4301   156.7663   -28.6914
   164  146   992  -119.4300   156.7667   -28.6917
   165  145   992  -119.4301   156.7668   -28.6918
   166  143   993  -119.4299   156.7676   -28.6921
   167  144   993  -119.4297   156.7676   -28.6921
   168  141   994  -119.4299   156.7682   -28.6923
   169  140   994  -119.4302   156.7682   -28.6922
   170  142   994  -119.4297   156.7681   -28.6922
   171  138   995  -119.4306   156.7685   -28.6921
   172  139   995  -119.4304   156.7684   -28.6921
   173  137   996  -119.4307   156.7687   -28.6920
   174  136   996  -119.4310   156.7688   -28.6920
   175  134   997  -119.4310   156.7693   -28.6921
   176  135   997  -119.4309   156.7692   -28.6920
   177  132   998  -119.4312   156.7698   -28.6922
   178  131   998  -119.4313   156.7700   -28.6924
   179  133   998  -119.4310   156.7697   -28.6921
   180  130   999  -119.4315   156.7702   -28.6922
   181  129   999  -119.4316   156.7703   -28.6922
   182  128   999  -119.4319   156.7703   -28.6922
   183  126  1000  -119.4319   156.7709   -28.6924
   184  127  1000  -119.4320   156.7706   -28.6922
   185  124  1001  -119.4314   156.7720   -28.6930
   186  123  1001  -119.4315   156.7721   -28.6931
   187  125  1001  -119.4316   156.7715   -28.6927
   188  121  1002  -119.4320   156.7723   -28.6929
   189  122  1002  -119.4315   156.7724   -28.6930
   190  120  1003  -119.4319   156.7727   -28.6930
   191  119  1003  -119.4321   156.7728   -28.6929
   192  118  1003  -119.4326   156.7727   -28.6928
   193  116  1004  -119.4325   156.7733   -28.6930
   194  115  1004  -119.4328   156.7733   -28.6930
   195  117  1004  -119.4328   156.7728   -28.6926
   196  113  1005  -119.4336   156.7733   -28.6925
   197  112  1005  -119.4334   156.7737   -28.6928
   198  114  1005  -119.4329   156.7736   -28.6929
   199  111  1006  -119.4339   156.7737   -28.6925
   200  110  1006  -119.4340   156.7738   -28.6926
   201  109  1006  -119.4346   156.7736   -28.6923
   202  108  1006  -119.4339   156.7744   -28.6930
   203  106  1007  -119.4341   156.7748   -28.6930
   204  105  1007  -119.4346   156.7747   -28.6928
   205  107  1007  -119.4339   156.7748   -28.6930
   206  103  1008  -119.4351   156.7749   -28.6926
   207  102  1008  -119.4354   156.7748   -28.6926
   208  104  1008  -119.4346   156.7751   -28.6928
   209  101  1009  -119.4355   156.7751   -28.6925
   210  100  1009  -119.4353   156.7755   -28.6928
   211   99  1009  -119.4357   156.7755   -28.6927
   212   98  1009  -119.4359   156.7756   -28.6927
   213   96  1010  -119.4358   156.7762   -28.6930
   214   95  1010  -119.4359   156.7764   -28.6931
   215   94  1010  -119.4359   156.7766   -28.6933
   216   93  1010  -119.4358   156.7770   -28.6936
   217   97  1010  -119.4358   156.7760   -28.6928
   218   92  1011  -119.4354   156.7777   -28.6938
   219   91  1011  -119.4356   156.7778   -28.6938
   220   90  1011  -119.4357   156.7779   -28.6940
   221   89  1011  -119.4359   156.7780   -28.6940
   222   87  1012  -119.4356   156.7789   -28.6944
   223   88  1012  -119.4352   156.7789   -28.6945
   224   85  1013  -119.4442   156.7725   -28.6880
   225   84  1013  -119.4353   156.7800   -28.6950
   226   86  1013  -119.4538   156.7647   -28.6802
   227   82  1014  -119.4353   156.7806   -28.6952
   228   83  1014  -119.4352   156.7804   -28.6951
   229   81  1015  -119.4352   156.7809   -28.6952
   230   80  1015  -119.4352   156.7812   -28.6954
   231   79  1015  -119.4354   156.7813   -28.6954
   232   77  1016  -119.4362   156.7812   -28.6951
   233   78  1016  -119.4359   156.7812   -28.6951
   234   75  1017  -119.4367   156.7814   -28.6948
   235   76  1017  -119.4366   156.7812   -28.6948
   236   73  1018  -119.4373   156.7815   -28.6946
   237   74  1018  -119.4372   156.7814   -28.6945
   238   72  1019  -119.4380   156.7813   -28.6941
   239   71  1019  -119.4382   156.7814   -28.6941
   240   69  1020  -119.4393   156.7811   -28.6934
   241   70  1020  -119.4387   156.7813   -28.6937
   242   67  1021  -119.4400   156.7811   -28.6931
   243   66  1021  -119.4402   156.7812   -28.6931
   244   68  1021  -119.4398   156.7810   -28.6930
   245   64  1022  -119.4410   156.7812   -28.6928
   246   63  1022  -119.4409   156.7814   -28.6930
   247   65  1022  -119.4409   156.7810   -28.6926
   248   62  1023  -119.4409   156.7818   -28.6930
   249   61  1023  -119.4409   156.7820   -28.6931
   250   60  1023  -119.4413   156.7820   -28.6930
   251   58  1024  -119.4414   156.7825   -28.6931
   252   59  1024  -119.4414   156.7823   -28.6930
   253   56  1025  -119.4413   156.7832   -28.6934
   254   55  1025  -119.4413   156.7834   -28.6936
   255   57  1025  -119.4411   156.7831   -28.6933
   256   54  1026  -119.4426   156.7828   -28.6926
   257   53  1026  -119.4422   156.7833   -28.6930
   258   52  1026  -119.4416   156.7840   -28.6936
   259   50  1027  -119.4394   156.7864   -28.6955
   260   49  1027  -119.4419   156.7847   -28.6938
   261   51  1027  -119.4399   156.7857   -28.6949
   262   47  1028  -119.4425   156.7847   -28.6935
   263   46  1028  -119.4426   156.7849   -28.6936
   264   48  1028  -119.4431   156.7840   -28.6929
   265   45  1029  -119.4422   156.7856   -28.6939
   266   44  1029  -119.4421   156.7859   -28.6941
   267   42  1030  -119.4414   156.7871   -28.6949
   268   41  1030  -119.4417   156.7871   -28.6948
   269   43  1030  -119.4417   156.7866   -28.6944
   270   39  1031  -119.4421   156.7874   -28.6947
   271   38  1031  -119.4408   156.7887   -28.6958
   272   40  1031  -119.4414   156.7877   -28.6950
   273   37  1032  -119.4404   156.7893   -28.6961
   274   36  1032  -119.4426   156.7878   -28.6946
   275   34  1033  -119.4412   156.7895   -28.6958
   276   33  1033  -119.4411   156.7899   -28.6961
   277   35  1033  -119.4420   156.7886   -28.6951
   278   31  1034  -119.4478   156.7850   -28.6915
   279   30  1034  -119.4457   156.7870   -28.6932
   280   32  1034  -119.4411   156.7902   -28.6961
   281   29  1035  -119.4573   156.7778   -28.6846
   282   28  1035  -119.4393   156.7927   -28.6979
   283   26  1036  -119.4396   156.7931   -28.6978
   284   27  1036  -119.4514   156.7832   -28.6892
   285   25  1037  -119.4476   156.7869   -28.6921
   286   23  1038  -119.4371   156.7961   -28.6998
   287   24  1038  -119.4400   156.7934   -28.6976
   288   22  1039  -119.4357   156.7976   -28.7009
   289   21  1040  -119.4351   156.7984   -28.7014

     1  617  1078  -119.3375   156.7336   -28.6598
     2  615  1079  -119.3371   156.7346   -28.6603
     3  616  1079  -119.3373   156.7342   -28.6600
     4  613  1080  -119.3371   156.7352   -28.6605
     5  614  1080  -119.3370   156.7350   -28.6604
     6  612  1081  -119.3373   156.7354   -28.6604
     7  611  1082  -119.3372   156.7359   -28.6605
     8  610  1083  -119.3370   156.7364   -28.6607
     9  609  1083  -119.3370   156.7366   -28.6608
    10  608  1084  -119.3374   156.7366   -28.6605
    11  607  1085  -119.3392   156.7354   -28.6590
    12  606  1086  -119.3395   156.7355   -28.6587
    13  604  1087  -119.3402   156.7356   -28.6584
    14  605  1087  -119.3404   156.7352   -28.6580
    15  603  1088  -119.3394   156.7366   -28.6590
    16  602  1088  -119.3400   156.7363   -28.6587
    17  600  1089  -119.3398   156.7371   -28.6590
    18  601  1089  -119.3391   156.7375   -28.6595
    19  598  1090  -119.3446   156.7336   -28.6552
    20  597  1090  -119.3436   156.7347   -28.6562
    21  599  1090  -119.3397   156.7376   -28.6592
    22  595  1091  -119.3423   156.7364   -28.6575
    23  596  1091  -119.3424   156.7361   -28.6573
    24  594  1092  -119.3415   156.7375   -28.6583
    25  593  1092  -119.3410   156.7382   -28.6588
    26  592  1092  -119.3415   156.7381   -28.6586
    27  590  1093  -119.3391   156.7408   -28.6608
    28  589  1093  -119.3415   156.7390   -28.6590
    29  591  1093  -119.3415   156.7384   -28.6586
    30  587  1094  -119.3453   156.7363   -28.6561
    32  586  1095  -119.3446   156.7372   -28.6566
    33  585  1095  -119.3435   156.7384   -28.6577
    34  584  1095  -119.3431   156.7390   -28.6583
    35  582  1096  -119.3424   156.7403   -28.6591
    36  581  1096  -119.3424   156.7405   -28.6593
    37  583  1096  -119.3422   156.7402   -28.6590
    38  579  1097  -119.3426   156.7410   -28.6593
    39  578  1097  -119.3429   156.7409   -28.6593
    40  580  1097  -119.3425   156.7408   -28.6592
    41  577  1098  -119.3429   156.7413   -28.6593
    42  576  1098  -119.3428   156.7416   -28.6595
    43  575  1098  -119.3430   156.7417   -28.6596
    44  574  1098  -119.3432   156.7418   -28.6596
    45  572  1099  -119.3430   156.7426   -28.6599
    46  571  1099  -119.3431   156.7427   -28.6601
    47  573  1099  -119.3427   156.7425   -28.6600
    48  570  1100  -119.3429   156.7432   -28.6602
    49  569  1100  -119.3431   156.7433   -28.6603
    50  568  1100  -119.3430   156.7437   -28.6605
    51  566  1101  -119.3432   156.7441   -28.6606
    52  565  1101  -119.3433   156.7443   -28.6607
    53  567  1101  -119.3429   156.7441   -28.6606
    54  563  1102  -119.3434   156.7448   -28.6609
    55  562  1102  -119.3439   156.7446   -28.6606
    56  564  1102  -119.3432   156.7447   -28.6608
    57  561  1103  -119.3441   156.7448   -28.6604
    58  560  1103  -119.3444   156.7448   -28.6604
    59  559  1103  -119.3444   156.7451   -28.6606
    60  557  1104  -119.3444   156.7457   -28.6608
    61  558  1104  -119.3444   156.7454   -28.6606
    62  555  1105  -119.3447   156.7460   -28.6608
    63  556  1105  -119.3446   156.7458   -28.6606
    64  553  1106  -119.3448   156.7465   -28.6609
    65  554  1106  -119.3444   156.7466   -28.6610
    66  551  1107  -119.3451   156.7469   -28.6608
    67  550  1107  -119.3452   156.7471   -28.6610
    68  552  1107  -119.3448   156.7469   -28.6609
    69  548  1108  -119.3453   156.7476   -28.6611
    70  549  1108  -119.3449   156.7476   -28.6612
    71  547  1109  -119.3452   156.7480   -28.6611
    72  546  1109  -119.3448   156.7486   -28.6616
    73  544  1110  -119.3456   156.7485   -28.6611
    74  543  1110  -119.3461   156.7483   -28.6609
    75  545  1110  -119.3459   156.7480   -28.6607
    76  541  1111  -119.3466   156.7486   -28.6607
    77  542  1111  -119.3463   156.7485   -28.6608
    78  540  1112  -119.3465   156.7490   -28.6608
    79  539  1112  -119.3468   156.7490   -28.6608
    80  538  1112  -119.3471   156.7490   -28.6607
    81  537  1112  -119.3472   156.7491   -28.6608
    82  535  1113  -119.3469   156.7500   -28.6613
    83  534  1113  -119.3474   156.7498   -28.6610
    84  533  1113  -119.3477   156.7498   -28.6609
    85  532  1113  -119.3477   156.7501   -28.6612
    86  536  1113  -119.3467   156.7499   -28.6612
    87  531  1114  -119.3481   156.7502   -28.6609
    88  530  1114  -119.3481   156.7503   -28.6610
    89  529  1114  -119.3485   156.7502   -28.6608
    90  528  1114  -119.3486   156.7505   -28.6610
    91  527  1114  -119.3490   156.7504   -28.6609
    92  525  1115  -119.3495   156.7505   -28.6606
    93  524  1115  -119.3498   156.7506   -28.6606
    94  523  1115  -119.3497   156.7509   -28.6609
    95  522  1115  -119.3499   156.7510   -28.6609
    96  526  1115  -119.3498   156.7500   -28.6602
    97  521  1116  -119.3495   156.7517   -28.6612
    98  520  1116  -119.3493   156.7521   -28.6616
    99  519  1116  -119.3494   156.7523   -28.6617
   100  517  1117  -119.3501   156.7522   -28.6613
   101  516  1117  -119.3502   156.7524   -28.6614
   102  518  1117  -119.3503   156.7519   -28.6610
   103  514  1118  -119.3509   156.7525   -28.6611
   104  515  1118  -119.3508   156.7523   -28.6610
   105  512  1119  -119.3512   156.7528   -28.6610
   106  513  1119  -119.3509   156.7528   -28.6611
   107  511  1120  -119.3513   156.7531   -28.6609
   108  510  1120  -119.3515   156.7532   -28.6609
   109  508  1121  -119.3520   156.7534   -28.6607
   110  509  1121  -119.3517   156.7533   -28.6608
   111  507  1122  -119.3519   156.7538   -28.6608
   112  506  1123  -119.3521   156.7539   -28.6606
   113  505  1124  -119.3524   156.7541   -28.6604
   114  504  1125  -119.3523   156.7545   -28.6605
   115  503  1126  -119.3521   156.7550   -28.6606
   116  501  1127  -119.3521   156.7556   -28.6609
   117  502  1127  -119.3520   156.7554   -28.6607
   118  500  1128  -119.3516   156.7564   -28.6613
   119  498  1129  -119.3516   156.7570   -28.6615
   120  499  1129  -119.3514   156.7569   -28.6615
   121  497  1130  -119.3515   156.7575   -28.6616
   122  496  1130  -119.3517   156.7576   -28.6616
   123  494  1131  -119.3517   156.7582   -28.6618
   124  495  1131  -119.3519   156.7577   -28.6614
   125  492  1132  -119.3517   156.7588   -28.6620
   126  493  1132  -119.3517   156.7585   -28.6618
   127  490  1133  -119.3519   156.7592   -28.6621
   128  491  1133  -119.3514   156.7593   -28.6622

     1  626  1084  -119.3348   156.7343   -28.6592
     2  624  1085  -119.3347   156.7350   -28.6595
     3  625  1085  -119.3351   156.7344   -28.6590
     4  622  1086  -119.3341   156.7361   -28.6602
     5  623  1086  -119.3340   156.7359   -28.6600
     6  621  1087  -119.3353   156.7354   -28.6592
     7  620  1088  -119.3354   156.7357   -28.6591
     8  619  1088  -119.3355   156.7359   -28.6592
     9  618  1089  -119.3356   156.7361   -28.6591
    10  616  1090  -119.3357   156.7367   -28.6593
    11  617  1090  -119.3355   156.7366   -28.6592
    12  614  1091  -119.3359   156.7371   -28.6593
    13  615  1091  -119.3359   156.7368   -28.6591
    14  613  1092  -119.3358   156.7376   -28.6594
    15  612  1092  -119.3357   156.7379   -28.6597
    16  610  1093  -119.3356   156.7386   -28.6599
    17  611  1093  -119.3357   156.7383   -28.6596
    18  608  1094  -119.3362   156.7387   -28.6596
    19  609  1094  -119.3353   156.7392   -28.6601
    20  607  1095  -119.3355   156.7396   -28.6602
    21  606  1095  -119.3360   156.7395   -28.6600
    22  604  1096  -119.3348   156.7411   -28.6612
    23  605  1096  -119.3351   156.7406   -28.6607
    24  602  1097  -119.3343   156.7422   -28.6618
    25  601  1097  -119.3362   156.7408   -28.6604
    26  603  1097  -119.3349   156.7414   -28.6611
    27  600  1098  -119.3373   156.7402   -28.6594
    28  599  1098  -119.3376   156.7403   -28.6594
    29  597  1099  -119.3365   156.7418   -28.6604
    30  598  1099  -119.3366   156.7415   -28.6602
    31  595  1100  -119.3347   156.7439   -28.6621
    32  596  1100  -119.3347   156.7437   -28.6620
    33  594  1101  -119.3343   156.7447   -28.6625
    34  593  1101  -119.3369   156.7427   -28.6605
    35  591  1102  -119.3399   156.7407   -28.6582
    36  592  1102  -119.3377   156.7424   -28.6599
    37  589  1103  -119.3402   156.7411   -28.6582
    38  590  1103  -119.3404   156.7406   -28.6578
    39  588  1104  -119.3402   156.7414   -28.6583
    40  587  1104  -119.3397   156.7421   -28.6589
    41  586  1104  -119.3395   156.7425   -28.6592
    42  584  1105  -119.3403   156.7424   -28.6587
    43  585  1105  -119.3401   156.7423   -28.6587
    44  582  1106  -119.3402   156.7431   -28.6590
    45  581  1106  -119.3402   156.7433   -28.6592
    46  583  1106  -119.3400   156.7430   -28.6590
    47  580  1107  -119.3403   156.7436   -28.6591
    48  579  1107  -119.3403   156.7439   -28.6594
    49  578  1107  -119.3409   156.7436   -28.6591
    50  576  1108  -119.3407   156.7444   -28.6594
    51  577  1108  -119.3406   156.7442   -28.6593
    52  574  1109  -119.3409   156.7448   -28.6594
    53  575  1109  -119.3408   156.7447   -28.6594
    54  571  1110  -119.3416   156.7451   -28.6592
    55  572  1110  -119.3412   156.7452   -28.6594
    56  573  1110  -119.3412   156.7450   -28.6592
    57  569  1111  -119.3414   156.7459   -28.6596
    58  568  1111  -119.3416   156.7459   -28.6596
    59  570  1111  -119.3413   156.7457   -28.6595
    60  566  1112  -119.3415   156.7467   -28.6599
    61  565  1112  -119.3418   156.7466   -28.6599
    62  564  1112  -119.3417   156.7470   -28.6601
    63  567  1112  -119.3416   156.7463   -28.6597
    64  563  1113  -119.3422   156.7469   -28.6598
    65  562  1113  -119.3425   156.7469   -28.6597
    66  561  1113  -119.3427   156.7470   -28.6597
    67  560  1113  -119.3431   156.7469   -28.6596
    68  559  1113  -119.3431   156.7472   -28.6598
    69  557  1114  -119.3432   156.7477   -28.6599
    70  556  1114  -119.3437   156.7475   -28.6597
    71  555  1114  -119.3440   156.7475   -28.6596
    72  554  1114  -119.3440   156.7477   -28.6598
    73  558  1114  -119.3432   156.7474   -28.6597
    74  553  1115  -119.3444   156.7478   -28.6596
    75  552  1115  -119.3447   156.7477   -28.6594
    76  550  1116  -119.3450   156.7481   -28.6594
    77  551  1116  -119.3447   156.7481   -28.6594
    78  548  1117  -119.3452   156.7485   -28.6594
    79  549  1117  -119.3451   156.7484   -28.6594
    80  547  1118  -119.3454   156.7487   -28.6593
    81  546  1118  -119.3457   156.7487   -28.6592
    82  545  1118  -119.3456   156.7490   -28.6595
    83  544  1118  -119.3458   156.7492   -28.6595
    84  542  1119  -119.3461   156.7495   -28.6595
    85  541  1119  -119.3463   156.7496   -28.6595
    86  540  1119  -119.3465   156.7497   -28.6595
    87  543  1119  -119.3463   156.7491   -28.6591
    88  539  1120  -119.3465   156.7501   -28.6595
    89  538  1120  -119.3467   156.7501   -28.6595
    90  537  1120  -119.3467   156.7504   -28.6597
    91  536  1120  -119.3470   156.7503   -28.6596
    92  534  1121  -119.3470   156.7510   -28.6598
    93  533  1121  -119.3470   156.7512   -28.6600
    94  532  1121  -119.3473   156.7512   -28.6600
    95  531  1121  -119.3475   156.7513   -28.6600
    96  535  1121  -119.3466   156.7511   -28.6600
    97  530  1122  -119.3471   156.7520   -28.6603
    98  529  1122  -119.3474   156.7521   -28.6603
    99  528  1122  -119.3472   156.7525   -28.6607
   100  527  1122  -119.3475   156.7524   -28.6606
   101  526  1123  -119.3477   156.7526   -28.6604
   102  525  1123  -119.3477   156.7528   -28.6606
   103  524  1123  -119.3479   156.7530   -28.6606
   104  523  1123  -119.3481   156.7530   -28.6607
   105  522  1123  -119.3481   156.7533   -28.6609
   106  520  1124  -119.3484   156.7536   -28.6608
   107  519  1124  -119.3487   156.7536   -28.6607
   108  518  1124  -119.3490   156.7536   -28.6607
   109  521  1124  -119.3482   156.7536   -28.6608

     1  493  1122  -119.3525   156.7569   -28.6630
     2  491  1123  -119.3515   156.7583   -28.6640
     3  492  1123  -119.3526   156.7571   -28.6629
     4  489  1124  -119.3532   156.7574   -28.6628
     5  490  1124  -119.3530   156.7573   -28.6628
     6  488  1125  -119.3537   156.7573   -28.6624
     7  487  1125  -119.3539   156.7574   -28.6625
     8  485  1126  -119.3539   156.7581   -28.6627
     9  486  1126  -119.3537   156.7579   -28.6626
    10  483  1127  -119.3536   156.7589   -28.6631
    11  484  1127  -119.3535   156.7587   -28.6630
    12  482  1128  -119.3538   156.7591   -28.6630
    13  481  1129  -119.3545   156.7589   -28.6624
    14  480  1129  -119.3543   156.7592   -28.6627
    15  479  1130  -119.3545   156.7595   -28.6626
    16  477  1131  -119.3543   156.7602   -28.6629
    17  478  1131  -119.3547   156.7596   -28.6624
    18  475  1132  -119.3545   156.7606   -28.6629
    19  476  1132  -119.3545   156.7604   -28.6628
    20  474  1133  -119.3541   156.7614   -28.6633
    21  473  1134  -119.3546   156.7613   -28.6629
    22  472  1134  -119.3551   156.7611   -28.6627
    23  470  1135  -119.3557   156.7612   -28.6625
    24  471  1135  -119.3549   156.7616   -28.6629
    25  468  1136  -119.3559   156.7616   -28.6625
    26  467  1136  -119.3563   156.7616   -28.6623
    27  469  1136  -119.3553   156.7619   -28.6628
    28  466  1137  -119.3562   156.7620   -28.6624
    29  465  1137  -119.3563   156.7621   -28.6625
    30  464  1137  -119.3568   156.7620   -28.6624
    31  463  1137  -119.3564   156.7625   -28.6628
    32  461  1138  -119.3574   156.7623   -28.6622
    33  460  1138  -119.3574   156.7626   -28.6624
    34  459  1138  -119.3582   156.7621   -28.6619
    35  458  1138  -119.3607   156.7603   -28.6601
    36  457  1138  -119.3602   156.7610   -28.6606
    37  462  1138  -119.3565   156.7628   -28.6627
    38  456  1139  -119.3602   156.7613   -28.6606
    39  455  1139  -119.3602   156.7616   -28.6609
    40  454  1139  -119.3599   156.7621   -28.6612
    41  453  1139  -119.3601   156.7621   -28.6613
    42  452  1139  -119.3601   156.7625   -28.6615
    43  451  1139  -119.3600   156.7627   -28.6617
    44  450  1139  -119.3602   156.7628   -28.6618
    45  449  1139  -119.3601   156.7632   -28.6620
    46  448  1139  -119.3600   156.7635   -28.6623
    47  447  1139  -119.3605   156.7634   -28.6621
    48  446  1139  -119.3608   156.7634   -28.6621
    49  445  1139  -119.3609   156.7635   -28.6622
    50  444  1139  -119.3619   156.7629   -28.6616
    51  443  1139  -119.3619   156.7632   -28.6618
    52  442  1139  -119.3617   156.7636   -28.6621
    53  441  1139  -119.3611   156.7644   -28.6628
    54  440  1139  -119.3611   156.7646   -28.6630
    55  439  1139  -119.3612   156.7648   -28.6631
    56  438  1139  -119.3611   156.7651   -28.6634
    57  437  1139  -119.3619   156.7646   -28.6629
    58  436  1139  -119.3614   156.7653   -28.6635
    59  435  1139  -119.3618   156.7653   -28.6634
    60  434  1140  -119.3629   156.7647   -28.6625
    61  433  1140  -119.3623   156.7654   -28.6631
    62  432  1140  -119.3622   156.7658   -28.6634
    63  431  1140  -119.3618   156.7664   -28.6639
    64  430  1140  -119.3624   156.7662   -28.6636
    65  429  1140  -119.3626   156.7662   -28.6636
    66  427  1141  -119.3622   156.7672   -28.6641
    67  426  1141  -119.3625   156.7672   -28.6641
    68  425  1141  -119.3621   156.7678   -28.6646
    69  424  1141  -119.3623   156.7679   -28.6646
    70  428  1141  -119.3625   156.7667   -28.6637
    71  423  1142  -119.3635   156.7672   -28.6637
    72  422  1142  -119.3639   156.7672   -28.6635
    73  421  1142  -119.3644   156.7670   -28.6633
    74  420  1142  -119.3651   156.7666   -28.6629
    75  418  1143  -119.3659   156.7665   -28.6625
    76  417  1143  -119.3670   156.7659   -28.6618
    77  416  1143  -119.3670   156.7661   -28.6620
    78  419  1143  -119.3659   156.7663   -28.6623
    79  415  1144  -119.3665   156.7669   -28.6624
    80  414  1144  -119.3668   156.7669   -28.6624
    81  413  1144  -119.3669   156.7670   -28.6625
    82  412  1144  -119.3671   156.7671   -28.6625
    83  410  1145  -119.3669   156.7679   -28.6629
    85  411  1145  -119.3668   156.7677   -28.6628

     1  118   965  -119.4394   156.7634   -28.6948
     2  117   966  -119.4395   156.7636   -28.6947
     3  115   967  -119.4398   156.7639   -28.6946
     4  116   967  -119.4396   156.7638   -28.6946
     5  113   968  -119.4401   156.7643   -28.6946
     6  114   968  -119.4399   156.7642   -28.6945
     7  112   969  -119.4401   156.7647   -28.6946
     8  111   969  -119.4402   156.7648   -28.6947
     9  109   970  -119.4403   156.7653   -28.6948
    10  108   970  -119.4403   156.7655   -28.6950
    11  110   970  -119.4403   156.7651   -28.6947
    12  106   971  -119.4402   156.7662   -28.6952
    13  107   971  -119.4400   156.7661   -28.6952
    14  105   972  -119.4399   156.7668   -28.6955
    15  104   972  -119.4399   156.7671   -28.6956
    16  103   972  -119.4401   156.7672   -28.6957
    17  101   973  -119.4396   156.7682   -28.6963
    18  102   973  -119.4396   156.7679   -28.6961
    19   99   974  -119.4396   156.7688   -28.6964
    20   98   974  -119.4395   156.7691   -28.6967
    21  100   974  -119.4396   156.7685   -28.6963
    22   97   975  -119.4397   156.7693   -28.6966
    23   96   975  -119.4398   156.7695   -28.6967
    24   94   976  -119.4400   156.7699   -28.6967
    25   93   976  -119.4403   156.7699   -28.6966
    26   95   976  -119.4398   156.7698   -28.6966
    27   92   977  -119.4403   156.7702   -28.6966
    28   91   977  -119.4410   156.7700   -28.6963
    29   89   978  -119.4417   156.7699   -28.6959
    30   88   978  -119.4420   156.7700   -28.6959
    31   90   978  -119.4413   156.7700   -28.6961
    32   86   979  -119.4429   156.7698   -28.6953
    33   87   979  -119.4423   156.7701   -28.6957
    34   85   980  -119.4427   156.7704   -28.6955
    35   84   980  -119.4453   156.7686   -28.6937
    36   82   981  -119.4454   156.7691   -28.6938
    37   83   981  -119.4447   156.7694   -28.6941
    38   80   982  -119.4451   156.7699   -28.6942
    39   81   982  -119.4449   156.7698   -28.6941
    40   79   983  -119.4447   156.7706   -28.6945
    41   78   983  -119.4446   156.7709   -28.6948
    42   76   984  -119.4450   156.7711   -28.6947
    43   75   984  -119.4453   156.7712   -28.6946
    44   77   984  -119.4448   156.7711   -28.6946
    45   73   985  -119.4455   156.7716   -28.6947
    46   74   985  -119.4453   156.7715   -28.6946
    47   72   986  -119.4450   156.7723   -28.6950
    48   71   986  -119.4451   156.7725   -28.6951
    49   69   987  -119.4447   156.7734   -28.6956
    50   68   987  -119.4445   156.7738   -28.6959
    51   70   987  -119.4449   156.7730   -28.6953
    52   66   988  -119.4454   156.7737   -28.6954
    53   67   988  -119.4455   156.7734   -28.6952
    54   65   989  -119.4452   156.7742   -28.6956
    55   64   989  -119.4454   156.7743   -28.6956
    56   59   989  -119.4446   156.7762   -28.6971
    57   60   989  -119.4448   156.7758   -28.6968
    58   61   989  -119.4443   156.7760   -28.6970
    59   62   989  -119.4445   156.7756   -28.6967
    60   63   989  -119.4450   156.7749   -28.6961
    61   58   990  -119.4468   156.7748   -28.6954
    62   57   990  -119.4464   156.7753   -28.6959
    63   56   990  -119.4481   156.7742   -28.6949
    64   55   990  -119.4470   156.7753   -28.6959
    65   54   990  -119.4460   156.7764   -28.6968
    66   53   990  -119.4453   156.7772   -28.6975
    67   52   990  -119.4448   156.7778   -28.6980
    68   51   990  -119.4447   156.7782   -28.6983
    69   49   991  -119.4442   156.7792   -28.6989
    70   48   991  -119.4461   156.7779   -28.6976
    71   47   991  -119.4468   156.7776   -28.6973
    72   50   991  -119.4444   156.7788   -28.6985
    73   46   992  -119.4467   156.7781   -28.6974
    74   45   992  -119.4468   156.7782   -28.6974
    75   44   992  -119.4469   156.7783   -28.6975
    76   43   992  -119.4472   156.7784   -28.6975
    77   41   993  -119.4481   156.7782   -28.6970
    78   40   993  -119.4479   156.7786   -28.6973
    79   42   993  -119.4474   156.7786   -28.6974
    80   39   994  -119.4495   156.7777   -28.6961
    81   38   994  -119.4493   156.7781   -28.6965
    82   37   994  -119.4495   156.7782   -28.6965
    83   35   995  -119.4498   156.7786   -28.6965
    84   34   995  -119.4500   156.7787   -28.6965
    85   33   995  -119.4502   156.7787   -28.6966
    86   36   995  -119.4494   156.7786   -28.6966
    87   32   996  -119.4499   156.7793   -28.6968
    88   31   996  -119.4500   156.7795   -28.6969
    89   30   996  -119.4499   156.7798   -28.6972
    90   29   996  -119.4497   156.7802   -28.6975
    91   27   997  -119.4489   156.7814   -28.6982
    92   26   997  -119.4488   156.7817   -28.6985
    93   28   997  -119.4491   156.7811   -28.6979
    94   24   998  -119.4492   156.7821   -28.6984
    95   25   998  -119.4489   156.7820   -28.6984
    96   23   999  -119.4488   156.7827   -28.6987
    97   21  1000  -119.4494   156.7828   -28.6984
    98   22  1000  -119.4494   156.7826   -28.6982
    99   20  1001  -119.4493   156.7832   -28.6984
   101   19  1002  -119.4488   156.7840   -28.6988

     1  238  709  -119.4571   156.6921   -28.7084
     2  237  710  -119.4570   156.6925   -28.7084
     3  237  711  -119.4568   156.6928   -28.7084
     4  236  712  -119.4568   156.6932   -28.7084
     5  235  713  -119.4567   156.6936   -28.7085
     6  234  714  -119.4565   156.6941   -28.7086
     7  233  715  -119.4562   156.6948   -28.7089
     8  232  715  -119.4563   156.6949   -28.7090
     9  231  716  -119.4562   156.6954   -28.7090
    10  230  717  -119.4562   156.6957   -28.7090
    11  228  718  -119.4566   156.6960   -28.7089
    12  229  718  -119.4566   156.6958   -28.7087
    13  227  719  -119.4561   156.6968   -28.7093
    14  226  720  -119.4562   156.6971   -28.7092
    15  225  721  -119.4555   156.6980   -28.7096
    16  224  721  -119.4560   156.6978   -28.7095
    17  223  722  -119.4554   156.6987   -28.7099
    18  222  723  -119.4550   156.6994   -28.7102
    19  220  724  -119.4541   156.7008   -28.7111
    20  221  724  -119.4545   156.7002   -28.7106
    21  219  725  -119.4547   156.7006   -28.7106
    22  218  726  -119.4531   156.7023   -28.7117
    23  217  727  -119.4533   156.7026   -28.7116
    24  216  727  -119.4529   156.7031   -28.7121
    25  215  728  -119.4543   156.7024   -28.7111
    26  213  729  -119.4558   156.7017   -28.7101
    27  214  729  -119.4558   156.7015   -28.7099
    28  212  730  -119.4557   156.7021   -28.7101
    29  210  731  -119.4566   156.7020   -28.7097
    30  211  731  -119.4553   156.7029   -28.7105
    31  209  732  -119.4565   156.7025   -28.7098
    32  208  732  -119.4570   156.7023   -28.7096
    33  207  733  -119.4572   156.7025   -28.7094
    34  205  734  -119.4571   156.7031   -28.7097
    35  206  734  -119.4577   156.7024   -28.7090
    36  204  735  -119.4570   156.7036   -28.7098
    37  202  736  -119.4568   156.7044   -28.7101
    38  203  736  -119.4570   156.7040   -28.7098
    39  201  737  -119.4564   156.7051   -28.7104
    40  200  737  -119.4563   156.7054   -28.7107
    41  199  738  -119.4566   156.7055   -28.7105
    42  197  739  -119.4572   156.7056   -28.7101
    43  198  739  -119.4572   156.7054   -28.7100
    44  196  740  -119.4579   156.7054   -28.7096
    45  195  741  -119.4575   156.7061   -28.7099
    46  193  742  -119.4567   156.7073   -28.7107
    47  194  742  -119.4569   156.7069   -28.7103
    48  192  743  -119.4567   156.7077   -28.7108
    49  191  744  -119.4569   156.7079   -28.7106
    50  189  745  -119.4595   156.7064   -28.7087
    51  190  745  -119.4593   156.7063   -28.7087
    52  188  746  -119.4593   156.7069   -28.7089
    53  186  747  -119.4589   156.7078   -28.7093
    54  187  747  -119.4587   156.7078   -28.7093
    55  185  748  -119.4581   156.7089   -28.7099
    56  184  748  -119.4580   156.7092   -28.7102
    57  182  749  -119.4578   156.7100   -28.7105
    58  183  749  -119.4578   156.7098   -28.7104
    59  180  750  -119.4583   156.7102   -28.7103
    60  181  750  -119.4580   156.7102   -28.7104
    61  178  751  -119.4593   156.7100   -28.7097
    62  179  751  -119.4598   156.7094   -28.7092
    63  177  752  -119.4585   156.7110   -28.7103
    64  176  753  -119.4579   156.7119   -28.7108
    65  175  754  -119.4578   156.7123   -28.7108
    66  174  755  -119.4576   156.7129   -28.7109
    67  173  756  -119.4569   156.7139   -28.7114
    68  172  757  -119.4566   156.7145   -28.7116
    69  171  758  -119.4566   156.7148   -28.7116
    70  170  759  -119.4567   156.7151   -28.7115
    71  170  760  -119.4567   156.7153   -28.7113
    72  169  761  -119.4566   156.7156   -28.7113
    73  168  762  -119.4567   156.7159   -28.7113
    74  166  763  -119.4561   156.7170   -28.7119
    75  167  763  -119.4561   156.7168   -28.7117
    76  164  764  -119.4569   156.7170   -28.7116
    77  165  764  -119.4565   156.7171   -28.7116
    78  162  765  -119.4565   156.7179   -28.7120
    79  163  765  -119.4566   156.7176   -28.7118
    80  161  766  -119.4588   156.7163   -28.7104
    81  160  766  -119.4587   156.7167   -28.7106
    82  158  767  -119.4612   156.7153   -28.7089
    83  159  767  -119.4593   156.7166   -28.7100
    84  156  768  -119.4621   156.7151   -28.7083
    85  157  768  -119.4615   156.7154   -28.7086
    86  155  769  -119.4633   156.7145   -28.7074
    87  154  769  -119.4633   156.7148   -28.7076
    88  153  769  -119.4635   156.7149   -28.7076
    91  152  770  -119.4625   156.7160   -28.7084
    97  144  772  -119.4624   156.7184   -28.7096
    98  143  772  -119.4632   156.7179   -28.7091
    99  141  773  -119.4619   156.7196   -28.7103
   100  140  773  -119.4612   156.7205   -28.7111
   101  142  773  -119.4630   156.7185   -28.7093
   102  138  774  -119.4607   156.7215   -28.7116
   103  137  774  -119.4606   156.7218   -28.7119
   104  136  774  -119.4608   156.7219   -28.7119
   105  139  774  -119.4603   156.7216   -28.7117
   106  135  775  -119.4629   156.7205   -28.7103
   107  134  775  -119.4613   156.7221   -28.7116
   108  133  775  -119.4607   156.7228   -28.7123
   109  132  775  -119.4607   156.7231   -28.7126
   110  130  776  -119.4617   156.7229   -28.7119
   111  129  776  -119.4613   156.7235   -28.7124
   112  128  776  -119.4608   156.7242   -28.7130
   113  131  776  -119.4620   156.7224   -28.7115
   114  127  777  -119.4613   156.7240   -28.7126
   115  126  777  -119.4620   156.7237   -28.7122
   116  125  777  -119.4621   156.7239   -28.7124
   117  124  777  -119.4627   156.7237   -28.7121
   118  122  778  -119.4637   156.7235   -28.7115
   119  121  778  -119.4635   156.7239   -28.7118
   120  120  778  -119.4636   156.7241   -28.7119
   121  123  778  -119.4634   156.7235   -28.7115
   122  119  779  -119.4637   156.7243   -28.7118
   123  118  779  -119.4639   156.7245   -28.7119
   124  117  779  -119.4641   156.7245   -28.7119
   125  116  779  -119.4647   156.7243   -28.7116
   126  114  780  -119.4657   156.7241   -28.7111
   127  113  780  -119.4654   156.7245   -28.7115
   128  115  780  -119.4662   156.7234   -28.7106

     1  233  707  -119.4583   156.6921   -28.7088
     2  232  708  -119.4582   156.6926   -28.7089
     3  231  709  -119.4581   156.6931   -28.7090
     4  230  710  -119.4582   156.6933   -28.7089
     5  228  711  -119.4579   156.6942   -28.7092
     6  229  711  -119.4581   156.6937   -28.7089
     7  227  712  -119.4579   156.6945   -28.7093
     8  226  713  -119.4576   156.6951   -28.7095
     9  225  714  -119.4574   156.6957   -28.7097
    10  224  715  -119.4571   156.6963   -28.7099
    11  222  716  -119.4569   156.6971   -28.7102
    12  223  716  -119.4571   156.6966   -28.7099
    13  221  717  -119.4568   156.6975   -28.7103
    14  220  718  -119.4569   156.6978   -28.7102
    15  219  719  -119.4566   156.6984   -28.7104
    16  218  719  -119.4566   156.6986   -28.7106
    17  217  720  -119.4555   156.6999   -28.7115
    18  215  721  -119.4556   156.7005   -28.7116
    19  216  721  -119.4556   156.7002   -28.7114
    20  214  722  -119.4548   156.7015   -28.7121
    21  212  723  -119.4550   156.7019   -28.7122
    22  213  723  -119.4548   156.7018   -28.7121
    23  211  724  -119.4543   156.7029   -28.7127
    24  209  725  -119.4559   156.7022   -28.7117
    25  210  725  -119.4551   156.7026   -28.7121
    26  208  726  -119.4567   156.7019   -28.7110
    27  206  727  -119.4566   156.7026   -28.7113
    28  207  727  -119.4567   156.7022   -28.7110
    29  205  728  -119.4564   156.7031   -28.7114
    30  204  729  -119.4579   156.7022   -28.7102
    31  203  729  -119.4583   156.7021   -28.7101
    32  202  730  -119.4582   156.7026   -28.7102
    33  200  731  -119.4579   156.7035   -28.7107
    34  201  731  -119.4581   156.7030   -28.7103
    35  198  732  -119.4577   156.7042   -28.7110
    36  199  732  -119.4578   156.7039   -28.7107
    37  197  733  -119.4568   156.7053   -28.7117
    38  196  734  -119.4571   156.7054   -28.7115
    39  195  734  -119.4590   156.7042   -28.7101
    40  194  735  -119.4575   156.7057   -28.7112
    41  192  736  -119.4579   156.7060   -28.7111
    42  193  736  -119.4582   156.7056   -28.7107
    43  191  737  -119.4550   156.7087   -28.7134
    44  190  738  -119.4556   156.7086   -28.7129
    45  189  738  -119.4536   156.7105   -28.7147
    46  188  739  -119.4531   156.7113   -28.7150
    47  186  740  -119.4580   156.7079   -28.7114
    48  187  740  -119.4529   156.7119   -28.7152
    49  185  741  -119.4587   156.7076   -28.7109
    50  183  742  -119.4583   156.7086   -28.7114
    51  184  742  -119.4587   156.7081   -28.7109
    52  182  743  -119.4598   156.7077   -28.7102
    53  180  744  -119.4611   156.7073   -28.7094
    54  181  744  -119.4612   156.7070   -28.7092
    55  178  745  -119.4610   156.7080   -28.7096
    56  179  745  -119.4616   156.7072   -28.7090
    57  177  746  -119.4607   156.7086   -28.7098
    58  176  747  -119.4603   156.7093   -28.7101
    59  174  748  -119.4591   156.7109   -28.7112
    60  175  748  -119.4591   156.7106   -28.7110
    61  173  749  -119.4591   156.7113   -28.7112
    62  172  750  -119.4586   156.7120   -28.7115
    63  171  751  -119.4580   156.7129   -28.7120
    64  169  752  -119.4580   156.7135   -28.7123
    65  170  752  -119.4577   156.7135   -28.7122
    66  168  753  -119.4577   156.7141   -28.7124
    67  167  754  -119.4577   156.7144   -28.7124
    68  166  755  -119.4582   156.7144   -28.7120
    69  165  756  -119.4581   156.7149   -28.7120
    70  163  757  -119.4580   156.7156   -28.7122
    71  164  757  -119.4577   156.7156   -28.7122
    72  162  758  -119.4590   156.7151   -28.7116
    73  160  759  -119.4604   156.7145   -28.7107
    74  161  759  -119.4597   156.7149   -28.7110
    75  159  760  -119.4609   156.7145   -28.7103
    76  158  760  -119.4611   156.7146   -28.7103
    77  156  761  -119.4626   156.7139   -28.7094
    78  155  761  -119.4614   156.7153   -28.7105
    79  157  761  -119.4631   156.7133   -28.7088
    80  153  762  -119.4626   156.7149   -28.7097
    81  154  762  -119.4625   156.7147   -28.7096
    82  152  763  -119.4632   156.7147   -28.7092
    83  151  763  -119.4640   156.7144   -28.7088
    84  149  764  -119.4661   156.7132   -28.7074
    85  148  764  -119.4662   156.7134   -28.7076
    86  150  764  -119.4659   156.7131   -28.7074
    87  146  765  -119.4652   156.7148   -28.7085
    88  147  765  -119.4648   156.7149   -28.7086
    89  145  766  -119.4642   156.7160   -28.7092
    90  144  766  -119.4643   156.7161   -28.7093
    91  143  766  -119.4644   156.7163   -28.7094
    92  141  767  -119.4643   156.7171   -28.7097
    93  140  767  -119.4639   156.7177   -28.7102
    95  142  767  -119.4641   156.7170   -28.7096
    99  134  769  -119.4621   156.7208   -28.7122
   100  133  769  -119.4617   156.7214   -28.7127
   101  132  769  -119.4620   156.7214   -28.7127
   103  131  770  -119.4612   156.7224   -28.7133
   104  130  770  -119.4605   156.7233   -28.7140
   105  129  770  -119.4605   156.7235   -28.7142
   106  127  771  -119.4603   156.7243   -28.7145
   107  126  771  -119.4585   156.7259   -28.7161
   108  125  771  -119.4590   156.7258   -28.7159
   109  128  771  -119.4600   156.7242   -28.7145
   110  124  772  -119.4592   156.7260   -28.7158
   111  123  772  -119.4597   156.7259   -28.7156
   112  122  772  -119.4605   156.7255   -28.7151
   113  120  773  -119.4619   156.7249   -28.7142
   114  119  773  -119.4627   156.7245   -28.7138
   115  118  773  -119.4636   156.7241   -28.7133
   116  121  773  -119.4609   156.7255   -28.7148
   117  116  774  -119.4668   156.7221   -28.7111
   118  117  774  -119.4636   156.7244   -28.7133

     1  451  844  -119.4027   156.6967   -28.6840
     2  450  845  -119.4023   156.6974   -28.6843
     3  450  846  -119.4008   156.6988   -28.6852
     4  449  847  -119.4008   156.6992   -28.6852
     5  449  848  -119.4003   156.6997   -28.6854
     6  448  849  -119.3994   156.7008   -28.6862
     7  447  850  -119.3999   156.7007   -28.6858
     8  447  851  -119.3998   156.7009   -28.6857
     9  446  852  -119.3999   156.7012   -28.6856
    10  446  853  -119.4002   156.7010   -28.6852
    11  445  854  -119.3985   156.7027   -28.6867
    12  444  855  -119.4014   156.7007   -28.6843
    13  444  856  -119.4011   156.7011   -28.6844
    14  443  857  -119.4010   156.7015   -28.6844
    15  442  858  -119.4009   156.7020   -28.6845
    16  442  859  -119.4006   156.7023   -28.6845
    17  441  860  -119.4011   156.7023   -28.6842
    18  441  861  -119.4007   156.7027   -28.6842
    19  440  862  -119.4001   156.7036   -28.6847
    20  439  863  -119.3996   156.7044   -28.6851
    21  438  864  -119.3996   156.7047   -28.6851
    22  437  865  -119.4000   156.7047   -28.6847
    23  436  866  -119.3997   156.7054   -28.6849
    24  435  867  -119.3989   156.7064   -28.6856
    25  435  868  -119.3986   156.7068   -28.6856
    26  434  869  -119.3983   156.7074   -28.6859
    27  433  870  -119.3982   156.7079   -28.6860
    28  432  871  -119.3985   156.7080   -28.6857
    29  431  872  -119.3992   156.7078   -28.6851
    30  430  873  -119.3996   156.7078   -28.6848
    31  429  874  -119.4002   156.7077   -28.6843
    32  428  875  -119.4004   156.7078   -28.6842
    33  427  875  -119.4004   156.7081   -28.6844
    34  426  876  -119.4003   156.7085   -28.6844
    35  425  877  -119.4005   156.7087   -28.6842
    36  423  878  -119.4006   156.7093   -28.6844
    37  424  878  -119.4003   156.7093   -28.6844
    38  422  879  -119.4005   156.7097   -28.6844
    39  421  880  -119.3999   156.7106   -28.6849
    40  419  881  -119.3998   156.7113   -28.6851
    41  420  881  -119.3999   156.7110   -28.6849
    42  418  882  -119.3997   156.7117   -28.6852
    43  417  883  -119.3993   156.7124   -28.6856
    44  416  883  -119.3992   156.7128   -28.6859
    45  415  884  -119.3993   156.7131   -28.6858
    46  414  885  -119.4002   156.7126   -28.6850
    47  412  886  -119.3999   156.7135   -28.6854
    48  413  886  -119.4006   156.7127   -28.6847
    49  411  887  -119.3998   156.7140   -28.6855
    50  410  888  -119.3998   156.7143   -28.6855
    51  409  888  -119.4000   156.7144   -28.6855
    52  407  889  -119.4006   156.7145   -28.6852
    53  408  889  -119.4005   156.7144   -28.6851
    54  405  890  -119.4011   156.7148   -28.6851
    55  406  890  -119.4008   156.7147   -28.6851
    56  404  891  -119.4009   156.7153   -28.6852
    57  403  891  -119.4007   156.7157   -28.6855
    58  402  892  -119.4005   156.7162   -28.6857
    59  400  893  -119.4005   156.7168   -28.6860
    60  401  893  -119.4005   156.7166   -28.6857
    61  398  894  -119.4009   156.7170   -28.6858
    62  399  894  -119.4005   156.7171   -28.6860
    63  397  895  -119.4010   156.7173   -28.6858
    64  396  895  -119.4014   156.7172   -28.6856
    65  394  896  -119.4017   156.7176   -28.6856
    66  395  896  -119.4013   156.7177   -28.6857
    67  393  897  -119.4012   156.7184   -28.6859
    68  392  905  -119.3987   156.7216   -28.6864
    69  391  906  -119.3990   156.7217   -28.6862
    70  390  906  -119.3992   156.7219   -28.6863
    71  389  907  -119.3992   156.7222   -28.6863
    72  388  908  -119.3993   156.7224   -28.6862
    73  387  909  -119.3988   156.7232   -28.6866
    74  386  910  -119.3988   156.7236   -28.6866
    75  385  911  -119.3986   156.7241   -28.6868
    76  384  912  -119.3982   156.7248   -28.6871
    77  383  912  -119.3983   156.7250   -28.6872
    78  382  913  -119.3984   156.7253   -28.6871
    79  381  914  -119.3982   156.7258   -28.6872
    80  380  915  -119.3986   156.7258   -28.6869
    81  379  916  -119.3985   156.7263   -28.6870
    82  378  917  -119.3984   156.7267   -28.6871
    83  377  917  -119.3983   156.7270   -28.6874
    84  375  918  -119.3985   156.7275   -28.6874
    85  376  918  -119.3980   156.7276   -28.6876
    86  373  919  -119.3993   156.7274   -28.6869
    87  374  919  -119.3989   156.7275   -28.6871
    88  372  920  -119.3997   156.7275   -28.6866
    89  371  920  -119.3995   156.7279   -28.6870
    90  369  921  -119.4001   156.7280   -28.6867
    91  370  921  -119.3996   156.7281   -28.6869
    92  367  922  -119.4003   156.7284   -28.6867
    93  368  922  -119.4001   156.7283   -28.6867
    94  366  923  -119.3999   156.7291   -28.6870
    95  365  923  -119.4002   156.7291   -28.6870
    96  364  923  -119.4003   156.7292   -28.6871
    97  362  924  -119.4006   156.7296   -28.6870
    98  361  924  -119.4007   156.7298   -28.6872
    99  363  924  -119.4003   156.7296   -28.6871
   100  360  925  -119.4011   156.7298   -28.6869
   101  359  925  -119.4010   156.7302   -28.6871
   102  358  925  -119.4017   156.7299   -28.6868
   103  357  926  -119.4012   156.7306   -28.6871
   104  355  926  -119.4008   156.7315   -28.6879
   105  356  926  -119.4013   156.7308   -28.6873
   106  354  927  -119.4009   156.7318   -28.6878
   107  353  927  -119.4006   156.7322   -28.6882
   108  352  927  -119.4004   156.7327   -28.6886
   109  349  928  -119.4014   156.7327   -28.6881
   110  351  928  -119.4010   156.7325   -28.6881
   111  350  928  -119.4011   156.7327   -28.6882
   112  346  929  -119.4023   156.7328   -28.6878
   113  348  929  -119.4012   156.7332   -28.6883
   114  347  929  -119.4015   156.7332   -28.6882
   115  318  930  -119.4089   156.7344   -28.6877
   116  340  930  -119.4037   156.7332   -28.6877
   117  341  930  -119.4031   156.7335   -28.6879
   118  342  930  -119.4025   156.7338   -28.6882
   119  343  930  -119.4022   156.7337   -28.6882
   120  344  930  -119.4021   156.7336   -28.6882
   121  345  930  -119.4020   156.7334   -28.6880
   122  317  930  -119.4091   156.7345   -28.6878
   123  319  930  -119.4088   156.7343   -28.6876
   124  315  931  -119.4092   156.7350   -28.6878
   125  339  931  -119.4040   156.7333   -28.6874
   126  338  931  -119.4043   156.7333   -28.6873
   127  337  931  -119.4046   156.7334   -28.6873
   128  336  931  -119.4045   156.7336   -28.6875
   129  335  931  -119.4040   156.7343   -28.6881
   130  334  931  -119.4050   156.7338   -28.6876
   131  333  931  -119.4048   156.7342   -28.6879
   132  332  931  -119.4053   156.7341   -28.6877
   133  320  931  -119.4082   156.7347   -28.6877
   134  316  931  -119.4090   156.7350   -28.6878
   135  321  931  -119.4082   156.7344   -28.6875
   136  324  931  -119.4074   156.7343   -28.6876
   137  323  931  -119.4077   156.7343   -28.6875
   138  322  931  -119.4077   156.7345   -28.6877
   139  331  932  -119.4055   156.7342   -28.6876
   140  330  932  -119.4059   156.7341   -28.6874
   141  329  932  -119.4066   156.7338   -28.6871
   142  328  932  -119.4065   156.7341   -28.6873
   143  327  932  -119.4065   156.7344   -28.6875
   144  325  932  -119.4070   156.7345   -28.6875
   145  326  932  -119.4068   156.7344   -28.6875
   146  314  932  -119.4094   156.7353   -28.6877
   147  313  932  -119.4095   156.7354   -28.6878
   148  311  933  -119.4094   156.7361   -28.6881
   149  312  933  -119.4093   156.7360   -28.6880
   150  309  934  -119.4095   156.7367   -28.6882
   151  310  934  -119.4095   156.7365   -28.6880
   152  307  935  -119.4100   156.7368   -28.6879
   153  308  935  -119.4097   156.7369   -28.6880
   154  305  936  -119.4104   156.7372   -28.6878
   155  306  936  -119.4102   156.7371   -28.6878
   156  304  937  -119.4102   156.7377   -28.6880
   157  303  937  -119.4104   156.7377   -28.6880
   158  301  938  -119.4100   156.7387   -28.6886
   159  302  938  -119.4099   156.7385   -28.6884
   160  299  939  -119.4097   156.7396   -28.6890
   161  300  939  -119.4095   156.7395   -28.6890
   162  298  940  -119.4097   156.7399   -28.6889
   163  297  940  -119.4097   156.7401   -28.6891
   164  295  941  -119.4100   156.7406   -28.6891
   165  294  941  -119.4102   156.7406   -28.6891
   166  296  941  -119.4099   156.7404   -28.6890
   167  293  942  -119.4101   156.7410   -28.6892
   168  292  942  -119.4103   156.7411   -28.6892
   169  291  942  -119.4107   156.7410   -28.6891
   170  289  943  -119.4110   156.7414   -28.6890
   171  290  943  -119.4106   156.7415   -28.6892
   172  287  944  -119.4111   156.7419   -28.6891
   173  286  944  -119.4117   156.7417   -28.6889
   174  288  944  -119.4108   156.7419   -28.6892
   175  285  945  -119.4116   156.7421   -28.6890
   176  284  945  -119.4124   156.7417   -28.6885
   177  283  945  -119.4125   156.7419   -28.6886
   178  281  946  -119.4128   156.7422   -28.6886
   179  282  946  -119.4120   156.7426   -28.6890
   180  280  947  -119.4129   156.7425   -28.6885
   181  279  947  -119.4132   156.7425   -28.6884
   182  278  947  -119.4133   156.7427   -28.6885
   183  276  948  -119.4139   156.7428   -28.6883
   184  275  948  -119.4143   156.7428   -28.6882
   185  277  948  -119.4137   156.7428   -28.6883
   186  274  949  -119.4146   156.7428   -28.6879
   187  273  949  -119.4150   156.7427   -28.6877
   188  272  949  -119.4151   156.7429   -28.6879
   189  270  950  -119.4157   156.7430   -28.6876
   190  269  950  -119.4155   156.7434   -28.6879
   191  271  950  -119.4151   156.7433   -28.6879
   192  268  951  -119.4156   156.7437   -28.6878
   193  267  951  -119.4157   156.7439   -28.6879
   194  265  952  -119.4164   156.7439   -28.6876
   195  264  952  -119.4164   156.7442   -28.6878
   196  266  952  -119.4162   156.7438   -28.6876
   197  263  953  -119.4163   156.7446   -28.6879
   198  262  953  -119.4161   156.7450   -28.6882
   199  261  953  -119.4163   156.7451   -28.6882
   200  259  954  -119.4161   156.7459   -28.6886
   201  258  954  -119.4163   156.7460   -28.6886
   202  260  954  -119.4159   156.7458   -28.6886
   203  257  955  -119.4166   156.7461   -28.6884
   204  256  955  -119.4169   156.7461   -28.6883
   205  255  955  -119.4173   156.7460   -28.6882
   206  253  956  -119.4174   156.7466   -28.6884
   207  252  956  -119.4174   156.7468   -28.6885
   208  254  956  -119.4172   156.7464   -28.6883
   209  250  957  -119.4178   156.7470   -28.6883
   210  249  957  -119.4180   156.7471   -28.6884
   211  248  957  -119.4180   156.7474   -28.6886
   212  251  957  -119.4177   156.7469   -28.6883
   213  247  958  -119.4182   156.7476   -28.6884
   214  246  958  -119.4184   156.7477   -28.6885
   215  245  958  -119.4186   156.7478   -28.6885
   216  243  959  -119.4190   156.7480   -28.6883
   217  244  959  -119.4187   156.7481   -28.6884
   218  241  960  -119.4192   156.7485   -28.6884
   219  242  960  -119.4188   156.7486   -28.6885
   220  240  961  -119.4190   156.7490   -28.6885
   221  239  961  -119.4194   156.7489   -28.6884
   222  237  962  -119.4196   156.7494   -28.6884
   223  238  962  -119.4193   156.7493   -28.6884
   224  235  963  -119.4197   156.7499   -28.6885
   225  236  963  -119.4193   156.7500   -28.6886
   226  234  964  -119.4194   156.7505   -28.6888
   227  233  964  -119.4197   156.7505   -28.6887
   228  231  965  -119.4190   156.7517   -28.6895
   229  232  965  -119.4200   156.7506   -28.6885
   230  229  966  -119.4194   156.7519   -28.6893
   231  230  966  -119.4185   156.7525   -28.6899
   232  227  967  -119.4188   156.7530   -28.6900
   233  228  967  -119.4189   156.7527   -28.6897
   234  226  968  -119.4186   156.7535   -28.6901
   235  225  968  -119.4185   156.7539   -28.6904
   236  222  969  -119.4185   156.7547   -28.6908
   237  223  969  -119.4184   156.7546   -28.6907
   238  220  970  -119.4193   156.7547   -28.6904
   239  221  970  -119.4190   156.7547   -28.6905
   240  218  971  -119.4211   156.7538   -28.6891
   241  219  971  -119.4205   156.7540   -28.6894
   242  217  972  -119.4209   156.7544   -28.6893
   243  216  972  -119.4209   156.7546   -28.6894
   244  215  972  -119.4209   156.7548   -28.6896
   245  213  973  -119.4214   156.7550   -28.6894
   246  214  973  -119.4212   156.7549   -28.6894
   247  211  974  -119.4216   156.7555   -28.6895
   248  212  974  -119.4215   156.7553   -28.6894
   249  209  975  -119.4220   156.7558   -28.6894
   250  210  975  -119.4218   156.7556   -28.6893
   251  208  976  -119.4219   156.7562   -28.6894
   252  207  977  -119.4226   156.7560   -28.6889
   253  205  978  -119.4226   156.7566   -28.6891
   254  206  978  -119.4223   156.7565   -28.6891
   255  204  979  -119.4223   156.7572   -28.6893
   256  202  980  -119.4227   156.7575   -28.6892
   257  203  980  -119.4223   156.7575   -28.6893
   258  201  981  -119.4229   156.7577   -28.6890
   259  200  982  -119.4224   156.7583   -28.6894
   260  199  982  -119.4223   156.7587   -28.6897
   261  197  983  -119.4222   156.7594   -28.6899
   262  198  983  -119.4220   156.7593   -28.6899
   263  195  984  -119.4226   156.7597   -28.6898
   264  196  984  -119.4224   156.7595   -28.6897
   265  193  985  -119.4228   156.7601   -28.6898
   266  194  985  -119.4227   156.7599   -28.6897
   267  192  986  -119.4227   156.7606   -28.6899

     1  310  925  -119.4106   156.7346   -28.6888
     2  311  925  -119.4106   156.7343   -28.6886
     3  308  926  -119.4107   156.7351   -28.6889
     4  307  926  -119.4109   156.7353   -28.6890
     5  309  926  -119.4106   156.7350   -28.6888
     6  305  927  -119.4112   156.7356   -28.6889
     7  306  927  -119.4111   156.7354   -28.6888
     8  304  928  -119.4112   156.7359   -28.6889
     9  303  928  -119.4114   156.7361   -28.6890
    10  302  928  -119.4115   156.7362   -28.6890
    11  300  929  -119.4119   156.7365   -28.6889
    12  299  929  -119.4122   156.7365   -28.6889
    13  301  929  -119.4116   156.7365   -28.6889
    14  297  930  -119.4121   156.7372   -28.6891
    15  296  930  -119.4122   156.7374   -28.6892
    16  298  930  -119.4120   156.7370   -28.6890
    17  295  931  -119.4123   156.7376   -28.6891
    18  294  931  -119.4125   156.7377   -28.6892
    19  292  932  -119.4126   156.7382   -28.6893
    20  291  932  -119.4132   156.7379   -28.6890
    21  293  932  -119.4126   156.7380   -28.6892
    22  289  933  -119.4134   156.7384   -28.6891
    23  288  933  -119.4136   156.7384   -28.6891
    24  290  933  -119.4128   156.7386   -28.6894
    25  287  934  -119.4136   156.7388   -28.6891
    26  286  934  -119.4136   156.7391   -28.6893
    27  285  934  -119.4138   156.7392   -28.6894
    28  283  935  -119.4141   156.7395   -28.6893
    29  282  935  -119.4148   156.7392   -28.6890
    30  284  935  -119.4139   156.7394   -28.6892
    31  280  936  -119.4157   156.7391   -28.6884
    32  281  936  -119.4150   156.7394   -28.6888
    33  279  937  -119.4157   156.7394   -28.6884
    34  278  937  -119.4159   156.7395   -28.6884
    35  277  937  -119.4162   156.7395   -28.6884
    36  275  938  -119.4161   156.7402   -28.6887
    37  274  938  -119.4161   156.7404   -28.6888
    38  276  938  -119.4159   156.7401   -28.6886
    39  272  939  -119.4163   156.7409   -28.6889
    40  273  939  -119.4162   156.7407   -28.6887
    41  271  940  -119.4166   156.7410   -28.6887
    42  270  940  -119.4168   156.7411   -28.6887
    43  269  940  -119.4169   156.7413   -28.6888
    44  267  941  -119.4169   156.7419   -28.6890
    45  268  941  -119.4168   156.7418   -28.6889
    46  265  942  -119.4168   156.7426   -28.6892
    47  264  942  -119.4169   156.7427   -28.6893
    48  266  942  -119.4168   156.7423   -28.6890
    49  262  943  -119.4170   156.7433   -28.6894
    50  263  943  -119.4171   156.7430   -28.6891
    51  261  944  -119.4173   156.7434   -28.6892
    52  260  944  -119.4175   156.7435   -28.6892
    53  259  944  -119.4173   156.7439   -28.6896
    54  257  945  -119.4178   156.7441   -28.6893
    55  258  945  -119.4176   156.7440   -28.6893
    56  255  946  -119.4176   156.7449   -28.6897
    57  254  946  -119.4174   156.7452   -28.6900
    58  256  946  -119.4179   156.7444   -28.6893
    59  253  947  -119.4181   156.7450   -28.6895
    60  252  947  -119.4184   156.7450   -28.6895
    61  250  948  -119.4182   156.7458   -28.6898
    62  249  948  -119.4183   156.7460   -28.6899
    63  251  948  -119.4184   156.7454   -28.6894
    64  248  949  -119.4182   156.7464   -28.6900
    65  247  949  -119.4184   156.7465   -28.6900
    66  245  950  -119.4183   156.7472   -28.6902
    67  244  950  -119.4184   156.7474   -28.6904
    68  246  950  -119.4185   156.7468   -28.6899
    69  242  951  -119.4190   156.7475   -28.6901
    70  243  951  -119.4188   156.7474   -28.6900
    71  240  952  -119.4191   156.7480   -28.6902
    72  241  952  -119.4190   156.7478   -28.6901
    73  239  953  -119.4200   156.7476   -28.6895
    74  238  953  -119.4204   156.7475   -28.6894
    75  236  954  -119.4211   156.7476   -28.6890
    76  237  954  -119.4208   156.7475   -28.6890
    77  234  955  -119.4217   156.7477   -28.6888
    78  235  955  -119.4214   156.7477   -28.6888
    79  232  956  -119.4223   156.7478   -28.6885
    80  233  956  -119.4221   156.7477   -28.6884
    81  231  957  -119.4226   156.7479   -28.6882
    82  229  958  -119.4224   156.7486   -28.6885
    83  230  958  -119.4223   156.7485   -28.6884
    84  227  959  -119.4218   156.7497   -28.6892
    85  228  959  -119.4221   156.7493   -28.6888
    86  225  960  -119.4221   156.7501   -28.6891
    87  226  960  -119.4218   156.7501   -28.6892
    88  224  961  -119.4215   156.7510   -28.6896
    89  223  961  -119.4237   156.7494   -28.6881
    90  221  962  -119.4234   156.7503   -28.6886
    91  222  962  -119.4236   156.7498   -28.6882
    92  219  963  -119.4230   156.7512   -28.6891
    93  220  963  -119.4232   156.7507   -28.6887
    94  217  964  -119.4222   156.7524   -28.6898
    95  218  964  -119.4225   156.7520   -28.6894
    96  216  965  -119.4215   156.7534   -28.6904
    97  215  965  -119.4211   156.7539   -28.6909
    98  213  966  -119.4212   156.7545   -28.6910
    99  214  966  -119.4211   156.7543   -28.6908
   100  211  967  -119.4215   156.7549   -28.6909
   101  212  967  -119.4214   156.7547   -28.6908
   102  209  968  -119.4217   156.7553   -28.6909
   103  210  968  -119.4216   156.7551   -28.6908
   104  208  969  -119.4215   156.7558   -28.6910
   105  207  969  -119.4217   156.7559   -28.6911
   106  205  970  -119.4219   156.7564   -28.6911
   107  206  970  -119.4216   156.7564   -28.6912
   108  203  971  -119.4228   156.7562   -28.6906
   109  204  971  -119.4221   156.7565   -28.6910
   110  201  972  -119.4230   156.7567   -28.6906
   111  202  972  -119.4234   156.7561   -28.6902
   112  200  973  -119.4231   156.7569   -28.6906
   113  199  973  -119.4229   156.7573   -28.6909
   114  197  974  -119.4229   156.7579   -28.6911
   115  196  974  -119.4232   156.7579   -28.6910
   116  195  974  -119.4235   156.7579   -28.6910
   117  198  974  -119.4222   156.7582   -28.6914
   118  194  975  -119.4236   156.7581   -28.6909
   119  193  975  -119.4237   156.7584   -28.6910
   120  192  975  -119.4236   156.7587   -28.6913
   121  191  975  -119.4238   156.7588   -28.6913
   122  189  976  -119.4239   156.7593   -28.6914
   123  190  976  -119.4239   156.7590   -28.6912
   124  187  977  -119.4241   156.7597   -28.6915
   125  188  977  -119.4241   156.7595   -28.6913
   126  185  978  -119.4245   156.7600   -28.6914
   127  186  978  -119.4240   156.7601   -28.6915
