; ENVI Output of ROIs (5.4) [Tue Aug 13 13:33:35 2019]
; Number of ROIs: 11
; File Dimension: 1328 x 1184
;
; ROI name: Region #1
; ROI rgb value: {255, 0, 0}
; ROI npts: 107
;
; ROI name: Region #2
; ROI rgb value: {0, 255, 0}
; ROI npts: 141
;
; ROI name: Region #3
; ROI rgb value: {0, 0, 255}
; ROI npts: 289
;
; ROI name: Region #4
; ROI rgb value: {255, 255, 0}
; ROI npts: 128
;
; ROI name: Region #5
; ROI rgb value: {0, 255, 255}
; ROI npts: 109
;
; ROI name: Region #6
; ROI rgb value: {255, 0, 255}
; ROI npts: 119
;
; ROI name: Region #7
; ROI rgb value: {176, 48, 96}
; ROI npts: 115
;
; ROI name: Region #8
; ROI rgb value: {46, 139, 87}
; ROI npts: 128
;
; ROI name: Region #9
; ROI rgb value: {160, 32, 240}
; ROI npts: 118
;
; ROI name: Region #10
; ROI rgb value: {255, 127, 80}
; ROI npts: 267
;
; ROI name: Region #11
; ROI rgb value: {127, 255, 212}
; ROI npts: 127
;   ID    X    Y      B1      B2      B3
     1  348  864  0.0026  0.0024  0.0022
     2  348  865  0.0026  0.0024  0.0022
     3  347  866  0.0026  0.0024  0.0022
     4  347  867  0.0026  0.0024  0.0022
     5  346  868  0.0026  0.0024  0.0022
     6  346  869  0.0026  0.0023  0.0022
     7  345  870  0.0026  0.0024  0.0022
     8  344  871  0.0026  0.0024  0.0022
     9  343  872  0.0026  0.0024  0.0022
    10  342  873  0.0026  0.0023  0.0022
    11  340  874  0.0026  0.0023  0.0022
    12  341  874  0.0026  0.0023  0.0022
    13  339  875  0.0026  0.0024  0.0022
    14  338  876  0.0026  0.0023  0.0022
    15  336  877  0.0026  0.0023  0.0022
    16  337  877  0.0026  0.0023  0.0022
    17  334  878  0.0026  0.0023  0.0022
    18  333  878  0.0026  0.0023  0.0022
    19  335  878  0.0026  0.0023  0.0022
    20  332  879  0.0026  0.0023  0.0022
    21  331  879  0.0026  0.0023  0.0022
    22  330  879  0.0026  0.0023  0.0022
    23  328  880  0.0026  0.0023  0.0022
    24  327  880  0.0026  0.0023  0.0022
    25  329  880  0.0026  0.0023  0.0022
    26  326  881  0.0026  0.0023  0.0022
    27  325  881  0.0026  0.0023  0.0022
    28  324  881  0.0026  0.0023  0.0022
    29  322  882  0.0026  0.0023  0.0022
    30  323  882  0.0026  0.0023  0.0022
    31  320  883  0.0026  0.0023  0.0022
    32  321  883  0.0026  0.0023  0.0022
    33  319  884  0.0026  0.0023  0.0022
    34  318  884  0.0026  0.0023  0.0022
    35  317  884  0.0026  0.0023  0.0022
    36  316  884  0.0026  0.0023  0.0022
    37  315  884  0.0026  0.0023  0.0022
    38  314  885  0.0026  0.0023  0.0022
    39  313  885  0.0026  0.0023  0.0022
    40  312  885  0.0026  0.0023  0.0022
    41  311  885  0.0026  0.0023  0.0022
    42  310  885  0.0026  0.0023  0.0022
    43  309  885  0.0026  0.0023  0.0022
    44  307  886  0.0026  0.0023  0.0022
    45  306  886  0.0026  0.0023  0.0022
    46  305  886  0.0026  0.0023  0.0022
    47  304  886  0.0026  0.0023  0.0022
    48  308  886  0.0026  0.0023  0.0022
    49  303  887  0.0026  0.0023  0.0022
    50  302  887  0.0026  0.0023  0.0022
    51  300  888  0.0026  0.0023  0.0022
    52  299  888  0.0026  0.0023  0.0022
    53  301  888  0.0026  0.0023  0.0022
    54  298  889  0.0026  0.0023  0.0022
    55  297  889  0.0026  0.0023  0.0022
    56  295  890  0.0026  0.0023  0.0022
    57  296  890  0.0026  0.0023  0.0022
    58  293  891  0.0026  0.0023  0.0022
    59  292  891  0.0026  0.0023  0.0022
    60  294  891  0.0026  0.0023  0.0022
    61  291  892  0.0026  0.0023  0.0022
    62  290  892  0.0026  0.0023  0.0022
    63  288  893  0.0026  0.0023  0.0022
    64  287  893  0.0026  0.0023  0.0022
    65  289  893  0.0026  0.0023  0.0022
    66  285  894  0.0026  0.0023  0.0022
    67  286  894  0.0026  0.0023  0.0022
    68  284  895  0.0026  0.0023  0.0022
    69  283  895  0.0026  0.0023  0.0022
    70  281  896  0.0026  0.0023  0.0022
    71  282  896  0.0026  0.0023  0.0022
    72  279  897  0.0026  0.0023  0.0022
    73  278  897  0.0026  0.0023  0.0022
    74  280  897  0.0026  0.0023  0.0022
    75  277  898  0.0026  0.0023  0.0022
    76  276  898  0.0026  0.0023  0.0022
    77  274  899  0.0026  0.0023  0.0022
    78  275  899  0.0026  0.0023  0.0022
    79  272  900  0.0026  0.0023  0.0022
    80  273  900  0.0026  0.0023  0.0022
    81  271  901  0.0026  0.0023  0.0022
    82  270  901  0.0026  0.0023  0.0022
    83  269  901  0.0026  0.0023  0.0022
    84  267  902  0.0026  0.0023  0.0022
    85  268  902  0.0026  0.0023  0.0022
    86  265  903  0.0026  0.0023  0.0022
    87  266  903  0.0026  0.0023  0.0022
    88  264  904  0.0026  0.0023  0.0022
    89  263  904  0.0026  0.0023  0.0022
    90  261  905  0.0026  0.0023  0.0022
    91  260  905  0.0026  0.0023  0.0022
    92  262  905  0.0026  0.0023  0.0022
    93  258  906  0.0026  0.0023  0.0022
    94  259  906  0.0026  0.0023  0.0022
    95  257  907  0.0026  0.0023  0.0022
    96  256  907  0.0026  0.0023  0.0022
    97  255  907  0.0026  0.0023  0.0022
    98  253  908  0.0026  0.0023  0.0022
    99  252  908  0.0026  0.0023  0.0022
   100  254  908  0.0026  0.0023  0.0022
   101  250  909  0.0026  0.0023  0.0022
   102  251  909  0.0026  0.0023  0.0022
   103  249  910  0.0026  0.0023  0.0022
   104  248  910  0.0026  0.0023  0.0022
   105  247  910  0.0026  0.0023  0.0022
   106  245  911  0.0026  0.0023  0.0022
   107  246  911  0.0026  0.0023  0.0022

     1  364  890  0.0026  0.0023  0.0022
     2  363  891  0.0026  0.0023  0.0022
     3  362  892  0.0026  0.0023  0.0022
     4  360  893  0.0026  0.0023  0.0022
     5  361  893  0.0026  0.0023  0.0022
     6  359  894  0.0026  0.0023  0.0022
     7  358  895  0.0026  0.0023  0.0022
     8  357  895  0.0026  0.0023  0.0022
     9  355  896  0.0026  0.0023  0.0022
    10  354  896  0.0026  0.0023  0.0022
    11  356  896  0.0026  0.0023  0.0022
    12  352  897  0.0026  0.0023  0.0022
    13  351  897  0.0026  0.0023  0.0022
    14  353  897  0.0026  0.0023  0.0022
    15  350  898  0.0026  0.0023  0.0022
    16  349  898  0.0026  0.0023  0.0022
    17  347  899  0.0026  0.0023  0.0022
    18  346  899  0.0026  0.0023  0.0022
    19  348  899  0.0026  0.0023  0.0022
    20  344  900  0.0026  0.0023  0.0022
    21  343  900  0.0026  0.0023  0.0022
    22  345  900  0.0026  0.0023  0.0022
    23  342  901  0.0026  0.0023  0.0022
    24  341  901  0.0026  0.0023  0.0022
    25  340  901  0.0026  0.0023  0.0022
    26  338  902  0.0026  0.0023  0.0022
    27  337  902  0.0026  0.0023  0.0022
    28  336  902  0.0026  0.0023  0.0022
    29  339  902  0.0026  0.0023  0.0022
    30  335  903  0.0026  0.0023  0.0022
    31  334  903  0.0026  0.0023  0.0022
    32  333  903  0.0026  0.0023  0.0022
    33  332  903  0.0026  0.0023  0.0022
    34  331  903  0.0026  0.0023  0.0022
    35  330  903  0.0026  0.0023  0.0022
    36  329  903  0.0026  0.0023  0.0022
    37  327  904  0.0026  0.0023  0.0022
    38  328  904  0.0026  0.0023  0.0022
    39  325  905  0.0026  0.0023  0.0022
    40  324  905  0.0026  0.0023  0.0022
    41  326  905  0.0026  0.0023  0.0022
    42  322  906  0.0026  0.0023  0.0022
    43  321  906  0.0026  0.0023  0.0022
    44  323  906  0.0026  0.0023  0.0022
    45  320  907  0.0026  0.0023  0.0022
    46  319  907  0.0026  0.0023  0.0022
    47  317  908  0.0026  0.0023  0.0022
    48  316  908  0.0026  0.0023  0.0022
    49  315  908  0.0026  0.0023  0.0022
    50  314  908  0.0026  0.0023  0.0022
    51  313  908  0.0026  0.0023  0.0022
    52  318  908  0.0026  0.0023  0.0022
    53  312  909  0.0026  0.0023  0.0022
    54  311  909  0.0026  0.0023  0.0022
    55  310  909  0.0026  0.0023  0.0022
    56  309  909  0.0026  0.0023  0.0022
    57  308  909  0.0026  0.0023  0.0022
    58  307  909  0.0026  0.0023  0.0022
    59  306  909  0.0026  0.0023  0.0022
    60  304  910  0.0026  0.0023  0.0022
    61  305  910  0.0026  0.0023  0.0022
    62  302  911  0.0026  0.0023  0.0022
    63  301  911  0.0026  0.0023  0.0022
    64  303  911  0.0026  0.0023  0.0022
    65  300  912  0.0026  0.0023  0.0022
    66  299  912  0.0026  0.0023  0.0022
    67  297  913  0.0026  0.0023  0.0022
    68  296  913  0.0026  0.0023  0.0022
    69  298  913  0.0026  0.0023  0.0022
    70  295  914  0.0026  0.0023  0.0022
    71  294  914  0.0026  0.0023  0.0022
    72  293  914  0.0026  0.0023  0.0022
    73  292  914  0.0026  0.0023  0.0022
    74  290  915  0.0026  0.0023  0.0022
    75  289  915  0.0026  0.0023  0.0022
    76  288  915  0.0026  0.0023  0.0022
    77  291  915  0.0026  0.0023  0.0022
    78  286  916  0.0026  0.0023  0.0022
    79  285  916  0.0026  0.0023  0.0022
    80  284  916  0.0026  0.0023  0.0022
    81  287  916  0.0026  0.0023  0.0022
    82  283  917  0.0026  0.0023  0.0022
    83  282  917  0.0026  0.0023  0.0022
    84  281  917  0.0026  0.0023  0.0022
    85  279  918  0.0026  0.0023  0.0022
    86  280  918  0.0026  0.0023  0.0022
    87  277  919  0.0026  0.0023  0.0022
    88  278  919  0.0026  0.0023  0.0022
    89  275  920  0.0026  0.0023  0.0022
    90  276  920  0.0026  0.0023  0.0022
    91  274  921  0.0026  0.0023  0.0022
    92  273  921  0.0026  0.0023  0.0022
    93  272  921  0.0026  0.0023  0.0022
    94  270  922  0.0026  0.0023  0.0022
    95  269  922  0.0026  0.0023  0.0022
    96  271  922  0.0026  0.0023  0.0022
    97  267  923  0.0026  0.0023  0.0022
    98  268  923  0.0026  0.0023  0.0022
    99  266  924  0.0026  0.0023  0.0022
   100  265  924  0.0026  0.0023  0.0022
   101  264  924  0.0026  0.0023  0.0022
   102  262  925  0.0026  0.0023  0.0022
   103  261  925  0.0026  0.0023  0.0022
   104  263  925  0.0026  0.0023  0.0022
   105  259  926  0.0026  0.0023  0.0022
   106  258  926  0.0026  0.0023  0.0022
   107  260  926  0.0026  0.0023  0.0022
   108  257  927  0.0026  0.0023  0.0022
   109  256  927  0.0026  0.0023  0.0022
   110  254  928  0.0026  0.0023  0.0022
   111  255  928  0.0026  0.0023  0.0022
   112  252  929  0.0026  0.0023  0.0022
   113  253  929  0.0026  0.0023  0.0022
   114  250  930  0.0026  0.0023  0.0022
   115  249  930  0.0026  0.0023  0.0022
   116  251  930  0.0026  0.0023  0.0022
   117  248  931  0.0026  0.0023  0.0022
   118  247  931  0.0026  0.0023  0.0022
   119  245  932  0.0026  0.0023  0.0022
   120  246  932  0.0026  0.0023  0.0022
   121  243  933  0.0026  0.0023  0.0022
   122  242  933  0.0026  0.0023  0.0022
   123  244  933  0.0026  0.0023  0.0022
   124  241  934  0.0026  0.0023  0.0022
   125  240  934  0.0026  0.0023  0.0022
   126  239  934  0.0026  0.0023  0.0022
   127  237  935  0.0026  0.0023  0.0022
   128  236  935  0.0026  0.0023  0.0022
   129  238  935  0.0026  0.0023  0.0022
   130  234  936  0.0026  0.0023  0.0022
   131  233  936  0.0026  0.0023  0.0022
   132  232  936  0.0026  0.0023  0.0022
   133  235  936  0.0026  0.0023  0.0022
   134  231  937  0.0026  0.0023  0.0022
   135  230  937  0.0026  0.0023  0.0022
   136  229  937  0.0026  0.0023  0.0022
   137  227  938  0.0026  0.0023  0.0022
   138  226  938  0.0026  0.0023  0.0022
   139  228  938  0.0026  0.0023  0.0022
   140  224  939  0.0026  0.0023  0.0022
   141  225  939  0.0026  0.0023  0.0022

     1  309   921  0.0026  0.0023  0.0022
     2  308   922  0.0026  0.0023  0.0022
     3  306   923  0.0026  0.0023  0.0022
     4  307   923  0.0026  0.0023  0.0022
     5  305   924  0.0026  0.0023  0.0022
     6  304   925  0.0026  0.0023  0.0022
     7  303   925  0.0026  0.0023  0.0022
     8  302   925  0.0026  0.0023  0.0022
     9  300   926  0.0026  0.0023  0.0022
    10  299   926  0.0026  0.0023  0.0022
    11  298   926  0.0026  0.0023  0.0022
    12  301   926  0.0026  0.0023  0.0022
    13  296   927  0.0026  0.0023  0.0022
    14  297   927  0.0026  0.0023  0.0022
    15  295   928  0.0026  0.0023  0.0022
    16  294   928  0.0026  0.0023  0.0022
    17  293   928  0.0026  0.0023  0.0022
    18  291   929  0.0026  0.0023  0.0022
    19  292   929  0.0026  0.0023  0.0022
    20  289   930  0.0026  0.0023  0.0022
    21  290   930  0.0026  0.0023  0.0022
    22  287   931  0.0026  0.0023  0.0022
    23  286   931  0.0026  0.0023  0.0022
    24  288   931  0.0026  0.0023  0.0022
    25  285   932  0.0026  0.0023  0.0022
    26  284   932  0.0026  0.0023  0.0022
    27  282   933  0.0026  0.0023  0.0022
    28  283   933  0.0026  0.0023  0.0022
    29  280   934  0.0026  0.0023  0.0022
    30  279   934  0.0026  0.0023  0.0022
    31  281   934  0.0026  0.0023  0.0022
    32  277   935  0.0026  0.0023  0.0022
    33  278   935  0.0026  0.0023  0.0022
    34  276   936  0.0026  0.0023  0.0022
    35  275   936  0.0026  0.0023  0.0022
    36  274   936  0.0026  0.0023  0.0022
    37  272   937  0.0026  0.0023  0.0022
    38  273   937  0.0026  0.0023  0.0022
    39  270   938  0.0026  0.0023  0.0022
    40  271   938  0.0026  0.0023  0.0022
    41  268   939  0.0026  0.0023  0.0022
    42  267   939  0.0026  0.0023  0.0022
    43  269   939  0.0026  0.0023  0.0022
    44  266   940  0.0026  0.0023  0.0022
    45  265   940  0.0026  0.0023  0.0022
    46  263   941  0.0026  0.0023  0.0022
    47  262   941  0.0026  0.0023  0.0022
    48  264   941  0.0026  0.0023  0.0022
    49  260   942  0.0026  0.0023  0.0022
    50  261   942  0.0026  0.0023  0.0022
    51  258   943  0.0026  0.0023  0.0022
    52  259   943  0.0026  0.0023  0.0022
    53  257   944  0.0026  0.0023  0.0022
    54  256   944  0.0026  0.0023  0.0022
    55  255   944  0.0026  0.0023  0.0022
    56  253   945  0.0026  0.0023  0.0022
    57  254   945  0.0026  0.0023  0.0022
    58  251   946  0.0026  0.0023  0.0022
    59  250   946  0.0026  0.0023  0.0022
    60  249   946  0.0026  0.0023  0.0022
    61  252   946  0.0026  0.0023  0.0022
    62  248   947  0.0026  0.0023  0.0022
    63  247   947  0.0026  0.0023  0.0022
    64  246   947  0.0026  0.0023  0.0022
    65  245   947  0.0026  0.0023  0.0022
    66  244   947  0.0026  0.0023  0.0022
    67  242   948  0.0026  0.0023  0.0022
    68  241   948  0.0026  0.0023  0.0022
    69  243   948  0.0026  0.0023  0.0022
    70  239   949  0.0026  0.0023  0.0022
    71  240   949  0.0026  0.0023  0.0022
    72  238   950  0.0026  0.0023  0.0022
    73  236   951  0.0026  0.0023  0.0022
    74  237   951  0.0026  0.0023  0.0022
    75  235   952  0.0026  0.0023  0.0022
    76  233   953  0.0026  0.0023  0.0022
    77  234   953  0.0026  0.0023  0.0022
    78  231   954  0.0026  0.0023  0.0022
    79  232   954  0.0026  0.0023  0.0022
    80  230   955  0.0026  0.0023  0.0022
    81  229   956  0.0026  0.0023  0.0022
    82  228   956  0.0026  0.0023  0.0022
    83  226   957  0.0026  0.0023  0.0022
    84  227   957  0.0026  0.0023  0.0022
    85  224   958  0.0026  0.0023  0.0022
    86  225   958  0.0026  0.0023  0.0022
    87  222   959  0.0026  0.0023  0.0022
    88  223   959  0.0026  0.0023  0.0022
    89  221   960  0.0026  0.0023  0.0022
    90  220   960  0.0026  0.0023  0.0022
    91  218   961  0.0026  0.0023  0.0022
    92  219   961  0.0026  0.0023  0.0022
    93  216   962  0.0026  0.0023  0.0022
    94  217   962  0.0026  0.0023  0.0022
    95  214   963  0.0026  0.0023  0.0022
    96  215   963  0.0026  0.0023  0.0022
    97  213   964  0.0026  0.0023  0.0022
    98  212   964  0.0026  0.0023  0.0022
    99  211   964  0.0026  0.0023  0.0022
   100  210   964  0.0026  0.0023  0.0022
   101  208   965  0.0026  0.0023  0.0022
   102  207   965  0.0026  0.0023  0.0022
   103  206   965  0.0026  0.0023  0.0022
   104  209   965  0.0026  0.0023  0.0022
   105  204   966  0.0026  0.0023  0.0022
   106  205   966  0.0026  0.0023  0.0022
   107  203   967  0.0026  0.0023  0.0022
   108  202   968  0.0026  0.0023  0.0022
   109  200   969  0.0026  0.0023  0.0022
   110  201   969  0.0026  0.0023  0.0022
   111  199   970  0.0026  0.0023  0.0022
   112  197   971  0.0026  0.0023  0.0022
   113  198   971  0.0026  0.0023  0.0022
   114  196   972  0.0026  0.0023  0.0022
   115  195   972  0.0026  0.0023  0.0022
   116  194   972  0.0026  0.0023  0.0022
   117  193   972  0.0026  0.0023  0.0022
   118  191   973  0.0026  0.0023  0.0022
   119  190   973  0.0026  0.0023  0.0022
   120  189   973  0.0026  0.0023  0.0022
   121  188   973  0.0026  0.0023  0.0022
   122  192   973  0.0026  0.0023  0.0022
   123  186   974  0.0026  0.0023  0.0022
   124  187   974  0.0026  0.0023  0.0022
   125  185   975  0.0026  0.0023  0.0022
   126  184   976  0.0026  0.0023  0.0022
   127  183   976  0.0026  0.0023  0.0022
   128  182   977  0.0026  0.0023  0.0022
   129  180   978  0.0026  0.0023  0.0022
   130  181   978  0.0026  0.0023  0.0022
   131  178   979  0.0026  0.0023  0.0022
   132  179   979  0.0026  0.0023  0.0022
   133  176   980  0.0026  0.0023  0.0022
   134  177   980  0.0026  0.0023  0.0022
   135  175   981  0.0026  0.0023  0.0022
   136  174   981  0.0026  0.0023  0.0022
   137  172   982  0.0026  0.0023  0.0022
   138  173   982  0.0026  0.0023  0.0022
   139  170   983  0.0026  0.0023  0.0022
   140  169   983  0.0026  0.0023  0.0022
   141  168   983  0.0026  0.0023  0.0022
   142  171   983  0.0026  0.0023  0.0022
   143  167   984  0.0026  0.0023  0.0022
   144  166   984  0.0026  0.0023  0.0022
   145  165   984  0.0026  0.0023  0.0022
   146  163   985  0.0026  0.0023  0.0022
   147  162   985  0.0026  0.0023  0.0022
   148  161   985  0.0026  0.0023  0.0022
   149  164   985  0.0026  0.0022  0.0022
   150  159   986  0.0026  0.0023  0.0022
   151  160   986  0.0026  0.0023  0.0022
   152  157   987  0.0026  0.0022  0.0022
   153  158   987  0.0026  0.0023  0.0022
   154  156   988  0.0026  0.0023  0.0022
   155  155   988  0.0026  0.0023  0.0022
   156  153   989  0.0026  0.0023  0.0022
   157  154   989  0.0026  0.0023  0.0022
   158  151   990  0.0026  0.0023  0.0022
   159  152   990  0.0026  0.0023  0.0022
   160  149   991  0.0026  0.0022  0.0022
   161  148   991  0.0026  0.0022  0.0022
   162  150   991  0.0026  0.0023  0.0022
   163  147   992  0.0026  0.0022  0.0022
   164  146   992  0.0026  0.0023  0.0022
   165  145   992  0.0026  0.0023  0.0022
   166  143   993  0.0026  0.0022  0.0022
   167  144   993  0.0026  0.0022  0.0022
   168  141   994  0.0026  0.0022  0.0021
   169  140   994  0.0026  0.0022  0.0022
   170  142   994  0.0026  0.0022  0.0022
   171  138   995  0.0026  0.0022  0.0022
   172  139   995  0.0026  0.0022  0.0022
   173  137   996  0.0026  0.0023  0.0022
   174  136   996  0.0026  0.0022  0.0022
   175  134   997  0.0026  0.0023  0.0022
   176  135   997  0.0026  0.0023  0.0022
   177  132   998  0.0026  0.0022  0.0021
   178  131   998  0.0026  0.0022  0.0022
   179  133   998  0.0026  0.0022  0.0022
   180  130   999  0.0026  0.0022  0.0022
   181  129   999  0.0026  0.0022  0.0022
   182  128   999  0.0026  0.0022  0.0022
   183  126  1000  0.0026  0.0022  0.0021
   184  127  1000  0.0026  0.0022  0.0022
   185  124  1001  0.0026  0.0022  0.0021
   186  123  1001  0.0026  0.0022  0.0021
   187  125  1001  0.0026  0.0022  0.0021
   188  121  1002  0.0026  0.0022  0.0022
   189  122  1002  0.0026  0.0022  0.0021
   190  120  1003  0.0026  0.0022  0.0021
   191  119  1003  0.0026  0.0022  0.0021
   192  118  1003  0.0026  0.0022  0.0021
   193  116  1004  0.0026  0.0022  0.0021
   194  115  1004  0.0026  0.0022  0.0021
   195  117  1004  0.0026  0.0022  0.0021
   196  113  1005  0.0026  0.0022  0.0021
   197  112  1005  0.0026  0.0022  0.0021
   198  114  1005  0.0026  0.0022  0.0021
   199  111  1006  0.0026  0.0022  0.0021
   200  110  1006  0.0026  0.0022  0.0021
   201  109  1006  0.0026  0.0022  0.0021
   202  108  1006  0.0026  0.0022  0.0021
   203  106  1007  0.0026  0.0022  0.0021
   204  105  1007  0.0026  0.0022  0.0021
   205  107  1007  0.0026  0.0022  0.0021
   206  103  1008  0.0026  0.0022  0.0021
   207  102  1008  0.0026  0.0022  0.0021
   208  104  1008  0.0026  0.0022  0.0021
   209  101  1009  0.0026  0.0022  0.0021
   210  100  1009  0.0026  0.0022  0.0021
   211   99  1009  0.0026  0.0022  0.0021
   212   98  1009  0.0026  0.0022  0.0021
   213   96  1010  0.0026  0.0022  0.0021
   214   95  1010  0.0026  0.0022  0.0021
   215   94  1010  0.0026  0.0022  0.0021
   216   93  1010  0.0026  0.0022  0.0021
   217   97  1010  0.0026  0.0022  0.0021
   218   92  1011  0.0026  0.0022  0.0021
   219   91  1011  0.0026  0.0022  0.0021
   220   90  1011  0.0026  0.0022  0.0021
   221   89  1011  0.0026  0.0022  0.0021
   222   87  1012  0.0026  0.0022  0.0021
   223   88  1012  0.0026  0.0022  0.0021
   224   85  1013  0.0026  0.0022  0.0022
   225   84  1013  0.0026  0.0022  0.0021
   226   86  1013  0.0027  0.0023  0.0022
   227   82  1014  0.0026  0.0022  0.0021
   228   83  1014  0.0026  0.0022  0.0021
   229   81  1015  0.0026  0.0022  0.0021
   230   80  1015  0.0026  0.0022  0.0021
   231   79  1015  0.0026  0.0022  0.0021
   232   77  1016  0.0026  0.0022  0.0021
   233   78  1016  0.0026  0.0022  0.0021
   234   75  1017  0.0026  0.0022  0.0021
   235   76  1017  0.0026  0.0022  0.0021
   236   73  1018  0.0026  0.0022  0.0021
   237   74  1018  0.0026  0.0022  0.0021
   238   72  1019  0.0026  0.0022  0.0021
   239   71  1019  0.0026  0.0022  0.0021
   240   69  1020  0.0026  0.0022  0.0021
   241   70  1020  0.0026  0.0022  0.0021
   242   67  1021  0.0026  0.0022  0.0021
   243   66  1021  0.0026  0.0022  0.0021
   244   68  1021  0.0026  0.0022  0.0021
   245   64  1022  0.0026  0.0022  0.0021
   246   63  1022  0.0026  0.0022  0.0021
   247   65  1022  0.0026  0.0022  0.0021
   248   62  1023  0.0026  0.0022  0.0021
   249   61  1023  0.0026  0.0022  0.0021
   250   60  1023  0.0026  0.0022  0.0021
   251   58  1024  0.0026  0.0022  0.0021
   252   59  1024  0.0026  0.0022  0.0021
   253   56  1025  0.0026  0.0022  0.0021
   254   55  1025  0.0026  0.0022  0.0021
   255   57  1025  0.0026  0.0022  0.0021
   256   54  1026  0.0026  0.0022  0.0021
   257   53  1026  0.0026  0.0022  0.0021
   258   52  1026  0.0026  0.0022  0.0021
   259   50  1027  0.0026  0.0022  0.0021
   260   49  1027  0.0026  0.0022  0.0021
   261   51  1027  0.0026  0.0022  0.0021
   262   47  1028  0.0026  0.0022  0.0021
   263   46  1028  0.0026  0.0022  0.0021
   264   48  1028  0.0026  0.0022  0.0021
   265   45  1029  0.0026  0.0022  0.0021
   266   44  1029  0.0026  0.0022  0.0021
   267   42  1030  0.0026  0.0022  0.0021
   268   41  1030  0.0026  0.0022  0.0021
   269   43  1030  0.0026  0.0022  0.0021
   270   39  1031  0.0026  0.0022  0.0021
   271   38  1031  0.0026  0.0022  0.0021
   272   40  1031  0.0026  0.0022  0.0021
   273   37  1032  0.0026  0.0022  0.0021
   274   36  1032  0.0026  0.0022  0.0021
   275   34  1033  0.0026  0.0022  0.0021
   276   33  1033  0.0026  0.0022  0.0021
   277   35  1033  0.0026  0.0022  0.0021
   278   31  1034  0.0026  0.0022  0.0022
   279   30  1034  0.0026  0.0022  0.0021
   280   32  1034  0.0026  0.0022  0.0021
   281   29  1035  0.0027  0.0022  0.0022
   282   28  1035  0.0026  0.0022  0.0021
   283   26  1036  0.0026  0.0022  0.0021
   284   27  1036  0.0027  0.0022  0.0022
   285   25  1037  0.0026  0.0022  0.0021
   286   23  1038  0.0026  0.0022  0.0021
   287   24  1038  0.0026  0.0022  0.0021
   288   22  1039  0.0026  0.0022  0.0021
   289   21  1040  0.0026  0.0022  0.0021

     1  617  1078  0.0025  0.0023  0.0022
     2  615  1079  0.0025  0.0023  0.0022
     3  616  1079  0.0025  0.0023  0.0022
     4  613  1080  0.0025  0.0023  0.0022
     5  614  1080  0.0025  0.0023  0.0022
     6  612  1081  0.0025  0.0023  0.0022
     7  611  1082  0.0025  0.0023  0.0022
     8  610  1083  0.0025  0.0023  0.0022
     9  609  1083  0.0025  0.0023  0.0022
    10  608  1084  0.0025  0.0023  0.0022
    11  607  1085  0.0025  0.0023  0.0022
    12  606  1086  0.0025  0.0023  0.0022
    13  604  1087  0.0025  0.0023  0.0022
    14  605  1087  0.0025  0.0023  0.0022
    15  603  1088  0.0025  0.0023  0.0022
    16  602  1088  0.0025  0.0023  0.0022
    17  600  1089  0.0025  0.0023  0.0022
    18  601  1089  0.0025  0.0023  0.0022
    19  598  1090  0.0025  0.0023  0.0022
    20  597  1090  0.0025  0.0023  0.0022
    21  599  1090  0.0025  0.0023  0.0022
    22  595  1091  0.0025  0.0023  0.0022
    23  596  1091  0.0025  0.0023  0.0022
    24  594  1092  0.0025  0.0023  0.0022
    25  593  1092  0.0025  0.0023  0.0022
    26  592  1092  0.0025  0.0023  0.0022
    27  590  1093  0.0025  0.0023  0.0022
    28  589  1093  0.0025  0.0023  0.0022
    29  591  1093  0.0025  0.0023  0.0022
    30  587  1094  0.0025  0.0023  0.0022
    32  586  1095  0.0025  0.0023  0.0022
    33  585  1095  0.0025  0.0023  0.0022
    34  584  1095  0.0025  0.0023  0.0022
    35  582  1096  0.0025  0.0023  0.0022
    36  581  1096  0.0025  0.0023  0.0022
    37  583  1096  0.0025  0.0023  0.0022
    38  579  1097  0.0025  0.0023  0.0022
    39  578  1097  0.0025  0.0023  0.0022
    40  580  1097  0.0025  0.0023  0.0022
    41  577  1098  0.0025  0.0023  0.0022
    42  576  1098  0.0025  0.0023  0.0022
    43  575  1098  0.0025  0.0023  0.0022
    44  574  1098  0.0025  0.0023  0.0022
    45  572  1099  0.0025  0.0023  0.0022
    46  571  1099  0.0025  0.0023  0.0022
    47  573  1099  0.0025  0.0023  0.0022
    48  570  1100  0.0025  0.0023  0.0022
    49  569  1100  0.0025  0.0023  0.0022
    50  568  1100  0.0025  0.0023  0.0022
    51  566  1101  0.0025  0.0023  0.0022
    52  565  1101  0.0025  0.0023  0.0022
    53  567  1101  0.0025  0.0023  0.0022
    54  563  1102  0.0025  0.0023  0.0022
    55  562  1102  0.0025  0.0023  0.0022
    56  564  1102  0.0025  0.0023  0.0022
    57  561  1103  0.0025  0.0023  0.0022
    58  560  1103  0.0025  0.0023  0.0022
    59  559  1103  0.0025  0.0023  0.0022
    60  557  1104  0.0025  0.0023  0.0022
    61  558  1104  0.0025  0.0023  0.0022
    62  555  1105  0.0025  0.0023  0.0022
    63  556  1105  0.0025  0.0023  0.0022
    64  553  1106  0.0025  0.0023  0.0022
    65  554  1106  0.0025  0.0023  0.0022
    66  551  1107  0.0025  0.0023  0.0022
    67  550  1107  0.0025  0.0023  0.0022
    68  552  1107  0.0025  0.0023  0.0022
    69  548  1108  0.0025  0.0023  0.0022
    70  549  1108  0.0025  0.0023  0.0022
    71  547  1109  0.0025  0.0023  0.0022
    72  546  1109  0.0025  0.0023  0.0022
    73  544  1110  0.0025  0.0023  0.0022
    74  543  1110  0.0025  0.0023  0.0022
    75  545  1110  0.0025  0.0023  0.0022
    76  541  1111  0.0025  0.0023  0.0022
    77  542  1111  0.0025  0.0023  0.0022
    78  540  1112  0.0025  0.0023  0.0022
    79  539  1112  0.0025  0.0023  0.0022
    80  538  1112  0.0025  0.0023  0.0022
    81  537  1112  0.0025  0.0023  0.0022
    82  535  1113  0.0025  0.0023  0.0022
    83  534  1113  0.0025  0.0023  0.0022
    84  533  1113  0.0025  0.0023  0.0022
    85  532  1113  0.0025  0.0023  0.0022
    86  536  1113  0.0025  0.0023  0.0022
    87  531  1114  0.0025  0.0023  0.0022
    88  530  1114  0.0025  0.0023  0.0022
    89  529  1114  0.0025  0.0023  0.0022
    90  528  1114  0.0025  0.0023  0.0022
    91  527  1114  0.0025  0.0023  0.0022
    92  525  1115  0.0025  0.0023  0.0022
    93  524  1115  0.0025  0.0023  0.0022
    94  523  1115  0.0025  0.0023  0.0022
    95  522  1115  0.0025  0.0023  0.0022
    96  526  1115  0.0025  0.0023  0.0022
    97  521  1116  0.0025  0.0023  0.0022
    98  520  1116  0.0025  0.0023  0.0022
    99  519  1116  0.0025  0.0023  0.0022
   100  517  1117  0.0025  0.0023  0.0022
   101  516  1117  0.0025  0.0023  0.0022
   102  518  1117  0.0025  0.0023  0.0022
   103  514  1118  0.0025  0.0023  0.0022
   104  515  1118  0.0025  0.0023  0.0022
   105  512  1119  0.0025  0.0023  0.0022
   106  513  1119  0.0025  0.0023  0.0022
   107  511  1120  0.0025  0.0023  0.0022
   108  510  1120  0.0025  0.0023  0.0022
   109  508  1121  0.0025  0.0023  0.0022
   110  509  1121  0.0025  0.0023  0.0022
   111  507  1122  0.0025  0.0023  0.0022
   112  506  1123  0.0025  0.0023  0.0022
   113  505  1124  0.0025  0.0023  0.0022
   114  504  1125  0.0025  0.0023  0.0022
   115  503  1126  0.0025  0.0023  0.0022
   116  501  1127  0.0025  0.0023  0.0022
   117  502  1127  0.0025  0.0023  0.0022
   118  500  1128  0.0025  0.0023  0.0022
   119  498  1129  0.0025  0.0023  0.0022
   120  499  1129  0.0025  0.0023  0.0022
   121  497  1130  0.0025  0.0023  0.0022
   122  496  1130  0.0025  0.0023  0.0022
   123  494  1131  0.0025  0.0023  0.0022
   124  495  1131  0.0025  0.0023  0.0022
   125  492  1132  0.0025  0.0023  0.0022
   126  493  1132  0.0025  0.0023  0.0022
   127  490  1133  0.0025  0.0023  0.0022
   128  491  1133  0.0025  0.0023  0.0022

     1  626  1084  0.0025  0.0023  0.0022
     2  624  1085  0.0025  0.0023  0.0022
     3  625  1085  0.0025  0.0023  0.0022
     4  622  1086  0.0025  0.0023  0.0022
     5  623  1086  0.0025  0.0023  0.0022
     6  621  1087  0.0025  0.0023  0.0022
     7  620  1088  0.0025  0.0023  0.0022
     8  619  1088  0.0025  0.0023  0.0022
     9  618  1089  0.0025  0.0023  0.0022
    10  616  1090  0.0025  0.0023  0.0022
    11  617  1090  0.0025  0.0023  0.0022
    12  614  1091  0.0025  0.0023  0.0022
    13  615  1091  0.0025  0.0023  0.0022
    14  613  1092  0.0025  0.0023  0.0022
    15  612  1092  0.0025  0.0023  0.0022
    16  610  1093  0.0025  0.0023  0.0022
    17  611  1093  0.0025  0.0023  0.0022
    18  608  1094  0.0025  0.0023  0.0022
    19  609  1094  0.0025  0.0023  0.0022
    20  607  1095  0.0025  0.0023  0.0022
    21  606  1095  0.0025  0.0023  0.0022
    22  604  1096  0.0025  0.0023  0.0022
    23  605  1096  0.0025  0.0023  0.0022
    24  602  1097  0.0025  0.0023  0.0022
    25  601  1097  0.0025  0.0023  0.0022
    26  603  1097  0.0025  0.0023  0.0022
    27  600  1098  0.0025  0.0023  0.0022
    28  599  1098  0.0025  0.0023  0.0022
    29  597  1099  0.0025  0.0023  0.0022
    30  598  1099  0.0025  0.0023  0.0022
    31  595  1100  0.0025  0.0023  0.0022
    32  596  1100  0.0025  0.0023  0.0022
    33  594  1101  0.0025  0.0023  0.0022
    34  593  1101  0.0025  0.0023  0.0022
    35  591  1102  0.0025  0.0023  0.0022
    36  592  1102  0.0025  0.0023  0.0022
    37  589  1103  0.0025  0.0023  0.0022
    38  590  1103  0.0025  0.0023  0.0022
    39  588  1104  0.0025  0.0023  0.0022
    40  587  1104  0.0025  0.0023  0.0022
    41  586  1104  0.0025  0.0023  0.0022
    42  584  1105  0.0025  0.0023  0.0022
    43  585  1105  0.0025  0.0023  0.0022
    44  582  1106  0.0025  0.0023  0.0022
    45  581  1106  0.0025  0.0023  0.0022
    46  583  1106  0.0025  0.0023  0.0022
    47  580  1107  0.0025  0.0023  0.0022
    48  579  1107  0.0025  0.0023  0.0022
    49  578  1107  0.0025  0.0023  0.0022
    50  576  1108  0.0025  0.0023  0.0022
    51  577  1108  0.0025  0.0023  0.0022
    52  574  1109  0.0025  0.0023  0.0022
    53  575  1109  0.0025  0.0023  0.0022
    54  571  1110  0.0025  0.0023  0.0022
    55  572  1110  0.0025  0.0023  0.0022
    56  573  1110  0.0025  0.0023  0.0022
    57  569  1111  0.0025  0.0023  0.0022
    58  568  1111  0.0025  0.0023  0.0022
    59  570  1111  0.0025  0.0023  0.0022
    60  566  1112  0.0025  0.0023  0.0022
    61  565  1112  0.0025  0.0023  0.0022
    62  564  1112  0.0025  0.0023  0.0022
    63  567  1112  0.0025  0.0023  0.0022
    64  563  1113  0.0025  0.0023  0.0022
    65  562  1113  0.0025  0.0023  0.0022
    66  561  1113  0.0025  0.0023  0.0022
    67  560  1113  0.0025  0.0023  0.0022
    68  559  1113  0.0025  0.0023  0.0022
    69  557  1114  0.0025  0.0023  0.0022
    70  556  1114  0.0025  0.0023  0.0022
    71  555  1114  0.0025  0.0023  0.0022
    72  554  1114  0.0025  0.0023  0.0022
    73  558  1114  0.0025  0.0023  0.0022
    74  553  1115  0.0025  0.0023  0.0022
    75  552  1115  0.0025  0.0023  0.0022
    76  550  1116  0.0025  0.0023  0.0022
    77  551  1116  0.0025  0.0023  0.0022
    78  548  1117  0.0025  0.0023  0.0022
    79  549  1117  0.0025  0.0023  0.0022
    80  547  1118  0.0025  0.0023  0.0022
    81  546  1118  0.0025  0.0023  0.0022
    82  545  1118  0.0025  0.0023  0.0022
    83  544  1118  0.0025  0.0023  0.0022
    84  542  1119  0.0025  0.0023  0.0022
    85  541  1119  0.0025  0.0023  0.0022
    86  540  1119  0.0025  0.0023  0.0022
    87  543  1119  0.0025  0.0023  0.0022
    88  539  1120  0.0025  0.0023  0.0022
    89  538  1120  0.0025  0.0023  0.0022
    90  537  1120  0.0025  0.0023  0.0022
    91  536  1120  0.0025  0.0023  0.0022
    92  534  1121  0.0025  0.0023  0.0022
    93  533  1121  0.0025  0.0023  0.0022
    94  532  1121  0.0025  0.0023  0.0022
    95  531  1121  0.0025  0.0023  0.0022
    96  535  1121  0.0025  0.0023  0.0022
    97  530  1122  0.0025  0.0023  0.0022
    98  529  1122  0.0025  0.0023  0.0022
    99  528  1122  0.0025  0.0023  0.0022
   100  527  1122  0.0025  0.0023  0.0022
   101  526  1123  0.0025  0.0023  0.0022
   102  525  1123  0.0025  0.0023  0.0022
   103  524  1123  0.0025  0.0023  0.0022
   104  523  1123  0.0025  0.0023  0.0022
   105  522  1123  0.0025  0.0023  0.0022
   106  520  1124  0.0025  0.0023  0.0022
   107  519  1124  0.0025  0.0023  0.0022
   108  518  1124  0.0025  0.0023  0.0022
   109  521  1124  0.0025  0.0023  0.0022

     1  493  1122  0.0025  0.0023  0.0022
     2  491  1123  0.0025  0.0023  0.0022
     3  492  1123  0.0025  0.0023  0.0022
     4  489  1124  0.0025  0.0023  0.0022
     5  490  1124  0.0025  0.0023  0.0022
     6  488  1125  0.0025  0.0023  0.0022
     7  487  1125  0.0025  0.0023  0.0022
     8  485  1126  0.0025  0.0023  0.0022
     9  486  1126  0.0025  0.0023  0.0022
    10  483  1127  0.0025  0.0023  0.0022
    11  484  1127  0.0025  0.0023  0.0022
    12  482  1128  0.0025  0.0022  0.0022
    13  481  1129  0.0025  0.0023  0.0022
    14  480  1129  0.0025  0.0023  0.0022
    15  479  1130  0.0025  0.0023  0.0022
    16  477  1131  0.0025  0.0022  0.0022
    17  478  1131  0.0025  0.0023  0.0022
    18  475  1132  0.0025  0.0023  0.0022
    19  476  1132  0.0025  0.0023  0.0022
    20  474  1133  0.0025  0.0023  0.0022
    21  473  1134  0.0025  0.0023  0.0022
    22  472  1134  0.0025  0.0023  0.0022
    23  470  1135  0.0025  0.0022  0.0022
    24  471  1135  0.0025  0.0022  0.0022
    25  468  1136  0.0025  0.0023  0.0022
    26  467  1136  0.0025  0.0022  0.0022
    27  469  1136  0.0025  0.0023  0.0022
    28  466  1137  0.0025  0.0023  0.0022
    29  465  1137  0.0025  0.0022  0.0022
    30  464  1137  0.0025  0.0022  0.0022
    31  463  1137  0.0025  0.0022  0.0022
    32  461  1138  0.0025  0.0023  0.0022
    33  460  1138  0.0025  0.0023  0.0022
    34  459  1138  0.0025  0.0023  0.0022
    35  458  1138  0.0025  0.0023  0.0022
    36  457  1138  0.0025  0.0023  0.0022
    37  462  1138  0.0025  0.0023  0.0022
    38  456  1139  0.0025  0.0023  0.0022
    39  455  1139  0.0025  0.0023  0.0022
    40  454  1139  0.0025  0.0022  0.0022
    41  453  1139  0.0025  0.0022  0.0022
    42  452  1139  0.0025  0.0023  0.0022
    43  451  1139  0.0025  0.0023  0.0022
    44  450  1139  0.0025  0.0022  0.0022
    45  449  1139  0.0025  0.0022  0.0022
    46  448  1139  0.0025  0.0022  0.0022
    47  447  1139  0.0025  0.0022  0.0022
    48  446  1139  0.0025  0.0023  0.0022
    49  445  1139  0.0025  0.0023  0.0022
    50  444  1139  0.0025  0.0023  0.0022
    51  443  1139  0.0025  0.0022  0.0022
    52  442  1139  0.0025  0.0023  0.0022
    53  441  1139  0.0025  0.0022  0.0022
    54  440  1139  0.0025  0.0023  0.0022
    55  439  1139  0.0025  0.0023  0.0022
    56  438  1139  0.0025  0.0022  0.0022
    57  437  1139  0.0025  0.0022  0.0022
    58  436  1139  0.0025  0.0023  0.0022
    59  435  1139  0.0025  0.0023  0.0022
    60  434  1140  0.0025  0.0023  0.0022
    61  433  1140  0.0025  0.0023  0.0022
    62  432  1140  0.0025  0.0022  0.0022
    63  431  1140  0.0025  0.0022  0.0022
    64  430  1140  0.0025  0.0022  0.0022
    65  429  1140  0.0025  0.0022  0.0022
    66  427  1141  0.0025  0.0022  0.0022
    67  426  1141  0.0025  0.0022  0.0022
    68  425  1141  0.0025  0.0022  0.0022
    69  424  1141  0.0025  0.0022  0.0022
    70  428  1141  0.0025  0.0022  0.0022
    71  423  1142  0.0025  0.0022  0.0022
    72  422  1142  0.0025  0.0022  0.0022
    73  421  1142  0.0025  0.0022  0.0022
    74  420  1142  0.0025  0.0022  0.0022
    75  418  1143  0.0025  0.0023  0.0022
    76  417  1143  0.0025  0.0022  0.0022
    77  416  1143  0.0025  0.0023  0.0022
    78  419  1143  0.0025  0.0022  0.0022
    79  415  1144  0.0025  0.0022  0.0022
    80  414  1144  0.0025  0.0022  0.0022
    81  413  1144  0.0025  0.0022  0.0022
    82  412  1144  0.0025  0.0023  0.0022
    83  410  1145  0.0025  0.0022  0.0022
    85  411  1145  0.0025  0.0022  0.0022

     1  118   965  0.0026  0.0023  0.0021
     2  117   966  0.0026  0.0023  0.0021
     3  115   967  0.0026  0.0023  0.0021
     4  116   967  0.0026  0.0023  0.0021
     5  113   968  0.0026  0.0023  0.0021
     6  114   968  0.0026  0.0023  0.0022
     7  112   969  0.0026  0.0023  0.0021
     8  111   969  0.0026  0.0023  0.0021
     9  109   970  0.0026  0.0023  0.0021
    10  108   970  0.0026  0.0023  0.0021
    11  110   970  0.0026  0.0023  0.0022
    12  106   971  0.0026  0.0022  0.0021
    13  107   971  0.0026  0.0023  0.0021
    14  105   972  0.0026  0.0023  0.0021
    15  104   972  0.0026  0.0023  0.0021
    16  103   972  0.0026  0.0022  0.0021
    17  101   973  0.0026  0.0023  0.0021
    18  102   973  0.0026  0.0023  0.0021
    19   99   974  0.0026  0.0022  0.0021
    20   98   974  0.0026  0.0022  0.0021
    21  100   974  0.0026  0.0023  0.0021
    22   97   975  0.0026  0.0023  0.0021
    23   96   975  0.0026  0.0022  0.0021
    24   94   976  0.0026  0.0022  0.0021
    25   93   976  0.0026  0.0022  0.0021
    26   95   976  0.0026  0.0022  0.0021
    27   92   977  0.0026  0.0023  0.0021
    28   91   977  0.0026  0.0022  0.0021
    29   89   978  0.0026  0.0022  0.0021
    30   88   978  0.0026  0.0022  0.0021
    31   90   978  0.0026  0.0022  0.0021
    32   86   979  0.0026  0.0023  0.0021
    33   87   979  0.0026  0.0022  0.0021
    34   85   980  0.0026  0.0022  0.0021
    35   84   980  0.0026  0.0022  0.0021
    36   82   981  0.0026  0.0023  0.0021
    37   83   981  0.0026  0.0022  0.0021
    38   80   982  0.0026  0.0022  0.0021
    39   81   982  0.0026  0.0022  0.0021
    40   79   983  0.0026  0.0023  0.0021
    41   78   983  0.0026  0.0022  0.0021
    42   76   984  0.0026  0.0022  0.0021
    43   75   984  0.0026  0.0022  0.0021
    44   77   984  0.0026  0.0022  0.0021
    45   73   985  0.0026  0.0022  0.0021
    46   74   985  0.0026  0.0022  0.0021
    47   72   986  0.0026  0.0022  0.0021
    48   71   986  0.0026  0.0022  0.0021
    49   69   987  0.0026  0.0022  0.0021
    50   68   987  0.0026  0.0022  0.0021
    51   70   987  0.0026  0.0022  0.0021
    52   66   988  0.0026  0.0022  0.0021
    53   67   988  0.0026  0.0022  0.0021
    54   65   989  0.0026  0.0022  0.0021
    55   64   989  0.0026  0.0022  0.0021
    56   59   989  0.0026  0.0022  0.0021
    57   60   989  0.0026  0.0022  0.0021
    58   61   989  0.0026  0.0022  0.0021
    59   62   989  0.0026  0.0022  0.0021
    60   63   989  0.0026  0.0022  0.0021
    61   58   990  0.0026  0.0022  0.0021
    62   57   990  0.0026  0.0022  0.0021
    63   56   990  0.0026  0.0022  0.0021
    64   55   990  0.0026  0.0022  0.0021
    65   54   990  0.0026  0.0022  0.0021
    66   53   990  0.0026  0.0022  0.0021
    67   52   990  0.0026  0.0022  0.0021
    68   51   990  0.0026  0.0022  0.0021
    69   49   991  0.0026  0.0022  0.0021
    70   48   991  0.0026  0.0022  0.0021
    71   47   991  0.0026  0.0022  0.0021
    72   50   991  0.0026  0.0022  0.0021
    73   46   992  0.0026  0.0022  0.0021
    74   45   992  0.0026  0.0022  0.0021
    75   44   992  0.0026  0.0022  0.0021
    76   43   992  0.0026  0.0022  0.0021
    77   41   993  0.0026  0.0022  0.0021
    78   40   993  0.0026  0.0022  0.0021
    79   42   993  0.0026  0.0022  0.0021
    80   39   994  0.0026  0.0022  0.0021
    81   38   994  0.0026  0.0022  0.0021
    82   37   994  0.0026  0.0022  0.0021
    83   35   995  0.0026  0.0022  0.0021
    84   34   995  0.0026  0.0022  0.0021
    85   33   995  0.0026  0.0022  0.0021
    86   36   995  0.0026  0.0022  0.0021
    87   32   996  0.0026  0.0022  0.0021
    88   31   996  0.0026  0.0022  0.0021
    89   30   996  0.0026  0.0022  0.0021
    90   29   996  0.0026  0.0022  0.0021
    91   27   997  0.0026  0.0022  0.0021
    92   26   997  0.0026  0.0022  0.0021
    93   28   997  0.0026  0.0022  0.0021
    94   24   998  0.0026  0.0022  0.0021
    95   25   998  0.0026  0.0022  0.0021
    96   23   999  0.0026  0.0022  0.0021
    97   21  1000  0.0026  0.0022  0.0021
    98   22  1000  0.0026  0.0022  0.0021
    99   20  1001  0.0026  0.0022  0.0021
   101   19  1002  0.0026  0.0022  0.0021

     1  238  709  0.0027  0.0024  0.0022
     2  237  710  0.0027  0.0024  0.0022
     3  237  711  0.0027  0.0024  0.0022
     4  236  712  0.0027  0.0024  0.0022
     5  235  713  0.0027  0.0024  0.0022
     6  234  714  0.0027  0.0024  0.0022
     7  233  715  0.0027  0.0024  0.0022
     8  232  715  0.0027  0.0024  0.0022
     9  231  716  0.0027  0.0024  0.0022
    10  230  717  0.0027  0.0024  0.0022
    11  228  718  0.0027  0.0024  0.0022
    12  229  718  0.0027  0.0024  0.0022
    13  227  719  0.0027  0.0024  0.0022
    14  226  720  0.0027  0.0024  0.0022
    15  225  721  0.0027  0.0024  0.0022
    16  224  721  0.0027  0.0024  0.0022
    17  223  722  0.0027  0.0024  0.0022
    18  222  723  0.0027  0.0024  0.0022
    19  220  724  0.0027  0.0024  0.0022
    20  221  724  0.0027  0.0024  0.0022
    21  219  725  0.0027  0.0024  0.0022
    22  218  726  0.0027  0.0024  0.0021
    23  217  727  0.0027  0.0024  0.0022
    24  216  727  0.0027  0.0024  0.0021
    25  215  728  0.0027  0.0024  0.0022
    26  213  729  0.0027  0.0024  0.0022
    27  214  729  0.0027  0.0024  0.0022
    28  212  730  0.0027  0.0024  0.0022
    29  210  731  0.0027  0.0024  0.0022
    30  211  731  0.0027  0.0024  0.0022
    31  209  732  0.0027  0.0024  0.0022
    32  208  732  0.0027  0.0024  0.0022
    33  207  733  0.0027  0.0024  0.0022
    34  205  734  0.0027  0.0024  0.0022
    35  206  734  0.0027  0.0024  0.0022
    36  204  735  0.0027  0.0024  0.0022
    37  202  736  0.0027  0.0024  0.0022
    38  203  736  0.0027  0.0024  0.0022
    39  201  737  0.0027  0.0024  0.0022
    40  200  737  0.0027  0.0024  0.0022
    41  199  738  0.0027  0.0024  0.0022
    42  197  739  0.0027  0.0024  0.0022
    43  198  739  0.0027  0.0024  0.0022
    44  196  740  0.0027  0.0024  0.0022
    45  195  741  0.0027  0.0024  0.0022
    46  193  742  0.0027  0.0024  0.0022
    47  194  742  0.0027  0.0024  0.0022
    48  192  743  0.0027  0.0024  0.0022
    49  191  744  0.0027  0.0024  0.0022
    50  189  745  0.0027  0.0024  0.0022
    51  190  745  0.0027  0.0024  0.0022
    52  188  746  0.0027  0.0024  0.0022
    53  186  747  0.0027  0.0024  0.0022
    54  187  747  0.0027  0.0024  0.0022
    55  185  748  0.0027  0.0024  0.0022
    56  184  748  0.0027  0.0024  0.0022
    57  182  749  0.0027  0.0024  0.0022
    58  183  749  0.0027  0.0024  0.0022
    59  180  750  0.0027  0.0024  0.0021
    60  181  750  0.0027  0.0024  0.0021
    61  178  751  0.0027  0.0024  0.0022
    62  179  751  0.0027  0.0024  0.0022
    63  177  752  0.0027  0.0024  0.0022
    64  176  753  0.0027  0.0024  0.0021
    65  175  754  0.0027  0.0024  0.0021
    66  174  755  0.0027  0.0024  0.0021
    67  173  756  0.0027  0.0024  0.0021
    68  172  757  0.0027  0.0024  0.0021
    69  171  758  0.0027  0.0024  0.0021
    70  170  759  0.0027  0.0024  0.0021
    71  170  760  0.0027  0.0024  0.0021
    72  169  761  0.0027  0.0024  0.0021
    73  168  762  0.0027  0.0024  0.0021
    74  166  763  0.0027  0.0024  0.0021
    75  167  763  0.0027  0.0024  0.0021
    76  164  764  0.0027  0.0024  0.0021
    77  165  764  0.0027  0.0024  0.0021
    78  162  765  0.0027  0.0024  0.0021
    79  163  765  0.0027  0.0024  0.0021
    80  161  766  0.0027  0.0024  0.0021
    81  160  766  0.0027  0.0024  0.0021
    82  158  767  0.0027  0.0024  0.0021
    83  159  767  0.0027  0.0024  0.0021
    84  156  768  0.0027  0.0024  0.0021
    85  157  768  0.0027  0.0024  0.0021
    86  155  769  0.0027  0.0024  0.0021
    87  154  769  0.0027  0.0024  0.0021
    88  153  769  0.0027  0.0024  0.0021
    91  152  770  0.0027  0.0024  0.0021
    97  144  772  0.0027  0.0024  0.0021
    98  143  772  0.0027  0.0024  0.0021
    99  141  773  0.0027  0.0024  0.0021
   100  140  773  0.0027  0.0023  0.0021
   101  142  773  0.0027  0.0024  0.0021
   102  138  774  0.0027  0.0023  0.0021
   103  137  774  0.0027  0.0024  0.0021
   104  136  774  0.0027  0.0024  0.0021
   105  139  774  0.0027  0.0023  0.0021
   106  135  775  0.0027  0.0023  0.0021
   107  134  775  0.0027  0.0023  0.0021
   108  133  775  0.0027  0.0024  0.0021
   109  132  775  0.0027  0.0023  0.0021
   110  130  776  0.0027  0.0024  0.0021
   111  129  776  0.0027  0.0024  0.0021
   112  128  776  0.0027  0.0024  0.0021
   113  131  776  0.0027  0.0024  0.0021
   114  127  777  0.0027  0.0023  0.0021
   115  126  777  0.0027  0.0023  0.0021
   116  125  777  0.0027  0.0023  0.0021
   117  124  777  0.0027  0.0023  0.0021
   118  122  778  0.0027  0.0024  0.0021
   119  121  778  0.0027  0.0023  0.0021
   120  120  778  0.0027  0.0024  0.0021
   121  123  778  0.0027  0.0023  0.0021
   122  119  779  0.0027  0.0023  0.0021
   123  118  779  0.0027  0.0023  0.0021
   124  117  779  0.0027  0.0023  0.0021
   125  116  779  0.0027  0.0023  0.0021
   126  114  780  0.0027  0.0024  0.0021
   127  113  780  0.0027  0.0023  0.0021
   128  115  780  0.0027  0.0024  0.0021

     1  233  707  0.0027  0.0024  0.0022
     2  232  708  0.0027  0.0024  0.0022
     3  231  709  0.0027  0.0024  0.0022
     4  230  710  0.0027  0.0024  0.0022
     5  228  711  0.0027  0.0024  0.0022
     6  229  711  0.0027  0.0024  0.0022
     7  227  712  0.0027  0.0024  0.0022
     8  226  713  0.0027  0.0024  0.0022
     9  225  714  0.0027  0.0024  0.0022
    10  224  715  0.0027  0.0024  0.0022
    11  222  716  0.0027  0.0024  0.0022
    12  223  716  0.0027  0.0024  0.0022
    13  221  717  0.0027  0.0024  0.0022
    14  220  718  0.0027  0.0024  0.0022
    15  219  719  0.0027  0.0024  0.0022
    16  218  719  0.0027  0.0024  0.0022
    17  217  720  0.0027  0.0024  0.0022
    18  215  721  0.0027  0.0024  0.0022
    19  216  721  0.0027  0.0024  0.0022
    20  214  722  0.0027  0.0024  0.0022
    21  212  723  0.0027  0.0024  0.0022
    22  213  723  0.0027  0.0024  0.0022
    23  211  724  0.0027  0.0024  0.0022
    24  209  725  0.0027  0.0024  0.0022
    25  210  725  0.0027  0.0024  0.0022
    26  208  726  0.0027  0.0024  0.0022
    27  206  727  0.0027  0.0024  0.0022
    28  207  727  0.0027  0.0024  0.0022
    29  205  728  0.0027  0.0024  0.0022
    30  204  729  0.0027  0.0024  0.0022
    31  203  729  0.0027  0.0024  0.0022
    32  202  730  0.0027  0.0024  0.0022
    33  200  731  0.0027  0.0024  0.0022
    34  201  731  0.0027  0.0024  0.0022
    35  198  732  0.0027  0.0024  0.0022
    36  199  732  0.0027  0.0024  0.0022
    37  197  733  0.0027  0.0024  0.0022
    38  196  734  0.0027  0.0024  0.0022
    39  195  734  0.0027  0.0024  0.0022
    40  194  735  0.0027  0.0024  0.0022
    41  192  736  0.0027  0.0024  0.0022
    42  193  736  0.0027  0.0024  0.0022
    43  191  737  0.0027  0.0024  0.0022
    44  190  738  0.0027  0.0024  0.0021
    45  189  738  0.0027  0.0024  0.0021
    46  188  739  0.0027  0.0024  0.0021
    47  186  740  0.0027  0.0024  0.0022
    48  187  740  0.0027  0.0024  0.0021
    49  185  741  0.0027  0.0024  0.0022
    50  183  742  0.0027  0.0024  0.0022
    51  184  742  0.0027  0.0024  0.0022
    52  182  743  0.0027  0.0024  0.0022
    53  180  744  0.0027  0.0024  0.0022
    54  181  744  0.0027  0.0024  0.0022
    55  178  745  0.0027  0.0024  0.0022
    56  179  745  0.0027  0.0024  0.0022
    57  177  746  0.0027  0.0024  0.0022
    58  176  747  0.0027  0.0024  0.0021
    59  174  748  0.0027  0.0024  0.0021
    60  175  748  0.0027  0.0024  0.0021
    61  173  749  0.0027  0.0024  0.0021
    62  172  750  0.0027  0.0024  0.0021
    63  171  751  0.0027  0.0024  0.0021
    64  169  752  0.0027  0.0024  0.0021
    65  170  752  0.0027  0.0024  0.0021
    66  168  753  0.0027  0.0024  0.0021
    67  167  754  0.0027  0.0024  0.0021
    68  166  755  0.0027  0.0024  0.0021
    69  165  756  0.0027  0.0024  0.0021
    70  163  757  0.0027  0.0024  0.0021
    71  164  757  0.0027  0.0024  0.0021
    72  162  758  0.0027  0.0024  0.0021
    73  160  759  0.0027  0.0024  0.0021
    74  161  759  0.0027  0.0024  0.0021
    75  159  760  0.0027  0.0024  0.0021
    76  158  760  0.0027  0.0024  0.0021
    77  156  761  0.0027  0.0024  0.0022
    78  155  761  0.0027  0.0024  0.0021
    79  157  761  0.0027  0.0024  0.0022
    80  153  762  0.0027  0.0024  0.0021
    81  154  762  0.0027  0.0024  0.0021
    82  152  763  0.0027  0.0024  0.0021
    83  151  763  0.0027  0.0024  0.0021
    84  149  764  0.0027  0.0024  0.0022
    85  148  764  0.0027  0.0024  0.0022
    86  150  764  0.0027  0.0024  0.0022
    87  146  765  0.0027  0.0024  0.0021
    88  147  765  0.0027  0.0024  0.0021
    89  145  766  0.0027  0.0024  0.0021
    90  144  766  0.0027  0.0024  0.0021
    91  143  766  0.0027  0.0024  0.0021
    92  141  767  0.0027  0.0024  0.0021
    93  140  767  0.0027  0.0024  0.0021
    95  142  767  0.0027  0.0024  0.0021
    99  134  769  0.0027  0.0024  0.0021
   100  133  769  0.0027  0.0023  0.0021
   101  132  769  0.0027  0.0024  0.0021
   103  131  770  0.0027  0.0023  0.0021
   104  130  770  0.0027  0.0023  0.0021
   105  129  770  0.0027  0.0023  0.0021
   106  127  771  0.0027  0.0023  0.0021
   107  126  771  0.0027  0.0023  0.0021
   108  125  771  0.0027  0.0023  0.0021
   109  128  771  0.0027  0.0023  0.0021
   110  124  772  0.0027  0.0023  0.0021
   111  123  772  0.0027  0.0023  0.0021
   112  122  772  0.0027  0.0023  0.0021
   113  120  773  0.0027  0.0023  0.0021
   114  119  773  0.0027  0.0023  0.0021
   115  118  773  0.0027  0.0024  0.0021
   116  121  773  0.0027  0.0023  0.0021
   117  116  774  0.0027  0.0024  0.0021
   118  117  774  0.0027  0.0023  0.0021

     1  451  844  0.0026  0.0024  0.0022
     2  450  845  0.0026  0.0024  0.0022
     3  450  846  0.0026  0.0024  0.0022
     4  449  847  0.0026  0.0024  0.0022
     5  449  848  0.0026  0.0024  0.0022
     6  448  849  0.0026  0.0024  0.0022
     7  447  850  0.0026  0.0024  0.0022
     8  447  851  0.0026  0.0024  0.0022
     9  446  852  0.0026  0.0024  0.0022
    10  446  853  0.0026  0.0024  0.0022
    11  445  854  0.0026  0.0024  0.0022
    12  444  855  0.0026  0.0024  0.0022
    13  444  856  0.0026  0.0024  0.0022
    14  443  857  0.0026  0.0024  0.0022
    15  442  858  0.0026  0.0024  0.0022
    16  442  859  0.0026  0.0024  0.0022
    17  441  860  0.0026  0.0024  0.0022
    18  441  861  0.0026  0.0024  0.0022
    19  440  862  0.0026  0.0024  0.0022
    20  439  863  0.0026  0.0024  0.0022
    21  438  864  0.0026  0.0024  0.0022
    22  437  865  0.0026  0.0024  0.0022
    23  436  866  0.0026  0.0024  0.0022
    24  435  867  0.0026  0.0024  0.0022
    25  435  868  0.0026  0.0024  0.0022
    26  434  869  0.0026  0.0024  0.0022
    27  433  870  0.0026  0.0024  0.0022
    28  432  871  0.0026  0.0024  0.0022
    29  431  872  0.0026  0.0024  0.0022
    30  430  873  0.0026  0.0024  0.0022
    31  429  874  0.0026  0.0024  0.0022
    32  428  875  0.0026  0.0024  0.0022
    33  427  875  0.0026  0.0024  0.0022
    34  426  876  0.0026  0.0024  0.0022
    35  425  877  0.0026  0.0024  0.0022
    36  423  878  0.0026  0.0024  0.0022
    37  424  878  0.0026  0.0024  0.0022
    38  422  879  0.0026  0.0024  0.0022
    39  421  880  0.0026  0.0024  0.0022
    40  419  881  0.0026  0.0024  0.0022
    41  420  881  0.0026  0.0024  0.0022
    42  418  882  0.0026  0.0024  0.0022
    43  417  883  0.0026  0.0024  0.0022
    44  416  883  0.0026  0.0024  0.0022
    45  415  884  0.0026  0.0024  0.0022
    46  414  885  0.0026  0.0024  0.0022
    47  412  886  0.0026  0.0024  0.0022
    48  413  886  0.0026  0.0024  0.0022
    49  411  887  0.0026  0.0024  0.0022
    50  410  888  0.0026  0.0024  0.0022
    51  409  888  0.0026  0.0024  0.0022
    52  407  889  0.0026  0.0024  0.0022
    53  408  889  0.0026  0.0024  0.0022
    54  405  890  0.0026  0.0024  0.0022
    55  406  890  0.0026  0.0024  0.0022
    56  404  891  0.0026  0.0024  0.0022
    57  403  891  0.0026  0.0024  0.0022
    58  402  892  0.0026  0.0024  0.0022
    59  400  893  0.0026  0.0024  0.0022
    60  401  893  0.0026  0.0024  0.0022
    61  398  894  0.0026  0.0024  0.0022
    62  399  894  0.0026  0.0024  0.0022
    63  397  895  0.0026  0.0024  0.0022
    64  396  895  0.0026  0.0023  0.0022
    65  394  896  0.0026  0.0023  0.0022
    66  395  896  0.0026  0.0023  0.0022
    67  393  897  0.0026  0.0023  0.0022
    68  392  905  0.0026  0.0023  0.0022
    69  391  906  0.0026  0.0024  0.0022
    70  390  906  0.0026  0.0023  0.0022
    71  389  907  0.0026  0.0023  0.0022
    72  388  908  0.0026  0.0023  0.0022
    73  387  909  0.0026  0.0023  0.0022
    74  386  910  0.0026  0.0023  0.0022
    75  385  911  0.0026  0.0023  0.0022
    76  384  912  0.0026  0.0023  0.0022
    77  383  912  0.0026  0.0023  0.0022
    78  382  913  0.0026  0.0023  0.0022
    79  381  914  0.0026  0.0023  0.0022
    80  380  915  0.0026  0.0023  0.0022
    81  379  916  0.0026  0.0023  0.0022
    82  378  917  0.0026  0.0023  0.0022
    83  377  917  0.0026  0.0023  0.0022
    84  375  918  0.0026  0.0023  0.0022
    85  376  918  0.0026  0.0023  0.0022
    86  373  919  0.0026  0.0023  0.0022
    87  374  919  0.0026  0.0023  0.0022
    88  372  920  0.0026  0.0023  0.0022
    89  371  920  0.0026  0.0023  0.0022
    90  369  921  0.0026  0.0023  0.0022
    91  370  921  0.0026  0.0023  0.0022
    92  367  922  0.0026  0.0023  0.0022
    93  368  922  0.0026  0.0023  0.0022
    94  366  923  0.0026  0.0023  0.0022
    95  365  923  0.0026  0.0023  0.0022
    96  364  923  0.0026  0.0023  0.0022
    97  362  924  0.0026  0.0023  0.0022
    98  361  924  0.0026  0.0023  0.0022
    99  363  924  0.0026  0.0023  0.0022
   100  360  925  0.0026  0.0023  0.0022
   101  359  925  0.0026  0.0023  0.0022
   102  358  925  0.0026  0.0023  0.0022
   103  357  926  0.0026  0.0023  0.0022
   104  355  926  0.0026  0.0023  0.0022
   105  356  926  0.0026  0.0023  0.0022
   106  354  927  0.0026  0.0023  0.0022
   107  353  927  0.0026  0.0023  0.0022
   108  352  927  0.0026  0.0023  0.0022
   109  349  928  0.0026  0.0023  0.0022
   110  351  928  0.0026  0.0023  0.0022
   111  350  928  0.0026  0.0023  0.0022
   112  346  929  0.0026  0.0023  0.0022
   113  348  929  0.0026  0.0023  0.0022
   114  347  929  0.0026  0.0023  0.0022
   115  318  930  0.0026  0.0023  0.0022
   116  340  930  0.0026  0.0023  0.0022
   117  341  930  0.0026  0.0023  0.0022
   118  342  930  0.0026  0.0023  0.0022
   119  343  930  0.0026  0.0023  0.0022
   120  344  930  0.0026  0.0023  0.0022
   121  345  930  0.0026  0.0023  0.0022
   122  317  930  0.0026  0.0023  0.0022
   123  319  930  0.0026  0.0023  0.0022
   124  315  931  0.0026  0.0023  0.0022
   125  339  931  0.0026  0.0023  0.0022
   126  338  931  0.0026  0.0023  0.0022
   127  337  931  0.0026  0.0023  0.0022
   128  336  931  0.0026  0.0023  0.0022
   129  335  931  0.0026  0.0023  0.0022
   130  334  931  0.0026  0.0023  0.0022
   131  333  931  0.0026  0.0023  0.0022
   132  332  931  0.0026  0.0023  0.0022
   133  320  931  0.0026  0.0023  0.0022
   134  316  931  0.0026  0.0023  0.0022
   135  321  931  0.0026  0.0023  0.0022
   136  324  931  0.0026  0.0023  0.0022
   137  323  931  0.0026  0.0023  0.0022
   138  322  931  0.0026  0.0023  0.0022
   139  331  932  0.0026  0.0023  0.0022
   140  330  932  0.0026  0.0023  0.0022
   141  329  932  0.0026  0.0023  0.0022
   142  328  932  0.0026  0.0023  0.0022
   143  327  932  0.0026  0.0023  0.0022
   144  325  932  0.0026  0.0023  0.0022
   145  326  932  0.0026  0.0023  0.0022
   146  314  932  0.0026  0.0023  0.0022
   147  313  932  0.0026  0.0023  0.0022
   148  311  933  0.0026  0.0023  0.0022
   149  312  933  0.0026  0.0023  0.0022
   150  309  934  0.0026  0.0023  0.0022
   151  310  934  0.0026  0.0023  0.0022
   152  307  935  0.0026  0.0023  0.0022
   153  308  935  0.0026  0.0023  0.0022
   154  305  936  0.0026  0.0023  0.0022
   155  306  936  0.0026  0.0023  0.0022
   156  304  937  0.0026  0.0023  0.0022
   157  303  937  0.0026  0.0023  0.0022
   158  301  938  0.0026  0.0023  0.0022
   159  302  938  0.0026  0.0023  0.0022
   160  299  939  0.0026  0.0023  0.0022
   161  300  939  0.0026  0.0023  0.0022
   162  298  940  0.0026  0.0023  0.0022
   163  297  940  0.0026  0.0023  0.0022
   164  295  941  0.0026  0.0023  0.0022
   165  294  941  0.0026  0.0023  0.0022
   166  296  941  0.0026  0.0023  0.0022
   167  293  942  0.0026  0.0023  0.0022
   168  292  942  0.0026  0.0023  0.0022
   169  291  942  0.0026  0.0023  0.0022
   170  289  943  0.0026  0.0023  0.0022
   171  290  943  0.0026  0.0023  0.0022
   172  287  944  0.0026  0.0023  0.0022
   173  286  944  0.0026  0.0023  0.0022
   174  288  944  0.0026  0.0023  0.0022
   175  285  945  0.0026  0.0023  0.0022
   176  284  945  0.0026  0.0023  0.0022
   177  283  945  0.0026  0.0023  0.0022
   178  281  946  0.0026  0.0023  0.0022
   179  282  946  0.0026  0.0023  0.0022
   180  280  947  0.0026  0.0023  0.0022
   181  279  947  0.0026  0.0023  0.0022
   182  278  947  0.0026  0.0023  0.0022
   183  276  948  0.0026  0.0023  0.0022
   184  275  948  0.0026  0.0023  0.0022
   185  277  948  0.0026  0.0023  0.0022
   186  274  949  0.0026  0.0023  0.0022
   187  273  949  0.0026  0.0023  0.0022
   188  272  949  0.0026  0.0023  0.0022
   189  270  950  0.0026  0.0023  0.0022
   190  269  950  0.0026  0.0023  0.0022
   191  271  950  0.0026  0.0023  0.0022
   192  268  951  0.0026  0.0023  0.0022
   193  267  951  0.0026  0.0023  0.0022
   194  265  952  0.0026  0.0023  0.0022
   195  264  952  0.0026  0.0023  0.0022
   196  266  952  0.0026  0.0023  0.0022
   197  263  953  0.0026  0.0023  0.0022
   198  262  953  0.0026  0.0023  0.0022
   199  261  953  0.0026  0.0023  0.0022
   200  259  954  0.0026  0.0023  0.0022
   201  258  954  0.0026  0.0023  0.0022
   202  260  954  0.0026  0.0023  0.0022
   203  257  955  0.0026  0.0023  0.0022
   204  256  955  0.0026  0.0023  0.0022
   205  255  955  0.0026  0.0023  0.0022
   206  253  956  0.0026  0.0023  0.0022
   207  252  956  0.0026  0.0023  0.0022
   208  254  956  0.0026  0.0023  0.0022
   209  250  957  0.0026  0.0023  0.0022
   210  249  957  0.0026  0.0023  0.0022
   211  248  957  0.0026  0.0023  0.0022
   212  251  957  0.0026  0.0023  0.0022
   213  247  958  0.0026  0.0023  0.0022
   214  246  958  0.0026  0.0023  0.0022
   215  245  958  0.0026  0.0023  0.0022
   216  243  959  0.0026  0.0023  0.0022
   217  244  959  0.0026  0.0023  0.0022
   218  241  960  0.0026  0.0023  0.0022
   219  242  960  0.0026  0.0023  0.0022
   220  240  961  0.0026  0.0023  0.0022
   221  239  961  0.0026  0.0023  0.0022
   222  237  962  0.0026  0.0023  0.0022
   223  238  962  0.0026  0.0023  0.0022
   224  235  963  0.0026  0.0023  0.0022
   225  236  963  0.0026  0.0023  0.0022
   226  234  964  0.0026  0.0023  0.0022
   227  233  964  0.0026  0.0023  0.0022
   228  231  965  0.0026  0.0023  0.0022
   229  232  965  0.0026  0.0023  0.0022
   230  229  966  0.0026  0.0023  0.0022
   231  230  966  0.0026  0.0023  0.0022
   232  227  967  0.0026  0.0023  0.0022
   233  228  967  0.0026  0.0023  0.0022
   234  226  968  0.0026  0.0023  0.0022
   235  225  968  0.0026  0.0023  0.0022
   236  222  969  0.0026  0.0023  0.0022
   237  223  969  0.0026  0.0023  0.0022
   238  220  970  0.0026  0.0023  0.0022
   239  221  970  0.0026  0.0023  0.0022
   240  218  971  0.0026  0.0023  0.0022
   241  219  971  0.0026  0.0023  0.0022
   242  217  972  0.0026  0.0023  0.0022
   243  216  972  0.0026  0.0023  0.0022
   244  215  972  0.0026  0.0023  0.0022
   245  213  973  0.0026  0.0023  0.0022
   246  214  973  0.0026  0.0023  0.0022
   247  211  974  0.0026  0.0023  0.0022
   248  212  974  0.0026  0.0023  0.0022
   249  209  975  0.0026  0.0023  0.0022
   250  210  975  0.0026  0.0023  0.0022
   251  208  976  0.0026  0.0023  0.0022
   252  207  977  0.0026  0.0023  0.0022
   253  205  978  0.0026  0.0023  0.0022
   254  206  978  0.0026  0.0023  0.0022
   255  204  979  0.0026  0.0023  0.0022
   256  202  980  0.0026  0.0023  0.0022
   257  203  980  0.0026  0.0023  0.0022
   258  201  981  0.0026  0.0023  0.0022
   259  200  982  0.0026  0.0023  0.0022
   260  199  982  0.0026  0.0023  0.0022
   261  197  983  0.0026  0.0023  0.0022
   262  198  983  0.0026  0.0023  0.0022
   263  195  984  0.0026  0.0023  0.0022
   264  196  984  0.0026  0.0023  0.0022
   265  193  985  0.0026  0.0023  0.0022
   266  194  985  0.0026  0.0023  0.0022
   267  192  986  0.0026  0.0023  0.0022

     1  310  925  0.0026  0.0023  0.0022
     2  311  925  0.0026  0.0023  0.0022
     3  308  926  0.0026  0.0023  0.0022
     4  307  926  0.0026  0.0023  0.0022
     5  309  926  0.0026  0.0023  0.0022
     6  305  927  0.0026  0.0023  0.0022
     7  306  927  0.0026  0.0023  0.0022
     8  304  928  0.0026  0.0023  0.0022
     9  303  928  0.0026  0.0023  0.0022
    10  302  928  0.0026  0.0023  0.0022
    11  300  929  0.0026  0.0023  0.0022
    12  299  929  0.0026  0.0023  0.0022
    13  301  929  0.0026  0.0023  0.0022
    14  297  930  0.0026  0.0023  0.0022
    15  296  930  0.0026  0.0023  0.0022
    16  298  930  0.0026  0.0023  0.0022
    17  295  931  0.0026  0.0023  0.0022
    18  294  931  0.0026  0.0023  0.0022
    19  292  932  0.0026  0.0023  0.0022
    20  291  932  0.0026  0.0023  0.0022
    21  293  932  0.0026  0.0023  0.0022
    22  289  933  0.0026  0.0023  0.0022
    23  288  933  0.0026  0.0023  0.0022
    24  290  933  0.0026  0.0023  0.0022
    25  287  934  0.0026  0.0023  0.0022
    26  286  934  0.0026  0.0023  0.0022
    27  285  934  0.0026  0.0023  0.0022
    28  283  935  0.0026  0.0023  0.0022
    29  282  935  0.0026  0.0023  0.0022
    30  284  935  0.0026  0.0023  0.0022
    31  280  936  0.0026  0.0023  0.0022
    32  281  936  0.0026  0.0023  0.0022
    33  279  937  0.0026  0.0023  0.0022
    34  278  937  0.0026  0.0023  0.0022
    35  277  937  0.0026  0.0023  0.0022
    36  275  938  0.0026  0.0023  0.0022
    37  274  938  0.0026  0.0023  0.0022
    38  276  938  0.0026  0.0023  0.0022
    39  272  939  0.0026  0.0023  0.0022
    40  273  939  0.0026  0.0023  0.0022
    41  271  940  0.0026  0.0023  0.0022
    42  270  940  0.0026  0.0023  0.0022
    43  269  940  0.0026  0.0023  0.0022
    44  267  941  0.0026  0.0023  0.0022
    45  268  941  0.0026  0.0023  0.0022
    46  265  942  0.0026  0.0023  0.0022
    47  264  942  0.0026  0.0023  0.0022
    48  266  942  0.0026  0.0023  0.0022
    49  262  943  0.0026  0.0023  0.0022
    50  263  943  0.0026  0.0023  0.0022
    51  261  944  0.0026  0.0023  0.0022
    52  260  944  0.0026  0.0023  0.0022
    53  259  944  0.0026  0.0023  0.0022
    54  257  945  0.0026  0.0023  0.0022
    55  258  945  0.0026  0.0023  0.0022
    56  255  946  0.0026  0.0023  0.0022
    57  254  946  0.0026  0.0023  0.0022
    58  256  946  0.0026  0.0023  0.0022
    59  253  947  0.0026  0.0023  0.0022
    60  252  947  0.0026  0.0023  0.0022
    61  250  948  0.0026  0.0023  0.0022
    62  249  948  0.0026  0.0023  0.0022
    63  251  948  0.0026  0.0023  0.0022
    64  248  949  0.0026  0.0023  0.0022
    65  247  949  0.0026  0.0023  0.0022
    66  245  950  0.0026  0.0023  0.0022
    67  244  950  0.0026  0.0023  0.0022
    68  246  950  0.0026  0.0023  0.0022
    69  242  951  0.0026  0.0023  0.0022
    70  243  951  0.0026  0.0023  0.0022
    71  240  952  0.0026  0.0023  0.0022
    72  241  952  0.0026  0.0023  0.0022
    73  239  953  0.0026  0.0023  0.0022
    74  238  953  0.0026  0.0023  0.0022
    75  236  954  0.0026  0.0023  0.0022
    76  237  954  0.0026  0.0023  0.0022
    77  234  955  0.0026  0.0023  0.0022
    78  235  955  0.0026  0.0023  0.0022
    79  232  956  0.0026  0.0023  0.0022
    80  233  956  0.0026  0.0023  0.0022
    81  231  957  0.0026  0.0023  0.0022
    82  229  958  0.0026  0.0023  0.0022
    83  230  958  0.0026  0.0023  0.0022
    84  227  959  0.0026  0.0023  0.0022
    85  228  959  0.0026  0.0023  0.0022
    86  225  960  0.0026  0.0023  0.0022
    87  226  960  0.0026  0.0023  0.0022
    88  224  961  0.0026  0.0023  0.0022
    89  223  961  0.0026  0.0023  0.0022
    90  221  962  0.0026  0.0023  0.0022
    91  222  962  0.0026  0.0023  0.0022
    92  219  963  0.0026  0.0023  0.0022
    93  220  963  0.0026  0.0023  0.0022
    94  217  964  0.0026  0.0023  0.0022
    95  218  964  0.0026  0.0023  0.0022
    96  216  965  0.0026  0.0023  0.0022
    97  215  965  0.0026  0.0023  0.0022
    98  213  966  0.0026  0.0023  0.0022
    99  214  966  0.0026  0.0023  0.0022
   100  211  967  0.0026  0.0023  0.0022
   101  212  967  0.0026  0.0023  0.0022
   102  209  968  0.0026  0.0023  0.0022
   103  210  968  0.0026  0.0023  0.0022
   104  208  969  0.0026  0.0023  0.0022
   105  207  969  0.0026  0.0023  0.0022
   106  205  970  0.0026  0.0023  0.0022
   107  206  970  0.0026  0.0023  0.0022
   108  203  971  0.0026  0.0023  0.0022
   109  204  971  0.0026  0.0023  0.0022
   110  201  972  0.0026  0.0023  0.0022
   111  202  972  0.0026  0.0023  0.0022
   112  200  973  0.0026  0.0023  0.0022
   113  199  973  0.0026  0.0023  0.0022
   114  197  974  0.0026  0.0023  0.0022
   115  196  974  0.0026  0.0023  0.0022
   116  195  974  0.0026  0.0023  0.0022
   117  198  974  0.0026  0.0023  0.0022
   118  194  975  0.0026  0.0023  0.0022
   119  193  975  0.0026  0.0023  0.0022
   120  192  975  0.0026  0.0023  0.0022
   121  191  975  0.0026  0.0023  0.0022
   122  189  976  0.0026  0.0023  0.0022
   123  190  976  0.0026  0.0023  0.0022
   124  187  977  0.0026  0.0023  0.0022
   125  188  977  0.0026  0.0023  0.0022
   126  185  978  0.0026  0.0023  0.0022
   127  186  978  0.0026  0.0023  0.0022
