; ENVI Output of ROIs (5.4) [Sat Aug 17 17:17:27 2019]
; Number of ROIs: 11
; File Dimension: 1328 x 1184
;
; ROI name: Region #1
; ROI rgb value: {255, 0, 0}
; ROI npts: 200
;
; ROI name: Region #2
; ROI rgb value: {0, 255, 0}
; ROI npts: 105
;
; ROI name: Region #3
; ROI rgb value: {0, 0, 255}
; ROI npts: 174
;
; ROI name: Region #4
; ROI rgb value: {255, 255, 0}
; ROI npts: 64
;
; ROI name: Region #5
; ROI rgb value: {0, 255, 255}
; ROI npts: 137
;
; ROI name: Region #6
; ROI rgb value: {255, 0, 255}
; ROI npts: 154
;
; ROI name: Region #7
; ROI rgb value: {176, 48, 96}
; ROI npts: 123
;
; ROI name: Region #8
; ROI rgb value: {46, 139, 87}
; ROI npts: 80
;
; ROI name: Region #9
; ROI rgb value: {160, 32, 240}
; ROI npts: 111
;
; ROI name: Region #10
; ROI rgb value: {255, 127, 80}
; ROI npts: 79
;
; ROI name: Region #11
; ROI rgb value: {127, 255, 212}
; ROI npts: 109
;   ID    X    Y      B1      B2      B3
     1  392  903  0.0026  0.0023  0.0022
     2  391  904  0.0026  0.0024  0.0022
     3  390  905  0.0026  0.0023  0.0022
     4  389  906  0.0026  0.0023  0.0022
     5  388  907  0.0026  0.0023  0.0022
     6  387  908  0.0026  0.0023  0.0022
     7  386  909  0.0026  0.0023  0.0022
     8  385  910  0.0026  0.0023  0.0022
     9  383  911  0.0026  0.0023  0.0022
    10  384  911  0.0026  0.0023  0.0022
    11  382  912  0.0026  0.0023  0.0022
    12  381  913  0.0026  0.0023  0.0022
    13  380  914  0.0026  0.0023  0.0022
    14  379  915  0.0026  0.0023  0.0022
    15  378  916  0.0026  0.0023  0.0022
    16  377  917  0.0026  0.0023  0.0022
    17  376  918  0.0026  0.0023  0.0022
    18  375  918  0.0026  0.0023  0.0022
    19  373  919  0.0026  0.0023  0.0022
    20  374  919  0.0026  0.0023  0.0022
    21  371  920  0.0026  0.0023  0.0022
    22  370  920  0.0026  0.0023  0.0022
    23  372  920  0.0026  0.0023  0.0022
    24  369  921  0.0026  0.0023  0.0022
    25  368  921  0.0026  0.0023  0.0022
    26  366  922  0.0026  0.0023  0.0022
    27  365  922  0.0026  0.0023  0.0022
    28  367  922  0.0026  0.0023  0.0022
    29  364  923  0.0026  0.0023  0.0022
    30  363  923  0.0026  0.0023  0.0022
    31  362  923  0.0026  0.0023  0.0022
    32  360  924  0.0026  0.0023  0.0022
    33  361  924  0.0026  0.0023  0.0022
    34  358  925  0.0026  0.0023  0.0022
    35  357  925  0.0026  0.0023  0.0022
    36  359  925  0.0026  0.0023  0.0022
    37  356  926  0.0026  0.0023  0.0022
    38  355  926  0.0026  0.0023  0.0022
    39  354  926  0.0026  0.0023  0.0022
    40  353  926  0.0026  0.0023  0.0022
    41  351  927  0.0026  0.0023  0.0022
    42  350  927  0.0026  0.0023  0.0022
    43  349  927  0.0026  0.0023  0.0022
    44  352  927  0.0026  0.0023  0.0022
    45  347  928  0.0026  0.0023  0.0022
    46  346  928  0.0026  0.0023  0.0022
    47  345  928  0.0026  0.0023  0.0022
    48  348  928  0.0026  0.0023  0.0022
    49  344  929  0.0026  0.0023  0.0022
    50  343  929  0.0026  0.0023  0.0022
    51  342  929  0.0026  0.0023  0.0022
    52  341  929  0.0026  0.0023  0.0022
    53  339  930  0.0026  0.0023  0.0022
    54  338  930  0.0026  0.0023  0.0022
    55  337  930  0.0026  0.0023  0.0022
    56  340  930  0.0026  0.0023  0.0022
    57  336  931  0.0026  0.0023  0.0022
    58  335  931  0.0026  0.0023  0.0022
    59  334  931  0.0026  0.0023  0.0022
    60  333  931  0.0026  0.0023  0.0022
    61  332  931  0.0026  0.0023  0.0022
    62  331  931  0.0026  0.0023  0.0022
    63  330  931  0.0026  0.0023  0.0022
    64  329  931  0.0026  0.0023  0.0022
    65  328  931  0.0026  0.0023  0.0022
    66  327  931  0.0026  0.0023  0.0022
    67  326  931  0.0026  0.0023  0.0022
    68  325  931  0.0026  0.0023  0.0022
    69  324  931  0.0026  0.0023  0.0022
    70  323  931  0.0026  0.0023  0.0022
    71  322  932  0.0026  0.0023  0.0022
    72  321  932  0.0026  0.0023  0.0022
    73  320  932  0.0026  0.0023  0.0022
    74  319  932  0.0026  0.0023  0.0022
    75  318  932  0.0026  0.0023  0.0022
    76  317  932  0.0026  0.0023  0.0022
    77  315  933  0.0026  0.0023  0.0022
    78  316  933  0.0026  0.0023  0.0022
    79  313  934  0.0026  0.0023  0.0022
    80  312  934  0.0026  0.0023  0.0022
    81  314  934  0.0026  0.0023  0.0022
    82  311  935  0.0026  0.0023  0.0022
    83  310  935  0.0026  0.0023  0.0022
    84  308  936  0.0026  0.0023  0.0022
    85  307  936  0.0026  0.0023  0.0022
    86  309  936  0.0026  0.0023  0.0022
    87  306  937  0.0026  0.0023  0.0022
    88  305  937  0.0026  0.0023  0.0022
    89  303  938  0.0026  0.0023  0.0022
    90  302  938  0.0026  0.0023  0.0022
    91  304  938  0.0026  0.0023  0.0022
    92  300  939  0.0026  0.0023  0.0022
    93  301  939  0.0026  0.0023  0.0022
    94  299  940  0.0026  0.0023  0.0022
    95  298  940  0.0026  0.0023  0.0022
    96  297  940  0.0026  0.0023  0.0022
    97  295  941  0.0026  0.0023  0.0022
    98  296  941  0.0026  0.0023  0.0022
    99  294  942  0.0026  0.0023  0.0022
   100  293  942  0.0026  0.0023  0.0022
   101  292  942  0.0026  0.0023  0.0022
   102  290  943  0.0026  0.0023  0.0022
   103  291  943  0.0026  0.0023  0.0022
   104  288  944  0.0026  0.0023  0.0022
   105  287  944  0.0026  0.0023  0.0022
   106  289  944  0.0026  0.0023  0.0022
   107  286  945  0.0026  0.0023  0.0022
   108  285  945  0.0026  0.0023  0.0022
   109  283  946  0.0026  0.0023  0.0022
   110  282  946  0.0026  0.0023  0.0022
   111  284  946  0.0026  0.0023  0.0022
   112  281  947  0.0026  0.0023  0.0022
   113  280  947  0.0026  0.0023  0.0022
   114  279  947  0.0026  0.0023  0.0022
   115  277  948  0.0026  0.0023  0.0022
   116  278  948  0.0026  0.0023  0.0022
   117  275  949  0.0026  0.0023  0.0022
   118  274  949  0.0026  0.0023  0.0022
   119  276  949  0.0026  0.0023  0.0022
   120  273  950  0.0026  0.0023  0.0022
   121  272  950  0.0026  0.0023  0.0022
   122  271  950  0.0026  0.0023  0.0022
   123  269  951  0.0026  0.0023  0.0022
   124  270  951  0.0026  0.0023  0.0022
   125  268  952  0.0026  0.0023  0.0022
   126  267  952  0.0026  0.0023  0.0022
   127  266  952  0.0026  0.0023  0.0022
   128  264  953  0.0026  0.0023  0.0022
   129  263  953  0.0026  0.0023  0.0022
   130  265  953  0.0026  0.0023  0.0022
   131  261  954  0.0026  0.0023  0.0022
   132  262  954  0.0026  0.0023  0.0022
   133  259  955  0.0026  0.0023  0.0022
   134  258  955  0.0026  0.0023  0.0022
   135  260  955  0.0026  0.0023  0.0022
   136  257  956  0.0026  0.0023  0.0022
   137  256  956  0.0026  0.0023  0.0022
   138  255  956  0.0026  0.0023  0.0022
   139  254  956  0.0026  0.0023  0.0022
   140  252  957  0.0026  0.0023  0.0022
   141  251  957  0.0026  0.0023  0.0022
   142  250  957  0.0026  0.0023  0.0022
   143  253  957  0.0026  0.0023  0.0022
   144  249  958  0.0026  0.0023  0.0022
   145  248  958  0.0026  0.0023  0.0022
   146  247  958  0.0026  0.0023  0.0022
   147  245  959  0.0026  0.0023  0.0022
   148  246  959  0.0026  0.0023  0.0022
   149  243  960  0.0026  0.0023  0.0022
   150  244  960  0.0026  0.0023  0.0022
   151  242  961  0.0026  0.0023  0.0022
   152  241  961  0.0026  0.0023  0.0022
   153  239  962  0.0026  0.0023  0.0022
   154  240  962  0.0026  0.0023  0.0022
   155  237  963  0.0026  0.0023  0.0022
   156  238  963  0.0026  0.0023  0.0022
   157  235  964  0.0026  0.0023  0.0022
   158  236  964  0.0026  0.0023  0.0022
   159  234  965  0.0026  0.0023  0.0022
   160  233  965  0.0026  0.0023  0.0022
   161  231  966  0.0026  0.0023  0.0022
   162  232  966  0.0026  0.0023  0.0022
   163  229  967  0.0026  0.0023  0.0022
   164  230  967  0.0026  0.0023  0.0022
   165  228  968  0.0026  0.0023  0.0022
   166  227  968  0.0026  0.0023  0.0022
   167  226  968  0.0026  0.0023  0.0022
   168  224  969  0.0026  0.0023  0.0022
   169  223  969  0.0026  0.0023  0.0022
   170  225  969  0.0026  0.0023  0.0022
   171  222  970  0.0026  0.0023  0.0022
   172  221  970  0.0026  0.0023  0.0022
   173  220  970  0.0026  0.0023  0.0022
   174  218  971  0.0026  0.0023  0.0022
   175  217  971  0.0026  0.0023  0.0022
   176  219  971  0.0026  0.0023  0.0022
   177  216  972  0.0026  0.0023  0.0022
   178  215  972  0.0026  0.0023  0.0022
   179  213  973  0.0026  0.0023  0.0022
   180  214  973  0.0026  0.0023  0.0022
   181  212  974  0.0026  0.0023  0.0022
   182  211  975  0.0026  0.0023  0.0022
   183  210  976  0.0026  0.0023  0.0022
   184  209  976  0.0026  0.0023  0.0022
   185  208  977  0.0026  0.0023  0.0022
   186  207  978  0.0026  0.0023  0.0022
   187  205  979  0.0026  0.0023  0.0022
   188  206  979  0.0026  0.0023  0.0022
   189  204  980  0.0026  0.0023  0.0022
   190  203  980  0.0026  0.0023  0.0022
   191  201  981  0.0026  0.0023  0.0022
   192  202  981  0.0026  0.0023  0.0022
   193  199  982  0.0026  0.0023  0.0022
   194  200  982  0.0026  0.0023  0.0022
   195  198  983  0.0026  0.0023  0.0022
   196  197  983  0.0026  0.0023  0.0022
   197  195  984  0.0026  0.0023  0.0022
   198  196  984  0.0026  0.0023  0.0022
   199  193  985  0.0026  0.0023  0.0022
   200  194  985  0.0026  0.0023  0.0022

     1  348  865  0.0026  0.0024  0.0022
     2  347  866  0.0026  0.0024  0.0022
     3  346  867  0.0026  0.0024  0.0022
     4  346  868  0.0026  0.0024  0.0022
     5  345  869  0.0026  0.0024  0.0022
     6  344  870  0.0026  0.0023  0.0022
     7  343  871  0.0026  0.0024  0.0022
     8  342  872  0.0026  0.0024  0.0022
     9  341  873  0.0026  0.0024  0.0022
    10  341  874  0.0026  0.0023  0.0022
    11  340  875  0.0026  0.0023  0.0022
    12  339  876  0.0026  0.0023  0.0022
    13  337  877  0.0026  0.0023  0.0022
    14  338  877  0.0026  0.0024  0.0022
    15  335  878  0.0026  0.0023  0.0022
    16  336  878  0.0026  0.0023  0.0022
    17  334  879  0.0026  0.0024  0.0022
    18  333  879  0.0026  0.0024  0.0022
    19  332  879  0.0026  0.0023  0.0022
    20  330  880  0.0026  0.0023  0.0022
    21  331  880  0.0026  0.0023  0.0022
    22  328  881  0.0026  0.0023  0.0022
    23  329  881  0.0026  0.0023  0.0022
    24  327  882  0.0026  0.0023  0.0022
    25  326  882  0.0026  0.0023  0.0022
    26  325  882  0.0026  0.0023  0.0022
    27  323  883  0.0026  0.0023  0.0022
    28  324  883  0.0026  0.0023  0.0022
    29  321  884  0.0026  0.0023  0.0022
    30  320  884  0.0026  0.0023  0.0022
    31  319  884  0.0026  0.0023  0.0022
    32  318  884  0.0026  0.0023  0.0022
    33  322  884  0.0026  0.0023  0.0022
    34  317  885  0.0026  0.0023  0.0022
    35  316  885  0.0026  0.0023  0.0022
    36  315  885  0.0026  0.0023  0.0022
    37  314  885  0.0026  0.0023  0.0022
    38  313  885  0.0026  0.0023  0.0022
    39  312  885  0.0026  0.0023  0.0022
    40  311  885  0.0026  0.0023  0.0022
    41  310  885  0.0026  0.0023  0.0022
    42  309  886  0.0026  0.0023  0.0022
    43  308  886  0.0026  0.0023  0.0022
    44  307  886  0.0026  0.0023  0.0022
    45  306  886  0.0026  0.0023  0.0022
    46  305  886  0.0026  0.0023  0.0022
    47  304  886  0.0026  0.0023  0.0022
    48  302  887  0.0026  0.0023  0.0022
    49  303  887  0.0026  0.0023  0.0022
    50  300  888  0.0026  0.0023  0.0022
    51  301  888  0.0026  0.0023  0.0022
    52  299  889  0.0026  0.0023  0.0022
    53  298  889  0.0026  0.0023  0.0022
    54  297  890  0.0026  0.0023  0.0022
    55  295  891  0.0026  0.0023  0.0022
    56  296  891  0.0026  0.0023  0.0022
    57  293  892  0.0026  0.0023  0.0022
    58  294  892  0.0026  0.0023  0.0022
    59  292  893  0.0026  0.0023  0.0022
    60  291  893  0.0026  0.0023  0.0022
    61  289  894  0.0026  0.0023  0.0022
    62  290  894  0.0026  0.0023  0.0022
    63  287  895  0.0026  0.0023  0.0022
    64  286  895  0.0026  0.0023  0.0022
    65  288  895  0.0026  0.0023  0.0022
    66  285  896  0.0026  0.0023  0.0022
    67  284  896  0.0026  0.0023  0.0022
    68  283  896  0.0026  0.0023  0.0022
    69  282  896  0.0026  0.0023  0.0022
    70  280  897  0.0026  0.0023  0.0022
    71  279  897  0.0026  0.0023  0.0022
    72  281  897  0.0026  0.0023  0.0022
    73  278  898  0.0026  0.0023  0.0022
    74  277  898  0.0026  0.0023  0.0022
    75  276  898  0.0026  0.0023  0.0022
    76  274  899  0.0026  0.0023  0.0022
    77  275  899  0.0026  0.0023  0.0022
    78  272  900  0.0026  0.0023  0.0022
    79  273  900  0.0026  0.0023  0.0022
    80  271  901  0.0026  0.0023  0.0022
    81  270  901  0.0026  0.0023  0.0022
    82  268  902  0.0026  0.0023  0.0022
    83  269  902  0.0026  0.0023  0.0022
    84  266  903  0.0026  0.0023  0.0022
    85  265  903  0.0026  0.0023  0.0022
    86  267  903  0.0026  0.0023  0.0022
    87  264  904  0.0026  0.0023  0.0022
    88  263  904  0.0026  0.0023  0.0022
    89  261  905  0.0026  0.0023  0.0022
    90  262  905  0.0026  0.0023  0.0022
    91  259  906  0.0026  0.0023  0.0022
    92  260  906  0.0026  0.0023  0.0022
    93  258  907  0.0026  0.0023  0.0022
    94  257  907  0.0026  0.0023  0.0022
    95  255  908  0.0026  0.0023  0.0022
    96  256  908  0.0026  0.0023  0.0022
    97  253  909  0.0026  0.0023  0.0022
    98  252  909  0.0026  0.0023  0.0022
    99  254  909  0.0026  0.0023  0.0022
   100  251  910  0.0026  0.0023  0.0022
   101  250  910  0.0026  0.0023  0.0022
   102  249  910  0.0026  0.0023  0.0022
   103  248  910  0.0026  0.0023  0.0022
   104  246  911  0.0026  0.0023  0.0022
   105  247  911  0.0026  0.0023  0.0022

     1  393   966  0.0026  0.0023  0.0022
     2  391   967  0.0026  0.0023  0.0022
     3  392   967  0.0026  0.0023  0.0022
     4  390   968  0.0026  0.0023  0.0022
     5  389   969  0.0026  0.0023  0.0022
     6  388   969  0.0026  0.0023  0.0022
     7  387   970  0.0026  0.0023  0.0022
     8  385   971  0.0026  0.0023  0.0022
     9  386   971  0.0026  0.0023  0.0022
    10  384   972  0.0026  0.0023  0.0022
    11  383   972  0.0026  0.0023  0.0022
    12  382   972  0.0026  0.0023  0.0022
    13  381   972  0.0026  0.0023  0.0022
    14  379   973  0.0026  0.0023  0.0022
    15  378   973  0.0026  0.0023  0.0022
    16  377   973  0.0026  0.0023  0.0022
    17  376   973  0.0026  0.0023  0.0022
    18  375   973  0.0026  0.0023  0.0022
    19  380   973  0.0026  0.0023  0.0022
    20  374   974  0.0026  0.0023  0.0022
    21  373   974  0.0026  0.0023  0.0022
    22  372   974  0.0026  0.0023  0.0022
    23  370   975  0.0026  0.0023  0.0022
    24  371   975  0.0026  0.0023  0.0022
    25  369   976  0.0026  0.0023  0.0022
    26  368   976  0.0026  0.0023  0.0022
    27  367   976  0.0026  0.0023  0.0022
    28  365   977  0.0026  0.0023  0.0022
    29  366   977  0.0026  0.0023  0.0022
    30  363   978  0.0026  0.0023  0.0022
    31  364   978  0.0026  0.0023  0.0022
    32  362   979  0.0026  0.0023  0.0022
    33  361   979  0.0026  0.0023  0.0022
    34  360   980  0.0026  0.0023  0.0022
    35  358   981  0.0026  0.0023  0.0022
    36  359   981  0.0026  0.0023  0.0022
    37  357   982  0.0026  0.0023  0.0022
    38  356   983  0.0026  0.0023  0.0022
    39  355   983  0.0026  0.0023  0.0022
    40  353   984  0.0026  0.0023  0.0022
    41  354   984  0.0026  0.0023  0.0022
    42  352   985  0.0026  0.0023  0.0022
    43  351   986  0.0026  0.0023  0.0022
    44  350   986  0.0026  0.0023  0.0022
    45  349   987  0.0026  0.0023  0.0022
    46  347   988  0.0026  0.0023  0.0022
    47  348   988  0.0026  0.0023  0.0022
    48  345   989  0.0026  0.0023  0.0022
    49  346   989  0.0026  0.0023  0.0022
    50  344   990  0.0026  0.0023  0.0022
    51  342   991  0.0026  0.0023  0.0022
    52  343   991  0.0026  0.0023  0.0022
    53  340   992  0.0026  0.0023  0.0022
    54  341   992  0.0026  0.0023  0.0022
    55  339   993  0.0026  0.0023  0.0022
    56  338   993  0.0026  0.0023  0.0022
    57  336   994  0.0026  0.0023  0.0022
    58  337   994  0.0026  0.0023  0.0022
    59  334   995  0.0026  0.0023  0.0022
    60  335   995  0.0026  0.0023  0.0022
    61  333   996  0.0026  0.0023  0.0022
    62  332   996  0.0026  0.0023  0.0022
    63  331   997  0.0026  0.0023  0.0022
    64  329   998  0.0026  0.0023  0.0022
    65  330   998  0.0026  0.0023  0.0022
    66  328   999  0.0026  0.0023  0.0022
    67  326  1000  0.0026  0.0023  0.0022
    68  327  1000  0.0026  0.0023  0.0022
    69  324  1001  0.0026  0.0023  0.0022
    70  325  1001  0.0026  0.0023  0.0022
    71  323  1002  0.0026  0.0023  0.0022
    72  322  1003  0.0026  0.0023  0.0022
    73  321  1003  0.0026  0.0023  0.0022
    74  320  1004  0.0026  0.0023  0.0022
    75  318  1005  0.0026  0.0023  0.0022
    76  319  1005  0.0026  0.0023  0.0022
    77  317  1006  0.0026  0.0023  0.0022
    78  316  1006  0.0026  0.0023  0.0022
    79  315  1007  0.0026  0.0023  0.0022
    80  313  1008  0.0026  0.0023  0.0022
    81  314  1008  0.0026  0.0023  0.0022
    82  312  1009  0.0026  0.0023  0.0022
    83  311  1009  0.0026  0.0023  0.0022
    84  309  1010  0.0026  0.0023  0.0022
    85  310  1010  0.0026  0.0023  0.0022
    86  307  1011  0.0026  0.0023  0.0022
    87  308  1011  0.0026  0.0023  0.0022
    88  306  1012  0.0026  0.0023  0.0022
    89  305  1012  0.0026  0.0023  0.0022
    90  303  1013  0.0026  0.0023  0.0022
    91  304  1013  0.0026  0.0023  0.0022
    92  301  1014  0.0026  0.0023  0.0022
    93  302  1014  0.0026  0.0023  0.0022
    94  299  1015  0.0026  0.0023  0.0022
    95  300  1015  0.0026  0.0023  0.0022
    96  297  1016  0.0026  0.0023  0.0022
    97  298  1016  0.0026  0.0023  0.0022
    98  296  1017  0.0026  0.0023  0.0022
    99  295  1017  0.0026  0.0023  0.0022
   100  294  1018  0.0026  0.0023  0.0022
   101  293  1019  0.0026  0.0023  0.0022
   102  291  1020  0.0026  0.0023  0.0022
   103  292  1020  0.0026  0.0023  0.0022
   104  290  1021  0.0026  0.0023  0.0022
   105  289  1022  0.0026  0.0023  0.0022
   106  287  1023  0.0026  0.0023  0.0022
   107  288  1023  0.0026  0.0023  0.0022
   108  286  1024  0.0026  0.0023  0.0022
   109  285  1024  0.0026  0.0023  0.0022
   110  284  1024  0.0026  0.0023  0.0022
   111  282  1025  0.0026  0.0023  0.0022
   112  281  1025  0.0026  0.0023  0.0022
   113  283  1025  0.0026  0.0023  0.0022
   114  280  1026  0.0026  0.0023  0.0022
   115  279  1026  0.0026  0.0023  0.0022
   116  278  1026  0.0026  0.0023  0.0022
   117  276  1027  0.0026  0.0023  0.0022
   118  275  1027  0.0026  0.0023  0.0022
   119  277  1027  0.0026  0.0023  0.0022
   120  274  1028  0.0026  0.0023  0.0022
   121  273  1028  0.0026  0.0023  0.0022
   122  271  1029  0.0026  0.0023  0.0022
   123  272  1029  0.0026  0.0023  0.0022
   124  269  1030  0.0026  0.0023  0.0022
   125  270  1030  0.0026  0.0023  0.0022
   126  268  1031  0.0026  0.0023  0.0022
   127  267  1031  0.0026  0.0023  0.0022
   128  266  1031  0.0026  0.0023  0.0022
   129  264  1032  0.0026  0.0022  0.0022
   130  265  1032  0.0026  0.0023  0.0022
   131  263  1033  0.0026  0.0023  0.0022
   132  262  1033  0.0026  0.0023  0.0022
   133  260  1034  0.0026  0.0023  0.0022
   134  261  1034  0.0026  0.0022  0.0022
   135  258  1035  0.0026  0.0022  0.0022
   136  257  1035  0.0026  0.0023  0.0022
   137  259  1035  0.0026  0.0023  0.0022
   138  256  1036  0.0026  0.0022  0.0022
   139  255  1036  0.0026  0.0022  0.0022
   140  253  1037  0.0026  0.0022  0.0022
   141  252  1037  0.0026  0.0022  0.0022
   142  254  1037  0.0026  0.0022  0.0022
   143  251  1038  0.0026  0.0022  0.0022
   144  250  1038  0.0026  0.0022  0.0022
   145  249  1038  0.0026  0.0022  0.0022
   146  247  1039  0.0026  0.0022  0.0022
   147  248  1039  0.0026  0.0023  0.0022
   148  245  1040  0.0026  0.0022  0.0022
   149  244  1040  0.0026  0.0022  0.0022
   150  246  1040  0.0026  0.0022  0.0022
   151  242  1041  0.0026  0.0022  0.0022
   152  241  1041  0.0026  0.0022  0.0022
   153  243  1041  0.0026  0.0022  0.0022
   154  240  1042  0.0026  0.0023  0.0022
   155  239  1042  0.0026  0.0022  0.0022
   156  238  1042  0.0026  0.0022  0.0022
   157  236  1043  0.0026  0.0022  0.0022
   158  235  1043  0.0026  0.0022  0.0022
   159  234  1043  0.0026  0.0022  0.0022
   160  237  1043  0.0026  0.0022  0.0022
   161  232  1044  0.0026  0.0022  0.0022
   162  231  1044  0.0026  0.0022  0.0022
   163  233  1044  0.0026  0.0022  0.0022
   164  230  1045  0.0026  0.0022  0.0022
   165  229  1045  0.0026  0.0022  0.0022
   166  228  1045  0.0026  0.0022  0.0022
   167  227  1045  0.0026  0.0022  0.0022
   168  225  1046  0.0026  0.0022  0.0022
   169  224  1046  0.0026  0.0022  0.0022
   170  223  1046  0.0026  0.0022  0.0022
   171  226  1046  0.0026  0.0022  0.0022
   172  221  1047  0.0026  0.0022  0.0022
   173  220  1047  0.0026  0.0022  0.0022
   174  222  1047  0.0026  0.0022  0.0022

    1  672   976  0.0025  0.0024  0.0022
    2  671   977  0.0025  0.0024  0.0022
    3  671   978  0.0026  0.0024  0.0022
    4  670   979  0.0025  0.0024  0.0022
    5  669   980  0.0025  0.0024  0.0022
    6  669   981  0.0025  0.0024  0.0022
    7  668   982  0.0025  0.0024  0.0022
    8  668   983  0.0025  0.0024  0.0022
    9  667   984  0.0025  0.0024  0.0022
   10  666   985  0.0025  0.0024  0.0022
   11  666   986  0.0025  0.0024  0.0022
   12  665   987  0.0025  0.0024  0.0022
   13  664   988  0.0025  0.0024  0.0022
   14  664   989  0.0025  0.0024  0.0022
   15  663   990  0.0025  0.0024  0.0022
   16  662   991  0.0025  0.0024  0.0022
   17  662   992  0.0025  0.0024  0.0022
   18  661   993  0.0025  0.0024  0.0022
   19  660   994  0.0025  0.0024  0.0022
   20  659   995  0.0025  0.0024  0.0022
   21  659   996  0.0025  0.0024  0.0022
   22  658   997  0.0025  0.0024  0.0022
   23  657   998  0.0025  0.0024  0.0022
   24  656   999  0.0025  0.0024  0.0022
   25  656  1000  0.0025  0.0024  0.0022
   26  655  1001  0.0025  0.0024  0.0022
   27  654  1002  0.0025  0.0024  0.0022
   28  653  1003  0.0025  0.0024  0.0022
   29  653  1004  0.0025  0.0024  0.0022
   30  652  1005  0.0025  0.0024  0.0022
   31  651  1006  0.0025  0.0024  0.0022
   32  650  1007  0.0025  0.0024  0.0022
   33  649  1008  0.0025  0.0024  0.0022
   34  648  1009  0.0025  0.0024  0.0022
   35  647  1010  0.0025  0.0024  0.0022
   36  646  1011  0.0025  0.0024  0.0022
   37  645  1012  0.0025  0.0024  0.0022
   38  644  1013  0.0025  0.0024  0.0022
   39  643  1014  0.0025  0.0024  0.0022
   40  642  1015  0.0025  0.0024  0.0022
   41  641  1016  0.0025  0.0024  0.0022
   42  640  1017  0.0025  0.0024  0.0022
   43  639  1018  0.0025  0.0024  0.0022
   44  638  1019  0.0025  0.0024  0.0022
   45  637  1020  0.0025  0.0024  0.0022
   46  636  1021  0.0025  0.0024  0.0022
   47  635  1022  0.0025  0.0023  0.0022
   48  634  1023  0.0025  0.0023  0.0022
   49  633  1024  0.0025  0.0023  0.0022
   50  632  1025  0.0025  0.0023  0.0022
   51  631  1026  0.0025  0.0023  0.0022
   52  630  1027  0.0025  0.0023  0.0022
   53  629  1028  0.0025  0.0023  0.0022
   54  628  1029  0.0025  0.0023  0.0022
   55  627  1030  0.0025  0.0023  0.0022
   56  626  1031  0.0025  0.0023  0.0022
   57  625  1032  0.0025  0.0023  0.0022
   58  624  1033  0.0025  0.0023  0.0022
   59  623  1034  0.0025  0.0023  0.0022
   60  622  1035  0.0025  0.0023  0.0022
   61  621  1036  0.0025  0.0023  0.0022
   62  620  1037  0.0025  0.0023  0.0022
   63  619  1038  0.0025  0.0023  0.0022
   64  618  1039  0.0025  0.0023  0.0022

     1  491  1127  0.0025  0.0023  0.0022
     2  492  1127  0.0025  0.0023  0.0022
     3  489  1128  0.0025  0.0023  0.0022
     4  490  1128  0.0025  0.0023  0.0022
     5  487  1129  0.0025  0.0023  0.0022
     6  488  1129  0.0025  0.0023  0.0022
     7  486  1130  0.0025  0.0023  0.0022
     8  485  1130  0.0025  0.0023  0.0022
     9  484  1130  0.0025  0.0023  0.0022
    10  482  1131  0.0025  0.0023  0.0022
    11  483  1131  0.0025  0.0023  0.0022
    12  480  1132  0.0025  0.0023  0.0022
    13  479  1132  0.0025  0.0022  0.0022
    14  481  1132  0.0025  0.0023  0.0022
    15  478  1133  0.0025  0.0023  0.0022
    16  477  1133  0.0025  0.0022  0.0022
    17  475  1134  0.0025  0.0023  0.0022
    18  476  1134  0.0025  0.0022  0.0022
    19  473  1135  0.0025  0.0023  0.0022
    20  474  1135  0.0025  0.0023  0.0022
    21  471  1136  0.0025  0.0022  0.0022
    22  472  1136  0.0025  0.0023  0.0022
    23  470  1137  0.0025  0.0022  0.0022
    24  469  1137  0.0025  0.0023  0.0022
    25  468  1137  0.0025  0.0023  0.0022
    26  466  1138  0.0025  0.0022  0.0022
    27  467  1138  0.0025  0.0022  0.0022
    28  464  1139  0.0025  0.0023  0.0022
    29  465  1139  0.0025  0.0023  0.0022
    30  463  1140  0.0025  0.0022  0.0022
    31  462  1140  0.0025  0.0022  0.0022
    32  461  1140  0.0025  0.0023  0.0022
    33  460  1140  0.0025  0.0023  0.0022
    34  459  1140  0.0025  0.0022  0.0022
    35  458  1140  0.0025  0.0023  0.0022
    36  457  1140  0.0025  0.0023  0.0022
    37  456  1140  0.0025  0.0023  0.0022
    38  455  1140  0.0025  0.0023  0.0022
    39  454  1140  0.0025  0.0023  0.0022
    40  453  1140  0.0025  0.0022  0.0022
    41  452  1140  0.0025  0.0022  0.0022
    42  451  1140  0.0025  0.0022  0.0022
    43  450  1140  0.0025  0.0023  0.0022
    44  449  1140  0.0025  0.0023  0.0022
    45  448  1140  0.0025  0.0022  0.0022
    46  447  1140  0.0025  0.0022  0.0022
    47  446  1140  0.0025  0.0022  0.0022
    48  445  1140  0.0025  0.0023  0.0022
    49  444  1140  0.0025  0.0022  0.0022
    50  443  1140  0.0025  0.0023  0.0022
    51  442  1140  0.0025  0.0023  0.0022
    52  441  1140  0.0025  0.0022  0.0022
    53  440  1140  0.0025  0.0022  0.0022
    54  439  1140  0.0025  0.0023  0.0022
    55  438  1140  0.0025  0.0022  0.0022
    56  437  1140  0.0025  0.0022  0.0022
    57  435  1141  0.0025  0.0023  0.0022
    58  434  1141  0.0025  0.0023  0.0022
    59  433  1141  0.0025  0.0022  0.0022
    60  432  1141  0.0025  0.0023  0.0022
    61  431  1141  0.0025  0.0023  0.0022
    62  430  1141  0.0025  0.0022  0.0022
    63  429  1141  0.0025  0.0022  0.0022
    64  436  1141  0.0025  0.0022  0.0022
    65  428  1142  0.0025  0.0022  0.0022
    66  427  1142  0.0025  0.0022  0.0022
    67  426  1142  0.0025  0.0022  0.0022
    68  423  1142  0.0025  0.0022  0.0022
    69  424  1142  0.0025  0.0022  0.0022
    70  425  1142  0.0025  0.0022  0.0022
    71  421  1143  0.0025  0.0022  0.0022
    72  420  1143  0.0025  0.0022  0.0022
    73  419  1143  0.0025  0.0022  0.0022
    74  422  1143  0.0025  0.0022  0.0022
    75  418  1144  0.0025  0.0022  0.0022
    76  417  1144  0.0025  0.0022  0.0022
    77  416  1144  0.0025  0.0022  0.0022
    78  415  1144  0.0025  0.0022  0.0022
    79  413  1145  0.0025  0.0022  0.0022
    80  412  1145  0.0025  0.0022  0.0022
    81  411  1145  0.0025  0.0022  0.0022
    82  414  1145  0.0025  0.0022  0.0022

     1  158   986  0.0026  0.0022  0.0022
     2  157   987  0.0026  0.0022  0.0022
     3  155   988  0.0026  0.0023  0.0022
     4  156   988  0.0026  0.0023  0.0022
     5  154   989  0.0026  0.0023  0.0022
     6  152   990  0.0026  0.0023  0.0022
     7  153   990  0.0026  0.0023  0.0022
     8  151   991  0.0026  0.0023  0.0022
     9  150   991  0.0026  0.0023  0.0022
    10  148   992  0.0026  0.0023  0.0022
    11  147   992  0.0026  0.0022  0.0022
    12  149   992  0.0026  0.0023  0.0022
    13  145   993  0.0026  0.0023  0.0022
    14  146   993  0.0026  0.0022  0.0022
    15  143   994  0.0026  0.0023  0.0022
    16  142   994  0.0026  0.0022  0.0022
    17  144   994  0.0026  0.0022  0.0022
    18  141   995  0.0026  0.0023  0.0022
    19  140   995  0.0026  0.0023  0.0022
    20  139   995  0.0026  0.0022  0.0022
    21  137   996  0.0026  0.0023  0.0022
    22  138   996  0.0026  0.0023  0.0022
    23  135   997  0.0026  0.0023  0.0022
    24  134   997  0.0026  0.0023  0.0022
    25  136   997  0.0026  0.0022  0.0022
    26  132   998  0.0026  0.0022  0.0021
    27  131   998  0.0026  0.0022  0.0022
    28  133   998  0.0026  0.0022  0.0022
    29  130   999  0.0026  0.0022  0.0022
    30  129   999  0.0026  0.0022  0.0022
    31  128   999  0.0026  0.0022  0.0022
    32  126  1000  0.0026  0.0022  0.0021
    33  125  1000  0.0026  0.0022  0.0021
    34  127  1000  0.0026  0.0022  0.0022
    35  123  1001  0.0026  0.0022  0.0021
    36  122  1001  0.0026  0.0022  0.0021
    37  124  1001  0.0026  0.0022  0.0021
    38  121  1002  0.0026  0.0022  0.0022
    39  120  1002  0.0026  0.0022  0.0021
    40  119  1002  0.0026  0.0022  0.0021
    41  117  1003  0.0026  0.0022  0.0021
    42  116  1003  0.0026  0.0022  0.0021
    43  118  1003  0.0026  0.0022  0.0021
    44  114  1004  0.0026  0.0022  0.0021
    45  113  1004  0.0026  0.0022  0.0021
    46  115  1004  0.0026  0.0022  0.0021
    47  112  1005  0.0026  0.0022  0.0021
    48  111  1005  0.0026  0.0022  0.0021
    49  110  1005  0.0026  0.0022  0.0021
    50  108  1006  0.0026  0.0022  0.0021
    51  107  1006  0.0026  0.0022  0.0021
    52  109  1006  0.0026  0.0022  0.0021
    53  105  1007  0.0026  0.0022  0.0021
    54  104  1007  0.0026  0.0022  0.0021
    55  106  1007  0.0026  0.0022  0.0021
    56  102  1008  0.0026  0.0022  0.0021
    57  103  1008  0.0026  0.0022  0.0021
    58  101  1009  0.0026  0.0022  0.0021
    59  100  1009  0.0026  0.0022  0.0021
    60   99  1009  0.0026  0.0022  0.0021
    61   97  1010  0.0026  0.0022  0.0021
    62   96  1010  0.0026  0.0022  0.0021
    63   98  1010  0.0026  0.0022  0.0021
    64   94  1011  0.0026  0.0022  0.0021
    65   95  1011  0.0026  0.0022  0.0021
    66   93  1012  0.0026  0.0022  0.0021
    67   92  1012  0.0026  0.0022  0.0021
    68   91  1012  0.0026  0.0022  0.0021
    69   89  1013  0.0026  0.0022  0.0021
    70   88  1013  0.0026  0.0022  0.0021
    71   90  1013  0.0026  0.0022  0.0021
    72   86  1014  0.0026  0.0023  0.0022
    73   85  1014  0.0026  0.0022  0.0021
    74   87  1014  0.0026  0.0022  0.0021
    75   84  1015  0.0026  0.0022  0.0021
    76   83  1015  0.0026  0.0022  0.0021
    77   81  1015  0.0026  0.0022  0.0021
    78   82  1015  0.0026  0.0022  0.0021
    79   79  1016  0.0026  0.0022  0.0021
    80   78  1016  0.0026  0.0022  0.0021
    81   80  1016  0.0026  0.0022  0.0021
    82   76  1017  0.0026  0.0022  0.0021
    83   75  1017  0.0026  0.0022  0.0021
    84   77  1017  0.0026  0.0022  0.0021
    85   73  1018  0.0026  0.0022  0.0021
    86   74  1018  0.0026  0.0022  0.0021
    87   72  1019  0.0026  0.0022  0.0021
    88   71  1019  0.0026  0.0022  0.0021
    89   69  1020  0.0026  0.0022  0.0021
    90   70  1020  0.0026  0.0022  0.0021
    91   67  1021  0.0026  0.0022  0.0021
    92   68  1021  0.0026  0.0022  0.0021
    93   65  1022  0.0026  0.0022  0.0021
    94   64  1022  0.0026  0.0022  0.0021
    95   66  1022  0.0026  0.0022  0.0021
    96   63  1023  0.0026  0.0022  0.0021
    97   62  1023  0.0026  0.0022  0.0021
    98   61  1023  0.0026  0.0022  0.0021
    99   59  1024  0.0026  0.0022  0.0021
   100   58  1024  0.0026  0.0022  0.0021
   101   60  1024  0.0026  0.0022  0.0021
   102   56  1025  0.0026  0.0022  0.0021
   103   57  1025  0.0026  0.0022  0.0021
   104   54  1026  0.0026  0.0022  0.0021
   105   53  1026  0.0026  0.0022  0.0021
   106   55  1026  0.0026  0.0022  0.0021
   107   52  1027  0.0026  0.0022  0.0021
   108   51  1027  0.0026  0.0022  0.0021
   109   50  1027  0.0026  0.0022  0.0021
   110   48  1028  0.0026  0.0022  0.0021
   111   47  1028  0.0026  0.0022  0.0021
   112   49  1028  0.0026  0.0022  0.0021
   113   45  1029  0.0026  0.0022  0.0021
   114   46  1029  0.0026  0.0022  0.0021
   115   44  1030  0.0026  0.0022  0.0021
   116   43  1030  0.0026  0.0022  0.0021
   117   42  1030  0.0026  0.0022  0.0021
   118   40  1031  0.0026  0.0022  0.0021
   119   41  1031  0.0026  0.0022  0.0021
   120   38  1032  0.0026  0.0022  0.0021
   121   37  1032  0.0026  0.0022  0.0021
   122   39  1032  0.0026  0.0022  0.0021
   123   35  1033  0.0026  0.0022  0.0021
   124   34  1033  0.0026  0.0022  0.0021
   125   36  1033  0.0026  0.0022  0.0021
   126   33  1034  0.0026  0.0022  0.0021
   127   32  1034  0.0026  0.0022  0.0021
   128   30  1035  0.0026  0.0022  0.0022
   129   31  1035  0.0027  0.0022  0.0022
   130   28  1036  0.0026  0.0022  0.0021
   131   29  1036  0.0026  0.0022  0.0022
   132   27  1037  0.0027  0.0022  0.0022
   135   24  1039  0.0026  0.0022  0.0021
   136   23  1040  0.0026  0.0022  0.0021
   137   22  1040  0.0026  0.0022  0.0021
   138   21  1041  0.0026  0.0022  0.0021

     1  231  730  0.0027  0.0024  0.0022
     2  230  731  0.0027  0.0024  0.0022
     3  229  732  0.0027  0.0024  0.0022
     4  227  733  0.0027  0.0024  0.0022
     5  228  733  0.0027  0.0024  0.0022
     6  226  734  0.0027  0.0024  0.0022
     7  225  735  0.0027  0.0024  0.0022
     8  224  736  0.0027  0.0024  0.0022
     9  223  736  0.0027  0.0024  0.0022
    10  221  737  0.0027  0.0024  0.0022
    11  222  737  0.0027  0.0024  0.0022
    12  220  738  0.0027  0.0024  0.0022
    13  218  739  0.0027  0.0024  0.0022
    14  219  739  0.0027  0.0024  0.0022
    15  216  740  0.0027  0.0024  0.0022
    16  217  740  0.0027  0.0024  0.0022
    17  215  741  0.0027  0.0024  0.0022
    18  214  741  0.0027  0.0024  0.0022
    19  213  742  0.0027  0.0024  0.0022
    20  212  743  0.0027  0.0024  0.0022
    21  210  744  0.0027  0.0024  0.0022
    22  211  744  0.0027  0.0024  0.0022
    23  209  745  0.0027  0.0024  0.0022
    24  208  746  0.0027  0.0024  0.0022
    25  207  747  0.0027  0.0024  0.0022
    26  206  748  0.0027  0.0024  0.0022
    27  204  749  0.0027  0.0024  0.0022
    28  205  749  0.0027  0.0024  0.0022
    29  203  750  0.0027  0.0024  0.0022
    30  202  751  0.0027  0.0024  0.0022
    31  201  752  0.0027  0.0024  0.0022
    32  200  753  0.0027  0.0024  0.0022
    33  199  754  0.0027  0.0024  0.0022
    34  197  755  0.0027  0.0024  0.0022
    35  198  755  0.0027  0.0024  0.0022
    36  196  756  0.0027  0.0024  0.0022
    37  195  757  0.0027  0.0024  0.0022
    38  194  758  0.0027  0.0024  0.0022
    39  193  759  0.0027  0.0024  0.0022
    40  192  760  0.0027  0.0024  0.0022
    41  191  761  0.0027  0.0024  0.0021
    42  190  762  0.0027  0.0024  0.0021
    43  189  763  0.0027  0.0024  0.0021
    44  189  764  0.0027  0.0024  0.0021
    45  188  765  0.0027  0.0024  0.0021
    46  187  766  0.0027  0.0024  0.0021
    47  186  767  0.0027  0.0024  0.0021
    48  185  768  0.0027  0.0024  0.0021
    49  184  769  0.0027  0.0024  0.0021
    50  183  769  0.0027  0.0024  0.0021
    51  181  770  0.0027  0.0024  0.0021
    52  182  770  0.0027  0.0024  0.0021
    53  179  771  0.0027  0.0024  0.0021
    54  180  771  0.0027  0.0024  0.0021
    55  177  772  0.0027  0.0024  0.0021
    56  178  772  0.0027  0.0024  0.0021
    57  176  773  0.0027  0.0024  0.0021
    58  175  773  0.0027  0.0024  0.0021
    59  173  774  0.0027  0.0024  0.0021
    60  172  774  0.0027  0.0024  0.0021
    61  174  774  0.0027  0.0024  0.0021
    62  171  775  0.0027  0.0024  0.0021
    63  170  775  0.0027  0.0024  0.0021
    64  169  775  0.0027  0.0024  0.0021
    65  167  776  0.0027  0.0024  0.0021
    66  166  776  0.0027  0.0024  0.0021
    67  165  776  0.0027  0.0024  0.0021
    68  168  776  0.0027  0.0024  0.0021
    69  164  777  0.0027  0.0024  0.0021
    70  163  777  0.0027  0.0024  0.0021
    71  162  777  0.0027  0.0024  0.0021
    72  160  778  0.0027  0.0024  0.0021
    73  159  778  0.0027  0.0024  0.0021
    74  161  778  0.0027  0.0024  0.0021
    75  158  779  0.0027  0.0024  0.0021
    76  157  779  0.0027  0.0024  0.0021
    77  156  779  0.0027  0.0024  0.0021
    78  155  779  0.0027  0.0024  0.0021
    79  153  780  0.0027  0.0024  0.0021
    80  152  780  0.0027  0.0024  0.0021
    81  154  780  0.0027  0.0024  0.0021
    82  150  781  0.0027  0.0024  0.0021
    83  149  781  0.0027  0.0024  0.0021
    84  151  781  0.0027  0.0024  0.0021
    85  148  782  0.0027  0.0023  0.0021
    86  147  782  0.0027  0.0023  0.0021
    87  146  782  0.0027  0.0023  0.0021
    88  145  782  0.0027  0.0023  0.0021
    89  143  783  0.0027  0.0023  0.0021
    90  142  783  0.0027  0.0023  0.0021
    91  144  783  0.0027  0.0023  0.0021
    92  141  784  0.0027  0.0023  0.0021
    93  140  784  0.0027  0.0023  0.0021
    94  139  784  0.0027  0.0023  0.0021
    95  137  785  0.0027  0.0023  0.0021
    96  136  785  0.0027  0.0024  0.0021
    97  135  785  0.0027  0.0024  0.0021
    98  138  785  0.0027  0.0023  0.0021
    99  134  786  0.0027  0.0023  0.0021
   100  133  786  0.0027  0.0024  0.0021
   101  132  786  0.0027  0.0023  0.0021
   102  131  786  0.0027  0.0023  0.0021
   103  129  787  0.0027  0.0023  0.0021
   104  128  787  0.0027  0.0023  0.0021
   105  127  787  0.0027  0.0023  0.0021
   106  130  787  0.0027  0.0023  0.0021
   107  126  788  0.0027  0.0023  0.0021
   108  125  788  0.0027  0.0023  0.0021
   109  124  788  0.0027  0.0023  0.0021
   110  122  789  0.0027  0.0023  0.0021
   111  121  789  0.0027  0.0023  0.0021
   112  120  789  0.0027  0.0023  0.0021
   113  123  789  0.0027  0.0023  0.0021
   114  119  790  0.0027  0.0023  0.0021
   115  118  790  0.0027  0.0023  0.0021
   116  117  790  0.0027  0.0023  0.0021
   117  116  790  0.0027  0.0023  0.0021
   118  114  791  0.0027  0.0023  0.0021
   119  113  791  0.0027  0.0023  0.0021
   120  112  791  0.0027  0.0023  0.0021
   121  115  791  0.0027  0.0023  0.0021
   122  110  792  0.0027  0.0023  0.0021
   123  111  792  0.0027  0.0023  0.0021

    1  313  612  0.0028  0.0025  0.0022
    2  313  613  0.0028  0.0025  0.0022
    3  313  614  0.0028  0.0025  0.0022
    4  312  615  0.0028  0.0025  0.0022
    5  312  616  0.0028  0.0025  0.0022
    6  312  617  0.0028  0.0025  0.0022
    7  312  618  0.0028  0.0025  0.0022
    8  312  619  0.0028  0.0025  0.0022
    9  311  620  0.0028  0.0025  0.0022
   10  311  621  0.0028  0.0025  0.0022
   11  311  622  0.0028  0.0025  0.0022
   12  311  623  0.0028  0.0025  0.0022
   13  310  624  0.0028  0.0025  0.0022
   14  310  625  0.0028  0.0025  0.0022
   15  310  626  0.0028  0.0025  0.0022
   16  310  627  0.0028  0.0025  0.0022
   17  309  628  0.0028  0.0025  0.0022
   18  309  629  0.0028  0.0025  0.0022
   19  308  630  0.0028  0.0025  0.0022
   20  307  631  0.0028  0.0025  0.0022
   21  306  631  0.0028  0.0025  0.0022
   22  305  632  0.0028  0.0025  0.0022
   23  303  633  0.0028  0.0025  0.0022
   24  304  633  0.0028  0.0025  0.0022
   25  302  634  0.0028  0.0025  0.0022
   26  301  634  0.0028  0.0025  0.0022
   27  299  635  0.0028  0.0025  0.0022
   28  300  635  0.0028  0.0025  0.0022
   29  297  636  0.0028  0.0025  0.0022
   30  298  636  0.0028  0.0025  0.0022
   31  296  637  0.0028  0.0025  0.0022
   32  295  637  0.0027  0.0025  0.0022
   33  293  638  0.0027  0.0025  0.0022
   34  294  638  0.0028  0.0025  0.0022
   35  291  639  0.0028  0.0025  0.0022
   36  292  639  0.0028  0.0025  0.0022
   37  289  640  0.0028  0.0025  0.0022
   38  290  640  0.0028  0.0025  0.0022
   39  287  641  0.0028  0.0025  0.0022
   40  288  641  0.0028  0.0025  0.0022
   41  286  642  0.0028  0.0025  0.0022
   42  285  642  0.0028  0.0025  0.0022
   43  283  643  0.0028  0.0025  0.0022
   44  284  643  0.0028  0.0025  0.0022
   45  281  644  0.0028  0.0025  0.0022
   46  282  644  0.0028  0.0025  0.0022
   47  280  645  0.0028  0.0025  0.0022
   48  279  645  0.0028  0.0025  0.0022
   49  278  646  0.0028  0.0025  0.0022
   50  277  647  0.0028  0.0025  0.0022
   51  276  648  0.0028  0.0025  0.0022
   52  275  649  0.0028  0.0025  0.0022
   53  273  650  0.0028  0.0025  0.0022
   54  274  650  0.0028  0.0025  0.0022
   55  272  651  0.0027  0.0025  0.0022
   56  271  652  0.0027  0.0025  0.0022
   57  270  653  0.0027  0.0025  0.0022
   58  269  653  0.0027  0.0025  0.0022
   59  268  654  0.0028  0.0025  0.0022
   60  267  655  0.0027  0.0024  0.0022
   61  266  656  0.0027  0.0025  0.0022
   62  266  657  0.0027  0.0025  0.0022
   63  265  658  0.0028  0.0025  0.0022
   64  264  659  0.0027  0.0025  0.0022
   65  264  660  0.0027  0.0025  0.0022
   66  264  661  0.0027  0.0025  0.0022
   67  263  662  0.0028  0.0025  0.0022
   68  263  663  0.0027  0.0025  0.0022
   69  263  664  0.0027  0.0025  0.0022
   70  262  665  0.0027  0.0025  0.0022
   71  261  666  0.0028  0.0024  0.0022
   72  261  667  0.0027  0.0024  0.0022
   73  260  668  0.0027  0.0024  0.0022
   74  259  669  0.0027  0.0025  0.0022
   75  258  670  0.0027  0.0024  0.0022
   76  257  671  0.0028  0.0024  0.0022
   77  256  672  0.0027  0.0024  0.0022
   78  256  673  0.0027  0.0024  0.0022
   79  255  674  0.0028  0.0024  0.0022
   80  254  675  0.0028  0.0024  0.0022

     1  536  586  0.0028  0.0026  0.0022
     2  535  587  0.0028  0.0026  0.0022
     3  535  588  0.0028  0.0026  0.0022
     4  534  589  0.0028  0.0026  0.0022
     5  533  590  0.0028  0.0026  0.0022
     6  532  591  0.0028  0.0026  0.0022
     7  532  592  0.0028  0.0026  0.0022
     8  531  593  0.0028  0.0026  0.0022
     9  530  594  0.0028  0.0026  0.0022
    10  529  595  0.0028  0.0026  0.0022
    11  529  596  0.0028  0.0026  0.0022
    12  528  597  0.0028  0.0026  0.0022
    13  527  598  0.0028  0.0026  0.0022
    14  526  599  0.0028  0.0026  0.0022
    15  526  600  0.0028  0.0026  0.0022
    16  525  601  0.0028  0.0026  0.0022
    17  523  602  0.0028  0.0026  0.0022
    18  522  602  0.0028  0.0026  0.0022
    19  521  602  0.0028  0.0026  0.0022
    20  524  602  0.0028  0.0026  0.0022
    21  520  603  0.0028  0.0026  0.0022
    22  519  603  0.0028  0.0026  0.0022
    23  518  603  0.0028  0.0026  0.0022
    24  517  603  0.0028  0.0026  0.0022
    25  516  603  0.0028  0.0026  0.0022
    26  515  603  0.0028  0.0026  0.0022
    27  513  604  0.0028  0.0026  0.0022
    28  512  604  0.0028  0.0026  0.0022
    29  514  604  0.0028  0.0026  0.0022
    30  511  605  0.0028  0.0026  0.0022
    31  510  606  0.0028  0.0026  0.0022
    32  509  606  0.0028  0.0026  0.0022
    33  508  607  0.0028  0.0026  0.0022
    34  506  608  0.0028  0.0026  0.0022
    35  507  608  0.0028  0.0026  0.0022
    36  505  609  0.0028  0.0026  0.0022
    37  504  609  0.0028  0.0026  0.0022
    38  502  610  0.0028  0.0026  0.0022
    39  503  610  0.0028  0.0026  0.0022
    40  500  611  0.0028  0.0026  0.0022
    41  501  611  0.0028  0.0026  0.0022
    42  498  612  0.0028  0.0026  0.0022
    43  499  612  0.0028  0.0025  0.0022
    44  496  613  0.0028  0.0026  0.0022
    45  497  613  0.0028  0.0025  0.0022
    46  495  614  0.0027  0.0026  0.0022
    47  494  614  0.0028  0.0025  0.0022
    48  493  614  0.0027  0.0025  0.0022
    49  492  614  0.0027  0.0026  0.0022
    50  491  614  0.0027  0.0026  0.0022
    51  490  614  0.0027  0.0026  0.0022
    52  489  614  0.0028  0.0025  0.0022
    53  488  614  0.0027  0.0025  0.0022
    54  487  614  0.0028  0.0025  0.0022
    55  486  614  0.0028  0.0026  0.0022
    56  485  614  0.0028  0.0025  0.0022
    57  484  614  0.0028  0.0026  0.0022
    58  483  614  0.0028  0.0025  0.0022
    59  482  614  0.0028  0.0025  0.0022
    60  481  614  0.0028  0.0026  0.0022
    61  480  614  0.0028  0.0026  0.0022
    62  479  614  0.0028  0.0025  0.0022
    63  446  614  0.0028  0.0025  0.0022
    64  447  614  0.0028  0.0025  0.0022
    65  448  614  0.0028  0.0025  0.0022
    66  449  614  0.0028  0.0025  0.0022
    67  450  614  0.0028  0.0025  0.0022
    68  451  614  0.0027  0.0025  0.0022
    69  452  614  0.0028  0.0025  0.0022
    70  453  614  0.0028  0.0025  0.0022
    71  454  614  0.0027  0.0025  0.0022
    72  455  614  0.0028  0.0025  0.0022
    73  456  614  0.0028  0.0025  0.0022
    74  457  614  0.0027  0.0025  0.0022
    75  466  614  0.0028  0.0025  0.0022
    76  465  614  0.0028  0.0025  0.0022
    77  464  614  0.0028  0.0025  0.0022
    78  463  614  0.0027  0.0025  0.0022
    79  462  614  0.0027  0.0025  0.0022
    80  461  614  0.0027  0.0025  0.0022
    81  460  614  0.0028  0.0025  0.0022
    82  459  614  0.0028  0.0025  0.0022
    83  458  614  0.0027  0.0025  0.0022
    84  467  615  0.0028  0.0025  0.0022
    85  468  615  0.0028  0.0025  0.0022
    86  469  615  0.0027  0.0025  0.0022
    87  470  615  0.0028  0.0025  0.0022
    88  471  615  0.0028  0.0025  0.0022
    89  472  615  0.0028  0.0025  0.0022
    90  473  615  0.0028  0.0025  0.0022
    91  474  615  0.0028  0.0026  0.0022
    92  475  615  0.0028  0.0025  0.0022
    93  476  615  0.0028  0.0025  0.0022
    94  477  615  0.0028  0.0025  0.0022
    95  478  615  0.0028  0.0025  0.0022
    96  445  615  0.0028  0.0025  0.0022
    97  444  615  0.0028  0.0025  0.0022
    98  443  615  0.0028  0.0025  0.0022
    99  442  616  0.0028  0.0025  0.0022
   100  441  616  0.0028  0.0025  0.0022
   101  440  616  0.0028  0.0025  0.0022
   102  439  616  0.0028  0.0025  0.0022
   103  438  616  0.0028  0.0025  0.0022
   104  437  616  0.0028  0.0025  0.0022
   105  436  616  0.0028  0.0025  0.0022
   106  435  616  0.0028  0.0025  0.0022
   107  434  616  0.0028  0.0025  0.0022
   108  433  616  0.0028  0.0025  0.0022
   109  432  616  0.0028  0.0025  0.0022
   110  431  616  0.0028  0.0025  0.0022
   111  430  616  0.0028  0.0025  0.0022

    1  754  799  0.0026  0.0025  0.0023
    2  754  800  0.0026  0.0025  0.0023
    3  753  801  0.0026  0.0025  0.0023
    4  753  802  0.0026  0.0025  0.0023
    5  752  803  0.0026  0.0025  0.0023
    6  752  804  0.0026  0.0025  0.0023
    7  751  805  0.0026  0.0025  0.0023
    8  751  806  0.0026  0.0025  0.0023
    9  750  807  0.0026  0.0025  0.0023
   10  750  808  0.0026  0.0025  0.0023
   11  749  809  0.0026  0.0025  0.0023
   12  749  810  0.0026  0.0025  0.0023
   13  748  811  0.0026  0.0025  0.0023
   14  748  812  0.0026  0.0025  0.0023
   15  747  813  0.0026  0.0025  0.0023
   16  747  814  0.0026  0.0025  0.0023
   17  746  815  0.0026  0.0025  0.0023
   18  746  816  0.0026  0.0025  0.0023
   19  745  817  0.0026  0.0025  0.0023
   20  745  818  0.0026  0.0025  0.0023
   21  744  819  0.0026  0.0025  0.0023
   22  743  820  0.0026  0.0025  0.0023
   23  743  821  0.0026  0.0025  0.0023
   24  742  822  0.0026  0.0025  0.0023
   25  742  823  0.0026  0.0025  0.0023
   26  741  824  0.0026  0.0025  0.0023
   27  740  825  0.0026  0.0025  0.0023
   28  740  826  0.0026  0.0025  0.0023
   29  739  827  0.0026  0.0025  0.0023
   30  739  828  0.0026  0.0025  0.0023
   31  738  829  0.0026  0.0025  0.0023
   32  738  830  0.0026  0.0025  0.0023
   33  737  831  0.0026  0.0025  0.0023
   34  737  832  0.0026  0.0025  0.0023
   35  736  833  0.0026  0.0025  0.0023
   36  735  834  0.0026  0.0025  0.0023
   37  735  835  0.0026  0.0025  0.0023
   38  734  836  0.0026  0.0025  0.0023
   39  734  837  0.0026  0.0025  0.0023
   40  733  838  0.0026  0.0025  0.0023
   41  732  839  0.0026  0.0025  0.0023
   42  732  840  0.0026  0.0025  0.0023
   43  731  841  0.0026  0.0025  0.0023
   44  731  842  0.0026  0.0025  0.0023
   45  730  843  0.0026  0.0025  0.0023
   46  729  844  0.0026  0.0025  0.0023
   47  729  845  0.0026  0.0025  0.0023
   48  728  846  0.0026  0.0025  0.0023
   49  728  847  0.0026  0.0025  0.0023
   50  727  848  0.0026  0.0025  0.0023
   51  727  849  0.0026  0.0025  0.0023
   52  726  850  0.0026  0.0025  0.0023
   53  725  851  0.0026  0.0025  0.0023
   54  725  852  0.0026  0.0025  0.0023
   55  724  853  0.0026  0.0025  0.0022
   56  724  854  0.0026  0.0025  0.0023
   57  723  855  0.0026  0.0025  0.0023
   58  722  856  0.0026  0.0025  0.0023
   59  722  857  0.0026  0.0025  0.0023
   60  721  858  0.0026  0.0025  0.0022
   61  721  859  0.0026  0.0025  0.0022
   62  720  860  0.0026  0.0025  0.0022
   63  718  861  0.0026  0.0025  0.0022
   64  719  861  0.0026  0.0025  0.0023
   65  716  862  0.0026  0.0025  0.0022
   66  717  862  0.0026  0.0025  0.0022
   67  714  863  0.0026  0.0025  0.0022
   68  715  863  0.0026  0.0025  0.0022
   69  713  864  0.0026  0.0025  0.0022
   70  712  864  0.0026  0.0025  0.0022
   71  711  865  0.0026  0.0025  0.0022
   72  709  866  0.0026  0.0025  0.0022
   73  710  866  0.0026  0.0025  0.0022
   74  708  867  0.0026  0.0025  0.0022
   75  707  867  0.0026  0.0025  0.0022
   76  705  868  0.0026  0.0025  0.0022
   77  706  868  0.0026  0.0025  0.0022
   78  703  869  0.0026  0.0025  0.0022
   79  704  869  0.0026  0.0025  0.0022

     1  627  1084  0.0025  0.0023  0.0022
     2  625  1085  0.0025  0.0023  0.0022
     3  626  1085  0.0025  0.0023  0.0022
     4  623  1086  0.0025  0.0023  0.0022
     5  624  1086  0.0025  0.0023  0.0022
     6  622  1087  0.0025  0.0023  0.0022
     7  621  1088  0.0025  0.0023  0.0022
     8  620  1088  0.0025  0.0023  0.0022
     9  619  1089  0.0025  0.0023  0.0022
    10  617  1090  0.0025  0.0023  0.0022
    11  618  1090  0.0025  0.0023  0.0022
    12  616  1091  0.0025  0.0023  0.0022
    13  614  1092  0.0025  0.0023  0.0022
    14  615  1092  0.0025  0.0023  0.0022
    15  613  1093  0.0025  0.0023  0.0022
    16  612  1093  0.0025  0.0023  0.0022
    17  610  1094  0.0025  0.0023  0.0022
    18  611  1094  0.0025  0.0023  0.0022
    19  608  1095  0.0025  0.0023  0.0022
    20  607  1095  0.0025  0.0023  0.0022
    21  609  1095  0.0025  0.0023  0.0022
    22  606  1096  0.0025  0.0023  0.0022
    23  605  1096  0.0025  0.0023  0.0022
    24  603  1097  0.0025  0.0023  0.0022
    25  604  1097  0.0025  0.0023  0.0022
    26  601  1098  0.0025  0.0023  0.0022
    27  600  1098  0.0025  0.0023  0.0022
    28  602  1098  0.0025  0.0023  0.0022
    29  599  1099  0.0025  0.0023  0.0022
    30  598  1099  0.0025  0.0023  0.0022
    31  596  1100  0.0025  0.0023  0.0022
    32  595  1100  0.0025  0.0023  0.0022
    33  597  1100  0.0025  0.0023  0.0022
    34  593  1101  0.0025  0.0023  0.0022
    35  594  1101  0.0025  0.0023  0.0022
    36  592  1102  0.0025  0.0023  0.0022
    37  591  1102  0.0025  0.0023  0.0022
    38  589  1103  0.0025  0.0023  0.0022
    39  590  1103  0.0025  0.0023  0.0022
    40  587  1104  0.0025  0.0023  0.0022
    41  586  1104  0.0025  0.0023  0.0022
    42  588  1104  0.0025  0.0023  0.0022
    43  585  1105  0.0025  0.0023  0.0022
    44  584  1105  0.0025  0.0023  0.0022
    45  582  1106  0.0025  0.0023  0.0022
    46  583  1106  0.0025  0.0023  0.0022
    47  580  1107  0.0025  0.0023  0.0022
    48  581  1107  0.0025  0.0023  0.0022
    49  579  1108  0.0025  0.0023  0.0022
    50  578  1108  0.0025  0.0023  0.0022
    51  577  1108  0.0025  0.0023  0.0022
    52  575  1109  0.0025  0.0023  0.0022
    53  574  1109  0.0025  0.0023  0.0022
    54  576  1109  0.0025  0.0023  0.0022
    55  573  1110  0.0025  0.0023  0.0022
    56  572  1110  0.0025  0.0023  0.0022
    57  570  1111  0.0025  0.0023  0.0022
    58  569  1111  0.0025  0.0023  0.0022
    59  571  1111  0.0025  0.0023  0.0022
    60  567  1112  0.0025  0.0023  0.0022
    61  566  1112  0.0025  0.0023  0.0022
    62  568  1112  0.0025  0.0023  0.0022
    63  565  1113  0.0025  0.0023  0.0022
    64  564  1113  0.0025  0.0023  0.0022
    65  563  1113  0.0025  0.0023  0.0022
    66  562  1113  0.0025  0.0023  0.0022
    67  561  1113  0.0025  0.0023  0.0022
    68  560  1113  0.0025  0.0023  0.0022
    69  559  1113  0.0025  0.0023  0.0022
    70  558  1113  0.0025  0.0023  0.0022
    71  556  1114  0.0025  0.0023  0.0022
    72  555  1114  0.0025  0.0023  0.0022
    73  554  1114  0.0025  0.0023  0.0022
    74  557  1114  0.0025  0.0023  0.0022
    75  553  1115  0.0025  0.0023  0.0022
    76  552  1115  0.0025  0.0023  0.0022
    77  551  1115  0.0025  0.0023  0.0022
    78  549  1116  0.0025  0.0023  0.0022
    79  548  1116  0.0025  0.0023  0.0022
    80  550  1116  0.0025  0.0023  0.0022
    81  547  1117  0.0025  0.0023  0.0022
    82  546  1117  0.0025  0.0023  0.0022
    83  545  1117  0.0025  0.0023  0.0022
    84  543  1118  0.0025  0.0023  0.0022
    85  542  1118  0.0025  0.0023  0.0022
    86  544  1118  0.0025  0.0023  0.0022
    87  541  1119  0.0025  0.0023  0.0022
    88  540  1119  0.0025  0.0023  0.0022
    89  539  1119  0.0025  0.0023  0.0022
    90  537  1120  0.0025  0.0023  0.0022
    91  536  1120  0.0025  0.0023  0.0022
    92  535  1120  0.0025  0.0023  0.0022
    93  538  1120  0.0025  0.0023  0.0022
    94  534  1121  0.0025  0.0023  0.0022
    95  533  1121  0.0025  0.0023  0.0022
    96  532  1121  0.0025  0.0023  0.0022
    97  531  1121  0.0025  0.0023  0.0022
    98  529  1122  0.0025  0.0023  0.0022
    99  528  1122  0.0025  0.0023  0.0022
   100  527  1122  0.0025  0.0023  0.0022
   101  526  1122  0.0025  0.0023  0.0022
   102  530  1122  0.0025  0.0023  0.0022
   103  525  1123  0.0025  0.0023  0.0022
   104  524  1123  0.0025  0.0023  0.0022
   105  523  1123  0.0025  0.0023  0.0022
   106  522  1123  0.0025  0.0023  0.0022
   107  520  1124  0.0025  0.0023  0.0022
   108  519  1124  0.0025  0.0023  0.0022
   109  521  1124  0.0025  0.0023  0.0022
