; ENVI Output of ROIs (5.4) [Tue Aug 06 14:47:40 2019]
; Number of ROIs: 6
; File Dimension: 1328 x 1184
;
; ROI name: Region #4
; ROI rgb value: {255, 255, 0}
; ROI npts: 151
;
; ROI name: Region #5
; ROI rgb value: {0, 255, 255}
; ROI npts: 34
;
; ROI name: Region #1
; ROI rgb value: {255, 0, 0}
; ROI npts: 44
;
; ROI name: Region #2
; ROI rgb value: {0, 255, 0}
; ROI npts: 74
;
; ROI name: Region #3
; ROI rgb value: {0, 0, 255}
; ROI npts: 50
;
; ROI name: Region #6
; ROI rgb value: {255, 0, 255}
; ROI npts: 32
;   ID    X     Y       B1       B2       B3
     1  613   299  31.9749  23.0100  -0.1156
     2  614   299  31.9760  23.0105  -0.1157
     3  612   299  31.9745  23.0105  -0.1156
     4  617   300  31.9780  23.0102  -0.1152
     5  615   300  31.9765  23.0103  -0.1151
     6  620   301  31.9819  23.0121  -0.1154
     7  622   302  31.9856  23.0146  -0.1157
     8  623   302  31.9850  23.0131  -0.1153
     9  624   302  31.9841  23.0113  -0.1148
    10  626   303  31.9838  23.0094  -0.1138
    11  627   303  31.9835  23.0082  -0.1135
    12  629   303  31.9831  23.0061  -0.1130
    13  625   303  31.9844  23.0108  -0.1142
    14  631   304  31.9838  23.0052  -0.1123
    15  634   304  31.9866  23.0059  -0.1127
    16  635   304  31.9872  23.0058  -0.1127
    17  637   304  31.9854  23.0021  -0.1118
    18  639   304  31.9860  23.0011  -0.1116
    19  641   304  31.9855  22.9989  -0.1111
    20  643   304  31.9851  22.9968  -0.1106
    21  645   304  31.9876  22.9978  -0.1110
    22  650   305  31.9984  23.0057  -0.1130
    23  652   305  31.9996  23.0054  -0.1130
    24  653   305  32.0022  23.0075  -0.1137
    25  655   305  32.0023  23.0059  -0.1134
    26  648   305  31.9960  23.0047  -0.1126
    27  658   306  31.9983  22.9990  -0.1110
    28  659   306  31.9999  23.0000  -0.1114
    29  660   306  31.9967  22.9956  -0.1102
    30  712   306  32.0166  22.9744  -0.1068
    31  715   306  32.0169  22.9723  -0.1063
    32  709   306  32.0129  22.9728  -0.1062
    33  707   306  32.0126  22.9741  -0.1065
    34  706   306  32.0135  22.9759  -0.1070
    35  705   306  32.0128  22.9760  -0.1069
    36  704   306  32.0128  22.9769  -0.1071
    37  678   307  32.0068  22.9919  -0.1093
    38  679   307  32.0070  22.9914  -0.1091
    39  682   307  32.0141  22.9967  -0.1109
    40  683   307  32.0112  22.9926  -0.1098
    41  684   307  32.0127  22.9935  -0.1101
    42  685   307  32.0078  22.9872  -0.1083
    43  687   307  32.0087  22.9866  -0.1082
    44  689   307  32.0131  22.9898  -0.1092
    45  691   307  32.0108  22.9856  -0.1082
    46  692   307  32.0140  22.9883  -0.1090
    47  693   307  32.0107  22.9838  -0.1078
    48  695   307  32.0113  22.9827  -0.1077
    49  696   307  32.0144  22.9854  -0.1085
    50  697   307  32.0141  22.9843  -0.1082
    51  721   307  32.0371  22.9900  -0.1112
    52  720   307  32.0352  22.9887  -0.1107
    53  718   307  32.0253  22.9793  -0.1079
    54  676   307  32.0033  22.9897  -0.1086
    55  674   307  32.0000  22.9876  -0.1080
    56  672   307  31.9966  22.9855  -0.1072
    57  670   307  31.9985  22.9893  -0.1082
    58  666   307  31.9848  22.9774  -0.1045
    59  662   307  31.9982  22.9957  -0.1097
    60  664   307  31.9999  22.9959  -0.1098
    61  716   307  32.0225  22.9778  -0.1074
    62  717   307  32.0251  22.9798  -0.1080
    63  699   308  32.0184  22.9875  -0.1086
    64  697   308  32.0175  22.9882  -0.1087
    65  722   308  32.0362  22.9882  -0.1103
    66  723   308  32.0329  22.9836  -0.1090
    67  724   308  32.0293  22.9787  -0.1077
    68  700   308  32.0185  22.9867  -0.1085
    69  725   309  32.0296  22.9783  -0.1071
    70  726   309  32.0340  22.9825  -0.1084
    71  728   309  32.0322  22.9788  -0.1074
    72  731   309  32.0347  22.9790  -0.1076
    73  733   309  32.0334  22.9759  -0.1068
    74  735   309  32.0366  22.9778  -0.1075
    75  748   309  32.0475  22.9793  -0.1085
    76  747   309  32.0469  22.9794  -0.1085
    77  745   309  32.0397  22.9729  -0.1067
    78  750   309  32.0580  22.9894  -0.1115
    79  739   310  32.0243  22.9607  -0.1021
    80  741   310  32.0306  22.9662  -0.1038
    81  750   310  32.0582  22.9897  -0.1110
    82  751   310  32.0617  22.9929  -0.1119
    83  754   310  32.0707  23.0005  -0.1142
    84  755   311  32.0731  23.0024  -0.1142
    85  758   311  32.0729  22.9997  -0.1136
    86  760   311  32.0720  22.9970  -0.1129
    87  761   311  32.0711  22.9952  -0.1124
    88  763   311  32.0714  22.9939  -0.1122
    89  782   311  32.0842  22.9924  -0.1130
    90  781   311  32.0836  22.9926  -0.1129
    91  780   311  32.0826  22.9923  -0.1128
    92  784   311  32.0856  22.9923  -0.1130
    93  774   312  32.0780  22.9922  -0.1119
    94  777   312  32.0818  22.9940  -0.1126
    95  779   312  32.0827  22.9933  -0.1125
    96  769   312  32.0758  22.9939  -0.1120
    97  768   312  32.0767  22.9958  -0.1125
    98  765   312  32.0741  22.9953  -0.1122
    99  772   312  32.0772  22.9929  -0.1120
   100  773   312  32.0769  22.9918  -0.1117

    1  381  1055  32.8506  24.1803  -0.0824
    2  379  1056  32.8512  24.1822  -0.0825
    3  380  1056  32.8507  24.1811  -0.0822
    4  377  1057  32.8490  24.1813  -0.0815
    5  378  1057  32.8505  24.1822  -0.0820
    6  374  1058  32.8459  24.1801  -0.0804
    7  376  1058  32.8478  24.1808  -0.0808
    8  374  1059  32.8468  24.1811  -0.0803
    9  372  1059  32.8464  24.1820  -0.0805
   10  371  1060  32.8450  24.1812  -0.0796
   11  369  1060  32.8440  24.1815  -0.0796
   12  368  1060  32.8440  24.1821  -0.0798
   13  370  1060  32.8445  24.1813  -0.0796
   14  365  1061  32.8430  24.1831  -0.0794
   15  363  1062  32.8441  24.1857  -0.0798
   16  362  1062  32.8438  24.1860  -0.0798
   17  361  1062  32.8443  24.1871  -0.0802
   18  360  1062  32.8191  24.1614  -0.0703
   20  358  1062  32.7430  24.0823  -0.0434
   21  357  1062  32.7418  24.0817  -0.0430
   22  364  1062  32.8444  24.1853  -0.0797
   23  355  1063  32.7475  24.0892  -0.0451
   24  353  1063  32.7581  24.1015  -0.0498
   25  354  1063  32.7511  24.0935  -0.0467
   26  356  1063  32.7398  24.0804  -0.0418
   27  353  1064  32.7608  24.1044  -0.0503
   28  351  1064  32.7763  24.1220  -0.0568
   29  352  1064  32.7666  24.1112  -0.0528
   31  334  1065  32.8385  24.1986  -0.0837
   32  336  1065  32.8368  24.1958  -0.0802
   33  332  1065  32.8382  24.1999  -0.0814
   34  323  1065  32.8326  24.1999  -0.0808
   35  331  1065  32.8426  24.2052  -0.0833
   36  330  1065  32.8350  24.1978  -0.0805
   37  324  1065  32.8330  24.1997  -0.0808
   38  329  1065  32.8344  24.1978  -0.0805
   39  322  1065  32.8297  24.1975  -0.0799
   40  328  1065  32.8342  24.1983  -0.0806
   41  327  1065  32.8379  24.2029  -0.0822
   42  337  1065  32.8404  24.1989  -0.0814
   43  326  1065  32.8349  24.2003  -0.0812
   45  350  1065  32.7932  24.1405  -0.0633
   51  340  1066  32.7930  24.1473  -0.0623
   52  308  1066  32.8231  24.1998  -0.0794
   53  338  1066  32.8437  24.2018  -0.0821
   55  321  1066  32.8310  24.1996  -0.0801
   56  320  1066  32.8312  24.2004  -0.0804
   57  319  1066  32.8305  24.2003  -0.0803
   58  318  1066  32.8291  24.1996  -0.0799
   59  317  1066  32.8299  24.2011  -0.0804
   60  315  1066  32.8303  24.2027  -0.0809
   61  316  1066  32.8305  24.2023  -0.0808
   62  314  1066  32.8264  24.1994  -0.0796
   63  313  1066  32.8284  24.2021  -0.0805
   64  310  1066  32.8237  24.1991  -0.0792
   65  311  1066  32.8249  24.1997  -0.0795
   66  341  1066  32.7949  24.1484  -0.0641
   67  309  1066  32.8248  24.2009  -0.0799
   68  307  1066  32.8234  24.2007  -0.0797
   69  339  1066  32.8441  24.2015  -0.0821
   70  305  1067  32.8226  24.2012  -0.0792
   71  304  1067  32.8210  24.2002  -0.0788
   72  303  1067  32.8210  24.2009  -0.0790
   73  302  1067  32.8186  24.1991  -0.0782
   74  306  1067  32.8229  24.2009  -0.0792

    1  342  1044  32.8349  24.1886  -0.0880
    2  343  1044  32.8315  24.1844  -0.0864
    3  341  1045  32.8300  24.1842  -0.0857
    4  340  1045  32.8337  24.1887  -0.0874
    5  339  1045  32.8329  24.1885  -0.0872
    6  338  1045  32.8333  24.1896  -0.0876
    7  335  1046  32.8306  24.1888  -0.0866
    8  337  1046  32.8313  24.1882  -0.0865
    9  336  1046  32.8318  24.1894  -0.0869
   10  334  1047  32.8297  24.1886  -0.0860
   11  333  1047  32.8292  24.1887  -0.0859
   12  332  1047  32.8262  24.1862  -0.0849
   13  331  1047  32.8274  24.1881  -0.0856
   14  330  1047  32.8281  24.1895  -0.0860
   15  330  1048  32.8279  24.1894  -0.0855
   16  328  1048  32.8282  24.1909  -0.0860
   17  297  1049  32.8162  24.1987  -0.0862
   18  328  1049  32.8279  24.1907  -0.0854
   19  327  1049  32.8298  24.1933  -0.0863
   20  326  1049  32.8283  24.1925  -0.0859
   21  296  1049  32.8149  24.1981  -0.0859
   22  297  1050  32.8152  24.1978  -0.0853
   23  299  1050  32.8231  24.2047  -0.0879
   24  300  1050  32.8244  24.2054  -0.0883
   25  301  1050  32.8241  24.2044  -0.0880
   26  302  1050  32.8233  24.2030  -0.0876
   27  320  1050  32.8266  24.1946  -0.0859
   28  321  1050  32.8264  24.1938  -0.0856
   29  322  1050  32.8267  24.1935  -0.0856
   30  323  1050  32.8276  24.1937  -0.0857
   31  324  1050  32.8269  24.1924  -0.0853
   32  303  1050  32.8223  24.2012  -0.0870
   33  304  1050  32.8211  24.1994  -0.0864
   34  305  1050  32.8217  24.1993  -0.0865
   35  298  1050  32.8192  24.2013  -0.0867
   36  306  1050  32.8208  24.1977  -0.0860
   37  307  1050  32.8218  24.1981  -0.0862
   38  307  1051  32.8219  24.1983  -0.0858
   39  308  1051  32.8207  24.1964  -0.0852
   40  309  1051  32.8213  24.1963  -0.0852
   41  311  1051  32.8244  24.1983  -0.0861
   42  312  1051  32.8222  24.1954  -0.0851
   43  313  1051  32.8243  24.1969  -0.0857
   44  314  1051  32.8268  24.1988  -0.0865
   45  318  1051  32.8283  24.1977  -0.0864
   46  317  1051  32.8275  24.1976  -0.0863
   47  316  1051  32.8274  24.1982  -0.0864
   48  310  1051  32.8247  24.1992  -0.0864
   49  315  1051  32.8263  24.1977  -0.0862
   50  319  1051  32.8286  24.1974  -0.0864

    1  337  1040  32.8439  24.2010  -0.0943
    2  338  1040  32.8423  24.1987  -0.0934
    3  336  1041  32.8399  24.1975  -0.0924
    4  335  1041  32.8422  24.2006  -0.0935
    5  337  1041  32.8413  24.1984  -0.0928
    6  334  1042  32.8357  24.1945  -0.0907
    7  333  1042  32.8363  24.1958  -0.0911
    8  335  1042  32.8380  24.1962  -0.0914
    9  333  1043  32.8342  24.1937  -0.0898
   10  332  1043  32.8325  24.1925  -0.0893
   11  330  1043  32.8288  24.1899  -0.0882
   12  331  1043  32.8307  24.1913  -0.0887
   13  329  1044  32.8288  24.1907  -0.0879
   14  328  1044  32.8295  24.1920  -0.0883
   15  327  1044  32.8309  24.1942  -0.0891
   16  327  1045  32.8309  24.1942  -0.0886
   17  323  1045  32.8271  24.1929  -0.0878
   18  326  1045  32.8284  24.1923  -0.0878
   19  325  1045  32.8287  24.1932  -0.0881
   20  324  1045  32.8280  24.1932  -0.0880
   21  321  1045  32.8271  24.1942  -0.0882
   22  322  1045  32.8274  24.1938  -0.0881
   23  321  1046  32.8269  24.1941  -0.0876
   24  320  1046  32.8259  24.1937  -0.0874
   25  319  1046  32.8264  24.1949  -0.0878
   26  318  1046  32.8247  24.1937  -0.0873
   27  317  1046  32.8237  24.1933  -0.0870
   28  316  1046  32.8234  24.1936  -0.0871
   29  315  1046  32.8224  24.1933  -0.0869
   30  314  1046  32.8223  24.1938  -0.0870
   31  313  1046  32.8227  24.1949  -0.0874
   32  312  1046  32.8227  24.1956  -0.0875
