; ENVI Output of ROIs (5.4) [Tue Aug 06 15:07:08 2019]
; Number of ROIs: 8
; File Dimension: 1328 x 1184
;
; ROI name: Region #1
; ROI rgb value: {255, 0, 0}
; ROI npts: 126
;
; ROI name: Region #2
; ROI rgb value: {0, 255, 0}
; ROI npts: 114
;
; ROI name: Region #3
; ROI rgb value: {0, 0, 255}
; ROI npts: 37
;
; ROI name: Region #4
; ROI rgb value: {255, 255, 0}
; ROI npts: 68
;
; ROI name: Region #5
; ROI rgb value: {0, 255, 255}
; ROI npts: 80
;
; ROI name: Region #6
; ROI rgb value: {255, 0, 255}
; ROI npts: 76
;
; ROI name: Region #7
; ROI rgb value: {176, 48, 96}
; ROI npts: 69
;
; ROI name: Region #8
; ROI rgb value: {46, 139, 87}
; ROI npts: 66
;   ID    X    Y       B1       B2       B3
     1  355  501  33.4517  26.3209   0.0980
     2  354  502  33.4516  26.3213   0.0982
     3  352  503  33.4510  26.3217   0.0986
     4  351  504  33.4522  26.3229   0.0982
     5  350  504  33.4522  26.3232   0.0981
     6  352  504  33.4521  26.3224   0.0984
     7  350  505  33.4528  26.3237   0.0981
     8  349  505  33.4524  26.3238   0.0982
     9  349  506  33.4537  26.3247   0.0978
    10  349  507  33.4538  26.3247   0.0981
    11  348  508  33.4530  26.3247   0.0988
    12  347  509  33.4535  26.3254   0.0988
    13  346  510  33.4552  26.3269   0.0981
    14  345  511  33.4551  26.3272   0.0984
    15  346  511  33.4557  26.3272   0.0982
    16  344  512  33.4562  26.3284   0.0980
    17  342  513  33.4570  26.3296   0.0976
    18  343  513  33.4570  26.3292   0.0978
    19  340  514  33.4578  26.3309   0.0973
    20  341  514  33.4570  26.3300   0.0979
    21  340  515  33.4579  26.3310   0.0976
    22  338  516  33.4583  26.3320   0.0975
    23  339  516  33.4583  26.3317   0.0976
    24  337  517  33.4576  26.3320   0.0981
    25  336  517  33.4568  26.3319   0.0984
    26  335  518  33.4568  26.3323   0.0986
    27  336  518  33.4574  26.3324   0.0984
    28  333  519  33.4565  26.3330   0.0988
    29  332  520  33.4564  26.3334   0.0991
    30  333  520  33.4566  26.3331   0.0991
    31  331  522  33.4566  26.3339   0.0996
    32  329  523  33.4567  26.3348   0.0997
    33  327  524  33.4571  26.3358   0.0996
    34  326  524  33.4571  26.3362   0.0994
    35  328  524  33.4567  26.3352   0.0999
    36  325  525  33.4563  26.3361   0.1001
    37  326  525  33.4574  26.3364   0.0997
    38  324  526  33.4572  26.3371   0.0999
    39  323  526  33.4567  26.3372   0.1000
    40  321  527  33.4561  26.3376   0.1005
    41  322  527  33.4567  26.3376   0.1003
    42  320  528  33.4561  26.3380   0.1007
    43  318  529  33.4563  26.3390   0.1007
    44  319  529  33.4569  26.3389   0.1005
    45  317  530  33.4570  26.3398   0.1005
    46  316  530  33.4570  26.3402   0.1004
    47  314  532  33.4583  26.3419   0.1001
    48  315  532  33.4586  26.3416   0.1001
    49  312  533  33.4582  26.3426   0.1003
    50  311  534  33.4587  26.3433   0.1003
    51  312  534  33.4599  26.3436   0.0997
    52  310  535  33.4599  26.3444   0.0998
    53  309  535  33.4587  26.3441   0.1003
    54  308  535  33.4593  26.3448   0.0999
    55  307  536  33.4593  26.3452   0.1001
    56  306  536  33.4598  26.3460   0.0997
    57  308  536  33.4574  26.3437   0.1013
    58  306  537  33.4593  26.3457   0.1003
    59  305  538  33.4587  26.3457   0.1009
    60  303  540  33.4576  26.3459   0.1020
    61  302  541  33.4593  26.3473   0.1012
    62  296  541  33.4584  26.3490   0.1010
    63  297  541  33.4590  26.3491   0.1007
    64  300  541  33.4596  26.3483   0.1008
    65  301  541  33.4583  26.3471   0.1017
    66  295  542  33.4586  26.3496   0.1011
    67  296  542  33.4592  26.3496   0.1009
    68  294  543  33.4583  26.3498   0.1015
    69  295  543  33.4586  26.3497   0.1014
    70  293  544  33.4586  26.3504   0.1015
    71  294  544  33.4589  26.3502   0.1016
    72  292  545  33.4601  26.3518   0.1010
    73  291  546  33.4598  26.3520   0.1013
    74  290  546  33.4594  26.3522   0.1014
    75  289  547  33.4601  26.3530   0.1013
    76  290  547  33.4608  26.3530   0.1010
    77  288  548  33.4609  26.3539   0.1011
    78  289  548  33.4612  26.3537   0.1010
    79  288  549  33.4614  26.3543   0.1011
    80  288  550  33.4619  26.3546   0.1012
    81  287  550  33.4617  26.3548   0.1012
    82  287  551  33.4622  26.3552   0.1013
    83  286  552  33.4630  26.3561   0.1011
    84  287  552  33.4631  26.3558   0.1012
    85  286  553  33.4634  26.3564   0.1012
    86  285  554  33.4636  26.3569   0.1014
    87  285  555  33.4646  26.3576   0.1012
    88  284  556  33.4647  26.3581   0.1014
    89  283  558  33.4652  26.3589   0.1017
    90  282  559  33.4653  26.3593   0.1019
    91  280  561  33.4644  26.3596   0.1028
    92  279  561  33.4636  26.3595   0.1031
    93  281  561  33.4649  26.3595   0.1027
    94  278  562  33.4637  26.3599   0.1033
    95  279  562  33.4636  26.3595   0.1035
    96  278  563  33.4634  26.3598   0.1038
    97  277  563  33.4634  26.3602   0.1037
    98  276  564  33.4627  26.3602   0.1042
    99  276  565  33.4639  26.3610   0.1039
   100  274  566  33.4632  26.3613   0.1044
   101  275  566  33.4639  26.3614   0.1042
   102  273  567  33.4636  26.3620   0.1044
   103  272  567  33.4638  26.3625   0.1042
   104  271  567  33.4628  26.3622   0.1046
   105  270  567  33.4640  26.3634   0.1038
   106  269  568  33.4648  26.3643   0.1036
   107  268  568  33.4650  26.3647   0.1034
   108  270  568  33.4642  26.3635   0.1041
   109  267  569  33.4650  26.3652   0.1036
   110  268  569  33.4643  26.3644   0.1041
   111  267  570  33.4651  26.3653   0.1039
   112  266  570  33.4652  26.3657   0.1037
   113  264  571  33.4660  26.3670   0.1034
   114  265  571  33.4648  26.3659   0.1042
   115  263  572  33.4664  26.3677   0.1035
   116  262  572  33.4666  26.3682   0.1032
   117  261  572  33.4668  26.3687   0.1030
   118  252  572  33.4649  26.3709   0.1028
   119  251  572  33.4645  26.3710   0.1030
   120  257  573  33.4670  26.3703   0.1027
   121  256  573  33.4667  26.3705   0.1028
   122  255  573  33.4661  26.3705   0.1030
   123  254  573  33.4662  26.3710   0.1028
   124  260  573  33.4682  26.3699   0.1025
   125  258  573  33.4670  26.3700   0.1029
   126  259  573  33.4680  26.3702   0.1025

     1  405  512  33.4678  26.3123   0.0998
     2  403  513  33.4686  26.3136   0.0995
     3  404  513  33.4691  26.3135   0.0993
     4  402  514  33.4698  26.3148   0.0990
     5  401  515  33.4716  26.3164   0.0983
     6  401  516  33.4747  26.3183   0.0970
     7  400  517  33.4785  26.3211   0.0952
     8  399  518  33.4733  26.3183   0.0982
     9  398  519  33.4754  26.3200   0.0972
    10  399  519  33.4737  26.3186   0.0982
    11  396  520  33.4737  26.3197   0.0982
    12  397  520  33.4787  26.3225   0.0957
    13  395  521  33.4751  26.3211   0.0976
    14  396  521  33.4743  26.3201   0.0982
    15  394  522  33.4760  26.3220   0.0974
    16  391  523  33.4779  26.3244   0.0963
    17  392  523  33.4774  26.3237   0.0967
    18  389  524  33.4784  26.3255   0.0962
    19  388  525  33.4791  26.3264   0.0960
    20  389  525  33.4798  26.3264   0.0958
    21  386  527  33.4793  26.3273   0.0963
    22  385  527  33.4782  26.3270   0.0967
    23  385  528  33.4795  26.3278   0.0964
    24  383  530  33.4781  26.3278   0.0976
    25  383  531  33.4784  26.3280   0.0978
    26  381  533  33.4764  26.3277   0.0993
    27  380  533  33.4758  26.3277   0.0995
    28  382  533  33.4777  26.3280   0.0987
    29  379  534  33.4758  26.3280   0.0997
    30  378  534  33.4754  26.3282   0.0998
    31  376  535  33.4755  26.3291   0.0999
    32  377  535  33.4745  26.3281   0.1005
    33  375  536  33.4742  26.3287   0.1009
    34  374  537  33.4767  26.3306   0.0998
    35  373  538  33.4761  26.3307   0.1004
    36  372  539  33.4764  26.3313   0.1004
    37  371  539  33.4757  26.3312   0.1007
    38  368  541  33.4749  26.3320   0.1015
    39  370  541  33.4758  26.3318   0.1012
    40  367  542  33.4776  26.3341   0.1003
    41  368  542  33.4782  26.3341   0.1001
    42  367  543  33.4798  26.3355   0.0995
    43  366  543  33.4810  26.3366   0.0988
    44  365  543  33.4817  26.3374   0.0983
    45  365  544  33.4841  26.3390   0.0972
    46  363  547  33.4800  26.3373   0.1002
    47  364  547  33.4792  26.3364   0.1008
    48  363  548  33.4794  26.3369   0.1009
    49  363  549  33.4793  26.3369   0.1013
    50  361  550  33.4786  26.3373   0.1017
    51  361  551  33.4769  26.3363   0.1029
    52  360  552  33.4766  26.3365   0.1033
    53  361  552  33.4772  26.3365   0.1031
    54  358  554  33.4762  26.3371   0.1039
    55  359  554  33.4771  26.3373   0.1035
    56  357  555  33.4759  26.3373   0.1043
    57  356  556  33.4755  26.3375   0.1047
    58  355  557  33.4748  26.3375   0.1053
    59  356  557  33.4754  26.3375   0.1051
    60  353  558  33.4751  26.3385   0.1053
    61  354  558  33.4755  26.3383   0.1052
    62  350  560  33.4780  26.3415   0.1041
    63  351  560  33.4778  26.3410   0.1043
    64  348  561  33.4791  26.3430   0.1037
    65  347  562  33.4814  26.3448   0.1029
    66  348  562  33.4810  26.3442   0.1031
    67  346  563  33.4814  26.3452   0.1030
    68  345  564  33.4820  26.3460   0.1029
    69  346  564  33.4822  26.3457   0.1030
    70  344  565  33.4825  26.3468   0.1029
    71  343  566  33.4831  26.3475   0.1029
    72  342  566  33.4834  26.3481   0.1025
    73  341  566  33.4830  26.3482   0.1026
    74  340  566  33.4832  26.3487   0.1023
    75  339  567  33.4844  26.3499   0.1019
    76  337  567  33.4860  26.3516   0.1008
    77  336  567  33.4857  26.3518   0.1008
    78  335  567  33.4853  26.3519   0.1008
    79  340  567  33.4836  26.3490   0.1025
    80  335  568  33.4857  26.3522   0.1010
    81  331  569  33.4855  26.3536   0.1009
    82  332  569  33.4856  26.3533   0.1010
    83  328  570  33.4830  26.3533   0.1022
    84  329  570  33.4818  26.3522   0.1028
    85  326  572  33.4787  26.3514   0.1049
    86  324  573  33.4782  26.3520   0.1053
    87  322  574  33.4773  26.3522   0.1058
    88  323  574  33.4791  26.3529   0.1050
    89  320  575  33.4771  26.3528   0.1060
    90  321  575  33.4771  26.3525   0.1062
    91  317  576  33.4785  26.3549   0.1052
    92  317  577  33.4794  26.3555   0.1051
    93  316  577  33.4786  26.3554   0.1054
    94  315  577  33.4772  26.3549   0.1060
    95  313  578  33.4803  26.3576   0.1045
    96  312  578  33.4807  26.3582   0.1041
    97  314  578  33.4786  26.3562   0.1055
    98  311  579  33.4811  26.3589   0.1041
    99  312  579  33.4812  26.3585   0.1042
   100  310  580  33.4810  26.3592   0.1043
   101  310  581  33.4810  26.3592   0.1047
   102  309  581  33.4807  26.3594   0.1047
   103  308  582  33.4794  26.3591   0.1056
   104  309  582  33.4805  26.3594   0.1051
   105  307  583  33.4797  26.3597   0.1056
   106  308  583  33.4798  26.3593   0.1057
   107  307  584  33.4797  26.3597   0.1060
   108  306  584  33.4792  26.3597   0.1061
   109  305  584  33.4791  26.3601   0.1061
   110  304  585  33.4803  26.3612   0.1057
   111  305  585  33.4804  26.3609   0.1058
   112  303  586  33.4816  26.3625   0.1053
   113  304  586  33.4808  26.3616   0.1058
   114  303  587  33.4821  26.3628   0.1053

    1  492  518  33.4874  26.2915   0.1022
    2  493  518  33.4879  26.2915   0.1021
    3  491  520  33.4886  26.2928   0.1021
    4  489  521  33.4879  26.2931   0.1027
    5  487  522  33.4856  26.2925   0.1042
    6  487  523  33.4862  26.2929   0.1042
    7  486  524  33.4874  26.2941   0.1037
    8  484  526  33.4886  26.2957   0.1035
    9  483  527  33.4884  26.2960   0.1039
   10  478  529  33.4895  26.2987   0.1033
   11  479  529  33.4899  26.2986   0.1032
   12  477  530  33.4912  26.3002   0.1025
   13  476  531  33.4923  26.3013   0.1021
   14  475  532  33.4917  26.3013   0.1028
   15  473  533  33.4908  26.3016   0.1033
   16  472  535  33.4913  26.3023   0.1036
   17  471  535  33.4930  26.3038   0.1025
   18  470  535  33.4932  26.3043   0.1022
   19  469  535  33.4930  26.3045   0.1022
   20  466  536  33.4923  26.3053   0.1025
   21  468  536  33.4932  26.3051   0.1023
   22  465  537  33.4933  26.3063   0.1022
   23  464  537  33.4935  26.3068   0.1020
   24  463  537  33.4928  26.3068   0.1023
   25  466  537  33.4935  26.3061   0.1023
   26  462  538  33.4938  26.3079   0.1019
   27  463  538  33.4942  26.3077   0.1019
   28  462  539  33.4940  26.3080   0.1022
   29  461  539  33.4933  26.3080   0.1025
   30  458  540  33.4912  26.3078   0.1037
   31  457  541  33.4912  26.3083   0.1039
   32  455  542  33.4913  26.3092   0.1039
   33  456  542  33.4916  26.3089   0.1039
   34  455  543  33.4919  26.3095   0.1040
   35  453  544  33.4926  26.3108   0.1037
   36  451  545  33.4925  26.3115   0.1038
   37  452  545  33.4938  26.3120   0.1033

    1  527  524  33.4935  26.2822   0.1056
    2  526  524  33.4936  26.2827   0.1054
    3  528  524  33.4955  26.2831   0.1046
    4  525  525  33.4938  26.2832   0.1056
    5  524  525  33.4930  26.2831   0.1059
    6  526  525  33.4937  26.2828   0.1058
    7  523  526  33.4951  26.2849   0.1050
    8  522  527  33.4936  26.2844   0.1060
    9  521  528  33.4952  26.2858   0.1054
   10  522  528  33.4950  26.2853   0.1057
   11  521  529  33.4955  26.2860   0.1056
   12  518  532  33.5019  26.2913   0.1027
   13  517  533  33.4962  26.2881   0.1060
   14  515  533  33.4942  26.2876   0.1069
   15  518  533  33.4974  26.2885   0.1055
   16  515  534  33.4946  26.2879   0.1070
   17  514  534  33.4941  26.2880   0.1072
   18  513  534  33.4955  26.2893   0.1062
   19  512  535  33.4959  26.2900   0.1063
   20  511  535  33.4970  26.2910   0.1056
   21  513  535  33.4951  26.2890   0.1068
   22  510  536  33.4987  26.2926   0.1048
   23  511  536  33.4988  26.2922   0.1049
   24  509  537  33.4877  26.2859   0.1110
   25  509  538  33.4958  26.2912   0.1070
   26  508  538  33.4948  26.2909   0.1074
   27  508  539  33.4970  26.2923   0.1066
   28  506  540  33.4940  26.2912   0.1082
   29  506  541  33.4961  26.2926   0.1075
   30  504  542  33.4993  26.2954   0.1058
   31  505  542  33.4987  26.2946   0.1063
   32  503  543  33.5011  26.2970   0.1051
   33  502  543  33.5020  26.2980   0.1045
   34  501  543  33.5026  26.2987   0.1041
   35  499  544  33.4992  26.2974   0.1061
   36  498  544  33.5010  26.2989   0.1049
   37  500  544  33.5054  26.3009   0.1028
   38  496  545  33.4989  26.2984   0.1062
   39  497  545  33.5014  26.2996   0.1050
   40  494  546  33.4936  26.2958   0.1094
   41  495  546  33.4995  26.2992   0.1062
   42  493  547  33.4945  26.2968   0.1090
   43  492  547  33.4960  26.2981   0.1081
   44  490  548  33.4974  26.2998   0.1073
   45  489  549  33.4983  26.3008   0.1070
   46  488  549  33.4984  26.3013   0.1068
   47  487  549  33.4996  26.3024   0.1060
   48  490  549  33.4976  26.3000   0.1075
   49  486  550  33.5013  26.3039   0.1053
   50  485  550  33.5022  26.3049   0.1047
   51  483  550  33.5018  26.3053   0.1046
   52  482  550  33.5006  26.3050   0.1051
   53  481  550  33.5015  26.3059   0.1045
   54  478  551  33.5023  26.3076   0.1040
   55  477  551  33.5023  26.3080   0.1039
   56  479  551  33.5020  26.3070   0.1043
   57  475  552  33.5027  26.3091   0.1038
   58  474  553  33.5036  26.3101   0.1035
   59  473  554  33.5035  26.3104   0.1038
   60  472  554  33.5041  26.3111   0.1034
   61  471  554  33.5053  26.3123   0.1026
   62  470  554  33.5044  26.3121   0.1030
   63  469  554  33.5044  26.3125   0.1029
   64  468  554  33.5023  26.3116   0.1039
   65  467  554  33.5021  26.3118   0.1039
   66  466  554  33.5040  26.3134   0.1027
   67  465  554  33.5033  26.3133   0.1030
   68  464  554  33.5020  26.3129   0.1035

    1  650  466  33.4889  26.2294   0.1032
    2  651  467  33.4899  26.2297   0.1032
    3  650  467  33.4894  26.2298   0.1033
    4  651  468  33.4909  26.2304   0.1030
    5  651  469  33.4924  26.2314   0.1026
    6  652  470  33.4934  26.2317   0.1025
    7  651  470  33.4935  26.2322   0.1024
    8  652  471  33.4943  26.2323   0.1024
    9  652  472  33.4951  26.2329   0.1024
   10  652  473  33.4958  26.2334   0.1024
   11  652  474  33.4962  26.2337   0.1025
   12  652  475  33.4959  26.2335   0.1030
   13  651  476  33.4967  26.2345   0.1027
   14  652  476  33.4964  26.2339   0.1031
   15  650  477  33.4968  26.2350   0.1029
   16  649  477  33.4974  26.2358   0.1025
   17  648  478  33.4979  26.2365   0.1025
   18  649  478  33.4980  26.2362   0.1025
   19  648  479  33.4979  26.2366   0.1028
   20  648  480  33.4993  26.2375   0.1024
   21  647  480  33.4991  26.2377   0.1024
   22  646  481  33.4988  26.2380   0.1028
   23  647  481  33.4989  26.2377   0.1029
   24  645  482  33.4983  26.2381   0.1033
   25  646  482  33.4989  26.2381   0.1031
   26  644  483  33.4990  26.2390   0.1031
   27  643  483  33.4989  26.2393   0.1030
   28  645  483  33.4984  26.2382   0.1035
   29  643  484  33.4982  26.2389   0.1037
   30  642  484  33.4986  26.2395   0.1034
   31  641  484  33.4996  26.2405   0.1028
   32  640  485  33.4996  26.2410   0.1029
   33  641  485  33.4988  26.2401   0.1035
   34  639  486  33.4960  26.2390   0.1051
   35  640  486  33.4979  26.2399   0.1042
   36  639  487  33.4984  26.2407   0.1041
   37  638  487  33.4973  26.2403   0.1046
   38  637  487  33.4959  26.2398   0.1052
   39  636  487  33.4957  26.2401   0.1052
   40  635  487  33.4955  26.2403   0.1052
   41  635  488  33.4976  26.2417   0.1044
   42  634  488  33.4970  26.2417   0.1046
   43  633  489  33.4971  26.2422   0.1048
   44  632  489  33.4968  26.2424   0.1048
   45  631  489  33.4969  26.2429   0.1046
   46  634  489  33.4975  26.2421   0.1047
   47  630  490  33.4977  26.2438   0.1044
   48  629  490  33.4971  26.2438   0.1047
   49  628  490  33.4971  26.2442   0.1045
   50  627  491  33.4979  26.2452   0.1043
   51  626  492  33.4978  26.2455   0.1046
   52  627  492  33.4984  26.2455   0.1044
   53  626  493  33.4991  26.2464   0.1042
   54  625  493  33.4985  26.2464   0.1044
   55  624  493  33.4982  26.2466   0.1045
   56  623  493  33.4968  26.2461   0.1051
   57  621  493  33.4959  26.2463   0.1053
   58  620  493  33.4969  26.2473   0.1046
   59  619  493  33.4963  26.2473   0.1048
   60  618  493  33.4966  26.2479   0.1046
   61  617  493  33.4961  26.2479   0.1047
   62  616  493  33.4964  26.2485   0.1045
   63  615  493  33.4961  26.2487   0.1045
   64  614  493  33.4967  26.2495   0.1041
   65  613  493  33.4978  26.2506   0.1033
   66  612  493  33.4979  26.2511   0.1032
   67  610  493  33.4979  26.2519   0.1029
   68  609  493  33.4989  26.2529   0.1023
   69  608  493  33.4974  26.2523   0.1029
   70  607  493  33.4970  26.2524   0.1030
   71  606  493  33.4980  26.2534   0.1024
   72  605  493  33.4980  26.2539   0.1022
   73  604  493  33.4975  26.2539   0.1024
   74  603  493  33.4975  26.2543   0.1023
   75  602  493  33.4967  26.2542   0.1025
   76  601  493  33.4997  26.2565   0.1008
   77  600  493  33.4987  26.2562   0.1012
   78  599  493  33.4982  26.2563   0.1014
   79  598  493  33.4950  26.2546   0.1029
   80  597  493  33.4962  26.2558   0.1022

    1  622  515  33.5092  26.2553   0.1061
    2  623  515  33.5095  26.2551   0.1061
    3  621  517  33.5104  26.2565   0.1061
    4  620  519  33.5117  26.2579   0.1059
    5  620  520  33.5122  26.2582   0.1060
    6  619  521  33.5133  26.2594   0.1056
    7  619  522  33.5138  26.2597   0.1057
    8  619  523  33.5142  26.2600   0.1058
    9  618  523  33.5152  26.2611   0.1051
   10  617  525  33.5158  26.2619   0.1053
   11  618  525  33.5155  26.2614   0.1056
   12  616  526  33.5156  26.2622   0.1057
   13  617  526  33.5158  26.2619   0.1057
   14  616  527  33.5168  26.2630   0.1054
   15  616  528  33.5168  26.2631   0.1058
   16  615  529  33.5172  26.2638   0.1058
   17  616  529  33.5175  26.2636   0.1057
   18  615  531  33.5181  26.2644   0.1060
   19  614  531  33.5181  26.2648   0.1059
   20  614  532  33.5184  26.2651   0.1060
   21  613  533  33.5187  26.2656   0.1062
   22  612  533  33.5189  26.2662   0.1059
   23  614  533  33.5194  26.2657   0.1059
   24  611  534  33.5198  26.2671   0.1056
   25  612  534  33.5189  26.2662   0.1062
   26  610  535  33.5193  26.2673   0.1061
   27  610  536  33.5195  26.2674   0.1063
   28  608  536  33.5190  26.2679   0.1064
   29  607  536  33.5188  26.2681   0.1063
   30  604  537  33.5178  26.2687   0.1069
   31  605  537  33.5187  26.2689   0.1065
   32  602  538  33.5184  26.2699   0.1067
   33  601  538  33.5182  26.2702   0.1066
   34  600  538  33.5172  26.2699   0.1070
   35  603  538  33.5191  26.2699   0.1064
   36  599  539  33.5184  26.2711   0.1066
   37  600  539  33.5178  26.2703   0.1071
   38  599  540  33.5190  26.2715   0.1067
   39  598  540  33.5185  26.2715   0.1068
   40  597  540  33.5187  26.2720   0.1066
   41  596  540  33.5188  26.2725   0.1064
   42  595  540  33.5189  26.2730   0.1062
   43  594  540  33.5182  26.2729   0.1065
   44  552  555  33.5193  26.2903   0.1058
   45  553  555  33.5180  26.2891   0.1066
   46  551  556  33.5199  26.2911   0.1057
   47  550  556  33.5205  26.2919   0.1052
   48  552  556  33.5174  26.2891   0.1072
   49  548  557  33.5210  26.2930   0.1051
   50  549  557  33.5222  26.2934   0.1046
   51  547  558  33.5193  26.2924   0.1062
   52  546  559  33.5196  26.2930   0.1063
   53  545  559  33.5175  26.2920   0.1073
   54  544  559  33.5191  26.2934   0.1063
   55  543  559  33.5185  26.2934   0.1065
   56  542  559  33.5179  26.2934   0.1066
   57  541  559  33.5173  26.2934   0.1069
   58  540  559  33.5170  26.2936   0.1070
   59  539  559  33.5172  26.2941   0.1068
   60  538  559  33.5177  26.2948   0.1063
   61  536  560  33.5159  26.2945   0.1074
   62  537  560  33.5172  26.2949   0.1068
   63  535  561  33.5170  26.2956   0.1071
   64  534  562  33.5166  26.2958   0.1074
   65  533  562  33.5167  26.2962   0.1073
   66  532  562  33.5160  26.2961   0.1075
   67  531  562  33.5162  26.2966   0.1073
   68  530  562  33.5153  26.2964   0.1076
   69  529  562  33.5156  26.2970   0.1073
   70  527  563  33.5149  26.2973   0.1078
   71  526  563  33.5142  26.2973   0.1080
   72  528  563  33.5148  26.2969   0.1079
   73  524  564  33.5140  26.2980   0.1082
   74  523  564  33.5137  26.2982   0.1082
   75  522  564  33.5135  26.2984   0.1082
   76  525  564  33.5141  26.2977   0.1083

    1  713  339  33.4393  26.1673   0.0922
    2  713  340  33.4402  26.1679   0.0921
    3  713  342  33.4404  26.1681   0.0928
    4  712  344  33.4427  26.1701   0.0922
    5  712  345  33.4431  26.1704   0.0924
    6  712  346  33.4433  26.1706   0.0926
    7  712  347  33.4438  26.1710   0.0927
    8  712  348  33.4439  26.1711   0.0930
    9  711  349  33.4444  26.1719   0.0929
   10  711  350  33.4438  26.1715   0.0936
   11  711  351  33.4442  26.1718   0.0937
   12  711  352  33.4443  26.1719   0.0940
   13  709  353  33.4448  26.1730   0.0939
   14  710  353  33.4448  26.1727   0.0940
   15  708  354  33.4455  26.1739   0.0937
   16  709  354  33.4452  26.1734   0.0940
   17  708  355  33.4454  26.1739   0.0941
   18  707  355  33.4451  26.1741   0.0940
   19  706  356  33.4455  26.1748   0.0941
   20  705  357  33.4451  26.1750   0.0944
   21  706  357  33.4450  26.1745   0.0947
   22  704  358  33.4455  26.1757   0.0946
   23  705  358  33.4459  26.1756   0.0944
   24  704  359  33.4455  26.1757   0.0949
   25  703  359  33.4453  26.1760   0.0949
   26  702  359  33.4451  26.1763   0.0949
   27  701  359  33.4458  26.1771   0.0944
   28  700  359  33.4457  26.1774   0.0943
   29  698  360  33.4458  26.1783   0.0943
   30  697  360  33.4462  26.1790   0.0939
   31  696  360  33.4463  26.1794   0.0938
   32  695  360  33.4468  26.1801   0.0934
   33  694  360  33.4469  26.1806   0.0932
   34  699  360  33.4455  26.1777   0.0946
   35  693  361  33.4479  26.1817   0.0929
   36  692  361  33.4485  26.1825   0.0925
   37  691  361  33.4459  26.1812   0.0937
   38  690  361  33.4455  26.1813   0.0937
   39  689  362  33.4451  26.1815   0.0942
   40  690  362  33.4460  26.1817   0.0938
   41  687  363  33.4455  26.1826   0.0941
   42  686  363  33.4449  26.1826   0.0943
   43  685  363  33.4454  26.1833   0.0938
   44  688  363  33.4451  26.1819   0.0944
   45  685  364  33.4462  26.1839   0.0938
   46  684  364  33.4466  26.1845   0.0934
   47  683  364  33.4460  26.1845   0.0937
   48  682  365  33.4479  26.1862   0.0929
   49  681  365  33.4474  26.1863   0.0930
   50  680  365  33.4467  26.1862   0.0932
   51  679  365  33.4481  26.1875   0.0924
   52  678  365  33.4476  26.1876   0.0925
   53  683  365  33.4467  26.1850   0.0936
   54  677  366  33.4458  26.1868   0.0937
   55  676  366  33.4455  26.1870   0.0938
   56  674  366  33.4452  26.1876   0.0936
   57  673  367  33.4462  26.1887   0.0934
   58  674  367  33.4498  26.1907   0.0916
   59  671  368  33.4457  26.1892   0.0938
   60  670  368  33.4443  26.1887   0.0944
   61  672  368  33.4456  26.1887   0.0940
   62  670  369  33.4450  26.1892   0.0944
   63  669  369  33.4440  26.1889   0.0948
   64  668  369  33.4439  26.1893   0.0947
   65  667  369  33.4439  26.1896   0.0946
   66  666  369  33.4439  26.1900   0.0945
   67  665  369  33.4436  26.1902   0.0945
   68  664  369  33.4439  26.1909   0.0942
   69  663  369  33.4435  26.1910   0.0943

    1  711  520  33.5276  26.2331   0.1094
    2  711  521  33.5280  26.2334   0.1095
    3  712  521  33.5280  26.2329   0.1097
    4  710  522  33.5290  26.2344   0.1093
    5  709  523  33.5298  26.2354   0.1090
    6  709  524  33.5305  26.2359   0.1089
    7  709  525  33.5308  26.2361   0.1091
    8  708  527  33.5315  26.2370   0.1093
    9  707  528  33.5325  26.2381   0.1090
   10  707  529  33.5335  26.2388   0.1089
   11  706  530  33.5348  26.2401   0.1084
   12  705  530  33.5357  26.2411   0.1078
   13  707  530  33.5346  26.2396   0.1086
   14  704  531  33.5372  26.2425   0.1072
   15  705  531  33.5365  26.2416   0.1077
   16  703  532  33.5390  26.2441   0.1064
   17  702  532  33.5402  26.2453   0.1056
   18  700  533  33.5406  26.2463   0.1054
   19  699  533  33.5360  26.2437   0.1078
   20  698  533  33.5335  26.2424   0.1090
   21  697  533  33.5334  26.2428   0.1089
   22  701  533  33.5415  26.2466   0.1051
   23  695  534  33.5327  26.2431   0.1094
   24  696  534  33.5323  26.2425   0.1097
   25  694  535  33.5338  26.2443   0.1090
   26  693  535  33.5320  26.2435   0.1098
   27  692  535  33.5325  26.2442   0.1094
   28  690  536  33.5322  26.2448   0.1097
   29  688  536  33.5311  26.2448   0.1101
   30  691  536  33.5332  26.2450   0.1093
   31  686  537  33.5334  26.2471   0.1089
   32  688  537  33.5323  26.2457   0.1097
   33  684  538  33.5334  26.2480   0.1090
   34  683  539  33.5348  26.2494   0.1085
   35  682  539  33.5351  26.2499   0.1082
   36  681  539  33.5360  26.2509   0.1077
   37  680  539  33.5348  26.2505   0.1081
   38  679  539  33.5352  26.2512   0.1078
   39  678  539  33.5347  26.2512   0.1080
   40  676  539  33.5323  26.2504   0.1091
   41  675  539  33.5307  26.2497   0.1099
   42  674  539  33.5313  26.2506   0.1094
   43  673  539  33.5310  26.2507   0.1095
   44  672  540  33.5319  26.2517   0.1092
   45  670  540  33.5330  26.2532   0.1084
   46  642  540  33.5257  26.2593   0.1086
   47  644  540  33.5266  26.2591   0.1084
   48  641  540  33.5263  26.2600   0.1081
   49  668  541  33.5334  26.2543   0.1082
   50  667  541  33.5318  26.2536   0.1090
   51  645  541  33.5275  26.2593   0.1083
   52  646  541  33.5280  26.2592   0.1082
   53  647  541  33.5285  26.2592   0.1081
   54  653  542  33.5315  26.2589   0.1076
   55  652  542  33.5303  26.2585   0.1081
   56  651  542  33.5307  26.2591   0.1078
   57  654  542  33.5314  26.2585   0.1078
   58  655  542  33.5320  26.2584   0.1076
   59  649  542  33.5303  26.2596   0.1077
   60  648  542  33.5305  26.2602   0.1075
   61  650  542  33.5308  26.2596   0.1076
   62  659  543  33.5331  26.2577   0.1079
   63  663  543  33.5333  26.2563   0.1083
   64  658  543  33.5331  26.2580   0.1078
   65  661  543  33.5338  26.2573   0.1078
   66  660  543  33.5335  26.2575   0.1078
