; ENVI Output of ROIs (5.4) [Tue Aug 06 15:07:21 2019]
; Number of ROIs: 8
; File Dimension: 1328 x 1184
;
; ROI name: Region #1
; ROI rgb value: {255, 0, 0}
; ROI npts: 126
;
; ROI name: Region #2
; ROI rgb value: {0, 255, 0}
; ROI npts: 114
;
; ROI name: Region #3
; ROI rgb value: {0, 0, 255}
; ROI npts: 37
;
; ROI name: Region #4
; ROI rgb value: {255, 255, 0}
; ROI npts: 68
;
; ROI name: Region #5
; ROI rgb value: {0, 255, 255}
; ROI npts: 80
;
; ROI name: Region #6
; ROI rgb value: {255, 0, 255}
; ROI npts: 76
;
; ROI name: Region #7
; ROI rgb value: {176, 48, 96}
; ROI npts: 69
;
; ROI name: Region #8
; ROI rgb value: {46, 139, 87}
; ROI npts: 66
;   ID    X    Y      B1      B2      B3
     1  355  501  0.0073  0.0046  0.0039
     2  354  502  0.0073  0.0046  0.0039
     3  352  503  0.0073  0.0046  0.0039
     4  351  504  0.0073  0.0046  0.0039
     5  350  504  0.0073  0.0046  0.0039
     6  352  504  0.0073  0.0046  0.0039
     7  350  505  0.0073  0.0046  0.0039
     8  349  505  0.0073  0.0046  0.0039
     9  349  506  0.0073  0.0046  0.0039
    10  349  507  0.0073  0.0046  0.0039
    11  348  508  0.0073  0.0046  0.0039
    12  347  509  0.0073  0.0046  0.0039
    13  346  510  0.0073  0.0046  0.0039
    14  345  511  0.0073  0.0046  0.0039
    15  346  511  0.0073  0.0046  0.0039
    16  344  512  0.0073  0.0046  0.0039
    17  342  513  0.0073  0.0046  0.0039
    18  343  513  0.0073  0.0046  0.0039
    19  340  514  0.0073  0.0046  0.0039
    20  341  514  0.0073  0.0046  0.0039
    21  340  515  0.0073  0.0046  0.0039
    22  338  516  0.0073  0.0046  0.0039
    23  339  516  0.0073  0.0046  0.0039
    24  337  517  0.0073  0.0046  0.0039
    25  336  517  0.0073  0.0046  0.0039
    26  335  518  0.0073  0.0046  0.0039
    27  336  518  0.0073  0.0046  0.0039
    28  333  519  0.0073  0.0046  0.0039
    29  332  520  0.0073  0.0046  0.0039
    30  333  520  0.0073  0.0046  0.0039
    31  331  522  0.0073  0.0046  0.0039
    32  329  523  0.0073  0.0046  0.0039
    33  327  524  0.0073  0.0046  0.0039
    34  326  524  0.0073  0.0046  0.0039
    35  328  524  0.0073  0.0046  0.0039
    36  325  525  0.0073  0.0046  0.0039
    37  326  525  0.0073  0.0046  0.0039
    38  324  526  0.0073  0.0046  0.0039
    39  323  526  0.0073  0.0046  0.0039
    40  321  527  0.0073  0.0046  0.0039
    41  322  527  0.0073  0.0046  0.0039
    42  320  528  0.0073  0.0046  0.0039
    43  318  529  0.0073  0.0046  0.0039
    44  319  529  0.0073  0.0046  0.0039
    45  317  530  0.0073  0.0046  0.0039
    46  316  530  0.0073  0.0046  0.0039
    47  314  532  0.0073  0.0046  0.0039
    48  315  532  0.0073  0.0046  0.0039
    49  312  533  0.0073  0.0045  0.0039
    50  311  534  0.0073  0.0045  0.0039
    51  312  534  0.0072  0.0045  0.0039
    52  310  535  0.0072  0.0045  0.0039
    53  309  535  0.0073  0.0045  0.0039
    54  308  535  0.0072  0.0045  0.0039
    55  307  536  0.0072  0.0045  0.0039
    56  306  536  0.0072  0.0045  0.0039
    57  308  536  0.0073  0.0045  0.0039
    58  306  537  0.0072  0.0045  0.0039
    59  305  538  0.0072  0.0045  0.0039
    60  303  540  0.0073  0.0045  0.0039
    61  302  541  0.0072  0.0045  0.0039
    62  296  541  0.0072  0.0045  0.0039
    63  297  541  0.0072  0.0045  0.0039
    64  300  541  0.0072  0.0045  0.0039
    65  301  541  0.0072  0.0045  0.0039
    66  295  542  0.0072  0.0045  0.0039
    67  296  542  0.0072  0.0045  0.0039
    68  294  543  0.0072  0.0045  0.0039
    69  295  543  0.0072  0.0045  0.0039
    70  293  544  0.0072  0.0045  0.0039
    71  294  544  0.0072  0.0045  0.0039
    72  292  545  0.0072  0.0045  0.0039
    73  291  546  0.0072  0.0045  0.0039
    74  290  546  0.0072  0.0045  0.0039
    75  289  547  0.0072  0.0045  0.0039
    76  290  547  0.0072  0.0045  0.0039
    77  288  548  0.0072  0.0045  0.0039
    78  289  548  0.0072  0.0045  0.0039
    79  288  549  0.0072  0.0045  0.0039
    80  288  550  0.0072  0.0045  0.0039
    81  287  550  0.0072  0.0045  0.0039
    82  287  551  0.0072  0.0045  0.0039
    83  286  552  0.0072  0.0045  0.0039
    84  287  552  0.0072  0.0045  0.0039
    85  286  553  0.0072  0.0045  0.0039
    86  285  554  0.0072  0.0045  0.0039
    87  285  555  0.0072  0.0045  0.0039
    88  284  556  0.0072  0.0045  0.0039
    89  283  558  0.0072  0.0045  0.0039
    90  282  559  0.0072  0.0045  0.0039
    91  280  561  0.0072  0.0045  0.0039
    92  279  561  0.0072  0.0045  0.0039
    93  281  561  0.0072  0.0045  0.0039
    94  278  562  0.0072  0.0045  0.0039
    95  279  562  0.0072  0.0045  0.0039
    96  278  563  0.0072  0.0045  0.0039
    97  277  563  0.0072  0.0045  0.0039
    98  276  564  0.0072  0.0045  0.0039
    99  276  565  0.0072  0.0045  0.0039
   100  274  566  0.0072  0.0045  0.0039
   101  275  566  0.0072  0.0045  0.0039
   102  273  567  0.0072  0.0045  0.0039
   103  272  567  0.0072  0.0045  0.0039
   104  271  567  0.0072  0.0045  0.0039
   105  270  567  0.0072  0.0045  0.0039
   106  269  568  0.0072  0.0045  0.0039
   107  268  568  0.0072  0.0045  0.0039
   108  270  568  0.0072  0.0045  0.0039
   109  267  569  0.0072  0.0045  0.0039
   110  268  569  0.0072  0.0045  0.0039
   111  267  570  0.0072  0.0045  0.0039
   112  266  570  0.0072  0.0045  0.0039
   113  264  571  0.0072  0.0045  0.0039
   114  265  571  0.0072  0.0045  0.0039
   115  263  572  0.0072  0.0045  0.0039
   116  262  572  0.0072  0.0045  0.0039
   117  261  572  0.0072  0.0045  0.0039
   118  252  572  0.0072  0.0045  0.0039
   119  251  572  0.0072  0.0045  0.0039
   120  257  573  0.0072  0.0045  0.0039
   121  256  573  0.0072  0.0045  0.0039
   122  255  573  0.0072  0.0045  0.0039
   123  254  573  0.0072  0.0045  0.0039
   124  260  573  0.0072  0.0045  0.0039
   125  258  573  0.0072  0.0045  0.0039
   126  259  573  0.0072  0.0045  0.0039

     1  405  512  0.0073  0.0047  0.0039
     2  403  513  0.0073  0.0046  0.0039
     3  404  513  0.0073  0.0046  0.0039
     4  402  514  0.0073  0.0046  0.0039
     5  401  515  0.0073  0.0046  0.0039
     6  401  516  0.0073  0.0046  0.0039
     7  400  517  0.0072  0.0046  0.0039
     8  399  518  0.0073  0.0046  0.0039
     9  398  519  0.0072  0.0046  0.0039
    10  399  519  0.0073  0.0046  0.0039
    11  396  520  0.0072  0.0046  0.0039
    12  397  520  0.0072  0.0046  0.0039
    13  395  521  0.0072  0.0046  0.0039
    14  396  521  0.0072  0.0046  0.0039
    15  394  522  0.0072  0.0046  0.0039
    16  391  523  0.0072  0.0046  0.0039
    17  392  523  0.0072  0.0046  0.0039
    18  389  524  0.0072  0.0046  0.0039
    19  388  525  0.0072  0.0046  0.0039
    20  389  525  0.0072  0.0046  0.0039
    21  386  527  0.0072  0.0046  0.0039
    22  385  527  0.0072  0.0046  0.0039
    23  385  528  0.0072  0.0046  0.0039
    24  383  530  0.0072  0.0046  0.0039
    25  383  531  0.0072  0.0046  0.0039
    26  381  533  0.0072  0.0046  0.0039
    27  380  533  0.0072  0.0046  0.0039
    28  382  533  0.0072  0.0046  0.0039
    29  379  534  0.0072  0.0046  0.0039
    30  378  534  0.0072  0.0046  0.0039
    31  376  535  0.0072  0.0046  0.0039
    32  377  535  0.0072  0.0046  0.0039
    33  375  536  0.0072  0.0046  0.0039
    34  374  537  0.0072  0.0046  0.0039
    35  373  538  0.0072  0.0046  0.0039
    36  372  539  0.0072  0.0046  0.0039
    37  371  539  0.0072  0.0046  0.0039
    38  368  541  0.0072  0.0046  0.0039
    39  370  541  0.0072  0.0046  0.0039
    40  367  542  0.0072  0.0046  0.0039
    41  368  542  0.0072  0.0046  0.0039
    42  367  543  0.0072  0.0046  0.0039
    43  366  543  0.0072  0.0046  0.0039
    44  365  543  0.0072  0.0046  0.0039
    45  365  544  0.0072  0.0045  0.0039
    46  363  547  0.0072  0.0046  0.0039
    47  364  547  0.0072  0.0046  0.0039
    48  363  548  0.0072  0.0046  0.0039
    49  363  549  0.0072  0.0046  0.0039
    50  361  550  0.0072  0.0046  0.0039
    51  361  551  0.0072  0.0046  0.0039
    52  360  552  0.0072  0.0046  0.0039
    53  361  552  0.0072  0.0046  0.0039
    54  358  554  0.0072  0.0046  0.0039
    55  359  554  0.0072  0.0046  0.0039
    56  357  555  0.0072  0.0046  0.0039
    57  356  556  0.0072  0.0046  0.0039
    58  355  557  0.0072  0.0046  0.0039
    59  356  557  0.0072  0.0046  0.0039
    60  353  558  0.0072  0.0046  0.0039
    61  354  558  0.0072  0.0046  0.0039
    62  350  560  0.0072  0.0045  0.0039
    63  351  560  0.0072  0.0045  0.0039
    64  348  561  0.0072  0.0045  0.0039
    65  347  562  0.0072  0.0045  0.0039
    66  348  562  0.0072  0.0045  0.0039
    67  346  563  0.0072  0.0045  0.0039
    68  345  564  0.0072  0.0045  0.0039
    69  346  564  0.0072  0.0045  0.0039
    70  344  565  0.0072  0.0045  0.0039
    71  343  566  0.0072  0.0045  0.0039
    72  342  566  0.0072  0.0045  0.0039
    73  341  566  0.0072  0.0045  0.0039
    74  340  566  0.0072  0.0045  0.0039
    75  339  567  0.0072  0.0045  0.0039
    76  337  567  0.0072  0.0045  0.0039
    77  336  567  0.0072  0.0045  0.0039
    78  335  567  0.0072  0.0045  0.0039
    79  340  567  0.0072  0.0045  0.0039
    80  335  568  0.0072  0.0045  0.0039
    81  331  569  0.0072  0.0045  0.0039
    82  332  569  0.0072  0.0045  0.0039
    83  328  570  0.0072  0.0045  0.0039
    84  329  570  0.0072  0.0045  0.0039
    85  326  572  0.0072  0.0045  0.0039
    86  324  573  0.0072  0.0045  0.0039
    87  322  574  0.0072  0.0045  0.0039
    88  323  574  0.0072  0.0045  0.0039
    89  320  575  0.0072  0.0045  0.0039
    90  321  575  0.0072  0.0045  0.0039
    91  317  576  0.0072  0.0045  0.0039
    92  317  577  0.0072  0.0045  0.0039
    93  316  577  0.0072  0.0045  0.0039
    94  315  577  0.0072  0.0045  0.0039
    95  313  578  0.0072  0.0045  0.0039
    96  312  578  0.0072  0.0045  0.0039
    97  314  578  0.0072  0.0045  0.0039
    98  311  579  0.0072  0.0045  0.0039
    99  312  579  0.0072  0.0045  0.0039
   100  310  580  0.0072  0.0045  0.0039
   101  310  581  0.0072  0.0045  0.0039
   102  309  581  0.0072  0.0045  0.0039
   103  308  582  0.0072  0.0045  0.0039
   104  309  582  0.0072  0.0045  0.0039
   105  307  583  0.0072  0.0045  0.0039
   106  308  583  0.0072  0.0045  0.0039
   107  307  584  0.0072  0.0045  0.0039
   108  306  584  0.0072  0.0045  0.0039
   109  305  584  0.0072  0.0045  0.0039
   110  304  585  0.0072  0.0045  0.0039
   111  305  585  0.0072  0.0045  0.0039
   112  303  586  0.0072  0.0045  0.0039
   113  304  586  0.0072  0.0045  0.0039
   114  303  587  0.0071  0.0045  0.0039

    1  492  518  0.0072  0.0047  0.0039
    2  493  518  0.0072  0.0047  0.0039
    3  491  520  0.0072  0.0047  0.0039
    4  489  521  0.0072  0.0047  0.0039
    5  487  522  0.0073  0.0047  0.0039
    6  487  523  0.0073  0.0047  0.0039
    7  486  524  0.0073  0.0047  0.0039
    8  484  526  0.0073  0.0047  0.0039
    9  483  527  0.0073  0.0047  0.0039
   10  478  529  0.0072  0.0047  0.0039
   11  479  529  0.0072  0.0047  0.0039
   12  477  530  0.0072  0.0047  0.0039
   13  476  531  0.0072  0.0047  0.0039
   14  475  532  0.0072  0.0047  0.0039
   15  473  533  0.0072  0.0047  0.0039
   16  472  535  0.0072  0.0047  0.0039
   17  471  535  0.0072  0.0046  0.0039
   18  470  535  0.0072  0.0046  0.0039
   19  469  535  0.0072  0.0046  0.0039
   20  466  536  0.0072  0.0046  0.0039
   21  468  536  0.0072  0.0046  0.0039
   22  465  537  0.0072  0.0046  0.0039
   23  464  537  0.0072  0.0046  0.0039
   24  463  537  0.0072  0.0046  0.0039
   25  466  537  0.0072  0.0046  0.0039
   26  462  538  0.0072  0.0046  0.0039
   27  463  538  0.0072  0.0046  0.0039
   28  462  539  0.0072  0.0046  0.0039
   29  461  539  0.0072  0.0046  0.0039
   30  458  540  0.0072  0.0046  0.0039
   31  457  541  0.0072  0.0046  0.0039
   32  455  542  0.0072  0.0046  0.0039
   33  456  542  0.0072  0.0046  0.0039
   34  455  543  0.0072  0.0046  0.0039
   35  453  544  0.0072  0.0046  0.0039
   36  451  545  0.0072  0.0046  0.0039
   37  452  545  0.0072  0.0046  0.0039

    1  527  524  0.0073  0.0047  0.0039
    2  526  524  0.0073  0.0047  0.0039
    3  528  524  0.0072  0.0047  0.0039
    4  525  525  0.0073  0.0047  0.0039
    5  524  525  0.0073  0.0047  0.0039
    6  526  525  0.0073  0.0047  0.0039
    7  523  526  0.0073  0.0047  0.0039
    8  522  527  0.0073  0.0047  0.0039
    9  521  528  0.0072  0.0047  0.0039
   10  522  528  0.0073  0.0047  0.0039
   11  521  529  0.0073  0.0047  0.0039
   12  518  532  0.0072  0.0047  0.0039
   13  517  533  0.0072  0.0047  0.0039
   14  515  533  0.0072  0.0047  0.0039
   15  518  533  0.0072  0.0047  0.0039
   16  515  534  0.0072  0.0047  0.0039
   17  514  534  0.0072  0.0047  0.0039
   18  513  534  0.0072  0.0047  0.0039
   19  512  535  0.0072  0.0047  0.0039
   20  511  535  0.0072  0.0047  0.0039
   21  513  535  0.0072  0.0047  0.0039
   22  510  536  0.0072  0.0047  0.0039
   23  511  536  0.0072  0.0047  0.0039
   24  509  537  0.0073  0.0047  0.0039
   25  509  538  0.0072  0.0047  0.0039
   26  508  538  0.0072  0.0047  0.0039
   27  508  539  0.0072  0.0047  0.0039
   28  506  540  0.0072  0.0047  0.0039
   29  506  541  0.0072  0.0047  0.0039
   30  504  542  0.0072  0.0047  0.0039
   31  505  542  0.0072  0.0047  0.0039
   32  503  543  0.0072  0.0047  0.0039
   33  502  543  0.0072  0.0047  0.0039
   34  501  543  0.0072  0.0047  0.0039
   35  499  544  0.0072  0.0047  0.0039
   36  498  544  0.0072  0.0047  0.0039
   37  500  544  0.0072  0.0046  0.0039
   38  496  545  0.0072  0.0047  0.0039
   39  497  545  0.0072  0.0047  0.0039
   40  494  546  0.0073  0.0047  0.0039
   41  495  546  0.0072  0.0047  0.0039
   42  493  547  0.0073  0.0047  0.0039
   43  492  547  0.0072  0.0047  0.0039
   44  490  548  0.0072  0.0047  0.0039
   45  489  549  0.0072  0.0047  0.0039
   46  488  549  0.0072  0.0047  0.0039
   47  487  549  0.0072  0.0047  0.0039
   48  490  549  0.0072  0.0047  0.0039
   49  486  550  0.0072  0.0046  0.0039
   50  485  550  0.0072  0.0046  0.0039
   51  483  550  0.0072  0.0046  0.0039
   52  482  550  0.0072  0.0046  0.0039
   53  481  550  0.0072  0.0046  0.0039
   54  478  551  0.0072  0.0046  0.0039
   55  477  551  0.0072  0.0046  0.0039
   56  479  551  0.0072  0.0046  0.0039
   57  475  552  0.0072  0.0046  0.0039
   58  474  553  0.0072  0.0046  0.0039
   59  473  554  0.0072  0.0046  0.0039
   60  472  554  0.0072  0.0046  0.0039
   61  471  554  0.0071  0.0046  0.0039
   62  470  554  0.0072  0.0046  0.0039
   63  469  554  0.0072  0.0046  0.0039
   64  468  554  0.0072  0.0046  0.0039
   65  467  554  0.0072  0.0046  0.0039
   66  466  554  0.0072  0.0046  0.0039
   67  465  554  0.0072  0.0046  0.0039
   68  464  554  0.0072  0.0046  0.0039

    1  650  466  0.0073  0.0049  0.0040
    2  651  467  0.0073  0.0049  0.0040
    3  650  467  0.0073  0.0049  0.0040
    4  651  468  0.0073  0.0049  0.0040
    5  651  469  0.0073  0.0049  0.0040
    6  652  470  0.0073  0.0049  0.0040
    7  651  470  0.0073  0.0049  0.0040
    8  652  471  0.0073  0.0049  0.0040
    9  652  472  0.0073  0.0049  0.0040
   10  652  473  0.0073  0.0049  0.0040
   11  652  474  0.0073  0.0049  0.0040
   12  652  475  0.0073  0.0049  0.0040
   13  651  476  0.0073  0.0049  0.0040
   14  652  476  0.0073  0.0049  0.0040
   15  650  477  0.0073  0.0049  0.0040
   16  649  477  0.0073  0.0049  0.0040
   17  648  478  0.0073  0.0049  0.0040
   18  649  478  0.0073  0.0049  0.0040
   19  648  479  0.0073  0.0049  0.0040
   20  648  480  0.0073  0.0049  0.0040
   21  647  480  0.0073  0.0049  0.0040
   22  646  481  0.0073  0.0049  0.0040
   23  647  481  0.0073  0.0049  0.0040
   24  645  482  0.0073  0.0049  0.0040
   25  646  482  0.0073  0.0049  0.0040
   26  644  483  0.0073  0.0049  0.0040
   27  643  483  0.0073  0.0049  0.0040
   28  645  483  0.0073  0.0049  0.0040
   29  643  484  0.0073  0.0049  0.0040
   30  642  484  0.0073  0.0049  0.0040
   31  641  484  0.0073  0.0048  0.0040
   32  640  485  0.0073  0.0048  0.0040
   33  641  485  0.0073  0.0048  0.0040
   34  639  486  0.0073  0.0049  0.0040
   35  640  486  0.0073  0.0049  0.0040
   36  639  487  0.0073  0.0048  0.0040
   37  638  487  0.0073  0.0048  0.0040
   38  637  487  0.0073  0.0049  0.0040
   39  636  487  0.0073  0.0049  0.0040
   40  635  487  0.0073  0.0048  0.0040
   41  635  488  0.0073  0.0048  0.0040
   42  634  488  0.0073  0.0048  0.0040
   43  633  489  0.0073  0.0048  0.0040
   44  632  489  0.0073  0.0048  0.0040
   45  631  489  0.0073  0.0048  0.0040
   46  634  489  0.0073  0.0048  0.0040
   47  630  490  0.0073  0.0048  0.0040
   48  629  490  0.0073  0.0048  0.0040
   49  628  490  0.0073  0.0048  0.0040
   50  627  491  0.0073  0.0048  0.0040
   51  626  492  0.0073  0.0048  0.0040
   52  627  492  0.0073  0.0048  0.0040
   53  626  493  0.0073  0.0048  0.0040
   54  625  493  0.0073  0.0048  0.0040
   55  624  493  0.0073  0.0048  0.0040
   56  623  493  0.0073  0.0048  0.0040
   57  621  493  0.0073  0.0048  0.0040
   58  620  493  0.0073  0.0048  0.0040
   59  619  493  0.0073  0.0048  0.0040
   60  618  493  0.0073  0.0048  0.0040
   61  617  493  0.0073  0.0048  0.0040
   62  616  493  0.0073  0.0048  0.0040
   63  615  493  0.0073  0.0048  0.0040
   64  614  493  0.0073  0.0048  0.0040
   65  613  493  0.0073  0.0048  0.0040
   66  612  493  0.0073  0.0048  0.0040
   67  610  493  0.0073  0.0048  0.0040
   68  609  493  0.0073  0.0048  0.0040
   69  608  493  0.0073  0.0048  0.0040
   70  607  493  0.0073  0.0048  0.0040
   71  606  493  0.0073  0.0048  0.0040
   72  605  493  0.0073  0.0048  0.0040
   73  604  493  0.0073  0.0048  0.0040
   74  603  493  0.0073  0.0048  0.0040
   75  602  493  0.0073  0.0048  0.0040
   76  601  493  0.0073  0.0048  0.0039
   77  600  493  0.0073  0.0048  0.0040
   78  599  493  0.0073  0.0048  0.0040
   79  598  493  0.0073  0.0048  0.0040
   80  597  493  0.0073  0.0048  0.0040

    1  622  515  0.0072  0.0048  0.0040
    2  623  515  0.0072  0.0048  0.0040
    3  621  517  0.0072  0.0048  0.0040
    4  620  519  0.0072  0.0048  0.0040
    5  620  520  0.0072  0.0048  0.0040
    6  619  521  0.0072  0.0048  0.0040
    7  619  522  0.0072  0.0048  0.0040
    8  619  523  0.0072  0.0048  0.0040
    9  618  523  0.0072  0.0048  0.0040
   10  617  525  0.0072  0.0048  0.0040
   11  618  525  0.0072  0.0048  0.0040
   12  616  526  0.0072  0.0048  0.0040
   13  617  526  0.0072  0.0048  0.0040
   14  616  527  0.0072  0.0048  0.0040
   15  616  528  0.0072  0.0048  0.0040
   16  615  529  0.0072  0.0048  0.0040
   17  616  529  0.0072  0.0048  0.0040
   18  615  531  0.0072  0.0048  0.0040
   19  614  531  0.0072  0.0048  0.0040
   20  614  532  0.0072  0.0048  0.0040
   21  613  533  0.0072  0.0047  0.0040
   22  612  533  0.0072  0.0047  0.0040
   23  614  533  0.0072  0.0047  0.0040
   24  611  534  0.0072  0.0047  0.0040
   25  612  534  0.0072  0.0047  0.0040
   26  610  535  0.0072  0.0047  0.0040
   27  610  536  0.0072  0.0047  0.0040
   28  608  536  0.0072  0.0047  0.0040
   29  607  536  0.0072  0.0047  0.0040
   30  604  537  0.0072  0.0047  0.0040
   31  605  537  0.0072  0.0047  0.0040
   32  602  538  0.0072  0.0047  0.0040
   33  601  538  0.0072  0.0047  0.0040
   34  600  538  0.0072  0.0047  0.0040
   35  603  538  0.0072  0.0047  0.0040
   36  599  539  0.0072  0.0047  0.0040
   37  600  539  0.0072  0.0047  0.0040
   38  599  540  0.0072  0.0047  0.0040
   39  598  540  0.0072  0.0047  0.0040
   40  597  540  0.0072  0.0047  0.0040
   41  596  540  0.0072  0.0047  0.0039
   42  595  540  0.0072  0.0047  0.0039
   43  594  540  0.0072  0.0047  0.0039
   44  552  555  0.0071  0.0047  0.0039
   45  553  555  0.0072  0.0047  0.0039
   46  551  556  0.0071  0.0047  0.0039
   47  550  556  0.0071  0.0047  0.0039
   48  552  556  0.0072  0.0047  0.0039
   49  548  557  0.0071  0.0047  0.0039
   50  549  557  0.0071  0.0047  0.0039
   51  547  558  0.0071  0.0047  0.0039
   52  546  559  0.0071  0.0047  0.0039
   53  545  559  0.0072  0.0047  0.0039
   54  544  559  0.0071  0.0047  0.0039
   55  543  559  0.0072  0.0047  0.0039
   56  542  559  0.0072  0.0047  0.0039
   57  541  559  0.0072  0.0047  0.0039
   58  540  559  0.0072  0.0047  0.0039
   59  539  559  0.0072  0.0047  0.0039
   60  538  559  0.0072  0.0047  0.0039
   61  536  560  0.0072  0.0047  0.0039
   62  537  560  0.0072  0.0047  0.0039
   63  535  561  0.0072  0.0047  0.0039
   64  534  562  0.0072  0.0047  0.0039
   65  533  562  0.0072  0.0047  0.0039
   66  532  562  0.0072  0.0047  0.0039
   67  531  562  0.0072  0.0047  0.0039
   68  530  562  0.0072  0.0047  0.0039
   69  529  562  0.0072  0.0047  0.0039
   70  527  563  0.0072  0.0047  0.0039
   71  526  563  0.0072  0.0047  0.0039
   72  528  563  0.0072  0.0047  0.0039
   73  524  564  0.0072  0.0047  0.0039
   74  523  564  0.0072  0.0047  0.0039
   75  522  564  0.0072  0.0047  0.0039
   76  525  564  0.0072  0.0047  0.0039

    1  713  339  0.0076  0.0051  0.0040
    2  713  340  0.0076  0.0051  0.0040
    3  713  342  0.0076  0.0051  0.0040
    4  712  344  0.0076  0.0051  0.0040
    5  712  345  0.0076  0.0051  0.0040
    6  712  346  0.0076  0.0051  0.0040
    7  712  347  0.0076  0.0051  0.0040
    8  712  348  0.0076  0.0051  0.0040
    9  711  349  0.0076  0.0051  0.0040
   10  711  350  0.0076  0.0051  0.0040
   11  711  351  0.0076  0.0051  0.0040
   12  711  352  0.0076  0.0051  0.0040
   13  709  353  0.0076  0.0051  0.0040
   14  710  353  0.0076  0.0051  0.0040
   15  708  354  0.0076  0.0051  0.0040
   16  709  354  0.0076  0.0051  0.0040
   17  708  355  0.0076  0.0051  0.0040
   18  707  355  0.0076  0.0051  0.0040
   19  706  356  0.0076  0.0051  0.0040
   20  705  357  0.0075  0.0051  0.0040
   21  706  357  0.0076  0.0051  0.0040
   22  704  358  0.0076  0.0051  0.0040
   23  705  358  0.0075  0.0051  0.0040
   24  704  359  0.0076  0.0051  0.0040
   25  703  359  0.0076  0.0051  0.0040
   26  702  359  0.0076  0.0051  0.0040
   27  701  359  0.0076  0.0051  0.0040
   28  700  359  0.0076  0.0051  0.0040
   29  698  360  0.0075  0.0051  0.0040
   30  697  360  0.0075  0.0051  0.0040
   31  696  360  0.0075  0.0051  0.0040
   32  695  360  0.0075  0.0051  0.0040
   33  694  360  0.0075  0.0051  0.0040
   34  699  360  0.0076  0.0051  0.0040
   35  693  361  0.0075  0.0051  0.0040
   36  692  361  0.0075  0.0051  0.0040
   37  691  361  0.0075  0.0051  0.0040
   38  690  361  0.0075  0.0051  0.0040
   39  689  362  0.0075  0.0051  0.0040
   40  690  362  0.0075  0.0051  0.0040
   41  687  363  0.0075  0.0051  0.0040
   42  686  363  0.0075  0.0051  0.0040
   43  685  363  0.0075  0.0051  0.0040
   44  688  363  0.0075  0.0051  0.0040
   45  685  364  0.0075  0.0050  0.0040
   46  684  364  0.0075  0.0050  0.0040
   47  683  364  0.0075  0.0050  0.0040
   48  682  365  0.0075  0.0050  0.0040
   49  681  365  0.0075  0.0050  0.0040
   50  680  365  0.0075  0.0050  0.0040
   51  679  365  0.0075  0.0050  0.0040
   52  678  365  0.0075  0.0050  0.0040
   53  683  365  0.0075  0.0050  0.0040
   54  677  366  0.0075  0.0050  0.0040
   55  676  366  0.0075  0.0050  0.0040
   56  674  366  0.0075  0.0050  0.0040
   57  673  367  0.0075  0.0050  0.0040
   58  674  367  0.0075  0.0050  0.0040
   59  671  368  0.0075  0.0050  0.0040
   60  670  368  0.0075  0.0050  0.0040
   61  672  368  0.0075  0.0050  0.0040
   62  670  369  0.0075  0.0050  0.0040
   63  669  369  0.0075  0.0050  0.0040
   64  668  369  0.0075  0.0050  0.0040
   65  667  369  0.0075  0.0050  0.0040
   66  666  369  0.0075  0.0050  0.0040
   67  665  369  0.0075  0.0050  0.0040
   68  664  369  0.0075  0.0050  0.0040
   69  663  369  0.0075  0.0050  0.0040

    1  711  520  0.0072  0.0049  0.0040
    2  711  521  0.0072  0.0049  0.0040
    3  712  521  0.0072  0.0049  0.0040
    4  710  522  0.0072  0.0049  0.0040
    5  709  523  0.0072  0.0048  0.0040
    6  709  524  0.0072  0.0048  0.0040
    7  709  525  0.0072  0.0048  0.0040
    8  708  527  0.0072  0.0048  0.0040
    9  707  528  0.0072  0.0048  0.0040
   10  707  529  0.0072  0.0048  0.0040
   11  706  530  0.0072  0.0048  0.0040
   12  705  530  0.0072  0.0048  0.0040
   13  707  530  0.0072  0.0048  0.0040
   14  704  531  0.0072  0.0048  0.0040
   15  705  531  0.0072  0.0048  0.0040
   16  703  532  0.0072  0.0048  0.0040
   17  702  532  0.0072  0.0048  0.0040
   18  700  533  0.0071  0.0048  0.0040
   19  699  533  0.0072  0.0048  0.0040
   20  698  533  0.0072  0.0048  0.0040
   21  697  533  0.0072  0.0048  0.0040
   22  701  533  0.0071  0.0048  0.0040
   23  695  534  0.0072  0.0048  0.0040
   24  696  534  0.0072  0.0048  0.0040
   25  694  535  0.0072  0.0048  0.0040
   26  693  535  0.0072  0.0048  0.0040
   27  692  535  0.0072  0.0048  0.0040
   28  690  536  0.0072  0.0048  0.0040
   29  688  536  0.0072  0.0048  0.0040
   30  691  536  0.0072  0.0048  0.0040
   31  686  537  0.0072  0.0048  0.0040
   32  688  537  0.0072  0.0048  0.0040
   33  684  538  0.0072  0.0048  0.0040
   34  683  539  0.0072  0.0048  0.0040
   35  682  539  0.0072  0.0048  0.0040
   36  681  539  0.0072  0.0048  0.0040
   37  680  539  0.0072  0.0048  0.0040
   38  679  539  0.0072  0.0048  0.0040
   39  678  539  0.0072  0.0048  0.0040
   40  676  539  0.0072  0.0048  0.0040
   41  675  539  0.0072  0.0048  0.0040
   42  674  539  0.0072  0.0048  0.0040
   43  673  539  0.0072  0.0048  0.0040
   44  672  540  0.0072  0.0048  0.0040
   45  670  540  0.0072  0.0048  0.0040
   46  642  540  0.0072  0.0048  0.0040
   47  644  540  0.0072  0.0048  0.0040
   48  641  540  0.0072  0.0048  0.0040
   49  668  541  0.0072  0.0048  0.0040
   50  667  541  0.0072  0.0048  0.0040
   51  645  541  0.0072  0.0048  0.0040
   52  646  541  0.0072  0.0048  0.0040
   53  647  541  0.0072  0.0048  0.0040
   54  653  542  0.0072  0.0048  0.0040
   55  652  542  0.0072  0.0048  0.0040
   56  651  542  0.0072  0.0048  0.0040
   57  654  542  0.0072  0.0048  0.0040
   58  655  542  0.0072  0.0048  0.0040
   59  649  542  0.0072  0.0048  0.0040
   60  648  542  0.0072  0.0048  0.0040
   61  650  542  0.0072  0.0048  0.0040
   62  659  543  0.0072  0.0048  0.0040
   63  663  543  0.0072  0.0048  0.0040
   64  658  543  0.0072  0.0048  0.0040
   65  661  543  0.0072  0.0048  0.0040
   66  660  543  0.0072  0.0048  0.0040
