; ENVI Output of ROIs (5.4) [Tue Aug 06 14:56:50 2019]
; Number of ROIs: 10
; File Dimension: 1328 x 1184
;
; ROI name: Region #1
; ROI rgb value: {255, 0, 0}
; ROI npts: 46
;
; ROI name: Region #2
; ROI rgb value: {0, 255, 0}
; ROI npts: 56
;
; ROI name: Region #3
; ROI rgb value: {0, 0, 255}
; ROI npts: 56
;
; ROI name: Region #4
; ROI rgb value: {255, 255, 0}
; ROI npts: 47
;
; ROI name: Region #5
; ROI rgb value: {0, 255, 255}
; ROI npts: 27
;
; ROI name: Region #6
; ROI rgb value: {255, 0, 255}
; ROI npts: 73
;
; ROI name: Region #7
; ROI rgb value: {176, 48, 96}
; ROI npts: 58
;
; ROI name: Region #8
; ROI rgb value: {46, 139, 87}
; ROI npts: 88
;
; ROI name: Region #9
; ROI rgb value: {160, 32, 240}
; ROI npts: 109
;
; ROI name: Region #10
; ROI rgb value: {255, 127, 80}
; ROI npts: 111
;  ID    X    Y       B1       B2       B3
    1  801  463  33.6843  25.9179   0.1523
    2  800  464  33.6842  25.9183   0.1526
    3  799  464  33.6837  25.9183   0.1527
    4  801  464  33.6839  25.9176   0.1529
    5  799  465  33.6848  25.9193   0.1524
    6  798  465  33.6838  25.9189   0.1528
    7  797  465  33.6830  25.9187   0.1532
    8  796  466  33.6831  25.9192   0.1533
    9  795  466  33.6828  25.9194   0.1533
   10  797  466  33.6834  25.9190   0.1533
   11  794  467  33.6837  25.9206   0.1530
   12  795  467  33.6834  25.9199   0.1533
   13  794  468  33.6840  25.9208   0.1532
   14  793  468  33.6838  25.9211   0.1532
   15  792  469  33.6849  25.9224   0.1527
   16  793  469  33.6848  25.9219   0.1529
   17  791  470  33.6865  25.9241   0.1520
   18  792  470  33.6833  25.9212   0.1540
   19  791  471  33.6853  25.9232   0.1531
   20  790  471  33.6850  25.9234   0.1531
   21  789  472  33.6846  25.9235   0.1536
   22  788  473  33.6829  25.9227   0.1548
   23  787  474  33.6861  25.9257   0.1531
   24  786  474  33.6856  25.9257   0.1532
   25  785  474  33.6838  25.9247   0.1541
   26  784  475  33.6846  25.9258   0.1539
   27  783  476  33.6845  25.9262   0.1541
   28  782  476  33.6846  25.9267   0.1539
   29  784  476  33.6848  25.9260   0.1541
   30  782  477  33.6844  25.9266   0.1544
   31  781  478  33.6851  25.9276   0.1542
   32  780  478  33.6846  25.9275   0.1544
   33  779  478  33.6848  25.9281   0.1541
   34  778  479  33.6844  25.9283   0.1546
   35  779  479  33.6839  25.9275   0.1550
   36  778  480  33.6833  25.9275   0.1556
   37  777  480  33.6841  25.9285   0.1549
   38  776  480  33.6842  25.9290   0.1547
   39  774  481  33.6844  25.9300   0.1546
   40  773  481  33.6836  25.9299   0.1549
   41  775  481  33.6840  25.9293   0.1550
   42  772  482  33.6848  25.9313   0.1544
   43  771  482  33.6834  25.9306   0.1551
   44  773  482  33.6852  25.9312   0.1544
   45  770  483  33.6853  25.9325   0.1542
   46  771  483  33.6844  25.9314   0.1549

    1  832  468  33.6888  25.9086   0.1561
    2  832  469  33.6878  25.9078   0.1571
    3  831  470  33.6875  25.9081   0.1575
    4  832  470  33.6877  25.9078   0.1575
    5  829  471  33.6881  25.9094   0.1572
    6  830  471  33.6881  25.9090   0.1574
    7  828  472  33.6880  25.9098   0.1574
    8  814  482  33.6897  25.9175   0.1578
    9  815  482  33.6896  25.9170   0.1581
   10  812  483  33.6895  25.9181   0.1580
   11  813  483  33.6894  25.9177   0.1582
   12  810  484  33.6894  25.9190   0.1581
   13  811  484  33.6895  25.9186   0.1582
   14  810  485  33.6897  25.9193   0.1583
   15  809  485  33.6896  25.9196   0.1582
   16  808  485  33.6895  25.9199   0.1581
   17  807  486  33.6899  25.9207   0.1581
   18  808  486  33.6899  25.9203   0.1582
   19  805  487  33.6900  25.9217   0.1581
   20  807  487  33.6897  25.9206   0.1586
   21  804  488  33.6891  25.9214   0.1588
   22  805  488  33.6895  25.9213   0.1587
   23  803  489  33.6902  25.9228   0.1584
   24  802  489  33.6899  25.9229   0.1584
   25  801  489  33.6906  25.9239   0.1578
   26  799  490  33.6910  25.9251   0.1576
   27  800  490  33.6910  25.9247   0.1578
   28  799  491  33.6911  25.9252   0.1580
   29  798  491  33.6911  25.9256   0.1578
   30  797  491  33.6919  25.9267   0.1572
   31  795  492  33.6906  25.9265   0.1580
   32  796  492  33.6916  25.9269   0.1576
   33  793  493  33.6921  25.9286   0.1572
   34  794  493  33.6916  25.9278   0.1576
   35  791  494  33.6926  25.9299   0.1570
   36  793  494  33.6930  25.9293   0.1570
   37  791  495  33.6919  25.9294   0.1578
   38  790  495  33.6913  25.9293   0.1580
   39  788  496  33.6926  25.9312   0.1573
   40  789  496  33.6924  25.9307   0.1575
   41  787  497  33.6936  25.9325   0.1569
   42  786  497  33.6939  25.9331   0.1566
   43  788  497  33.6930  25.9315   0.1574
   44  785  498  33.6947  25.9342   0.1563
   45  784  498  33.6941  25.9342   0.1564
   46  783  498  33.6946  25.9349   0.1560
   47  782  499  33.6948  25.9355   0.1561
   48  781  499  33.6944  25.9357   0.1562
   49  783  499  33.6946  25.9350   0.1563
   50  781  500  33.6944  25.9357   0.1566
   51  780  500  33.6948  25.9365   0.1562
   52  779  500  33.6948  25.9369   0.1561
   53  778  500  33.6948  25.9373   0.1559
   54  777  500  33.6948  25.9377   0.1558
   55  776  500  33.6941  25.9376   0.1560
   56  775  500  33.6938  25.9377   0.1560

    1  815  475  33.6871  25.9147   0.1571
    2  816  475  33.6875  25.9146   0.1570
    3  814  476  33.6872  25.9152   0.1572
    4  813  476  33.6870  25.9155   0.1572
    5  815  476  33.6873  25.9149   0.1573
    6  813  477  33.6877  25.9161   0.1571
    7  812  477  33.6876  25.9165   0.1570
    8  811  477  33.6878  25.9170   0.1567
    9  810  477  33.6874  25.9171   0.1569
   10  809  478  33.6872  25.9174   0.1571
   11  808  478  33.6874  25.9180   0.1569
   12  810  478  33.6874  25.9172   0.1572
   13  807  479  33.6876  25.9186   0.1570
   14  805  480  33.6878  25.9197   0.1569
   15  803  481  33.6887  25.9213   0.1564
   16  802  481  33.6880  25.9211   0.1567
   17  801  481  33.6884  25.9218   0.1563
   18  804  481  33.6884  25.9206   0.1568
   19  800  482  33.6892  25.9229   0.1560
   20  801  482  33.6887  25.9221   0.1565
   21  800  483  33.6893  25.9231   0.1563
   22  799  483  33.6896  25.9237   0.1560
   23  798  483  33.6896  25.9242   0.1558
   24  796  484  33.6901  25.9254   0.1556
   25  795  484  33.6900  25.9258   0.1555
   26  797  484  33.6902  25.9250   0.1557
   27  795  485  33.6911  25.9267   0.1552
   28  794  485  33.6908  25.9269   0.1553
   29  793  486  33.6916  25.9280   0.1550
   30  791  487  33.6935  25.9303   0.1539
   31  792  487  33.6931  25.9296   0.1543
   32  790  488  33.6935  25.9307   0.1542
   33  789  488  33.6934  25.9311   0.1541
   34  788  488  33.6935  25.9316   0.1539
   35  786  489  33.6924  25.9316   0.1546
   36  785  489  33.6924  25.9320   0.1545
   37  787  489  33.6934  25.9320   0.1541
   38  784  490  33.6913  25.9317   0.1553
   39  783  490  33.6906  25.9315   0.1555
   40  782  490  33.6907  25.9320   0.1554
   41  781  490  33.6908  25.9325   0.1551
   42  780  490  33.6910  25.9331   0.1549
   43  779  490  33.6915  25.9339   0.1544
   44  778  491  33.6914  25.9342   0.1547
   45  777  491  33.6913  25.9346   0.1546
   46  779  491  33.6918  25.9342   0.1546
   47  774  492  33.6926  25.9369   0.1538
   48  775  492  33.6923  25.9363   0.1541
   49  772  493  33.6915  25.9369   0.1544
   50  771  493  33.6910  25.9370   0.1545
   51  770  493  33.6904  25.9369   0.1547
   52  769  493  33.6898  25.9368   0.1549
   53  767  493  33.6893  25.9373   0.1549
   54  766  493  33.6887  25.9372   0.1551
   55  765  493  33.6882  25.9373   0.1552
   56  764  493  33.6876  25.9372   0.1554

    1  863  426  33.6782  25.8855   0.1520
    2  863  427  33.6790  25.8861   0.1518
    3  862  428  33.6792  25.8867   0.1520
    4  863  428  33.6793  25.8864   0.1520
    5  861  429  33.6792  25.8872   0.1522
    6  862  429  33.6797  25.8872   0.1520
    7  861  430  33.6795  25.8875   0.1523
    8  860  430  33.6794  25.8879   0.1523
    9  860  431  33.6803  25.8886   0.1521
   10  859  432  33.6801  25.8889   0.1524
   11  858  433  33.6801  25.8893   0.1526
   12  857  434  33.6804  25.8900   0.1527
   13  858  434  33.6806  25.8898   0.1527
   14  857  435  33.6816  25.8911   0.1523
   15  856  435  33.6809  25.8909   0.1526
   16  829  435  33.6763  25.8987   0.1511
   17  856  436  33.6803  25.8905   0.1533
   18  829  436  33.6768  25.8991   0.1512
   19  830  436  33.6776  25.8993   0.1509
   20  854  436  33.6798  25.8909   0.1533
   21  831  437  33.6786  25.8997   0.1508
   22  853  437  33.6814  25.8927   0.1525
   23  852  437  33.6814  25.8931   0.1524
   24  830  437  33.6779  25.8996   0.1511
   25  854  437  33.6806  25.8916   0.1532
   26  851  438  33.6817  25.8938   0.1524
   27  847  438  33.6810  25.8949   0.1522
   28  846  438  33.6809  25.8952   0.1521
   29  850  438  33.6814  25.8940   0.1524
   30  849  438  33.6815  25.8944   0.1523
   31  845  438  33.6813  25.8960   0.1517
   32  848  438  33.6811  25.8945   0.1524
   33  831  438  33.6790  25.9001   0.1509
   34  832  438  33.6801  25.9006   0.1504
   35  843  439  33.6817  25.8972   0.1515
   36  845  439  33.6817  25.8964   0.1518
   37  833  439  33.6812  25.9010   0.1504
   38  835  439  33.6808  25.8999   0.1509
   39  834  439  33.6812  25.9006   0.1505
   40  844  439  33.6821  25.8971   0.1514
   41  840  440  33.6800  25.8972   0.1524
   42  841  440  33.6809  25.8974   0.1520
   43  837  440  33.6798  25.8983   0.1521
   44  839  440  33.6800  25.8976   0.1522
   45  836  440  33.6810  25.8997   0.1512
   46  838  440  33.6800  25.8980   0.1521
   47  842  440  33.6812  25.8973   0.1520

    1  828  419  33.6723  25.8953   0.1476
    2  829  419  33.6724  25.8950   0.1477
    3  828  420  33.6728  25.8957   0.1477
    4  826  421  33.6730  25.8968   0.1476
    5  827  421  33.6730  25.8963   0.1478
    6  826  422  33.6730  25.8969   0.1480
    7  825  422  33.6724  25.8968   0.1482
    8  824  423  33.6733  25.8980   0.1479
    9  825  423  33.6732  25.8975   0.1481
   10  823  424  33.6730  25.8982   0.1483
   11  822  425  33.6732  25.8988   0.1484
   12  823  425  33.6731  25.8983   0.1486
   13  822  426  33.6731  25.8988   0.1488
   14  821  426  33.6730  25.8991   0.1487
   15  820  427  33.6738  25.9002   0.1484
   16  821  427  33.6733  25.8994   0.1489
   17  820  428  33.6744  25.9007   0.1485
   18  818  429  33.6730  25.9005   0.1493
   19  819  429  33.6738  25.9007   0.1490
   20  817  431  33.6737  25.9015   0.1494
   21  816  431  33.6739  25.9021   0.1492
   22  815  432  33.6740  25.9026   0.1493
   23  816  432  33.6749  25.9029   0.1489
   24  814  433  33.6734  25.9027   0.1498
   25  815  433  33.6732  25.9020   0.1501
   26  813  434  33.6745  25.9040   0.1493
   27  814  434  33.6736  25.9029   0.1500

    1  358   83  33.4271  25.8928   0.0913
    2  359   83  33.4254  25.8911   0.0923
    3  355   84  33.4214  25.8899   0.0941
    4  357   84  33.4223  25.8897   0.0940
    5  354   86  33.4214  25.8905   0.0947
    6  355   86  33.4219  25.8904   0.0946
    7  352   87  33.4216  25.8914   0.0947
    8  353   87  33.4219  25.8913   0.0947
    9  351   88  33.4222  25.8924   0.0946
   10  350   88  33.4222  25.8928   0.0944
   11  349   88  33.4207  25.8922   0.0951
   12  348   88  33.4211  25.8928   0.0947
   13  347   89  33.4210  25.8932   0.0950
   14  343   90  33.4200  25.8943   0.0953
   15  344   90  33.4201  25.8939   0.0954
   16  342   92  33.4210  25.8955   0.0953
   17  340   93  33.4206  25.8961   0.0956
   18  338   93  33.4208  25.8971   0.0952
   19  337   93  33.4202  25.8971   0.0954
   20  336   94  33.4207  25.8979   0.0954
   21  337   94  33.4207  25.8975   0.0955
   22  332   96  33.4194  25.8988   0.0963
   23  333   96  33.4194  25.8984   0.0964
   24  330   99  33.4183  25.8989   0.0976
   25  327  101  33.4191  25.9009   0.0975
   26  326  102  33.4193  25.9015   0.0976
   27  324  102  33.4182  25.9016   0.0979
   28  323  102  33.4168  25.9009   0.0985
   29  320  103  33.4157  25.9014   0.0990
   30  319  104  33.4145  25.9010   0.0998
   31  318  104  33.4144  25.9014   0.0997
   32  320  104  33.4153  25.9012   0.0996
   33  315  106  33.4159  25.9039   0.0993
   34  312  107  33.4160  25.9052   0.0992
   35  314  107  33.4163  25.9046   0.0993
   36  306  108  33.4148  25.9069   0.0993
   37  308  108  33.4158  25.9069   0.0991
   38  310  108  33.4158  25.9060   0.0993
   39  303  110  33.4144  25.9080   0.0998
   40  304  110  33.4150  25.9080   0.0997
   41  301  111  33.4150  25.9094   0.0996
   42  300  112  33.4153  25.9101   0.0996
   43  301  112  33.4150  25.9094   0.0999
   44  298  113  33.4146  25.9104   0.1001
   45  298  114  33.4144  25.9103   0.1005
   46  296  115  33.4134  25.9105   0.1011
   47  293  116  33.4114  25.9104   0.1020
   48  292  116  33.4119  25.9112   0.1016
   49  291  116  33.4128  25.9122   0.1011
   50  289  117  33.4120  25.9125   0.1016
   51  288  117  33.4121  25.9131   0.1013
   52  290  117  33.4134  25.9131   0.1010
   53  287  118  33.4129  25.9141   0.1012
   54  288  118  33.4128  25.9136   0.1014
   55  287  119  33.4136  25.9146   0.1012
   56  286  119  33.4140  25.9153   0.1008
   57  285  120  33.4145  25.9162   0.1008
   58  284  120  33.4143  25.9165   0.1007
   59  286  120  33.4140  25.9154   0.1012
   60  282  121  33.4134  25.9167   0.1012
   61  283  121  33.4119  25.9152   0.1021
   62  282  122  33.4137  25.9169   0.1014
   63  276  126  33.4134  25.9194   0.1021
   64  274  126  33.4125  25.9197   0.1023
   65  272  126  33.4132  25.9210   0.1017
   66  271  126  33.4131  25.9214   0.1017
   67  270  126  33.4140  25.9225   0.1011
   68  268  127  33.4131  25.9227   0.1015
   69  266  127  33.4128  25.9233   0.1014
   70  265  127  33.4127  25.9236   0.1013
   71  269  127  33.4156  25.9241   0.1005
   72  263  128  33.4129  25.9247   0.1013
   73  264  128  33.4130  25.9243   0.1014

    1  308  161  33.4364  25.9244   0.1075
    2  307  162  33.4363  25.9248   0.1078
    3  306  162  33.4359  25.9249   0.1078
    4  308  162  33.4368  25.9247   0.1076
    5  305  163  33.4354  25.9250   0.1083
    6  306  163  33.4362  25.9252   0.1080
    7  305  164  33.4360  25.9255   0.1083
    8  304  164  33.4352  25.9253   0.1086
    9  303  165  33.4358  25.9263   0.1085
   10  304  165  33.4359  25.9259   0.1086
   11  302  166  33.4363  25.9271   0.1084
   12  301  166  33.4356  25.9270   0.1086
   13  303  166  33.4368  25.9270   0.1083
   14  301  167  33.4351  25.9266   0.1093
   15  300  167  33.4354  25.9273   0.1090
   16  299  168  33.4359  25.9282   0.1089
   17  298  168  33.4356  25.9283   0.1089
   18  300  168  33.4357  25.9275   0.1092
   19  298  169  33.4365  25.9290   0.1088
   20  297  170  33.4367  25.9296   0.1089
   21  296  170  33.4366  25.9300   0.1089
   22  295  171  33.4376  25.9312   0.1085
   23  293  172  33.4373  25.9319   0.1087
   24  294  172  33.4370  25.9313   0.1090
   25  291  173  33.4370  25.9325   0.1090
   26  293  173  33.4377  25.9322   0.1089
   27  291  174  33.4378  25.9331   0.1089
   28  290  174  33.4372  25.9332   0.1091
   29  289  174  33.4371  25.9335   0.1090
   30  287  175  33.4362  25.9337   0.1095
   31  286  175  33.4356  25.9337   0.1097
   32  288  175  33.4370  25.9339   0.1093
   33  286  176  33.4356  25.9338   0.1101
   34  285  176  33.4349  25.9336   0.1103
   35  284  176  33.4344  25.9337   0.1104
   36  283  176  33.4341  25.9339   0.1105
   37  282  176  33.4333  25.9338   0.1107
   38  280  177  33.4328  25.9343   0.1110
   39  279  177  33.4332  25.9350   0.1107
   40  278  177  33.4332  25.9354   0.1106
   41  277  177  33.4329  25.9356   0.1106
   42  276  177  33.4333  25.9363   0.1102
   43  281  177  33.4337  25.9345   0.1107
   44  276  178  33.4336  25.9366   0.1104
   45  275  178  33.4336  25.9370   0.1103
   46  274  178  33.4334  25.9373   0.1102
   47  262  178  33.4322  25.9415   0.1092
   48  261  178  33.4323  25.9419   0.1090
   49  271  179  33.4321  25.9377   0.1108
   50  270  179  33.4323  25.9383   0.1106
   51  269  179  33.4324  25.9387   0.1104
   52  268  179  33.4325  25.9392   0.1102
   53  266  179  33.4332  25.9406   0.1096
   54  265  179  33.4330  25.9408   0.1096
   55  264  179  33.4328  25.9411   0.1095
   56  263  179  33.4326  25.9414   0.1095
   57  273  179  33.4326  25.9372   0.1109
   58  272  179  33.4319  25.9371   0.1111

    1  578   97  33.4625  25.8257   0.1094
    2  578   98  33.4630  25.8261   0.1094
    3  578   99  33.4632  25.8263   0.1097
    4  578  100  33.4636  25.8266   0.1099
    5  578  101  33.4637  25.8267   0.1102
    6  577  104  33.4642  25.8277   0.1109
    7  578  104  33.4633  25.8266   0.1118
    8  577  105  33.4640  25.8276   0.1116
    9  576  106  33.4645  25.8284   0.1115
   10  577  106  33.4648  25.8283   0.1115
   11  576  108  33.4657  25.8295   0.1116
   12  576  109  33.4669  25.8304   0.1113
   13  576  110  33.4675  25.8309   0.1113
   14  575  110  33.4669  25.8309   0.1115
   15  575  111  33.4679  25.8317   0.1113
   16  575  112  33.4680  25.8318   0.1116
   17  574  113  33.4683  25.8325   0.1117
   18  573  113  33.4686  25.8332   0.1113
   19  572  114  33.4688  25.8338   0.1115
   20  571  115  33.4703  25.8354   0.1109
   21  572  115  33.4701  25.8349   0.1111
   22  571  116  33.4686  25.8342   0.1122
   23  570  116  33.4690  25.8349   0.1118
   24  569  117  33.4685  25.8350   0.1123
   25  570  117  33.4692  25.8351   0.1121
   26  568  118  33.4704  25.8370   0.1115
   27  567  118  33.4704  25.8374   0.1113
   28  566  118  33.4688  25.8366   0.1120
   29  569  118  33.4696  25.8359   0.1121
   30  566  119  33.4716  25.8388   0.1109
   31  565  119  33.4702  25.8381   0.1115
   32  564  119  33.4705  25.8388   0.1112
   33  563  119  33.4704  25.8391   0.1111
   34  562  119  33.4694  25.8388   0.1115
   35  561  119  33.4702  25.8399   0.1109
   36  560  119  33.4681  25.8387   0.1119
   37  559  119  33.4674  25.8385   0.1122
   38  558  119  33.4671  25.8388   0.1122
   39  557  119  33.4668  25.8390   0.1122
   40  556  120  33.4680  25.8404   0.1118
   41  555  120  33.4681  25.8408   0.1116
   42  557  120  33.4690  25.8407   0.1114
   43  555  121  33.4690  25.8416   0.1115
   44  554  121  33.4708  25.8434   0.1104
   45  553  122  33.4713  25.8442   0.1103
   46  553  123  33.4722  25.8450   0.1102
   47  552  124  33.4723  25.8455   0.1104
   48  552  125  33.4729  25.8460   0.1104
   49  551  125  33.4726  25.8463   0.1104
   50  550  126  33.4734  25.8473   0.1102
   51  549  127  33.4727  25.8473   0.1107
   52  547  128  33.4726  25.8481   0.1109
   53  548  128  33.4712  25.8466   0.1118
   54  547  129  33.4709  25.8468   0.1122
   55  546  129  33.4729  25.8488   0.1109
   56  545  130  33.4738  25.8500   0.1106
   57  544  131  33.4715  25.8487   0.1121
   58  545  131  33.4728  25.8492   0.1115
   59  541  132  33.4706  25.8493   0.1125
   60  543  132  33.4723  25.8498   0.1119
   61  541  133  33.4712  25.8498   0.1125
   62  540  133  33.4737  25.8521   0.1110
   63  539  133  33.4734  25.8523   0.1110
   64  538  133  33.4738  25.8531   0.1106
   65  538  134  33.4737  25.8531   0.1111
   66  537  136  33.4758  25.8551   0.1105
   67  536  136  33.4777  25.8570   0.1093
   68  535  136  33.4766  25.8566   0.1098
   69  534  137  33.4795  25.8593   0.1084
   70  535  137  33.4775  25.8574   0.1097
   71  533  138  33.4784  25.8590   0.1093
   72  533  139  33.4757  25.8569   0.1112
   73  532  139  33.4745  25.8565   0.1116
   74  531  139  33.4751  25.8574   0.1112
   75  530  140  33.4723  25.8557   0.1129
   76  529  140  33.4733  25.8569   0.1122
   77  528  140  33.4728  25.8569   0.1124
   78  531  140  33.4717  25.8548   0.1134
   79  528  141  33.4696  25.8546   0.1145
   80  527  141  33.4728  25.8574   0.1126
   81  525  142  33.4706  25.8566   0.1139
   82  524  142  33.4704  25.8569   0.1138
   83  526  142  33.4708  25.8564   0.1139
   84  523  143  33.4713  25.8581   0.1135
   85  522  143  33.4713  25.8585   0.1134
   86  524  143  33.4715  25.8578   0.1136
   87  521  144  33.4726  25.8600   0.1129
   88  522  144  33.4722  25.8593   0.1133

     1  1068  1038  34.0771  26.1474   0.1490
     2  1071  1039  34.0785  26.1475   0.1489
     3  1070  1039  34.0783  26.1477   0.1489
     4  1069  1039  34.0697  26.1410   0.1542
     5  1071  1040  34.0788  26.1478   0.1490
     6  1072  1040  34.0770  26.1459   0.1503
     7  1074  1041  34.0795  26.1472   0.1493
     8  1073  1041  34.0784  26.1467   0.1499
     9  1074  1042  34.0716  26.1407   0.1546
    10  1074  1044  34.0769  26.1451   0.1520
    12  1073  1047  34.0689  26.1390   0.1578
    13  1072  1047  34.0742  26.1438   0.1544
    14  1071  1048  34.0780  26.1474   0.1521
    15  1070  1048  34.0747  26.1450   0.1541
    16  1069  1048  34.0800  26.1498   0.1505
    17  1068  1049  34.0827  26.1524   0.1490
    18  1069  1049  34.0794  26.1493   0.1512
    22  1064  1052  34.0864  26.1571   0.1471
    23  1064  1053  34.0884  26.1588   0.1460
    24  1063  1053  34.0928  26.1627   0.1430
    25  1062  1054  34.0889  26.1599   0.1458
    26  1063  1054  34.0902  26.1607   0.1451
    27  1061  1054  34.0902  26.1615   0.1447
    28  1059  1055  34.0934  26.1648   0.1427
    29  1060  1055  34.0915  26.1629   0.1441
    30  1058  1055  34.0941  26.1658   0.1421
    31  1058  1056  34.0961  26.1675   0.1411
    32  1057  1056  34.0984  26.1697   0.1394
    33  1055  1056  34.0985  26.1706   0.1391
    34  1051  1057  34.1002  26.1736   0.1377
    35  1053  1057  34.1008  26.1732   0.1376
    36  1052  1057  34.1010  26.1738   0.1373
    37  1051  1058  34.1006  26.1739   0.1378
    38  1050  1058  34.1024  26.1757   0.1365
    39  1049  1058  34.1009  26.1749   0.1373
    40  1029  1059  34.0986  26.1807   0.1362
    41  1049  1059  34.1020  26.1759   0.1369
    42  1048  1059  34.1025  26.1766   0.1364
    43  1047  1059  34.1019  26.1765   0.1367
    44  1046  1059  34.1019  26.1769   0.1366
    45  1045  1059  34.1020  26.1774   0.1364
    46  1044  1059  34.1024  26.1781   0.1360
    47  1043  1059  34.1023  26.1784   0.1358
    48  1030  1059  34.0991  26.1808   0.1360
    49  1031  1059  34.1003  26.1813   0.1354
    50  1028  1059  34.0983  26.1809   0.1362
    51  1042  1060  34.1014  26.1780   0.1367
    52  1041  1060  34.1022  26.1791   0.1360
    53  1040  1060  34.1020  26.1793   0.1360
    54  1039  1060  34.1012  26.1790   0.1364
    55  1038  1060  34.1003  26.1787   0.1368
    56  1037  1060  34.0993  26.1782   0.1373
    57  1036  1060  34.0998  26.1791   0.1368
    58  1033  1060  34.1005  26.1807   0.1359
    59  1032  1060  34.1013  26.1818   0.1352
    60  1031  1060  34.0998  26.1810   0.1360
    61  1022  1062  34.0970  26.1822   0.1371
    62  1021  1062  34.0971  26.1826   0.1369
    63  1019  1062  34.0965  26.1829   0.1369
    64  1018  1062  34.0965  26.1833   0.1368
    65  1017  1062  34.0966  26.1837   0.1366
    66  1016  1064  34.0970  26.1845   0.1369
    67  1013  1066  34.0957  26.1847   0.1379
    68  1014  1066  34.0959  26.1845   0.1379
    69  1012  1068  34.0959  26.1852   0.1383
    70  1011  1068  34.0953  26.1852   0.1385
    71  1010  1068  34.0952  26.1854   0.1384
    72  1009  1068  34.0949  26.1856   0.1385
    73  1007  1068  34.0944  26.1860   0.1385
    74  1006  1068  34.0945  26.1864   0.1382
    75  1005  1068  34.0939  26.1863   0.1385
    76  1004  1068  34.0933  26.1862   0.1387
    77  1000  1070  34.0923  26.1869   0.1395
    78   998  1072  34.0928  26.1882   0.1395
    79   997  1072  34.0927  26.1885   0.1394
    80   996  1072  34.0926  26.1888   0.1393
    81   993  1074  34.0932  26.1905   0.1392
    82   989  1074  34.0929  26.1918   0.1387
    83   985  1074  34.0921  26.1927   0.1387
    84   984  1074  34.0927  26.1935   0.1381
    85   994  1074  34.0938  26.1906   0.1389
    86   981  1075  34.0933  26.1952   0.1376
    87   980  1075  34.0930  26.1953   0.1376
    88   979  1076  34.0941  26.1966   0.1370
    89   976  1078  34.0910  26.1953   0.1392
    90   973  1078  34.0901  26.1957   0.1394
    91   977  1078  34.0918  26.1956   0.1389
    92   973  1079  34.0909  26.1964   0.1392
    93   972  1080  34.0916  26.1974   0.1389
    94   971  1080  34.0908  26.1971   0.1393
    95   970  1080  34.0898  26.1967   0.1398
    96   969  1080  34.0909  26.1980   0.1390
    97   966  1082  34.0910  26.1992   0.1392
    98   965  1082  34.0902  26.1990   0.1396
    99   967  1082  34.0913  26.1991   0.1391
   100   962  1083  34.0914  26.2011   0.1387
   101   964  1083  34.0928  26.2015   0.1380
   102   960  1084  34.0917  26.2022   0.1385
   103   959  1084  34.0900  26.2011   0.1395
   104   956  1084  34.0916  26.2036   0.1380
   105   955  1084  34.0918  26.2042   0.1376
   106   954  1084  34.0901  26.2032   0.1386
   107   952  1085  34.0889  26.2029   0.1395
   108   951  1086  34.0901  26.2044   0.1388
   109   952  1086  34.0911  26.2048   0.1383

     1  782  455  33.6766  25.9195   0.1510
     2  781  455  33.6761  25.9195   0.1512
     3  783  455  33.6774  25.9198   0.1507
     4  780  456  33.6756  25.9196   0.1517
     5  779  456  33.6756  25.9200   0.1516
     6  781  456  33.6759  25.9195   0.1517
     7  778  457  33.6754  25.9204   0.1519
     8  777  457  33.6751  25.9206   0.1519
     9  775  458  33.6768  25.9228   0.1509
    10  776  458  33.6764  25.9220   0.1513
    11  774  459  33.6776  25.9239   0.1507
    12  775  459  33.6772  25.9231   0.1511
    13  773  460  33.6791  25.9255   0.1500
    14  772  460  33.6785  25.9254   0.1502
    15  771  460  33.6779  25.9253   0.1504
    16  770  461  33.6788  25.9265   0.1501
    17  769  462  33.6790  25.9271   0.1502
    18  768  462  33.6780  25.9268   0.1506
    19  767  462  33.6782  25.9274   0.1504
    20  770  462  33.6794  25.9270   0.1501
    21  767  463  33.6785  25.9276   0.1506
    22  766  464  33.6782  25.9279   0.1509
    23  765  464  33.6790  25.9289   0.1503
    24  764  464  33.6785  25.9289   0.1505
    25  762  465  33.6788  25.9300   0.1503
    26  761  466  33.6793  25.9309   0.1502
    27  762  466  33.6793  25.9305   0.1504
    28  760  467  33.6794  25.9314   0.1504
    29  759  467  33.6769  25.9299   0.1517
    30  755  468  33.6770  25.9317   0.1514
    31  756  468  33.6755  25.9301   0.1523
    32  753  469  33.6775  25.9330   0.1511
    33  750  470  33.6772  25.9340   0.1512
    34  751  470  33.6770  25.9335   0.1515
    35  749  471  33.6768  25.9342   0.1516
    36  748  471  33.6772  25.9349   0.1512
    37  745  473  33.6765  25.9357   0.1518
    38  746  473  33.6769  25.9356   0.1518
    39  744  474  33.6766  25.9362   0.1520
    40  743  475  33.6768  25.9368   0.1521
    41  744  475  33.6775  25.9370   0.1518
    42  742  476  33.6772  25.9376   0.1521
    43  741  478  33.6759  25.9371   0.1536
    44  742  478  33.6771  25.9376   0.1530
    45  740  480  33.6786  25.9397   0.1525
    46  738  482  33.6800  25.9417   0.1521
    47  739  482  33.6797  25.9411   0.1524
    48  737  483  33.6808  25.9428   0.1518
    49  736  484  33.6809  25.9433   0.1520
    50  735  484  33.6814  25.9441   0.1515
    51  734  485  33.6823  25.9453   0.1512
    52  733  486  33.6832  25.9464   0.1509
    53  731  487  33.6823  25.9466   0.1514
    54  731  488  33.6776  25.9430   0.1545
    55  730  489  33.6801  25.9454   0.1533
    56  729  489  33.6781  25.9442   0.1543
    57  729  490  33.6798  25.9456   0.1537
    58  726  491  33.6816  25.9483   0.1525
    59  727  491  33.6727  25.9410   0.1579
    60  724  492  33.6806  25.9484   0.1531
    61  725  492  33.6741  25.9430   0.1571
    62  723  493  33.6842  25.9517   0.1512
    63  722  494  33.6856  25.9532   0.1506
    64  721  494  33.6843  25.9526   0.1512
    65  720  494  33.6871  25.9552   0.1494
    66  720  495  33.6862  25.9546   0.1502
    67  718  496  33.6731  25.9452   0.1580
    68  719  496  33.6840  25.9533   0.1517
    69  717  497  33.6759  25.9479   0.1566
    70  716  498  33.6765  25.9488   0.1565
    71  714  499  33.6764  25.9496   0.1565
    72  713  499  33.6752  25.9491   0.1571
    73  711  499  33.6731  25.9483   0.1580
    74  710  499  33.6690  25.9455   0.1603
    75  709  499  33.6753  25.9508   0.1564
    76  715  499  33.6781  25.9505   0.1557
    77  708  500  33.6747  25.9508   0.1569
    78  707  501  33.6751  25.9516   0.1569
    79  708  501  33.6777  25.9532   0.1556
    80  706  502  33.6777  25.9541   0.1556
    81  705  502  33.6773  25.9542   0.1557
    82  707  502  33.6768  25.9529   0.1563
    83  705  503  33.6778  25.9546   0.1557
    84  703  504  33.6791  25.9565   0.1550
    85  702  505  33.6792  25.9570   0.1552
    86  700  506  33.6772  25.9563   0.1564
    87  701  506  33.6762  25.9551   0.1572
    88  699  507  33.6773  25.9569   0.1565
    89  698  508  33.6765  25.9567   0.1572
    90  696  509  33.6753  25.9566   0.1580
    91  696  510  33.6760  25.9572   0.1580
    92  695  510  33.6752  25.9571   0.1583
    93  694  510  33.6758  25.9579   0.1578
    94  693  510  33.6758  25.9583   0.1576
    95  692  511  33.6761  25.9590   0.1576
    96  693  511  33.6760  25.9585   0.1579
    97  691  512  33.6758  25.9592   0.1580
    98  690  512  33.6757  25.9596   0.1580
    99  690  513  33.6763  25.9601   0.1579
   100  687  514  33.6768  25.9618   0.1575
   101  686  514  33.6764  25.9618   0.1576
   102  688  514  33.6768  25.9613   0.1577
   103  685  515  33.6767  25.9625   0.1577
   104  686  515  33.6768  25.9622   0.1578
   105  685  516  33.6766  25.9625   0.1581
   106  684  516  33.6768  25.9631   0.1578
   107  681  517  33.6766  25.9642   0.1579
   108  680  517  33.6770  25.9650   0.1575
   109  682  517  33.6767  25.9639   0.1579
   110  678  518  33.6763  25.9652   0.1580
   111  678  519  33.6768  25.9657   0.1580
