; ENVI Output of ROIs (5.4) [Tue Aug 06 14:57:00 2019]
; Number of ROIs: 10
; File Dimension: 1328 x 1184
;
; ROI name: Region #1
; ROI rgb value: {255, 0, 0}
; ROI npts: 46
;
; ROI name: Region #2
; ROI rgb value: {0, 255, 0}
; ROI npts: 56
;
; ROI name: Region #3
; ROI rgb value: {0, 0, 255}
; ROI npts: 56
;
; ROI name: Region #4
; ROI rgb value: {255, 255, 0}
; ROI npts: 47
;
; ROI name: Region #5
; ROI rgb value: {0, 255, 255}
; ROI npts: 27
;
; ROI name: Region #6
; ROI rgb value: {255, 0, 255}
; ROI npts: 73
;
; ROI name: Region #7
; ROI rgb value: {176, 48, 96}
; ROI npts: 58
;
; ROI name: Region #8
; ROI rgb value: {46, 139, 87}
; ROI npts: 88
;
; ROI name: Region #9
; ROI rgb value: {160, 32, 240}
; ROI npts: 109
;
; ROI name: Region #10
; ROI rgb value: {255, 127, 80}
; ROI npts: 111
;  ID    X    Y      B1      B2      B3
    1  801  463  0.0071  0.0057  0.0042
    2  800  464  0.0071  0.0057  0.0042
    3  799  464  0.0071  0.0057  0.0042
    4  801  464  0.0071  0.0057  0.0042
    5  799  465  0.0071  0.0057  0.0042
    6  798  465  0.0071  0.0057  0.0042
    7  797  465  0.0071  0.0057  0.0042
    8  796  466  0.0071  0.0057  0.0042
    9  795  466  0.0071  0.0057  0.0042
   10  797  466  0.0071  0.0057  0.0042
   11  794  467  0.0071  0.0057  0.0042
   12  795  467  0.0071  0.0057  0.0042
   13  794  468  0.0071  0.0057  0.0042
   14  793  468  0.0071  0.0057  0.0042
   15  792  469  0.0070  0.0057  0.0042
   16  793  469  0.0071  0.0057  0.0042
   17  791  470  0.0070  0.0056  0.0041
   18  792  470  0.0071  0.0057  0.0042
   19  791  471  0.0070  0.0057  0.0042
   20  790  471  0.0071  0.0057  0.0041
   21  789  472  0.0071  0.0057  0.0042
   22  788  473  0.0071  0.0057  0.0042
   23  787  474  0.0070  0.0056  0.0041
   24  786  474  0.0070  0.0056  0.0041
   25  785  474  0.0071  0.0056  0.0041
   26  784  475  0.0071  0.0056  0.0041
   27  783  476  0.0071  0.0056  0.0041
   28  782  476  0.0070  0.0056  0.0041
   29  784  476  0.0070  0.0056  0.0041
   30  782  477  0.0071  0.0056  0.0041
   31  781  478  0.0070  0.0056  0.0041
   32  780  478  0.0070  0.0056  0.0041
   33  779  478  0.0070  0.0056  0.0041
   34  778  479  0.0071  0.0056  0.0041
   35  779  479  0.0071  0.0056  0.0041
   36  778  480  0.0071  0.0056  0.0041
   37  777  480  0.0071  0.0056  0.0041
   38  776  480  0.0071  0.0056  0.0041
   39  774  481  0.0070  0.0056  0.0041
   40  773  481  0.0071  0.0056  0.0041
   41  775  481  0.0071  0.0056  0.0041
   42  772  482  0.0070  0.0056  0.0041
   43  771  482  0.0071  0.0056  0.0041
   44  773  482  0.0070  0.0056  0.0041
   45  770  483  0.0070  0.0056  0.0041
   46  771  483  0.0070  0.0056  0.0041

    1  832  468  0.0071  0.0057  0.0042
    2  832  469  0.0071  0.0057  0.0042
    3  831  470  0.0071  0.0057  0.0042
    4  832  470  0.0071  0.0057  0.0042
    5  829  471  0.0071  0.0057  0.0042
    6  830  471  0.0071  0.0057  0.0042
    7  828  472  0.0071  0.0057  0.0042
    8  814  482  0.0070  0.0057  0.0042
    9  815  482  0.0070  0.0057  0.0042
   10  812  483  0.0070  0.0057  0.0042
   11  813  483  0.0070  0.0057  0.0042
   12  810  484  0.0070  0.0057  0.0042
   13  811  484  0.0070  0.0057  0.0042
   14  810  485  0.0070  0.0057  0.0042
   15  809  485  0.0070  0.0057  0.0042
   16  808  485  0.0070  0.0057  0.0042
   17  807  486  0.0070  0.0057  0.0042
   18  808  486  0.0070  0.0057  0.0042
   19  805  487  0.0070  0.0057  0.0042
   20  807  487  0.0070  0.0057  0.0042
   21  804  488  0.0070  0.0057  0.0042
   22  805  488  0.0070  0.0057  0.0042
   23  803  489  0.0070  0.0056  0.0042
   24  802  489  0.0070  0.0056  0.0042
   25  801  489  0.0070  0.0056  0.0042
   26  799  490  0.0070  0.0056  0.0042
   27  800  490  0.0070  0.0056  0.0042
   28  799  491  0.0070  0.0056  0.0042
   29  798  491  0.0070  0.0056  0.0042
   30  797  491  0.0070  0.0056  0.0042
   31  795  492  0.0070  0.0056  0.0042
   32  796  492  0.0070  0.0056  0.0042
   33  793  493  0.0070  0.0056  0.0042
   34  794  493  0.0070  0.0056  0.0042
   35  791  494  0.0070  0.0056  0.0042
   36  793  494  0.0070  0.0056  0.0042
   37  791  495  0.0070  0.0056  0.0042
   38  790  495  0.0070  0.0056  0.0042
   39  788  496  0.0070  0.0056  0.0042
   40  789  496  0.0070  0.0056  0.0042
   41  787  497  0.0070  0.0056  0.0042
   42  786  497  0.0070  0.0056  0.0042
   43  788  497  0.0070  0.0056  0.0042
   44  785  498  0.0070  0.0056  0.0041
   45  784  498  0.0070  0.0056  0.0042
   46  783  498  0.0070  0.0056  0.0041
   47  782  499  0.0070  0.0056  0.0041
   48  781  499  0.0070  0.0056  0.0041
   49  783  499  0.0070  0.0056  0.0042
   50  781  500  0.0070  0.0056  0.0041
   51  780  500  0.0070  0.0056  0.0041
   52  779  500  0.0070  0.0056  0.0041
   53  778  500  0.0070  0.0056  0.0041
   54  777  500  0.0070  0.0056  0.0041
   55  776  500  0.0070  0.0056  0.0041
   56  775  500  0.0070  0.0056  0.0041

    1  815  475  0.0071  0.0057  0.0042
    2  816  475  0.0071  0.0057  0.0042
    3  814  476  0.0071  0.0057  0.0042
    4  813  476  0.0071  0.0057  0.0042
    5  815  476  0.0071  0.0057  0.0042
    6  813  477  0.0071  0.0057  0.0042
    7  812  477  0.0071  0.0057  0.0042
    8  811  477  0.0071  0.0057  0.0042
    9  810  477  0.0071  0.0057  0.0042
   10  809  478  0.0071  0.0057  0.0042
   11  808  478  0.0071  0.0057  0.0042
   12  810  478  0.0071  0.0057  0.0042
   13  807  479  0.0071  0.0057  0.0042
   14  805  480  0.0070  0.0057  0.0042
   15  803  481  0.0070  0.0057  0.0042
   16  802  481  0.0070  0.0057  0.0042
   17  801  481  0.0070  0.0057  0.0042
   18  804  481  0.0070  0.0057  0.0042
   19  800  482  0.0070  0.0056  0.0042
   20  801  482  0.0070  0.0057  0.0042
   21  800  483  0.0070  0.0056  0.0042
   22  799  483  0.0070  0.0056  0.0042
   23  798  483  0.0070  0.0056  0.0042
   24  796  484  0.0070  0.0056  0.0042
   25  795  484  0.0070  0.0056  0.0042
   26  797  484  0.0070  0.0056  0.0042
   27  795  485  0.0070  0.0056  0.0042
   28  794  485  0.0070  0.0056  0.0042
   29  793  486  0.0070  0.0056  0.0042
   30  791  487  0.0070  0.0056  0.0041
   31  792  487  0.0070  0.0056  0.0042
   32  790  488  0.0070  0.0056  0.0041
   33  789  488  0.0070  0.0056  0.0041
   34  788  488  0.0070  0.0056  0.0041
   35  786  489  0.0070  0.0056  0.0041
   36  785  489  0.0070  0.0056  0.0041
   37  787  489  0.0070  0.0056  0.0041
   38  784  490  0.0070  0.0056  0.0041
   39  783  490  0.0070  0.0056  0.0041
   40  782  490  0.0070  0.0056  0.0041
   41  781  490  0.0070  0.0056  0.0041
   42  780  490  0.0070  0.0056  0.0041
   43  779  490  0.0070  0.0056  0.0041
   44  778  491  0.0070  0.0056  0.0041
   45  777  491  0.0070  0.0056  0.0041
   46  779  491  0.0070  0.0056  0.0041
   47  774  492  0.0070  0.0056  0.0041
   48  775  492  0.0070  0.0056  0.0041
   49  772  493  0.0070  0.0056  0.0041
   50  771  493  0.0070  0.0056  0.0041
   51  770  493  0.0070  0.0056  0.0041
   52  769  493  0.0070  0.0056  0.0041
   53  767  493  0.0070  0.0056  0.0041
   54  766  493  0.0070  0.0056  0.0041
   55  765  493  0.0070  0.0056  0.0041
   56  764  493  0.0070  0.0056  0.0041

    1  863  426  0.0071  0.0058  0.0042
    2  863  427  0.0071  0.0058  0.0042
    3  862  428  0.0071  0.0058  0.0042
    4  863  428  0.0071  0.0058  0.0042
    5  861  429  0.0071  0.0058  0.0042
    6  862  429  0.0071  0.0058  0.0042
    7  861  430  0.0071  0.0058  0.0042
    8  860  430  0.0071  0.0058  0.0042
    9  860  431  0.0071  0.0058  0.0042
   10  859  432  0.0071  0.0058  0.0042
   11  858  433  0.0071  0.0058  0.0042
   12  857  434  0.0071  0.0058  0.0042
   13  858  434  0.0071  0.0058  0.0042
   14  857  435  0.0071  0.0058  0.0042
   15  856  435  0.0071  0.0058  0.0042
   16  829  435  0.0071  0.0057  0.0042
   17  856  436  0.0071  0.0058  0.0042
   18  829  436  0.0071  0.0057  0.0042
   19  830  436  0.0071  0.0057  0.0042
   20  854  436  0.0071  0.0058  0.0042
   21  831  437  0.0071  0.0057  0.0042
   22  853  437  0.0071  0.0058  0.0042
   23  852  437  0.0071  0.0058  0.0042
   24  830  437  0.0071  0.0057  0.0042
   25  854  437  0.0071  0.0058  0.0042
   26  851  438  0.0071  0.0058  0.0042
   27  847  438  0.0071  0.0058  0.0042
   28  846  438  0.0071  0.0057  0.0042
   29  850  438  0.0071  0.0058  0.0042
   30  849  438  0.0071  0.0058  0.0042
   31  845  438  0.0071  0.0057  0.0042
   32  848  438  0.0071  0.0058  0.0042
   33  831  438  0.0071  0.0057  0.0042
   34  832  438  0.0071  0.0057  0.0042
   35  843  439  0.0071  0.0057  0.0042
   36  845  439  0.0071  0.0057  0.0042
   37  833  439  0.0071  0.0057  0.0042
   38  835  439  0.0071  0.0057  0.0042
   39  834  439  0.0071  0.0057  0.0042
   40  844  439  0.0071  0.0057  0.0042
   41  840  440  0.0071  0.0057  0.0042
   42  841  440  0.0071  0.0057  0.0042
   43  837  440  0.0071  0.0057  0.0042
   44  839  440  0.0071  0.0057  0.0042
   45  836  440  0.0071  0.0057  0.0042
   46  838  440  0.0071  0.0057  0.0042
   47  842  440  0.0071  0.0057  0.0042

    1  828  419  0.0071  0.0058  0.0042
    2  829  419  0.0071  0.0058  0.0042
    3  828  420  0.0071  0.0058  0.0042
    4  826  421  0.0071  0.0058  0.0042
    5  827  421  0.0071  0.0058  0.0042
    6  826  422  0.0071  0.0058  0.0042
    7  825  422  0.0071  0.0058  0.0042
    8  824  423  0.0071  0.0057  0.0042
    9  825  423  0.0071  0.0058  0.0042
   10  823  424  0.0071  0.0057  0.0042
   11  822  425  0.0071  0.0057  0.0042
   12  823  425  0.0071  0.0057  0.0042
   13  822  426  0.0071  0.0057  0.0042
   14  821  426  0.0071  0.0057  0.0042
   15  820  427  0.0071  0.0057  0.0042
   16  821  427  0.0071  0.0057  0.0042
   17  820  428  0.0071  0.0057  0.0042
   18  818  429  0.0071  0.0057  0.0042
   19  819  429  0.0071  0.0057  0.0042
   20  817  431  0.0071  0.0057  0.0042
   21  816  431  0.0071  0.0057  0.0042
   22  815  432  0.0071  0.0057  0.0042
   23  816  432  0.0071  0.0057  0.0042
   24  814  433  0.0071  0.0057  0.0042
   25  815  433  0.0071  0.0057  0.0042
   26  813  434  0.0071  0.0057  0.0042
   27  814  434  0.0071  0.0057  0.0042

    1  358   83  0.0078  0.0059  0.0041
    2  359   83  0.0079  0.0059  0.0041
    3  355   84  0.0079  0.0059  0.0041
    4  357   84  0.0079  0.0059  0.0041
    5  354   86  0.0079  0.0059  0.0041
    6  355   86  0.0079  0.0059  0.0041
    7  352   87  0.0079  0.0059  0.0041
    8  353   87  0.0079  0.0059  0.0041
    9  351   88  0.0079  0.0059  0.0041
   10  350   88  0.0079  0.0059  0.0041
   11  349   88  0.0079  0.0059  0.0041
   12  348   88  0.0079  0.0059  0.0041
   13  347   89  0.0079  0.0059  0.0041
   14  343   90  0.0079  0.0059  0.0041
   15  344   90  0.0079  0.0059  0.0041
   16  342   92  0.0079  0.0059  0.0041
   17  340   93  0.0079  0.0059  0.0041
   18  338   93  0.0079  0.0059  0.0041
   19  337   93  0.0079  0.0059  0.0041
   20  336   94  0.0079  0.0059  0.0041
   21  337   94  0.0079  0.0059  0.0041
   22  332   96  0.0079  0.0059  0.0041
   23  333   96  0.0079  0.0059  0.0041
   24  330   99  0.0079  0.0059  0.0041
   25  327  101  0.0079  0.0059  0.0041
   26  326  102  0.0079  0.0059  0.0041
   27  324  102  0.0079  0.0059  0.0041
   28  323  102  0.0079  0.0059  0.0041
   29  320  103  0.0079  0.0059  0.0041
   30  319  104  0.0079  0.0059  0.0041
   31  318  104  0.0079  0.0059  0.0041
   32  320  104  0.0079  0.0059  0.0041
   33  315  106  0.0079  0.0059  0.0041
   34  312  107  0.0079  0.0059  0.0041
   35  314  107  0.0079  0.0059  0.0041
   36  306  108  0.0079  0.0059  0.0041
   37  308  108  0.0079  0.0059  0.0041
   38  310  108  0.0079  0.0059  0.0041
   39  303  110  0.0079  0.0059  0.0041
   40  304  110  0.0079  0.0059  0.0041
   41  301  111  0.0079  0.0059  0.0041
   42  300  112  0.0079  0.0059  0.0041
   43  301  112  0.0079  0.0059  0.0041
   44  298  113  0.0079  0.0058  0.0041
   45  298  114  0.0079  0.0059  0.0041
   46  296  115  0.0079  0.0059  0.0041
   47  293  116  0.0079  0.0059  0.0041
   48  292  116  0.0079  0.0059  0.0041
   49  291  116  0.0079  0.0058  0.0041
   50  289  117  0.0079  0.0058  0.0041
   51  288  117  0.0079  0.0058  0.0041
   52  290  117  0.0079  0.0058  0.0041
   53  287  118  0.0079  0.0058  0.0041
   54  288  118  0.0079  0.0058  0.0041
   55  287  119  0.0079  0.0058  0.0041
   56  286  119  0.0079  0.0058  0.0041
   57  285  120  0.0079  0.0058  0.0041
   58  284  120  0.0079  0.0058  0.0041
   59  286  120  0.0079  0.0058  0.0041
   60  282  121  0.0079  0.0058  0.0041
   61  283  121  0.0079  0.0058  0.0041
   62  282  122  0.0079  0.0058  0.0041
   63  276  126  0.0078  0.0058  0.0041
   64  274  126  0.0079  0.0058  0.0041
   65  272  126  0.0079  0.0058  0.0041
   66  271  126  0.0079  0.0058  0.0041
   67  270  126  0.0079  0.0058  0.0041
   68  268  127  0.0078  0.0058  0.0041
   69  266  127  0.0078  0.0058  0.0041
   70  265  127  0.0078  0.0058  0.0041
   71  269  127  0.0079  0.0058  0.0041
   72  263  128  0.0079  0.0058  0.0041
   73  264  128  0.0078  0.0058  0.0041

    1  308  161  0.0078  0.0058  0.0041
    2  307  162  0.0078  0.0058  0.0041
    3  306  162  0.0078  0.0058  0.0041
    4  308  162  0.0078  0.0058  0.0041
    5  305  163  0.0078  0.0058  0.0041
    6  306  163  0.0078  0.0058  0.0041
    7  305  164  0.0078  0.0058  0.0041
    8  304  164  0.0078  0.0058  0.0041
    9  303  165  0.0078  0.0058  0.0041
   10  304  165  0.0078  0.0058  0.0041
   11  302  166  0.0078  0.0058  0.0041
   12  301  166  0.0078  0.0058  0.0041
   13  303  166  0.0078  0.0058  0.0041
   14  301  167  0.0078  0.0058  0.0041
   15  300  167  0.0078  0.0058  0.0041
   16  299  168  0.0078  0.0058  0.0041
   17  298  168  0.0078  0.0058  0.0041
   18  300  168  0.0078  0.0058  0.0041
   19  298  169  0.0078  0.0058  0.0041
   20  297  170  0.0078  0.0058  0.0041
   21  296  170  0.0078  0.0058  0.0041
   22  295  171  0.0078  0.0058  0.0041
   23  293  172  0.0078  0.0058  0.0041
   24  294  172  0.0078  0.0058  0.0041
   25  291  173  0.0078  0.0058  0.0041
   26  293  173  0.0078  0.0058  0.0041
   27  291  174  0.0078  0.0058  0.0041
   28  290  174  0.0078  0.0058  0.0041
   29  289  174  0.0078  0.0058  0.0041
   30  287  175  0.0078  0.0058  0.0041
   31  286  175  0.0078  0.0058  0.0041
   32  288  175  0.0078  0.0058  0.0041
   33  286  176  0.0078  0.0058  0.0041
   34  285  176  0.0078  0.0058  0.0041
   35  284  176  0.0078  0.0058  0.0041
   36  283  176  0.0078  0.0058  0.0041
   37  282  176  0.0078  0.0058  0.0041
   38  280  177  0.0078  0.0058  0.0041
   39  279  177  0.0078  0.0058  0.0041
   40  278  177  0.0078  0.0058  0.0041
   41  277  177  0.0078  0.0058  0.0041
   42  276  177  0.0078  0.0057  0.0041
   43  281  177  0.0078  0.0058  0.0041
   44  276  178  0.0078  0.0057  0.0041
   45  275  178  0.0078  0.0057  0.0041
   46  274  178  0.0078  0.0057  0.0041
   47  262  178  0.0078  0.0057  0.0041
   48  261  178  0.0078  0.0057  0.0041
   49  271  179  0.0078  0.0057  0.0041
   50  270  179  0.0078  0.0057  0.0041
   51  269  179  0.0078  0.0057  0.0041
   52  268  179  0.0078  0.0057  0.0041
   53  266  179  0.0078  0.0057  0.0041
   54  265  179  0.0078  0.0057  0.0041
   55  264  179  0.0078  0.0057  0.0041
   56  263  179  0.0078  0.0057  0.0041
   57  273  179  0.0078  0.0057  0.0041
   58  272  179  0.0078  0.0057  0.0041

    1  578   97  0.0079  0.0061  0.0042
    2  578   98  0.0079  0.0061  0.0042
    3  578   99  0.0079  0.0061  0.0042
    4  578  100  0.0079  0.0061  0.0042
    5  578  101  0.0079  0.0061  0.0042
    6  577  104  0.0079  0.0061  0.0042
    7  578  104  0.0079  0.0061  0.0042
    8  577  105  0.0079  0.0061  0.0042
    9  576  106  0.0079  0.0061  0.0042
   10  577  106  0.0079  0.0061  0.0042
   11  576  108  0.0079  0.0061  0.0042
   12  576  109  0.0079  0.0061  0.0042
   13  576  110  0.0078  0.0061  0.0042
   14  575  110  0.0078  0.0061  0.0042
   15  575  111  0.0078  0.0061  0.0042
   16  575  112  0.0078  0.0061  0.0042
   17  574  113  0.0078  0.0061  0.0042
   18  573  113  0.0078  0.0061  0.0042
   19  572  114  0.0078  0.0061  0.0042
   20  571  115  0.0078  0.0061  0.0042
   21  572  115  0.0078  0.0061  0.0042
   22  571  116  0.0078  0.0061  0.0042
   23  570  116  0.0078  0.0061  0.0042
   24  569  117  0.0078  0.0061  0.0042
   25  570  117  0.0078  0.0061  0.0042
   26  568  118  0.0078  0.0061  0.0042
   27  567  118  0.0078  0.0061  0.0042
   28  566  118  0.0078  0.0061  0.0042
   29  569  118  0.0078  0.0061  0.0042
   30  566  119  0.0078  0.0061  0.0042
   31  565  119  0.0078  0.0061  0.0042
   32  564  119  0.0078  0.0061  0.0042
   33  563  119  0.0078  0.0061  0.0042
   34  562  119  0.0078  0.0061  0.0042
   35  561  119  0.0078  0.0061  0.0042
   36  560  119  0.0078  0.0061  0.0042
   37  559  119  0.0078  0.0061  0.0042
   38  558  119  0.0078  0.0061  0.0042
   39  557  119  0.0078  0.0061  0.0042
   40  556  120  0.0078  0.0061  0.0042
   41  555  120  0.0078  0.0061  0.0042
   42  557  120  0.0078  0.0061  0.0042
   43  555  121  0.0078  0.0061  0.0042
   44  554  121  0.0078  0.0061  0.0041
   45  553  122  0.0078  0.0060  0.0041
   46  553  123  0.0078  0.0060  0.0041
   47  552  124  0.0078  0.0060  0.0041
   48  552  125  0.0078  0.0060  0.0041
   49  551  125  0.0078  0.0060  0.0041
   50  550  126  0.0078  0.0060  0.0041
   51  549  127  0.0078  0.0060  0.0041
   52  547  128  0.0078  0.0060  0.0041
   53  548  128  0.0078  0.0060  0.0041
   54  547  129  0.0078  0.0060  0.0041
   55  546  129  0.0078  0.0060  0.0041
   56  545  130  0.0078  0.0060  0.0041
   57  544  131  0.0078  0.0060  0.0042
   58  545  131  0.0078  0.0060  0.0041
   59  541  132  0.0078  0.0060  0.0042
   60  543  132  0.0078  0.0060  0.0042
   61  541  133  0.0078  0.0060  0.0042
   62  540  133  0.0078  0.0060  0.0042
   63  539  133  0.0078  0.0060  0.0042
   64  538  133  0.0078  0.0060  0.0042
   65  538  134  0.0078  0.0060  0.0041
   66  537  136  0.0078  0.0060  0.0041
   67  536  136  0.0077  0.0060  0.0041
   68  535  136  0.0078  0.0060  0.0041
   69  534  137  0.0077  0.0060  0.0041
   70  535  137  0.0077  0.0060  0.0041
   71  533  138  0.0077  0.0060  0.0041
   72  533  139  0.0078  0.0060  0.0041
   73  532  139  0.0078  0.0060  0.0041
   74  531  139  0.0078  0.0060  0.0041
   75  530  140  0.0078  0.0060  0.0041
   76  529  140  0.0078  0.0060  0.0041
   77  528  140  0.0078  0.0060  0.0041
   78  531  140  0.0078  0.0060  0.0041
   79  528  141  0.0078  0.0060  0.0041
   80  527  141  0.0078  0.0060  0.0041
   81  525  142  0.0078  0.0060  0.0041
   82  524  142  0.0078  0.0060  0.0041
   83  526  142  0.0078  0.0060  0.0041
   84  523  143  0.0078  0.0060  0.0041
   85  522  143  0.0078  0.0060  0.0041
   86  524  143  0.0078  0.0060  0.0041
   87  521  144  0.0078  0.0060  0.0041
   88  522  144  0.0078  0.0060  0.0041

     1  1068  1038  0.0056  0.0047  0.0039
     2  1071  1039  0.0056  0.0047  0.0039
     3  1070  1039  0.0056  0.0047  0.0039
     4  1069  1039  0.0057  0.0047  0.0039
     5  1071  1040  0.0056  0.0047  0.0039
     6  1072  1040  0.0056  0.0047  0.0039
     7  1074  1041  0.0056  0.0047  0.0039
     8  1073  1041  0.0056  0.0047  0.0039
     9  1074  1042  0.0057  0.0047  0.0039
    10  1074  1044  0.0056  0.0047  0.0039
    12  1073  1047  0.0057  0.0047  0.0039
    13  1072  1047  0.0057  0.0047  0.0039
    14  1071  1048  0.0056  0.0047  0.0039
    15  1070  1048  0.0057  0.0047  0.0039
    16  1069  1048  0.0056  0.0047  0.0039
    17  1068  1049  0.0056  0.0047  0.0038
    18  1069  1049  0.0056  0.0047  0.0039
    22  1064  1052  0.0056  0.0047  0.0038
    23  1064  1053  0.0056  0.0047  0.0038
    24  1063  1053  0.0056  0.0046  0.0038
    25  1062  1054  0.0056  0.0047  0.0038
    26  1063  1054  0.0056  0.0047  0.0038
    27  1061  1054  0.0056  0.0047  0.0038
    28  1059  1055  0.0056  0.0046  0.0038
    29  1060  1055  0.0056  0.0046  0.0038
    30  1058  1055  0.0056  0.0046  0.0038
    31  1058  1056  0.0056  0.0046  0.0038
    32  1057  1056  0.0055  0.0046  0.0038
    33  1055  1056  0.0055  0.0046  0.0038
    34  1051  1057  0.0055  0.0046  0.0038
    35  1053  1057  0.0055  0.0046  0.0038
    36  1052  1057  0.0055  0.0046  0.0038
    37  1051  1058  0.0055  0.0046  0.0038
    38  1050  1058  0.0055  0.0046  0.0038
    39  1049  1058  0.0055  0.0046  0.0038
    40  1029  1059  0.0055  0.0046  0.0038
    41  1049  1059  0.0055  0.0046  0.0038
    42  1048  1059  0.0055  0.0046  0.0038
    43  1047  1059  0.0055  0.0046  0.0038
    44  1046  1059  0.0055  0.0046  0.0038
    45  1045  1059  0.0055  0.0046  0.0038
    46  1044  1059  0.0055  0.0046  0.0038
    47  1043  1059  0.0055  0.0046  0.0038
    48  1030  1059  0.0055  0.0046  0.0038
    49  1031  1059  0.0055  0.0046  0.0038
    50  1028  1059  0.0055  0.0046  0.0038
    51  1042  1060  0.0055  0.0046  0.0038
    52  1041  1060  0.0055  0.0046  0.0038
    53  1040  1060  0.0055  0.0046  0.0038
    54  1039  1060  0.0055  0.0046  0.0038
    55  1038  1060  0.0055  0.0046  0.0038
    56  1037  1060  0.0055  0.0046  0.0038
    57  1036  1060  0.0055  0.0046  0.0038
    58  1033  1060  0.0055  0.0046  0.0038
    59  1032  1060  0.0055  0.0046  0.0038
    60  1031  1060  0.0055  0.0046  0.0038
    61  1022  1062  0.0055  0.0046  0.0038
    62  1021  1062  0.0055  0.0046  0.0038
    63  1019  1062  0.0055  0.0046  0.0038
    64  1018  1062  0.0055  0.0046  0.0038
    65  1017  1062  0.0055  0.0046  0.0038
    66  1016  1064  0.0055  0.0046  0.0038
    67  1013  1066  0.0055  0.0046  0.0038
    68  1014  1066  0.0055  0.0046  0.0038
    69  1012  1068  0.0055  0.0046  0.0038
    70  1011  1068  0.0055  0.0046  0.0038
    71  1010  1068  0.0055  0.0046  0.0038
    72  1009  1068  0.0055  0.0046  0.0038
    73  1007  1068  0.0055  0.0046  0.0038
    74  1006  1068  0.0055  0.0046  0.0038
    75  1005  1068  0.0055  0.0046  0.0038
    76  1004  1068  0.0055  0.0046  0.0038
    77  1000  1070  0.0055  0.0046  0.0038
    78   998  1072  0.0055  0.0046  0.0038
    79   997  1072  0.0055  0.0046  0.0038
    80   996  1072  0.0055  0.0046  0.0038
    81   993  1074  0.0055  0.0046  0.0038
    82   989  1074  0.0055  0.0046  0.0038
    83   985  1074  0.0055  0.0046  0.0038
    84   984  1074  0.0055  0.0045  0.0038
    85   994  1074  0.0055  0.0046  0.0038
    86   981  1075  0.0055  0.0045  0.0038
    87   980  1075  0.0055  0.0045  0.0038
    88   979  1076  0.0055  0.0045  0.0038
    89   976  1078  0.0055  0.0045  0.0038
    90   973  1078  0.0055  0.0045  0.0038
    91   977  1078  0.0055  0.0045  0.0038
    92   973  1079  0.0055  0.0045  0.0038
    93   972  1080  0.0055  0.0045  0.0038
    94   971  1080  0.0055  0.0045  0.0038
    95   970  1080  0.0055  0.0045  0.0038
    96   969  1080  0.0055  0.0045  0.0038
    97   966  1082  0.0055  0.0045  0.0038
    98   965  1082  0.0055  0.0045  0.0038
    99   967  1082  0.0055  0.0045  0.0038
   100   962  1083  0.0055  0.0045  0.0038
   101   964  1083  0.0055  0.0045  0.0038
   102   960  1084  0.0055  0.0045  0.0038
   103   959  1084  0.0055  0.0045  0.0038
   104   956  1084  0.0055  0.0045  0.0038
   105   955  1084  0.0055  0.0045  0.0038
   106   954  1084  0.0055  0.0045  0.0038
   107   952  1085  0.0055  0.0045  0.0038
   108   951  1086  0.0055  0.0045  0.0038
   109   952  1086  0.0055  0.0045  0.0038

     1  782  455  0.0071  0.0057  0.0041
     2  781  455  0.0071  0.0057  0.0041
     3  783  455  0.0071  0.0057  0.0041
     4  780  456  0.0071  0.0057  0.0041
     5  779  456  0.0071  0.0057  0.0041
     6  781  456  0.0071  0.0057  0.0041
     7  778  457  0.0071  0.0057  0.0041
     8  777  457  0.0071  0.0057  0.0041
     9  775  458  0.0071  0.0057  0.0041
    10  776  458  0.0071  0.0057  0.0041
    11  774  459  0.0071  0.0057  0.0041
    12  775  459  0.0071  0.0057  0.0041
    13  773  460  0.0071  0.0056  0.0041
    14  772  460  0.0071  0.0056  0.0041
    15  771  460  0.0071  0.0056  0.0041
    16  770  461  0.0071  0.0056  0.0041
    17  769  462  0.0071  0.0056  0.0041
    18  768  462  0.0071  0.0056  0.0041
    19  767  462  0.0071  0.0056  0.0041
    20  770  462  0.0071  0.0056  0.0041
    21  767  463  0.0071  0.0056  0.0041
    22  766  464  0.0071  0.0056  0.0041
    23  765  464  0.0071  0.0056  0.0041
    24  764  464  0.0071  0.0056  0.0041
    25  762  465  0.0071  0.0056  0.0041
    26  761  466  0.0070  0.0056  0.0041
    27  762  466  0.0071  0.0056  0.0041
    28  760  467  0.0070  0.0056  0.0041
    29  759  467  0.0071  0.0056  0.0041
    30  755  468  0.0071  0.0056  0.0041
    31  756  468  0.0071  0.0056  0.0041
    32  753  469  0.0071  0.0056  0.0041
    33  750  470  0.0071  0.0056  0.0041
    34  751  470  0.0071  0.0056  0.0041
    35  749  471  0.0071  0.0056  0.0041
    36  748  471  0.0071  0.0056  0.0041
    37  745  473  0.0070  0.0056  0.0041
    38  746  473  0.0071  0.0056  0.0041
    39  744  474  0.0070  0.0056  0.0041
    40  743  475  0.0070  0.0056  0.0041
    41  744  475  0.0070  0.0056  0.0041
    42  742  476  0.0070  0.0056  0.0041
    43  741  478  0.0071  0.0056  0.0041
    44  742  478  0.0071  0.0056  0.0041
    45  740  480  0.0070  0.0056  0.0041
    46  738  482  0.0070  0.0056  0.0041
    47  739  482  0.0070  0.0056  0.0041
    48  737  483  0.0070  0.0056  0.0041
    49  736  484  0.0070  0.0056  0.0041
    50  735  484  0.0070  0.0056  0.0041
    51  734  485  0.0070  0.0056  0.0041
    52  733  486  0.0070  0.0056  0.0041
    53  731  487  0.0070  0.0056  0.0041
    54  731  488  0.0070  0.0056  0.0041
    55  730  489  0.0070  0.0056  0.0041
    56  729  489  0.0070  0.0056  0.0041
    57  729  490  0.0070  0.0056  0.0041
    58  726  491  0.0070  0.0056  0.0041
    59  727  491  0.0071  0.0056  0.0041
    60  724  492  0.0070  0.0056  0.0041
    61  725  492  0.0071  0.0056  0.0041
    62  723  493  0.0070  0.0055  0.0041
    63  722  494  0.0070  0.0055  0.0041
    64  721  494  0.0070  0.0055  0.0041
    65  720  494  0.0070  0.0055  0.0041
    66  720  495  0.0070  0.0055  0.0041
    67  718  496  0.0071  0.0056  0.0041
    68  719  496  0.0070  0.0055  0.0041
    69  717  497  0.0070  0.0056  0.0041
    70  716  498  0.0070  0.0056  0.0041
    71  714  499  0.0070  0.0056  0.0041
    72  713  499  0.0070  0.0056  0.0041
    73  711  499  0.0071  0.0056  0.0041
    74  710  499  0.0071  0.0056  0.0041
    75  709  499  0.0070  0.0056  0.0041
    76  715  499  0.0070  0.0056  0.0041
    77  708  500  0.0070  0.0056  0.0041
    78  707  501  0.0070  0.0056  0.0041
    79  708  501  0.0070  0.0056  0.0041
    80  706  502  0.0070  0.0055  0.0041
    81  705  502  0.0070  0.0055  0.0041
    82  707  502  0.0070  0.0056  0.0041
    83  705  503  0.0070  0.0055  0.0041
    84  703  504  0.0070  0.0055  0.0041
    85  702  505  0.0070  0.0055  0.0041
    86  700  506  0.0070  0.0055  0.0041
    87  701  506  0.0070  0.0055  0.0041
    88  699  507  0.0070  0.0055  0.0041
    89  698  508  0.0070  0.0055  0.0041
    90  696  509  0.0070  0.0055  0.0041
    91  696  510  0.0070  0.0055  0.0041
    92  695  510  0.0070  0.0055  0.0041
    93  694  510  0.0070  0.0055  0.0041
    94  693  510  0.0070  0.0055  0.0041
    95  692  511  0.0070  0.0055  0.0041
    96  693  511  0.0070  0.0055  0.0041
    97  691  512  0.0070  0.0055  0.0041
    98  690  512  0.0070  0.0055  0.0041
    99  690  513  0.0070  0.0055  0.0041
   100  687  514  0.0070  0.0055  0.0041
   101  686  514  0.0070  0.0055  0.0041
   102  688  514  0.0070  0.0055  0.0041
   103  685  515  0.0070  0.0055  0.0041
   104  686  515  0.0070  0.0055  0.0041
   105  685  516  0.0070  0.0055  0.0041
   106  684  516  0.0070  0.0055  0.0041
   107  681  517  0.0070  0.0055  0.0041
   108  680  517  0.0070  0.0055  0.0041
   109  682  517  0.0070  0.0055  0.0041
   110  678  518  0.0070  0.0055  0.0041
   111  678  519  0.0070  0.0055  0.0041
