; ENVI Output of ROIs (5.4) [Sat Aug 17 23:59:49 2019]
; Number of ROIs: 10
; File Dimension: 1328 x 1184
;
; ROI name: Region #1
; ROI rgb value: {255, 0, 0}
; ROI npts: 46
;
; ROI name: Region #2
; ROI rgb value: {0, 255, 0}
; ROI npts: 56
;
; ROI name: Region #3
; ROI rgb value: {0, 0, 255}
; ROI npts: 56
;
; ROI name: Region #4
; ROI rgb value: {255, 255, 0}
; ROI npts: 47
;
; ROI name: Region #6
; ROI rgb value: {255, 0, 255}
; ROI npts: 73
;
; ROI name: Region #7
; ROI rgb value: {176, 48, 96}
; ROI npts: 58
;
; ROI name: Region #8
; ROI rgb value: {46, 139, 87}
; ROI npts: 88
;
; ROI name: Region #9
; ROI rgb value: {160, 32, 240}
; ROI npts: 109
;
; ROI name: Region #10
; ROI rgb value: {255, 127, 80}
; ROI npts: 165
;
; ROI name: Region #5
; ROI rgb value: {0, 255, 255}
; ROI npts: 77
;  ID    X    Y      B1      B2      B3
    1  801  463  0.0071  0.0057  0.0042
    2  800  464  0.0071  0.0057  0.0042
    3  799  464  0.0071  0.0057  0.0042
    4  801  464  0.0071  0.0057  0.0042
    5  799  465  0.0071  0.0057  0.0042
    6  798  465  0.0071  0.0057  0.0042
    7  797  465  0.0071  0.0057  0.0042
    8  796  466  0.0071  0.0057  0.0042
    9  795  466  0.0071  0.0057  0.0042
   10  797  466  0.0071  0.0057  0.0042
   11  794  467  0.0071  0.0057  0.0042
   12  795  467  0.0071  0.0057  0.0042
   13  794  468  0.0071  0.0057  0.0042
   14  793  468  0.0071  0.0057  0.0042
   15  792  469  0.0070  0.0057  0.0042
   16  793  469  0.0071  0.0057  0.0042
   17  791  470  0.0070  0.0056  0.0041
   18  792  470  0.0071  0.0057  0.0042
   19  791  471  0.0070  0.0057  0.0042
   20  790  471  0.0071  0.0057  0.0041
   21  789  472  0.0071  0.0057  0.0042
   22  788  473  0.0071  0.0057  0.0042
   23  787  474  0.0070  0.0056  0.0041
   24  786  474  0.0070  0.0056  0.0041
   25  785  474  0.0071  0.0056  0.0041
   26  784  475  0.0071  0.0056  0.0041
   27  783  476  0.0071  0.0056  0.0041
   28  782  476  0.0070  0.0056  0.0041
   29  784  476  0.0070  0.0056  0.0041
   30  782  477  0.0071  0.0056  0.0041
   31  781  478  0.0070  0.0056  0.0041
   32  780  478  0.0070  0.0056  0.0041
   33  779  478  0.0070  0.0056  0.0041
   34  778  479  0.0071  0.0056  0.0041
   35  779  479  0.0071  0.0056  0.0041
   36  778  480  0.0071  0.0056  0.0041
   37  777  480  0.0071  0.0056  0.0041
   38  776  480  0.0071  0.0056  0.0041
   39  774  481  0.0070  0.0056  0.0041
   40  773  481  0.0071  0.0056  0.0041
   41  775  481  0.0071  0.0056  0.0041
   42  772  482  0.0070  0.0056  0.0041
   43  771  482  0.0071  0.0056  0.0041
   44  773  482  0.0070  0.0056  0.0041
   45  770  483  0.0070  0.0056  0.0041
   46  771  483  0.0070  0.0056  0.0041

    1  832  468  0.0071  0.0057  0.0042
    2  832  469  0.0071  0.0057  0.0042
    3  831  470  0.0071  0.0057  0.0042
    4  832  470  0.0071  0.0057  0.0042
    5  829  471  0.0071  0.0057  0.0042
    6  830  471  0.0071  0.0057  0.0042
    7  828  472  0.0071  0.0057  0.0042
    8  814  482  0.0070  0.0057  0.0042
    9  815  482  0.0070  0.0057  0.0042
   10  812  483  0.0070  0.0057  0.0042
   11  813  483  0.0070  0.0057  0.0042
   12  810  484  0.0070  0.0057  0.0042
   13  811  484  0.0070  0.0057  0.0042
   14  810  485  0.0070  0.0057  0.0042
   15  809  485  0.0070  0.0057  0.0042
   16  808  485  0.0070  0.0057  0.0042
   17  807  486  0.0070  0.0057  0.0042
   18  808  486  0.0070  0.0057  0.0042
   19  805  487  0.0070  0.0057  0.0042
   20  807  487  0.0070  0.0057  0.0042
   21  804  488  0.0070  0.0057  0.0042
   22  805  488  0.0070  0.0057  0.0042
   23  803  489  0.0070  0.0056  0.0042
   24  802  489  0.0070  0.0056  0.0042
   25  801  489  0.0070  0.0056  0.0042
   26  799  490  0.0070  0.0056  0.0042
   27  800  490  0.0070  0.0056  0.0042
   28  799  491  0.0070  0.0056  0.0042
   29  798  491  0.0070  0.0056  0.0042
   30  797  491  0.0070  0.0056  0.0042
   31  795  492  0.0070  0.0056  0.0042
   32  796  492  0.0070  0.0056  0.0042
   33  793  493  0.0070  0.0056  0.0042
   34  794  493  0.0070  0.0056  0.0042
   35  791  494  0.0070  0.0056  0.0042
   36  793  494  0.0070  0.0056  0.0042
   37  791  495  0.0070  0.0056  0.0042
   38  790  495  0.0070  0.0056  0.0042
   39  788  496  0.0070  0.0056  0.0042
   40  789  496  0.0070  0.0056  0.0042
   41  787  497  0.0070  0.0056  0.0042
   42  786  497  0.0070  0.0056  0.0042
   43  788  497  0.0070  0.0056  0.0042
   44  785  498  0.0070  0.0056  0.0041
   45  784  498  0.0070  0.0056  0.0042
   46  783  498  0.0070  0.0056  0.0041
   47  782  499  0.0070  0.0056  0.0041
   48  781  499  0.0070  0.0056  0.0041
   49  783  499  0.0070  0.0056  0.0042
   50  781  500  0.0070  0.0056  0.0041
   51  780  500  0.0070  0.0056  0.0041
   52  779  500  0.0070  0.0056  0.0041
   53  778  500  0.0070  0.0056  0.0041
   54  777  500  0.0070  0.0056  0.0041
   55  776  500  0.0070  0.0056  0.0041
   56  775  500  0.0070  0.0056  0.0041

    1  815  475  0.0071  0.0057  0.0042
    2  816  475  0.0071  0.0057  0.0042
    3  814  476  0.0071  0.0057  0.0042
    4  813  476  0.0071  0.0057  0.0042
    5  815  476  0.0071  0.0057  0.0042
    6  813  477  0.0071  0.0057  0.0042
    7  812  477  0.0071  0.0057  0.0042
    8  811  477  0.0071  0.0057  0.0042
    9  810  477  0.0071  0.0057  0.0042
   10  809  478  0.0071  0.0057  0.0042
   11  808  478  0.0071  0.0057  0.0042
   12  810  478  0.0071  0.0057  0.0042
   13  807  479  0.0071  0.0057  0.0042
   14  805  480  0.0070  0.0057  0.0042
   15  803  481  0.0070  0.0057  0.0042
   16  802  481  0.0070  0.0057  0.0042
   17  801  481  0.0070  0.0057  0.0042
   18  804  481  0.0070  0.0057  0.0042
   19  800  482  0.0070  0.0056  0.0042
   20  801  482  0.0070  0.0057  0.0042
   21  800  483  0.0070  0.0056  0.0042
   22  799  483  0.0070  0.0056  0.0042
   23  798  483  0.0070  0.0056  0.0042
   24  796  484  0.0070  0.0056  0.0042
   25  795  484  0.0070  0.0056  0.0042
   26  797  484  0.0070  0.0056  0.0042
   27  795  485  0.0070  0.0056  0.0042
   28  794  485  0.0070  0.0056  0.0042
   29  793  486  0.0070  0.0056  0.0042
   30  791  487  0.0070  0.0056  0.0041
   31  792  487  0.0070  0.0056  0.0042
   32  790  488  0.0070  0.0056  0.0041
   33  789  488  0.0070  0.0056  0.0041
   34  788  488  0.0070  0.0056  0.0041
   35  786  489  0.0070  0.0056  0.0041
   36  785  489  0.0070  0.0056  0.0041
   37  787  489  0.0070  0.0056  0.0041
   38  784  490  0.0070  0.0056  0.0041
   39  783  490  0.0070  0.0056  0.0041
   40  782  490  0.0070  0.0056  0.0041
   41  781  490  0.0070  0.0056  0.0041
   42  780  490  0.0070  0.0056  0.0041
   43  779  490  0.0070  0.0056  0.0041
   44  778  491  0.0070  0.0056  0.0041
   45  777  491  0.0070  0.0056  0.0041
   46  779  491  0.0070  0.0056  0.0041
   47  774  492  0.0070  0.0056  0.0041
   48  775  492  0.0070  0.0056  0.0041
   49  772  493  0.0070  0.0056  0.0041
   50  771  493  0.0070  0.0056  0.0041
   51  770  493  0.0070  0.0056  0.0041
   52  769  493  0.0070  0.0056  0.0041
   53  767  493  0.0070  0.0056  0.0041
   54  766  493  0.0070  0.0056  0.0041
   55  765  493  0.0070  0.0056  0.0041
   56  764  493  0.0070  0.0056  0.0041

    1  863  426  0.0071  0.0058  0.0042
    2  863  427  0.0071  0.0058  0.0042
    3  862  428  0.0071  0.0058  0.0042
    4  863  428  0.0071  0.0058  0.0042
    5  861  429  0.0071  0.0058  0.0042
    6  862  429  0.0071  0.0058  0.0042
    7  861  430  0.0071  0.0058  0.0042
    8  860  430  0.0071  0.0058  0.0042
    9  860  431  0.0071  0.0058  0.0042
   10  859  432  0.0071  0.0058  0.0042
   11  858  433  0.0071  0.0058  0.0042
   12  857  434  0.0071  0.0058  0.0042
   13  858  434  0.0071  0.0058  0.0042
   14  857  435  0.0071  0.0058  0.0042
   15  856  435  0.0071  0.0058  0.0042
   16  829  435  0.0071  0.0057  0.0042
   17  856  436  0.0071  0.0058  0.0042
   18  829  436  0.0071  0.0057  0.0042
   19  830  436  0.0071  0.0057  0.0042
   20  854  436  0.0071  0.0058  0.0042
   21  831  437  0.0071  0.0057  0.0042
   22  853  437  0.0071  0.0058  0.0042
   23  852  437  0.0071  0.0058  0.0042
   24  830  437  0.0071  0.0057  0.0042
   25  854  437  0.0071  0.0058  0.0042
   26  851  438  0.0071  0.0058  0.0042
   27  847  438  0.0071  0.0058  0.0042
   28  846  438  0.0071  0.0057  0.0042
   29  850  438  0.0071  0.0058  0.0042
   30  849  438  0.0071  0.0058  0.0042
   31  845  438  0.0071  0.0057  0.0042
   32  848  438  0.0071  0.0058  0.0042
   33  831  438  0.0071  0.0057  0.0042
   34  832  438  0.0071  0.0057  0.0042
   35  843  439  0.0071  0.0057  0.0042
   36  845  439  0.0071  0.0057  0.0042
   37  833  439  0.0071  0.0057  0.0042
   38  835  439  0.0071  0.0057  0.0042
   39  834  439  0.0071  0.0057  0.0042
   40  844  439  0.0071  0.0057  0.0042
   41  840  440  0.0071  0.0057  0.0042
   42  841  440  0.0071  0.0057  0.0042
   43  837  440  0.0071  0.0057  0.0042
   44  839  440  0.0071  0.0057  0.0042
   45  836  440  0.0071  0.0057  0.0042
   46  838  440  0.0071  0.0057  0.0042
   47  842  440  0.0071  0.0057  0.0042

    1  308  161  0.0078  0.0058  0.0041
    2  307  162  0.0078  0.0058  0.0041
    3  306  162  0.0078  0.0058  0.0041
    4  308  162  0.0078  0.0058  0.0041
    5  305  163  0.0078  0.0058  0.0041
    6  306  163  0.0078  0.0058  0.0041
    7  305  164  0.0078  0.0058  0.0041
    8  304  164  0.0078  0.0058  0.0041
    9  303  165  0.0078  0.0058  0.0041
   10  304  165  0.0078  0.0058  0.0041
   11  302  166  0.0078  0.0058  0.0041
   12  301  166  0.0078  0.0058  0.0041
   13  303  166  0.0078  0.0058  0.0041
   14  301  167  0.0078  0.0058  0.0041
   15  300  167  0.0078  0.0058  0.0041
   16  299  168  0.0078  0.0058  0.0041
   17  298  168  0.0078  0.0058  0.0041
   18  300  168  0.0078  0.0058  0.0041
   19  298  169  0.0078  0.0058  0.0041
   20  297  170  0.0078  0.0058  0.0041
   21  296  170  0.0078  0.0058  0.0041
   22  295  171  0.0078  0.0058  0.0041
   23  293  172  0.0078  0.0058  0.0041
   24  294  172  0.0078  0.0058  0.0041
   25  291  173  0.0078  0.0058  0.0041
   26  293  173  0.0078  0.0058  0.0041
   27  291  174  0.0078  0.0058  0.0041
   28  290  174  0.0078  0.0058  0.0041
   29  289  174  0.0078  0.0058  0.0041
   30  287  175  0.0078  0.0058  0.0041
   31  286  175  0.0078  0.0058  0.0041
   32  288  175  0.0078  0.0058  0.0041
   33  286  176  0.0078  0.0058  0.0041
   34  285  176  0.0078  0.0058  0.0041
   35  284  176  0.0078  0.0058  0.0041
   36  283  176  0.0078  0.0058  0.0041
   37  282  176  0.0078  0.0058  0.0041
   38  280  177  0.0078  0.0058  0.0041
   39  279  177  0.0078  0.0058  0.0041
   40  278  177  0.0078  0.0058  0.0041
   41  277  177  0.0078  0.0058  0.0041
   42  276  177  0.0078  0.0057  0.0041
   43  281  177  0.0078  0.0058  0.0041
   44  276  178  0.0078  0.0057  0.0041
   45  275  178  0.0078  0.0057  0.0041
   46  274  178  0.0078  0.0057  0.0041
   47  262  178  0.0078  0.0057  0.0041
   48  261  178  0.0078  0.0057  0.0041
   49  271  179  0.0078  0.0057  0.0041
   50  270  179  0.0078  0.0057  0.0041
   51  269  179  0.0078  0.0057  0.0041
   52  268  179  0.0078  0.0057  0.0041
   53  266  179  0.0078  0.0057  0.0041
   54  265  179  0.0078  0.0057  0.0041
   55  264  179  0.0078  0.0057  0.0041
   56  263  179  0.0078  0.0057  0.0041
   57  273  179  0.0078  0.0057  0.0041
   58  272  179  0.0078  0.0057  0.0041

    1  578   97  0.0079  0.0061  0.0042
    2  578   98  0.0079  0.0061  0.0042
    3  578   99  0.0079  0.0061  0.0042
    4  578  100  0.0079  0.0061  0.0042
    5  578  101  0.0079  0.0061  0.0042
    6  577  104  0.0079  0.0061  0.0042
    7  578  104  0.0079  0.0061  0.0042
    8  577  105  0.0079  0.0061  0.0042
    9  576  106  0.0079  0.0061  0.0042
   10  577  106  0.0079  0.0061  0.0042
   11  576  108  0.0079  0.0061  0.0042
   12  576  109  0.0079  0.0061  0.0042
   13  576  110  0.0078  0.0061  0.0042
   14  575  110  0.0078  0.0061  0.0042
   15  575  111  0.0078  0.0061  0.0042
   16  575  112  0.0078  0.0061  0.0042
   17  574  113  0.0078  0.0061  0.0042
   18  573  113  0.0078  0.0061  0.0042
   19  572  114  0.0078  0.0061  0.0042
   20  571  115  0.0078  0.0061  0.0042
   21  572  115  0.0078  0.0061  0.0042
   22  571  116  0.0078  0.0061  0.0042
   23  570  116  0.0078  0.0061  0.0042
   24  569  117  0.0078  0.0061  0.0042
   25  570  117  0.0078  0.0061  0.0042
   26  568  118  0.0078  0.0061  0.0042
   27  567  118  0.0078  0.0061  0.0042
   28  566  118  0.0078  0.0061  0.0042
   29  569  118  0.0078  0.0061  0.0042
   30  566  119  0.0078  0.0061  0.0042
   31  565  119  0.0078  0.0061  0.0042
   32  564  119  0.0078  0.0061  0.0042
   33  563  119  0.0078  0.0061  0.0042
   34  562  119  0.0078  0.0061  0.0042
   35  561  119  0.0078  0.0061  0.0042
   36  560  119  0.0078  0.0061  0.0042
   37  559  119  0.0078  0.0061  0.0042
   38  558  119  0.0078  0.0061  0.0042
   39  557  119  0.0078  0.0061  0.0042
   40  556  120  0.0078  0.0061  0.0042
   41  555  120  0.0078  0.0061  0.0042
   42  557  120  0.0078  0.0061  0.0042
   43  555  121  0.0078  0.0061  0.0042
   44  554  121  0.0078  0.0061  0.0041
   45  553  122  0.0078  0.0060  0.0041
   46  553  123  0.0078  0.0060  0.0041
   47  552  124  0.0078  0.0060  0.0041
   48  552  125  0.0078  0.0060  0.0041
   49  551  125  0.0078  0.0060  0.0041
   50  550  126  0.0078  0.0060  0.0041
   51  549  127  0.0078  0.0060  0.0041
   52  547  128  0.0078  0.0060  0.0041
   53  548  128  0.0078  0.0060  0.0041
   54  547  129  0.0078  0.0060  0.0041
   55  546  129  0.0078  0.0060  0.0041
   56  545  130  0.0078  0.0060  0.0041
   57  544  131  0.0078  0.0060  0.0042
   58  545  131  0.0078  0.0060  0.0041
   59  541  132  0.0078  0.0060  0.0042
   60  543  132  0.0078  0.0060  0.0042
   61  541  133  0.0078  0.0060  0.0042
   62  540  133  0.0078  0.0060  0.0042
   63  539  133  0.0078  0.0060  0.0042
   64  538  133  0.0078  0.0060  0.0042
   65  538  134  0.0078  0.0060  0.0041
   66  537  136  0.0078  0.0060  0.0041
   67  536  136  0.0077  0.0060  0.0041
   68  535  136  0.0078  0.0060  0.0041
   69  534  137  0.0077  0.0060  0.0041
   70  535  137  0.0077  0.0060  0.0041
   71  533  138  0.0077  0.0060  0.0041
   72  533  139  0.0078  0.0060  0.0041
   73  532  139  0.0078  0.0060  0.0041
   74  531  139  0.0078  0.0060  0.0041
   75  530  140  0.0078  0.0060  0.0041
   76  529  140  0.0078  0.0060  0.0041
   77  528  140  0.0078  0.0060  0.0041
   78  531  140  0.0078  0.0060  0.0041
   79  528  141  0.0078  0.0060  0.0041
   80  527  141  0.0078  0.0060  0.0041
   81  525  142  0.0078  0.0060  0.0041
   82  524  142  0.0078  0.0060  0.0041
   83  526  142  0.0078  0.0060  0.0041
   84  523  143  0.0078  0.0060  0.0041
   85  522  143  0.0078  0.0060  0.0041
   86  524  143  0.0078  0.0060  0.0041
   87  521  144  0.0078  0.0060  0.0041
   88  522  144  0.0078  0.0060  0.0041

    1  79  556  0.0070  0.0050  0.0040
    2  79  557  0.0070  0.0050  0.0040
    3  79  558  0.0070  0.0050  0.0040
    4  78  559  0.0070  0.0050  0.0040
    5  78  560  0.0070  0.0050  0.0040
    6  78  561  0.0070  0.0050  0.0040
    7  78  562  0.0070  0.0050  0.0040
    8  77  563  0.0070  0.0050  0.0040
    9  77  564  0.0070  0.0050  0.0040
   10  77  565  0.0070  0.0050  0.0040
   11  77  566  0.0070  0.0050  0.0040
   12  76  567  0.0070  0.0050  0.0040
   13  76  568  0.0070  0.0050  0.0040
   14  75  569  0.0070  0.0050  0.0040
   15  74  570  0.0070  0.0050  0.0040
   16  74  571  0.0070  0.0050  0.0040
   17  73  572  0.0070  0.0050  0.0040
   18  72  573  0.0070  0.0050  0.0040
   19  71  573  0.0070  0.0050  0.0040
   20  70  573  0.0070  0.0050  0.0040
   21  69  573  0.0070  0.0050  0.0040
   22  68  573  0.0070  0.0050  0.0040
   23  67  573  0.0070  0.0050  0.0040
   24  66  573  0.0070  0.0050  0.0040
   25  65  573  0.0070  0.0050  0.0040
   26  64  573  0.0070  0.0050  0.0040
   27  63  573  0.0070  0.0050  0.0040
   28  62  573  0.0070  0.0050  0.0040
   29  61  573  0.0070  0.0050  0.0040
   30  60  573  0.0070  0.0050  0.0040
   31  59  573  0.0070  0.0050  0.0040
   32  58  573  0.0070  0.0050  0.0040
   33  57  573  0.0070  0.0050  0.0040
   34  56  573  0.0070  0.0050  0.0040
   35  55  574  0.0070  0.0050  0.0040
   36  53  575  0.0070  0.0049  0.0040
   37  54  575  0.0070  0.0049  0.0040
   38  52  576  0.0070  0.0049  0.0040
   39  51  577  0.0070  0.0049  0.0040
   40  49  578  0.0070  0.0049  0.0040
   41  50  578  0.0070  0.0049  0.0040
   42  48  579  0.0070  0.0049  0.0040
   43  47  580  0.0070  0.0049  0.0040
   44  46  581  0.0070  0.0049  0.0040
   45  44  582  0.0070  0.0049  0.0040
   46  45  582  0.0070  0.0049  0.0040
   47  43  583  0.0070  0.0049  0.0040
   48  42  584  0.0070  0.0049  0.0040
   49  40  585  0.0070  0.0049  0.0040
   50  41  585  0.0070  0.0049  0.0040
   51  39  586  0.0070  0.0049  0.0040
   52  38  587  0.0070  0.0049  0.0040
   53  36  588  0.0070  0.0049  0.0040
   54  37  588  0.0070  0.0049  0.0040
   55  34  589  0.0070  0.0049  0.0040
   56  35  589  0.0070  0.0049  0.0040
   57  33  590  0.0070  0.0049  0.0040
   58  32  590  0.0070  0.0049  0.0040
   59  31  590  0.0069  0.0049  0.0040
   60  30  590  0.0069  0.0049  0.0040
   61  28  591  0.0069  0.0049  0.0040
   62  27  591  0.0069  0.0049  0.0040
   63  26  591  0.0069  0.0049  0.0039
   64  29  591  0.0070  0.0049  0.0040
   65  24  592  0.0070  0.0049  0.0040
   66  23  592  0.0070  0.0049  0.0040
   67  25  592  0.0070  0.0049  0.0040
   68  22  593  0.0070  0.0049  0.0040
   69  21  593  0.0069  0.0049  0.0040
