; ENVI Output of ROIs (5.4) [Tue Aug 06 21:18:41 2019]
; Number of ROIs: 10
; File Dimension: 1328 x 1184
;
; ROI name: Region #1
; ROI rgb value: {255, 0, 0}
; ROI npts: 42
;
; ROI name: Region #2
; ROI rgb value: {0, 255, 0}
; ROI npts: 50
;
; ROI name: Region #3
; ROI rgb value: {0, 0, 255}
; ROI npts: 28
;
; ROI name: Region #4
; ROI rgb value: {255, 255, 0}
; ROI npts: 47
;
; ROI name: Region #5
; ROI rgb value: {0, 255, 255}
; ROI npts: 39
;
; ROI name: Region #6
; ROI rgb value: {255, 0, 255}
; ROI npts: 111
;
; ROI name: Region #7
; ROI rgb value: {176, 48, 96}
; ROI npts: 47
;
; ROI name: Region #8
; ROI rgb value: {46, 139, 87}
; ROI npts: 57
;
; ROI name: Region #9
; ROI rgb value: {160, 32, 240}
; ROI npts: 31
;
; ROI name: Region #10
; ROI rgb value: {255, 127, 80}
; ROI npts: 51
;  ID    X    Y      B1      B2      B3
    1  848  788  0.0440  0.0369  0.0029
    2  845  788  0.0440  0.0369  0.0029
    3  847  788  0.0440  0.0370  0.0029
    4  846  788  0.0440  0.0369  0.0029
    5  845  789  0.0440  0.0369  0.0029
    6  844  789  0.0440  0.0370  0.0029
    7  843  789  0.0440  0.0370  0.0029
    8  841  789  0.0440  0.0370  0.0029
    9  811  790  0.0440  0.0368  0.0029
   10  841  790  0.0440  0.0369  0.0029
   11  840  790  0.0440  0.0369  0.0029
   12  839  790  0.0440  0.0369  0.0029
   13  838  790  0.0440  0.0369  0.0029
   14  837  790  0.0439  0.0369  0.0029
   15  836  790  0.0439  0.0369  0.0029
   16  835  790  0.0439  0.0369  0.0029
   17  834  790  0.0439  0.0369  0.0029
   18  833  790  0.0439  0.0368  0.0029
   19  810  790  0.0442  0.0369  0.0029
   20  832  791  0.0439  0.0368  0.0029
   21  811  791  0.0441  0.0368  0.0029
   22  830  791  0.0439  0.0368  0.0029
   23  812  791  0.0441  0.0368  0.0029
   24  830  792  0.0439  0.0368  0.0029
   25  827  792  0.0439  0.0368  0.0029
   26  826  792  0.0439  0.0368  0.0029
   27  812  792  0.0441  0.0368  0.0029
   28  814  792  0.0439  0.0367  0.0029
   29  828  792  0.0439  0.0368  0.0029
   30  815  793  0.0440  0.0368  0.0029
   31  824  793  0.0440  0.0368  0.0029
   32  814  793  0.0440  0.0368  0.0029
   33  818  793  0.0440  0.0368  0.0029
   34  817  793  0.0440  0.0368  0.0029
   35  816  793  0.0439  0.0367  0.0029
   36  826  793  0.0439  0.0368  0.0029
   37  823  794  0.0440  0.0368  0.0029
   38  824  794  0.0440  0.0368  0.0029
   39  822  794  0.0440  0.0368  0.0029
   40  821  794  0.0440  0.0368  0.0029
   41  819  794  0.0440  0.0368  0.0029
   42  820  794  0.0440  0.0368  0.0029

    1  904  857  0.0437  0.0370  0.0025
    2  903  857  0.0437  0.0370  0.0025
    3  902  857  0.0437  0.0369  0.0025
    4  905  857  0.0437  0.0370  0.0025
    5  899  858  0.0437  0.0370  0.0025
    6  898  858  0.0437  0.0370  0.0025
    7  900  858  0.0437  0.0370  0.0025
    8  896  859  0.0437  0.0369  0.0025
    9  894  859  0.0436  0.0369  0.0025
   10  893  859  0.0436  0.0369  0.0025
   11  891  859  0.0437  0.0369  0.0025
   12  890  859  0.0436  0.0368  0.0025
   13  888  859  0.0436  0.0368  0.0025
   14  887  859  0.0436  0.0368  0.0025
   15  886  859  0.0437  0.0369  0.0025
   16  885  860  0.0437  0.0368  0.0025
   17  884  860  0.0437  0.0368  0.0025
   18  883  860  0.0437  0.0368  0.0025
   19  886  860  0.0436  0.0368  0.0025
   20  883  861  0.0437  0.0368  0.0025
   21  882  861  0.0437  0.0368  0.0025
   22  880  861  0.0437  0.0369  0.0025
   23  874  861  0.0438  0.0369  0.0025
   24  875  861  0.0438  0.0369  0.0025
   25  876  861  0.0437  0.0369  0.0025
   26  877  861  0.0437  0.0369  0.0025
   27  878  861  0.0438  0.0369  0.0025
   28  879  861  0.0437  0.0369  0.0025
   29  874  862  0.0438  0.0369  0.0025
   30  873  862  0.0438  0.0369  0.0025
   31  872  862  0.0438  0.0369  0.0025
   32  860  862  0.0438  0.0368  0.0025
   33  861  862  0.0438  0.0369  0.0025
   34  862  862  0.0438  0.0368  0.0025
   35  863  862  0.0438  0.0368  0.0025
   36  864  862  0.0438  0.0369  0.0025
   37  866  863  0.0439  0.0369  0.0025
   38  867  863  0.0438  0.0369  0.0025
   39  868  863  0.0439  0.0369  0.0025
   40  869  863  0.0439  0.0369  0.0025
   41  870  863  0.0439  0.0369  0.0025
   42  871  863  0.0439  0.0369  0.0025
   43  860  863  0.0438  0.0368  0.0025
   44  859  863  0.0438  0.0368  0.0025
   45  858  863  0.0438  0.0368  0.0025
   46  857  863  0.0438  0.0368  0.0025
   47  856  863  0.0438  0.0368  0.0025
   48  855  863  0.0439  0.0368  0.0025
   49  853  864  0.0439  0.0369  0.0025
   50  854  864  0.0438  0.0368  0.0025

    1  869  849  0.0437  0.0368  0.0026
    2  881  849  0.0438  0.0370  0.0026
    3  880  849  0.0438  0.0369  0.0026
    4  879  849  0.0438  0.0369  0.0026
    5  878  849  0.0438  0.0369  0.0026
    6  877  849  0.0438  0.0369  0.0026
    7  876  849  0.0438  0.0369  0.0026
    8  875  849  0.0438  0.0369  0.0026
    9  874  849  0.0438  0.0369  0.0026
   10  873  849  0.0438  0.0369  0.0026
   11  865  849  0.0438  0.0369  0.0026
   12  866  849  0.0437  0.0368  0.0026
   13  867  849  0.0437  0.0368  0.0026
   14  868  849  0.0437  0.0368  0.0026
   15  882  849  0.0438  0.0369  0.0026
   16  870  849  0.0437  0.0368  0.0026
   17  871  849  0.0438  0.0369  0.0026
   18  872  849  0.0438  0.0369  0.0026
   19  864  850  0.0439  0.0369  0.0026
   20  863  850  0.0438  0.0369  0.0026
   21  865  850  0.0438  0.0369  0.0026
   22  862  851  0.0438  0.0369  0.0026
   23  860  852  0.0438  0.0369  0.0026
   24  859  852  0.0439  0.0369  0.0026
   25  858  852  0.0440  0.0370  0.0026
   26  857  852  0.0440  0.0370  0.0026
   27  855  852  0.0441  0.0370  0.0026
   28  854  852  0.0440  0.0370  0.0026

    1  702  736  0.0440  0.0362  0.0032
    2  701  736  0.0440  0.0362  0.0032
    3  700  736  0.0440  0.0362  0.0032
    4  703  736  0.0440  0.0362  0.0032
    5  697  737  0.0439  0.0361  0.0031
    6  698  737  0.0439  0.0361  0.0031
    7  697  738  0.0439  0.0361  0.0031
    8  696  738  0.0439  0.0361  0.0031
    9  693  739  0.0439  0.0361  0.0031
   10  692  739  0.0439  0.0361  0.0031
   11  691  739  0.0439  0.0361  0.0031
   12  690  739  0.0439  0.0361  0.0031
   13  689  739  0.0439  0.0361  0.0031
   14  694  739  0.0439  0.0361  0.0031
   15  688  740  0.0439  0.0361  0.0031
   16  687  740  0.0439  0.0361  0.0031
   17  686  740  0.0439  0.0361  0.0031
   18  684  740  0.0439  0.0360  0.0031
   19  685  740  0.0439  0.0360  0.0031
   20  675  741  0.0439  0.0360  0.0031
   21  676  741  0.0439  0.0360  0.0031
   22  677  741  0.0439  0.0360  0.0031
   23  678  741  0.0439  0.0360  0.0031
   24  679  741  0.0439  0.0360  0.0031
   25  680  741  0.0440  0.0361  0.0031
   26  681  741  0.0439  0.0360  0.0031
   27  682  741  0.0439  0.0360  0.0031
   28  683  741  0.0439  0.0360  0.0031
   29  673  741  0.0439  0.0359  0.0031
   30  674  741  0.0439  0.0359  0.0031
   31  672  742  0.0439  0.0359  0.0031
   32  673  742  0.0438  0.0359  0.0031
   33  671  743  0.0439  0.0359  0.0031
   34  670  743  0.0439  0.0359  0.0031
   35  669  743  0.0439  0.0359  0.0031
   36  668  743  0.0439  0.0359  0.0031
   37  667  743  0.0439  0.0360  0.0031
   38  672  743  0.0439  0.0360  0.0031
   39  667  744  0.0439  0.0360  0.0031
   40  666  744  0.0439  0.0360  0.0031
   41  664  745  0.0440  0.0360  0.0031
   42  666  745  0.0440  0.0360  0.0031
   43  663  746  0.0441  0.0361  0.0031
   44  664  746  0.0441  0.0361  0.0031
   45  660  747  0.0442  0.0361  0.0031
   46  659  747  0.0442  0.0361  0.0031
   47  661  747  0.0442  0.0361  0.0031

    1  76  607  0.0436  0.0327  0.0039
    2  77  607  0.0436  0.0327  0.0039
    3  75  608  0.0436  0.0327  0.0039
    4  74  608  0.0436  0.0327  0.0039
    5  73  608  0.0436  0.0327  0.0039
    6  72  608  0.0436  0.0327  0.0039
    7  76  608  0.0436  0.0327  0.0039
    8  71  609  0.0436  0.0327  0.0039
    9  70  609  0.0437  0.0327  0.0039
   10  69  609  0.0437  0.0328  0.0039
   11  67  609  0.0437  0.0327  0.0039
   12  66  609  0.0437  0.0328  0.0039
   13  65  609  0.0438  0.0328  0.0039
   14  64  609  0.0438  0.0328  0.0039
   15  63  609  0.0437  0.0328  0.0039
   16  62  610  0.0438  0.0328  0.0039
   17  63  610  0.0437  0.0328  0.0039
   18  57  611  0.0439  0.0328  0.0039
   19  58  611  0.0438  0.0328  0.0039
   20  59  611  0.0437  0.0327  0.0039
   21  60  611  0.0438  0.0328  0.0039
   22  61  611  0.0437  0.0328  0.0039
   23  56  612  0.0438  0.0327  0.0039
   24  55  612  0.0438  0.0328  0.0039
   25  54  612  0.0439  0.0328  0.0039
   26  53  612  0.0439  0.0328  0.0039
   27  52  612  0.0439  0.0328  0.0039
   28  51  612  0.0439  0.0328  0.0039
   29  50  612  0.0439  0.0328  0.0039
   30  49  612  0.0439  0.0328  0.0039
   31  48  612  0.0440  0.0329  0.0039
   32  47  612  0.0440  0.0329  0.0039
   33  46  612  0.0440  0.0328  0.0039
   34  45  612  0.0440  0.0328  0.0039
   35  44  612  0.0440  0.0329  0.0039
   36  43  612  0.0440  0.0328  0.0039
   37  42  612  0.0440  0.0328  0.0039
   38  41  612  0.0439  0.0328  0.0039
   39  40  612  0.0439  0.0328  0.0039

     1  1213  807  0.0448  0.0398  0.0027
     2  1209  808  0.0449  0.0398  0.0027
     3  1208  808  0.0449  0.0398  0.0027
     4  1207  808  0.0449  0.0398  0.0027
     5  1206  808  0.0449  0.0398  0.0027
     6  1211  808  0.0449  0.0398  0.0027
     7  1204  809  0.0448  0.0397  0.0027
     8  1203  809  0.0449  0.0397  0.0027
     9  1202  809  0.0449  0.0397  0.0027
    10  1201  809  0.0448  0.0397  0.0027
    11  1200  809  0.0448  0.0397  0.0027
    12  1199  809  0.0448  0.0397  0.0027
    13  1198  809  0.0449  0.0397  0.0027
    14  1197  809  0.0448  0.0396  0.0027
    15  1196  809  0.0448  0.0397  0.0027
    16  1195  809  0.0449  0.0397  0.0027
    17  1193  809  0.0449  0.0397  0.0027
    18  1191  810  0.0449  0.0397  0.0027
    19  1190  810  0.0449  0.0397  0.0027
    20  1192  810  0.0449  0.0397  0.0027
    21  1189  811  0.0449  0.0397  0.0027
    22  1188  811  0.0449  0.0397  0.0027
    23  1187  811  0.0449  0.0397  0.0027
    24  1185  812  0.0449  0.0397  0.0027
    25  1184  812  0.0449  0.0397  0.0027
    26  1183  812  0.0450  0.0397  0.0027
    27  1182  812  0.0450  0.0397  0.0027
    28  1186  812  0.0449  0.0397  0.0027
    29  1181  813  0.0449  0.0397  0.0027
    30  1180  813  0.0449  0.0397  0.0027
    31  1179  813  0.0450  0.0397  0.0027
    32  1178  813  0.0450  0.0397  0.0027
    33  1177  814  0.0450  0.0397  0.0027
    34  1175  814  0.0450  0.0397  0.0027
    35  1178  814  0.0450  0.0397  0.0027
    36  1173  815  0.0449  0.0396  0.0026
    37  1172  815  0.0450  0.0396  0.0027
    38  1171  815  0.0450  0.0396  0.0027
    39  1170  816  0.0450  0.0396  0.0026
    40  1169  816  0.0450  0.0396  0.0027
    41  1171  816  0.0450  0.0396  0.0026
    42  1168  817  0.0450  0.0397  0.0026
    43  1167  817  0.0450  0.0396  0.0026
    44  1166  817  0.0450  0.0396  0.0026
    45  1165  817  0.0450  0.0396  0.0026
    46  1164  817  0.0450  0.0396  0.0026
    47  1163  818  0.0450  0.0396  0.0026
    48  1161  818  0.0450  0.0396  0.0026
    49  1160  818  0.0450  0.0396  0.0026
    50  1164  818  0.0450  0.0396  0.0026
    51  1158  819  0.0449  0.0395  0.0026
    52  1157  819  0.0450  0.0396  0.0026
    53  1156  819  0.0450  0.0395  0.0026
    54  1154  819  0.0450  0.0396  0.0026
    55  1155  819  0.0450  0.0396  0.0026
    56  1151  820  0.0451  0.0396  0.0026
    57  1153  820  0.0450  0.0396  0.0026
    58  1152  820  0.0451  0.0396  0.0026
    59  1150  821  0.0450  0.0396  0.0026
    60  1148  822  0.0450  0.0395  0.0026
    61  1145  822  0.0450  0.0395  0.0026
    62  1144  822  0.0450  0.0395  0.0026
    63  1149  822  0.0450  0.0395  0.0026
    64  1139  823  0.0449  0.0394  0.0026
    65  1138  823  0.0449  0.0394  0.0026
    66  1136  824  0.0449  0.0393  0.0026
    67  1135  824  0.0449  0.0393  0.0026
    68  1137  824  0.0449  0.0394  0.0026
    69  1135  825  0.0450  0.0394  0.0026
    70  1134  825  0.0450  0.0394  0.0026
    71  1133  825  0.0449  0.0394  0.0026
    72  1132  825  0.0450  0.0394  0.0026
    73  1131  825  0.0450  0.0394  0.0026
    74  1130  825  0.0449  0.0393  0.0026
    75  1129  825  0.0448  0.0393  0.0026
    76  1128  825  0.0448  0.0392  0.0026
    77  1126  825  0.0449  0.0393  0.0026
    78  1125  825  0.0449  0.0393  0.0026
    79  1124  825  0.0450  0.0393  0.0026
    80  1123  825  0.0450  0.0393  0.0026
    81  1122  825  0.0449  0.0393  0.0026
    82  1121  825  0.0449  0.0393  0.0026
    83  1120  826  0.0449  0.0393  0.0026
    84  1121  826  0.0450  0.0393  0.0026
    85  1119  827  0.0449  0.0392  0.0026
    86  1118  827  0.0449  0.0393  0.0026
    87  1117  827  0.0449  0.0392  0.0026
    88  1116  827  0.0448  0.0392  0.0026
    89  1115  827  0.0448  0.0391  0.0026
    90  1113  827  0.0447  0.0391  0.0026
    91  1112  827  0.0447  0.0391  0.0026
    92  1111  827  0.0448  0.0391  0.0026
    93  1110  827  0.0447  0.0390  0.0026
    94  1109  827  0.0448  0.0391  0.0026
    95  1107  827  0.0449  0.0392  0.0026
    96  1106  827  0.0448  0.0391  0.0026
    97  1105  827  0.0448  0.0391  0.0026
    98  1104  827  0.0449  0.0391  0.0026
    99  1103  827  0.0448  0.0391  0.0026
   100  1102  827  0.0449  0.0392  0.0026
   101  1101  827  0.0449  0.0391  0.0026
   102  1100  827  0.0448  0.0390  0.0026
   103  1099  827  0.0448  0.0390  0.0026
   104  1098  827  0.0447  0.0390  0.0026
   105  1097  827  0.0447  0.0390  0.0026
   106  1096  828  0.0449  0.0391  0.0026
   107  1094  829  0.0451  0.0392  0.0026
   108  1093  829  0.0449  0.0391  0.0026
   109  1090  829  0.0449  0.0390  0.0026
   110  1089  829  0.0448  0.0390  0.0026
   111  1095  829  0.0452  0.0393  0.0026

    1  1142  826  0.0450  0.0395  0.0026
    2  1141  826  0.0451  0.0395  0.0026
    3  1140  826  0.0450  0.0395  0.0026
    4  1143  826  0.0450  0.0394  0.0026
    5  1140  827  0.0450  0.0395  0.0026
    6  1138  827  0.0450  0.0395  0.0026
    7  1137  827  0.0450  0.0395  0.0026
    8  1136  827  0.0450  0.0394  0.0026
    9  1133  828  0.0450  0.0395  0.0026
   10  1134  828  0.0451  0.0395  0.0026
   11  1132  829  0.0451  0.0395  0.0026
   12  1130  829  0.0455  0.0398  0.0026
   13  1129  829  0.0455  0.0398  0.0026
   14  1128  829  0.0454  0.0397  0.0026
   15  1126  829  0.0452  0.0396  0.0026
   16  1125  829  0.0451  0.0395  0.0026
   17  1124  829  0.0451  0.0395  0.0026
   18  1123  829  0.0450  0.0394  0.0026
   19  1122  829  0.0450  0.0394  0.0026
   20  1121  829  0.0450  0.0393  0.0026
   21  1120  829  0.0449  0.0393  0.0026
   22  1119  829  0.0449  0.0392  0.0026
   23  1116  829  0.0449  0.0392  0.0026
   24  1117  829  0.0449  0.0392  0.0026
   25  1118  829  0.0449  0.0392  0.0026
   26  1115  830  0.0448  0.0391  0.0026
   27  1114  830  0.0447  0.0391  0.0026
   28  1113  830  0.0447  0.0390  0.0026
   29  1112  830  0.0447  0.0391  0.0026
   30  1111  830  0.0448  0.0392  0.0026
   31  1109  831  0.0448  0.0391  0.0026
   32  1108  831  0.0448  0.0391  0.0026
   33  1107  831  0.0448  0.0391  0.0026
   34  1110  831  0.0449  0.0392  0.0026
   35  1107  832  0.0448  0.0391  0.0026
   36  1106  832  0.0448  0.0391  0.0026
   37  1105  832  0.0447  0.0390  0.0026
   38  1104  832  0.0447  0.0390  0.0026
   39  1103  832  0.0447  0.0390  0.0026
   40  1102  832  0.0448  0.0391  0.0026
   41  1101  832  0.0447  0.0390  0.0026
   42  1100  833  0.0448  0.0390  0.0026
   43  1099  833  0.0448  0.0390  0.0026
   44  1098  833  0.0447  0.0390  0.0026
   45  1097  833  0.0448  0.0390  0.0026
   46  1096  833  0.0448  0.0391  0.0026
   47  1101  833  0.0448  0.0390  0.0026

    1  1008   999  0.0435  0.0372  0.0019
    2  1006  1000  0.0435  0.0372  0.0019
    3  1007  1000  0.0435  0.0372  0.0019
    4  1005  1001  0.0434  0.0372  0.0019
    5  1004  1001  0.0434  0.0372  0.0019
    6  1003  1001  0.0434  0.0372  0.0019
    7  1002  1001  0.0434  0.0372  0.0019
    8  1001  1001  0.0434  0.0372  0.0019
    9  1000  1001  0.0435  0.0372  0.0019
   10   999  1001  0.0435  0.0372  0.0019
   11   998  1001  0.0435  0.0372  0.0019
   12   996  1002  0.0434  0.0371  0.0019
   13   995  1002  0.0434  0.0371  0.0019
   14   994  1002  0.0433  0.0370  0.0019
   15   993  1002  0.0433  0.0370  0.0019
   16   997  1002  0.0434  0.0371  0.0019
   17   992  1003  0.0433  0.0370  0.0019
   18   991  1003  0.0432  0.0369  0.0019
   19   990  1003  0.0432  0.0369  0.0019
   20   989  1003  0.0432  0.0369  0.0019
   21   988  1004  0.0432  0.0369  0.0019
   22   987  1004  0.0432  0.0369  0.0019
   23   986  1004  0.0432  0.0369  0.0019
   24   984  1004  0.0432  0.0369  0.0019
   25   983  1004  0.0432  0.0369  0.0019
   26   985  1004  0.0433  0.0369  0.0019
   27   978  1005  0.0433  0.0369  0.0019
   28   981  1005  0.0432  0.0369  0.0019
   29   982  1005  0.0432  0.0369  0.0019
   30   983  1005  0.0432  0.0369  0.0019
   31   977  1005  0.0433  0.0369  0.0019
   32   976  1005  0.0433  0.0369  0.0019
   33   980  1005  0.0433  0.0369  0.0019
   34   979  1005  0.0433  0.0369  0.0019
   35   974  1006  0.0433  0.0369  0.0019
   36   973  1006  0.0433  0.0369  0.0019
   37   972  1006  0.0433  0.0369  0.0019
   38   971  1006  0.0433  0.0369  0.0019
   39   970  1006  0.0432  0.0368  0.0019
   40   969  1006  0.0433  0.0369  0.0019
   41   968  1006  0.0433  0.0369  0.0019
   42   975  1006  0.0434  0.0370  0.0019
   43   968  1007  0.0433  0.0368  0.0019
   44   967  1007  0.0434  0.0369  0.0019
   45   966  1007  0.0434  0.0370  0.0019
   46   965  1007  0.0434  0.0370  0.0019
   47   964  1007  0.0435  0.0370  0.0019
   48   964  1008  0.0435  0.0370  0.0019
   49   963  1008  0.0435  0.0370  0.0019
   50   962  1008  0.0435  0.0370  0.0019
   51   961  1008  0.0435  0.0370  0.0019
   52   960  1008  0.0435  0.0370  0.0019
   53   959  1008  0.0435  0.0370  0.0019
   54   958  1008  0.0435  0.0369  0.0019
   55   957  1008  0.0435  0.0370  0.0019
   56   956  1008  0.0435  0.0370  0.0019
   57   955  1008  0.0435  0.0370  0.0019

    1  651  790  0.0438  0.0357  0.0029
    2  650  790  0.0438  0.0358  0.0029
    3  649  790  0.0438  0.0358  0.0029
    4  652  790  0.0438  0.0357  0.0029
    5  648  791  0.0439  0.0358  0.0029
    6  647  791  0.0439  0.0358  0.0029
    7  646  791  0.0439  0.0358  0.0029
    8  645  791  0.0439  0.0358  0.0029
    9  644  791  0.0439  0.0357  0.0029
   10  643  791  0.0439  0.0357  0.0029
   11  642  791  0.0439  0.0357  0.0029
   12  641  791  0.0438  0.0357  0.0029
   13  640  791  0.0439  0.0357  0.0029
   14  639  791  0.0439  0.0357  0.0029
   15  638  791  0.0439  0.0357  0.0029
   16  637  791  0.0439  0.0358  0.0030
   17  636  792  0.0439  0.0357  0.0029
   18  635  792  0.0439  0.0357  0.0029
   19  637  792  0.0439  0.0357  0.0029
   20  632  793  0.0439  0.0357  0.0029
   21  631  793  0.0439  0.0357  0.0029
   22  630  793  0.0440  0.0357  0.0029
   23  633  793  0.0439  0.0357  0.0029
   24  629  794  0.0440  0.0358  0.0029
   25  628  794  0.0440  0.0358  0.0029
   26  627  794  0.0440  0.0358  0.0029
   27  626  794  0.0441  0.0358  0.0029
   28  625  794  0.0441  0.0358  0.0029
   29  624  794  0.0441  0.0358  0.0029
   30  622  794  0.0440  0.0358  0.0029
   31  621  794  0.0440  0.0357  0.0029

    1  1004  683  0.0455  0.0392  0.0033
    2  1003  683  0.0454  0.0391  0.0033
    3  1005  683  0.0455  0.0392  0.0033
    4  1002  684  0.0454  0.0391  0.0033
    5  1001  684  0.0455  0.0392  0.0033
    6  1000  684  0.0455  0.0392  0.0033
    7   999  685  0.0454  0.0391  0.0033
    8   998  685  0.0454  0.0391  0.0033
    9  1000  685  0.0454  0.0391  0.0033
   10   998  686  0.0454  0.0391  0.0033
   11   997  686  0.0454  0.0391  0.0033
   12   996  686  0.0454  0.0391  0.0033
   13   995  687  0.0454  0.0390  0.0033
   14   994  687  0.0452  0.0389  0.0033
   15   996  687  0.0454  0.0391  0.0033
   16   992  688  0.0453  0.0390  0.0033
   17   991  688  0.0452  0.0389  0.0033
   18   993  688  0.0452  0.0389  0.0033
   19   991  689  0.0453  0.0390  0.0033
   20   990  689  0.0453  0.0390  0.0033
   21   989  689  0.0453  0.0389  0.0033
   22   988  689  0.0453  0.0389  0.0033
   23   987  689  0.0453  0.0390  0.0033
   24   986  689  0.0453  0.0389  0.0033
   25   985  689  0.0453  0.0390  0.0033
   26   984  689  0.0453  0.0390  0.0033
   27   982  690  0.0454  0.0390  0.0033
   28   981  690  0.0455  0.0390  0.0033
   29   980  690  0.0455  0.0390  0.0033
   30   979  690  0.0457  0.0393  0.0033
   31   977  690  0.0455  0.0390  0.0033
   32   983  690  0.0453  0.0389  0.0033
   33   976  691  0.0455  0.0391  0.0033
   34   975  691  0.0456  0.0391  0.0033
   35   974  691  0.0455  0.0390  0.0033
   36   973  691  0.0454  0.0390  0.0033
   37   972  691  0.0454  0.0390  0.0033
   38   971  691  0.0454  0.0390  0.0033
   39   970  691  0.0454  0.0390  0.0033
   40   969  691  0.0454  0.0389  0.0033
   41   957  691  0.0455  0.0390  0.0033
   42   956  691  0.0455  0.0389  0.0033
   43   965  692  0.0454  0.0389  0.0033
   44   964  692  0.0454  0.0389  0.0033
   45   963  692  0.0455  0.0390  0.0033
   46   962  692  0.0455  0.0390  0.0033
   47   961  692  0.0455  0.0390  0.0033
   48   960  692  0.0455  0.0389  0.0033
   49   959  692  0.0455  0.0389  0.0033
   50   967  692  0.0454  0.0389  0.0033
   51   966  692  0.0454  0.0389  0.0033
