; ENVI Output of ROIs (5.4) [Tue Aug 06 21:18:01 2019]
; Number of ROIs: 10
; File Dimension: 1328 x 1184
;
; ROI name: Region #1
; ROI rgb value: {255, 0, 0}
; ROI npts: 42
;
; ROI name: Region #2
; ROI rgb value: {0, 255, 0}
; ROI npts: 50
;
; ROI name: Region #3
; ROI rgb value: {0, 0, 255}
; ROI npts: 28
;
; ROI name: Region #4
; ROI rgb value: {255, 255, 0}
; ROI npts: 47
;
; ROI name: Region #5
; ROI rgb value: {0, 255, 255}
; ROI npts: 39
;
; ROI name: Region #6
; ROI rgb value: {255, 0, 255}
; ROI npts: 111
;
; ROI name: Region #7
; ROI rgb value: {176, 48, 96}
; ROI npts: 47
;
; ROI name: Region #8
; ROI rgb value: {46, 139, 87}
; ROI npts: 57
;
; ROI name: Region #9
; ROI rgb value: {160, 32, 240}
; ROI npts: 31
;
; ROI name: Region #10
; ROI rgb value: {255, 127, 80}
; ROI npts: 51
;  ID    X    Y         B1         B2         B3
    1  848  788    -7.9431  -132.4446     8.0749
    2  845  788    -7.9442  -132.4424     8.0746
    3  847  788    -7.9436  -132.4440     8.0748
    4  846  788    -7.9425  -132.4419     8.0748
    5  845  789    -7.9435  -132.4416     8.0754
    6  844  789    -7.9444  -132.4413     8.0753
    7  843  789    -7.9447  -132.4405     8.0752
    8  841  789    -7.9461  -132.4396     8.0750
    9  811  790    -7.9614  -132.4211     8.0722
   10  841  790    -7.9427  -132.4367     8.0759
   11  840  790    -7.9425  -132.4354     8.0759
   12  839  790    -7.9436  -132.4353     8.0757
   13  838  790    -7.9419  -132.4329     8.0757
   14  837  790    -7.9407  -132.4308     8.0757
   15  836  790    -7.9433  -132.4319     8.0754
   16  835  790    -7.9438  -132.4314     8.0753
   17  834  790    -7.9419  -132.4288     8.0754
   18  833  790    -7.9444  -132.4298     8.0751
   19  810  790    -7.9712  -132.4282     8.0717
   20  832  791    -7.9426  -132.4271     8.0759
   21  811  791    -7.9619  -132.4213     8.0731
   22  830  791    -7.9439  -132.4261     8.0756
   23  812  791    -7.9647  -132.4247     8.0730
   24  830  792    -7.9401  -132.4227     8.0766
   25  827  792    -7.9444  -132.4232     8.0762
   26  826  792    -7.9431  -132.4212     8.0762
   27  812  792    -7.9650  -132.4248     8.0738
   28  814  792    -7.9571  -132.4203     8.0743
   29  828  792    -7.9470  -132.4264     8.0761
   30  815  793    -7.9615  -132.4249     8.0749
   31  824  793    -7.9481  -132.4231     8.0765
   32  814  793    -7.9602  -132.4228     8.0749
   33  818  793    -7.9573  -132.4245     8.0754
   34  817  793    -7.9598  -132.4255     8.0752
   35  816  793    -7.9581  -132.4231     8.0752
   36  826  793    -7.9430  -132.4209     8.0770
   37  823  794    -7.9555  -132.4280     8.0768
   38  824  794    -7.9497  -132.4242     8.0773
   39  822  794    -7.9569  -132.4281     8.0767
   40  821  794    -7.9537  -132.4245     8.0768
   41  819  794    -7.9562  -132.4244     8.0764
   42  820  794    -7.9536  -132.4234     8.0767

    1  904  857    -7.8998  -132.4559     8.1375
    2  903  857    -7.8988  -132.4540     8.1374
    3  902  857    -7.8979  -132.4522     8.1373
    4  905  857    -7.8984  -132.4557     8.1376
    5  899  858    -7.9024  -132.4527     8.1377
    6  898  858    -7.9042  -132.4532     8.1375
    7  900  858    -7.9016  -132.4531     8.1378
    8  896  859    -7.9017  -132.4489     8.1382
    9  894  859    -7.9008  -132.4461     8.1381
   10  893  859    -7.9000  -132.4444     8.1380
   11  891  859    -7.9029  -132.4447     8.1377
   12  890  859    -7.9036  -132.4443     8.1375
   13  888  859    -7.9034  -132.4420     8.1374
   14  887  859    -7.9028  -132.4405     8.1373
   15  886  859    -7.9082  -132.4440     8.1370
   16  885  860    -7.9021  -132.4377     8.1380
   17  884  860    -7.9047  -132.4388     8.1378
   18  883  860    -7.9061  -132.4389     8.1376
   19  886  860    -7.9014  -132.4381     8.1381
   20  883  861    -7.9057  -132.4384     8.1385
   21  882  861    -7.9052  -132.4370     8.1384
   22  880  861    -7.9083  -132.4375     8.1381
   23  874  861    -7.9134  -132.4356     8.1373
   24  875  861    -7.9130  -132.4362     8.1374
   25  876  861    -7.9112  -132.4357     8.1376
   26  877  861    -7.9110  -132.4367     8.1377
   27  878  861    -7.9116  -132.4382     8.1378
   28  879  861    -7.9097  -132.4377     8.1379
   29  874  862    -7.9136  -132.4356     8.1381
   30  873  862    -7.9157  -132.4363     8.1379
   31  872  862    -7.9174  -132.4366     8.1378
   32  860  862    -7.9226  -132.4285     8.1365
   33  861  862    -7.9231  -132.4301     8.1365
   34  862  862    -7.9208  -132.4291     8.1367
   35  863  862    -7.9223  -132.4315     8.1367
   36  864  862    -7.9249  -132.4346     8.1367
   37  866  863    -7.9288  -132.4398     8.1375
   38  867  863    -7.9232  -132.4362     8.1379
   39  868  863    -7.9273  -132.4406     8.1378
   40  869  863    -7.9256  -132.4403     8.1379
   41  870  863    -7.9247  -132.4405     8.1381
   42  871  863    -7.9226  -132.4398     8.1383
   43  860  863    -7.9202  -132.4264     8.1374
   44  859  863    -7.9226  -132.4274     8.1372
   45  858  863    -7.9204  -132.4245     8.1372
   46  857  863    -7.9263  -132.4284     8.1368
   47  856  863    -7.9231  -132.4247     8.1369
   48  855  863    -7.9275  -132.4273     8.1366
   49  853  864    -7.9264  -132.4241     8.1373
   50  854  864    -7.9213  -132.4209     8.1376

    1  869  849    -7.9103  -132.4296     8.1274
    2  881  849    -7.9176  -132.4481     8.1282
    3  880  849    -7.9143  -132.4444     8.1282
    4  879  849    -7.9159  -132.4446     8.1281
    5  878  849    -7.9160  -132.4437     8.1279
    6  877  849    -7.9150  -132.4419     8.1279
    7  876  849    -7.9145  -132.4403     8.1278
    8  875  849    -7.9137  -132.4387     8.1278
    9  874  849    -7.9137  -132.4376     8.1277
   10  873  849    -7.9200  -132.4419     8.1273
   11  865  849    -7.9198  -132.4334     8.1266
   12  866  849    -7.9104  -132.4266     8.1271
   13  867  849    -7.9135  -132.4302     8.1271
   14  868  849    -7.9091  -132.4275     8.1274
   15  882  849    -7.9162  -132.4480     8.1283
   16  870  849    -7.9122  -132.4323     8.1274
   17  871  849    -7.9146  -132.4353     8.1274
   18  872  849    -7.9155  -132.4371     8.1274
   19  864  850    -7.9239  -132.4357     8.1271
   20  863  850    -7.9223  -132.4333     8.1271
   21  865  850    -7.9202  -132.4336     8.1274
   22  862  851    -7.9237  -132.4333     8.1278
   23  860  852    -7.9234  -132.4308     8.1284
   24  859  852    -7.9302  -132.4354     8.1280
   25  858  852    -7.9329  -132.4366     8.1278
   26  857  852    -7.9371  -132.4391     8.1276
   27  855  852    -7.9420  -132.4411     8.1272
   28  854  852    -7.9411  -132.4393     8.1271

    1  702  736    -7.9874  -132.3380     8.0179
    2  701  736    -7.9856  -132.3355     8.0180
    3  700  736    -7.9866  -132.3353     8.0178
    4  703  736    -7.9883  -132.3398     8.0179
    5  697  737    -7.9847  -132.3305     8.0185
    6  698  737    -7.9845  -132.3314     8.0186
    7  697  738    -7.9813  -132.3276     8.0195
    8  696  738    -7.9804  -132.3259     8.0194
    9  693  739    -7.9813  -132.3233     8.0200
   10  692  739    -7.9841  -132.3246     8.0197
   11  691  739    -7.9846  -132.3240     8.0196
   12  690  739    -7.9845  -132.3229     8.0195
   13  689  739    -7.9832  -132.3208     8.0195
   14  694  739    -7.9795  -132.3229     8.0201
   15  688  740    -7.9826  -132.3191     8.0203
   16  687  740    -7.9844  -132.3195     8.0201
   17  686  740    -7.9842  -132.3183     8.0200
   18  684  740    -7.9841  -132.3162     8.0198
   19  685  740    -7.9847  -132.3177     8.0199
   20  675  741    -7.9869  -132.3091     8.0197
   21  676  741    -7.9858  -132.3092     8.0198
   22  677  741    -7.9850  -132.3097     8.0200
   23  678  741    -7.9883  -132.3134     8.0199
   24  679  741    -7.9872  -132.3135     8.0200
   25  680  741    -7.9903  -132.3171     8.0199
   26  681  741    -7.9860  -132.3145     8.0203
   27  682  741    -7.9865  -132.3160     8.0203
   28  683  741    -7.9849  -132.3157     8.0205
   29  673  741    -7.9847  -132.3053     8.0196
   30  674  741    -7.9862  -132.3075     8.0196
   31  672  742    -7.9866  -132.3056     8.0202
   32  673  742    -7.9855  -132.3058     8.0204
   33  671  743    -7.9875  -132.3052     8.0209
   34  670  743    -7.9882  -132.3047     8.0207
   35  669  743    -7.9913  -132.3063     8.0205
   36  668  743    -7.9916  -132.3055     8.0204
   37  667  743    -7.9963  -132.3083     8.0200
   38  672  743    -7.9894  -132.3078     8.0208
   39  667  744    -7.9938  -132.3061     8.0210
   40  666  744    -7.9940  -132.3053     8.0209
   41  664  745    -8.0018  -132.3094     8.0211
   42  666  745    -8.0024  -132.3119     8.0212
   43  663  746    -8.0102  -132.3151     8.0213
   44  664  746    -8.0066  -132.3131     8.0216
   45  660  747    -8.0149  -132.3156     8.0216
   46  659  747    -8.0166  -132.3160     8.0214
   47  661  747    -8.0141  -132.3159     8.0218

    1  76  607    -8.1675  -131.8702     7.8521
    2  77  607    -8.1659  -131.8700     7.8523
    3  75  608    -8.1692  -131.8703     7.8527
    4  74  608    -8.1694  -131.8695     7.8526
    5  73  608    -8.1700  -131.8690     7.8525
    6  72  608    -8.1719  -131.8694     7.8523
    7  76  608    -8.1673  -131.8699     7.8529
    8  71  609    -8.1737  -131.8696     7.8529
    9  70  609    -8.1758  -131.8702     7.8527
   10  69  609    -8.1782  -131.8710     7.8524
   11  67  609    -8.1794  -131.8700     7.8521
   12  66  609    -8.1826  -131.8714     7.8518
   13  65  609    -8.1868  -131.8736     7.8514
   14  64  609    -8.1883  -131.8737     7.8513
   15  63  609    -8.1885  -131.8729     7.8511
   16  62  610    -8.1894  -131.8724     7.8518
   17  63  610    -8.1888  -131.8730     7.8519
   18  57  611    -8.2000  -131.8753     7.8514
   19  58  611    -8.1947  -131.8724     7.8518
   20  59  611    -8.1911  -131.8707     7.8522
   21  60  611    -8.1916  -131.8720     7.8522
   22  61  611    -8.1895  -131.8714     7.8525
   23  56  612    -8.1948  -131.8703     7.8525
   24  55  612    -8.1989  -131.8724     7.8521
   25  54  612    -8.2022  -131.8739     7.8518
   26  53  612    -8.2037  -131.8740     7.8516
   27  52  612    -8.2063  -131.8749     7.8514
   28  51  612    -8.2035  -131.8719     7.8515
   29  50  612    -8.2064  -131.8731     7.8512
   30  49  612    -8.2073  -131.8728     7.8511
   31  48  612    -8.2085  -131.8727     7.8509
   32  47  612    -8.2103  -131.8730     7.8507
   33  46  612    -8.2089  -131.8710     7.8508
   34  45  612    -8.2092  -131.8703     7.8507
   35  44  612    -8.2114  -131.8710     7.8504
   36  43  612    -8.2109  -131.8696     7.8504
   37  42  612    -8.2104  -131.8683     7.8503
   38  41  612    -8.2096  -131.8667     7.8503
   39  40  612    -8.2099  -131.8660     7.8502

     1  1213  807    -7.8851  -132.7770     8.1263
     2  1209  808    -7.8947  -132.7809     8.1263
     3  1208  808    -7.8954  -132.7805     8.1262
     4  1207  808    -7.8907  -132.7753     8.1263
     5  1206  808    -7.8923  -132.7757     8.1261
     6  1211  808    -7.8938  -132.7824     8.1265
     7  1204  809    -7.8923  -132.7733     8.1267
     8  1203  809    -7.8942  -132.7739     8.1265
     9  1202  809    -7.8927  -132.7716     8.1265
    10  1201  809    -7.8944  -132.7720     8.1263
    11  1200  809    -7.8930  -132.7697     8.1263
    12  1199  809    -7.8899  -132.7659     8.1264
    13  1198  809    -7.8946  -132.7690     8.1261
    14  1197  809    -7.8877  -132.7619     8.1263
    15  1196  809    -7.8931  -132.7655     8.1259
    16  1195  809    -7.8942  -132.7654     8.1258
    17  1193  809    -7.8945  -132.7635     8.1256
    18  1191  810    -7.8981  -132.7644     8.1261
    19  1190  810    -7.8975  -132.7628     8.1261
    20  1192  810    -7.8958  -132.7634     8.1263
    21  1189  811    -7.9005  -132.7641     8.1266
    22  1188  811    -7.9029  -132.7652     8.1264
    23  1187  811    -7.9027  -132.7639     8.1264
    24  1185  812    -7.9041  -132.7629     8.1269
    25  1184  812    -7.9029  -132.7608     8.1269
    26  1183  812    -7.9053  -132.7618     8.1267
    27  1182  812    -7.9050  -132.7605     8.1266
    28  1186  812    -7.9017  -132.7619     8.1271
    29  1181  813    -7.9040  -132.7584     8.1274
    30  1180  813    -7.9046  -132.7578     8.1273
    31  1179  813    -7.9072  -132.7591     8.1271
    32  1178  813    -7.9080  -132.7587     8.1270
    33  1177  814    -7.9066  -132.7561     8.1278
    34  1175  814    -7.9123  -132.7590     8.1273
    35  1178  814    -7.9063  -132.7570     8.1279
    36  1173  815    -7.9062  -132.7514     8.1282
    37  1172  815    -7.9115  -132.7550     8.1278
    38  1171  815    -7.9134  -132.7556     8.1276
    39  1170  816    -7.9139  -132.7548     8.1284
    40  1169  816    -7.9157  -132.7553     8.1282
    41  1171  816    -7.9110  -132.7533     8.1286
    42  1168  817    -7.9188  -132.7568     8.1288
    43  1167  817    -7.9166  -132.7538     8.1288
    44  1166  817    -7.9177  -132.7537     8.1286
    45  1165  817    -7.9178  -132.7527     8.1285
    46  1164  817    -7.9163  -132.7503     8.1285
    47  1163  818    -7.9156  -132.7485     8.1292
    48  1161  818    -7.9179  -132.7483     8.1290
    49  1160  818    -7.9200  -132.7491     8.1287
    50  1164  818    -7.9188  -132.7523     8.1292
    51  1158  819    -7.9189  -132.7459     8.1294
    52  1157  819    -7.9240  -132.7493     8.1291
    53  1156  819    -7.9185  -132.7433     8.1293
    54  1154  819    -7.9239  -132.7460     8.1288
    55  1155  819    -7.9251  -132.7481     8.1289
    56  1151  820    -7.9314  -132.7491     8.1291
    57  1153  820    -7.9261  -132.7466     8.1295
    58  1152  820    -7.9291  -132.7482     8.1293
    59  1150  821    -7.9274  -132.7444     8.1299
    60  1148  822    -7.9267  -132.7415     8.1306
    61  1145  822    -7.9275  -132.7390     8.1303
    62  1144  822    -7.9269  -132.7374     8.1303
    63  1149  822    -7.9255  -132.7415     8.1307
    64  1139  823    -7.9207  -132.7265     8.1309
    65  1138  823    -7.9187  -132.7237     8.1309
    66  1136  824    -7.9139  -132.7172     8.1317
    67  1135  824    -7.9168  -132.7186     8.1315
    68  1137  824    -7.9161  -132.7201     8.1317
    69  1135  825    -7.9232  -132.7241     8.1321
    70  1134  825    -7.9227  -132.7226     8.1320
    71  1133  825    -7.9199  -132.7190     8.1320
    72  1132  825    -7.9212  -132.7191     8.1319
    73  1131  825    -7.9232  -132.7198     8.1317
    74  1130  825    -7.9144  -132.7111     8.1320
    75  1129  825    -7.9119  -132.7079     8.1320
    76  1128  825    -7.9129  -132.7076     8.1319
    77  1126  825    -7.9211  -132.7126     8.1313
    78  1125  825    -7.9201  -132.7107     8.1313
    79  1124  825    -7.9265  -132.7152     8.1309
    80  1123  825    -7.9262  -132.7139     8.1308
    81  1122  825    -7.9248  -132.7116     8.1308
    82  1121  825    -7.9260  -132.7115     8.1306
    83  1120  826    -7.9241  -132.7087     8.1315
    84  1121  826    -7.9286  -132.7136     8.1314
    85  1119  827    -7.9192  -132.7032     8.1324
    86  1118  827    -7.9233  -132.7057     8.1321
    87  1117  827    -7.9221  -132.7036     8.1320
    88  1116  827    -7.9193  -132.7001     8.1321
    89  1115  827    -7.9185  -132.6984     8.1320
    90  1113  827    -7.9130  -132.6914     8.1320
    91  1112  827    -7.9147  -132.6918     8.1319
    92  1111  827    -7.9211  -132.6964     8.1315
    93  1110  827    -7.9169  -132.6917     8.1315
    94  1109  827    -7.9216  -132.6947     8.1313
    95  1107  827    -7.9363  -132.7053     8.1304
    96  1106  827    -7.9238  -132.6934     8.1309
    97  1105  827    -7.9226  -132.6913     8.1308
    98  1104  827    -7.9294  -132.6961     8.1305
    99  1103  827    -7.9285  -132.6943     8.1303
   100  1102  827    -7.9401  -132.7032     8.1297
   101  1101  827    -7.9392  -132.7015     8.1296
   102  1100  827    -7.9216  -132.6851     8.1304
   103  1099  827    -7.9266  -132.6884     8.1301
   104  1098  827    -7.9216  -132.6830     8.1302
   105  1097  827    -7.9221  -132.6823     8.1301
   106  1096  828    -7.9412  -132.6977     8.1300
   107  1094  829    -7.9427  -132.6966     8.1307
   108  1093  829    -7.9350  -132.6889     8.1309
   109  1090  829    -7.9205  -132.6731     8.1314
   110  1089  829    -7.9170  -132.6690     8.1314
   111  1095  829    -7.9518  -132.7056     8.1304

    1  1142  826    -7.9243  -132.7323     8.1334
    2  1141  826    -7.9283  -132.7348     8.1332
    3  1140  826    -7.9253  -132.7311     8.1333
    4  1143  826    -7.9202  -132.7299     8.1337
    5  1140  827    -7.9250  -132.7307     8.1341
    6  1138  827    -7.9236  -132.7273     8.1340
    7  1137  827    -7.9209  -132.7238     8.1341
    8  1136  827    -7.9227  -132.7244     8.1339
    9  1133  828    -7.9251  -132.7231     8.1343
   10  1134  828    -7.9248  -132.7239     8.1344
   11  1132  829    -7.9248  -132.7216     8.1351
   12  1130  829    -7.9564  -132.7469     8.1336
   13  1129  829    -7.9554  -132.7450     8.1336
   14  1128  829    -7.9483  -132.7378     8.1338
   15  1126  829    -7.9405  -132.7289     8.1339
   16  1125  829    -7.9340  -132.7221     8.1340
   17  1124  829    -7.9340  -132.7210     8.1339
   18  1123  829    -7.9303  -132.7168     8.1340
   19  1122  829    -7.9295  -132.7150     8.1339
   20  1121  829    -7.9271  -132.7119     8.1339
   21  1120  829    -7.9238  -132.7079     8.1339
   22  1119  829    -7.9209  -132.7044     8.1339
   23  1116  829    -7.9215  -132.7017     8.1336
   24  1117  829    -7.9210  -132.7024     8.1337
   25  1118  829    -7.9235  -132.7055     8.1337
   26  1115  830    -7.9175  -132.6970     8.1345
   27  1114  830    -7.9128  -132.6919     8.1346
   28  1113  830    -7.9121  -132.6902     8.1345
   29  1112  830    -7.9150  -132.6917     8.1343
   30  1111  830    -7.9242  -132.6986     8.1338
   31  1109  831    -7.9245  -132.6965     8.1344
   32  1108  831    -7.9274  -132.6980     8.1342
   33  1107  831    -7.9272  -132.6968     8.1341
   34  1110  831    -7.9282  -132.7008     8.1343
   35  1107  832    -7.9246  -132.6944     8.1350
   36  1106  832    -7.9260  -132.6945     8.1348
   37  1105  832    -7.9250  -132.6926     8.1347
   38  1104  832    -7.9269  -132.6932     8.1345
   39  1103  832    -7.9297  -132.6946     8.1342
   40  1102  832    -7.9349  -132.6980     8.1339
   41  1101  832    -7.9315  -132.6939     8.1340
   42  1100  833    -7.9302  -132.6917     8.1348
   43  1099  833    -7.9264  -132.6873     8.1350
   44  1098  833    -7.9217  -132.6821     8.1351
   45  1097  833    -7.9267  -132.6854     8.1348
   46  1096  833    -7.9299  -132.6870     8.1346
   47  1101  833    -7.9332  -132.6953     8.1348

    1  1008   999    -7.8455  -132.4961     8.2628
    2  1006  1000    -7.8462  -132.4944     8.2633
    3  1007  1000    -7.8457  -132.4950     8.2635
    4  1005  1001    -7.8467  -132.4937     8.2640
    5  1004  1001    -7.8456  -132.4917     8.2639
    6  1003  1001    -7.8472  -132.4920     8.2638
    7  1002  1001    -7.8470  -132.4908     8.2637
    8  1001  1001    -7.8493  -132.4917     8.2635
    9  1000  1001    -7.8502  -132.4914     8.2634
   10   999  1001    -7.8514  -132.4914     8.2632
   11   998  1001    -7.8515  -132.4905     8.2631
   12   996  1002    -7.8446  -132.4824     8.2639
   13   995  1002    -7.8439  -132.4807     8.2638
   14   994  1002    -7.8427  -132.4787     8.2638
   15   993  1002    -7.8418  -132.4769     8.2637
   16   997  1002    -7.8488  -132.4870     8.2639
   17   992  1003    -7.8370  -132.4716     8.2645
   18   991  1003    -7.8363  -132.4701     8.2644
   19   990  1003    -7.8361  -132.4689     8.2643
   20   989  1003    -7.8350  -132.4669     8.2643
   21   988  1004    -7.8373  -132.4676     8.2649
   22   987  1004    -7.8370  -132.4663     8.2648
   23   986  1004    -7.8370  -132.4652     8.2647
   24   984  1004    -7.8388  -132.4647     8.2645
   25   983  1004    -7.8412  -132.4658     8.2643
   26   985  1004    -7.8414  -132.4680     8.2645
   27   978  1005    -7.8484  -132.4665     8.2644
   28   981  1005    -7.8416  -132.4639     8.2648
   29   982  1005    -7.8405  -132.4639     8.2650
   30   983  1005    -7.8393  -132.4640     8.2651
   31   977  1005    -7.8511  -132.4677     8.2642
   32   976  1005    -7.8505  -132.4662     8.2641
   33   980  1005    -7.8443  -132.4651     8.2647
   34   979  1005    -7.8449  -132.4646     8.2646
   35   974  1006    -7.8513  -132.4647     8.2647
   36   973  1006    -7.8492  -132.4619     8.2647
   37   972  1006    -7.8517  -132.4630     8.2645
   38   971  1006    -7.8519  -132.4621     8.2644
   39   970  1006    -7.8482  -132.4579     8.2644
   40   969  1006    -7.8499  -132.4583     8.2643
   41   968  1006    -7.8516  -132.4587     8.2641
   42   975  1006    -7.8528  -132.4670     8.2648
   43   968  1007    -7.8493  -132.4566     8.2650
   44   967  1007    -7.8626  -132.4669     8.2644
   45   966  1007    -7.8671  -132.4696     8.2642
   46   965  1007    -7.8672  -132.4686     8.2641
   47   964  1007    -7.8686  -132.4688     8.2640
   48   964  1008    -7.8693  -132.4692     8.2648
   49   963  1008    -7.8668  -132.4660     8.2648
   50   962  1008    -7.8670  -132.4652     8.2647
   51   961  1008    -7.8709  -132.4675     8.2645
   52   960  1008    -7.8659  -132.4621     8.2646
   53   959  1008    -7.8636  -132.4592     8.2645
   54   958  1008    -7.8639  -132.4584     8.2644
   55   957  1008    -7.8740  -132.4659     8.2640
   56   956  1008    -7.8722  -132.4633     8.2640
   57   955  1008    -7.8734  -132.4633     8.2639

    1  651  790    -8.0049  -132.2919     8.0557
    2  650  790    -8.0079  -132.2933     8.0554
    3  649  790    -8.0066  -132.2912     8.0554
    4  652  790    -8.0040  -132.2922     8.0558
    5  648  791    -8.0091  -132.2921     8.0560
    6  647  791    -8.0109  -132.2925     8.0558
    7  646  791    -8.0106  -132.2913     8.0557
    8  645  791    -8.0131  -132.2923     8.0555
    9  644  791    -8.0093  -132.2882     8.0556
   10  643  791    -8.0114  -132.2888     8.0554
   11  642  791    -8.0100  -132.2867     8.0554
   12  641  791    -8.0092  -132.2850     8.0554
   13  640  791    -8.0104  -132.2850     8.0552
   14  639  791    -8.0113  -132.2846     8.0551
   15  638  791    -8.0100  -132.2826     8.0551
   16  637  791    -8.0151  -132.2857     8.0548
   17  636  792    -8.0107  -132.2810     8.0557
   18  635  792    -8.0133  -132.2820     8.0555
   19  637  792    -8.0097  -132.2812     8.0559
   20  632  793    -8.0154  -132.2805     8.0559
   21  631  793    -8.0172  -132.2809     8.0558
   22  630  793    -8.0182  -132.2807     8.0556
   23  633  793    -8.0147  -132.2810     8.0561
   24  629  794    -8.0212  -132.2820     8.0562
   25  628  794    -8.0236  -132.2828     8.0560
   26  627  794    -8.0227  -132.2811     8.0560
   27  626  794    -8.0238  -132.2809     8.0559
   28  625  794    -8.0250  -132.2809     8.0557
   29  624  794    -8.0241  -132.2792     8.0557
   30  622  794    -8.0229  -132.2762     8.0555
   31  621  794    -8.0228  -132.2751     8.0555

    1  1004  683    -8.0125  -132.6839     7.9995
    2  1003  683    -8.0062  -132.6774     7.9998
    3  1005  683    -8.0111  -132.6837     7.9997
    4  1002  684    -8.0039  -132.6742     8.0007
    5  1001  684    -8.0109  -132.6792     8.0001
    6  1000  684    -8.0233  -132.6887     7.9992
    7   999  685    -8.0105  -132.6766     8.0008
    8   998  685    -8.0107  -132.6756     8.0007
    9  1000  685    -8.0036  -132.6717     8.0013
   10   998  686    -8.0122  -132.6767     8.0014
   11   997  686    -8.0096  -132.6734     8.0015
   12   996  686    -8.0095  -132.6723     8.0014
   13   995  687    -8.0035  -132.6660     8.0025
   14   994  687    -7.9978  -132.6600     8.0027
   15   996  687    -8.0059  -132.6690     8.0025
   16   992  688    -7.9992  -132.6590     8.0033
   17   991  688    -7.9968  -132.6558     8.0034
   18   993  688    -7.9957  -132.6570     8.0036
   19   991  689    -8.0041  -132.6619     8.0038
   20   990  689    -8.0045  -132.6611     8.0036
   21   989  689    -8.0009  -132.6571     8.0037
   22   988  689    -8.0006  -132.6557     8.0037
   23   987  689    -8.0050  -132.6584     8.0034
   24   986  689    -8.0018  -132.6546     8.0035
   25   985  689    -8.0086  -132.6594     8.0030
   26   984  689    -8.0086  -132.6583     8.0029
   27   982  690    -8.0115  -132.6585     8.0034
   28   981  690    -8.0187  -132.6635     8.0029
   29   980  690    -8.0210  -132.6644     8.0026
   30   979  690    -8.0441  -132.6831     8.0012
   31   977  690    -8.0247  -132.6644     8.0021
   32   983  690    -8.0041  -132.6532     8.0039
   33   976  691    -8.0264  -132.6647     8.0028
   34   975  691    -8.0308  -132.6673     8.0024
   35   974  691    -8.0268  -132.6628     8.0026
   36   973  691    -8.0213  -132.6571     8.0028
   37   972  691    -8.0192  -132.6542     8.0028
   38   971  691    -8.0213  -132.6550     8.0026
   39   970  691    -8.0222  -132.6547     8.0025
   40   969  691    -8.0197  -132.6514     8.0025
   41   957  691    -8.0348  -132.6516     8.0006
   42   956  691    -8.0314  -132.6476     8.0007
   43   965  692    -8.0225  -132.6494     8.0028
   44   964  692    -8.0210  -132.6471     8.0028
   45   963  692    -8.0293  -132.6531     8.0023
   46   962  692    -8.0315  -132.6539     8.0021
   47   961  692    -8.0310  -132.6524     8.0021
   48   960  692    -8.0277  -132.6485     8.0022
   49   959  692    -8.0336  -132.6525     8.0017
   50   967  692    -8.0191  -132.6486     8.0032
   51   966  692    -8.0217  -132.6498     8.0030
