; ENVI Output of ROIs (5.4) [Tue Aug 06 13:42:53 2019]
; Number of ROIs: 9
; File Dimension: 1328 x 1184
;
; ROI name: Region #1
; ROI rgb value: {255, 0, 0}
; ROI npts: 66
;
; ROI name: Region #2
; ROI rgb value: {0, 255, 0}
; ROI npts: 60
;
; ROI name: Region #3
; ROI rgb value: {0, 0, 255}
; ROI npts: 101
;
; ROI name: Region #4
; ROI rgb value: {255, 255, 0}
; ROI npts: 100
;
; ROI name: Region #5
; ROI rgb value: {0, 255, 255}
; ROI npts: 103
;
; ROI name: Region #6
; ROI rgb value: {255, 0, 255}
; ROI npts: 31
;
; ROI name: Region #7
; ROI rgb value: {176, 48, 96}
; ROI npts: 135
;
; ROI name: Region #8
; ROI rgb value: {46, 139, 87}
; ROI npts: 62
;
; ROI name: Region #9
; ROI rgb value: {160, 32, 240}
; ROI npts: 125
;  ID    X    Y      B1      B2      B3
    1  756  379  0.0371  0.0695  0.0036
    2  758  380  0.0371  0.0695  0.0036
    3  756  380  0.0371  0.0694  0.0035
    4  759  381  0.0371  0.0694  0.0035
    5  760  381  0.0371  0.0694  0.0035
    6  758  381  0.0371  0.0695  0.0035
    7  761  382  0.0372  0.0696  0.0035
    8  763  383  0.0373  0.0697  0.0035
    9  764  383  0.0373  0.0697  0.0035
   10  765  383  0.0373  0.0696  0.0035
   11  769  384  0.0372  0.0695  0.0035
   12  771  384  0.0372  0.0694  0.0035
   13  772  384  0.0372  0.0695  0.0035
   14  768  384  0.0372  0.0695  0.0035
   15  773  385  0.0372  0.0694  0.0035
   16  774  385  0.0373  0.0695  0.0035
   17  775  385  0.0373  0.0695  0.0035
   18  776  385  0.0373  0.0696  0.0035
   19  777  385  0.0374  0.0697  0.0035
   20  778  385  0.0374  0.0697  0.0035
   21  779  386  0.0373  0.0695  0.0035
   22  781  386  0.0372  0.0694  0.0035
   23  783  386  0.0374  0.0696  0.0035
   24  784  386  0.0374  0.0696  0.0035
   25  785  386  0.0372  0.0694  0.0035
   26  786  386  0.0371  0.0690  0.0035
   27  787  386  0.0372  0.0692  0.0035
   28  790  387  0.0373  0.0694  0.0035
   29  791  387  0.0373  0.0694  0.0035
   30  792  387  0.0374  0.0695  0.0035
   31  793  387  0.0374  0.0695  0.0035
   32  789  387  0.0373  0.0694  0.0035
   33  796  388  0.0374  0.0695  0.0035
   34  797  388  0.0374  0.0695  0.0035
   35  798  388  0.0374  0.0695  0.0035
   36  801  388  0.0374  0.0695  0.0035
   37  804  389  0.0375  0.0696  0.0035
   38  806  389  0.0375  0.0697  0.0035
   39  807  389  0.0375  0.0696  0.0035
   40  808  389  0.0376  0.0697  0.0035
   41  803  389  0.0375  0.0695  0.0035
   42  814  390  0.0376  0.0697  0.0035
   43  815  390  0.0376  0.0697  0.0035
   44  818  391  0.0375  0.0695  0.0035
   45  819  391  0.0375  0.0694  0.0035
   46  820  391  0.0375  0.0695  0.0035
   47  817  391  0.0375  0.0695  0.0035
   48  822  392  0.0376  0.0696  0.0035
   49  821  392  0.0375  0.0695  0.0035
   50  823  393  0.0376  0.0695  0.0035
   51  825  393  0.0376  0.0695  0.0035
   52  827  393  0.0375  0.0692  0.0034
   53  828  393  0.0374  0.0691  0.0034
   54  829  393  0.0374  0.0691  0.0034
   55  830  393  0.0374  0.0691  0.0034
   56  831  393  0.0374  0.0691  0.0034
   57  832  393  0.0374  0.0690  0.0034
   58  833  393  0.0375  0.0693  0.0034
   59  834  393  0.0376  0.0693  0.0034
   60  835  393  0.0377  0.0695  0.0035
   61  836  393  0.0377  0.0696  0.0035
   62  837  393  0.0377  0.0695  0.0035
   63  838  393  0.0378  0.0697  0.0035
   64  839  393  0.0376  0.0694  0.0035
   65  840  393  0.0377  0.0695  0.0035
   66  840  394  0.0377  0.0695  0.0034

   1   987  410  0.0385  0.0691  0.0033
   15   989  411  0.0387  0.0695  0.0033
   16   990  411  0.0384  0.0690  0.0033
   17   991  411  0.0381  0.0684  0.0033
   18   992  411  0.0389  0.0698  0.0033
   19   994  411  0.0390  0.0699  0.0033
   20   996  411  0.0392  0.0703  0.0033
   21   997  411  0.0392  0.0704  0.0033
   23   999  411  0.0396  0.0710  0.0034

     1  676  344  0.0371  0.0704  0.0038
     2  677  344  0.0371  0.0705  0.0038
     3  678  344  0.0372  0.0705  0.0038
     4  675  344  0.0370  0.0703  0.0038
     5  678  345  0.0372  0.0705  0.0038
     6  679  345  0.0371  0.0704  0.0038
     7  680  345  0.0372  0.0705  0.0038
     8  681  345  0.0372  0.0705  0.0038
     9  682  345  0.0371  0.0704  0.0038
    10  685  346  0.0371  0.0703  0.0038
    11  686  346  0.0371  0.0703  0.0038
    12  683  346  0.0371  0.0704  0.0038
    13  688  347  0.0371  0.0703  0.0038
    14  689  347  0.0371  0.0702  0.0038
    15  691  347  0.0369  0.0699  0.0038
    16  692  347  0.0370  0.0701  0.0038
    17  687  347  0.0372  0.0705  0.0038
    18  693  348  0.0370  0.0700  0.0038
    19  694  348  0.0370  0.0700  0.0038
    20  695  348  0.0369  0.0699  0.0038
    21  696  348  0.0369  0.0697  0.0038
    22  698  348  0.0367  0.0694  0.0037
    23  699  348  0.0369  0.0697  0.0038
    24  700  348  0.0369  0.0697  0.0038
    25  701  348  0.0370  0.0698  0.0038
    26  702  348  0.0370  0.0699  0.0038
    27  703  348  0.0371  0.0700  0.0038
    28  772  348  0.0384  0.0716  0.0038
    29  771  348  0.0382  0.0713  0.0038
    32  766  348  0.0391  0.0730  0.0039
    33  764  348  0.0389  0.0726  0.0039
    34  762  348  0.0388  0.0725  0.0039
    35  761  348  0.0389  0.0727  0.0039
    36  760  348  0.0388  0.0726  0.0039
    37  759  348  0.0390  0.0729  0.0039
    38  757  348  0.0387  0.0724  0.0039
    39  756  348  0.0386  0.0723  0.0039
    40  755  348  0.0385  0.0720  0.0039
    41  719  348  0.0372  0.0701  0.0038
    42  720  348  0.0372  0.0701  0.0038
    43  740  348  0.0376  0.0705  0.0038
    44  739  348  0.0375  0.0704  0.0038
    45  738  348  0.0375  0.0703  0.0038
    46  737  348  0.0375  0.0705  0.0038
    47  736  348  0.0375  0.0705  0.0038
    48  799  348  0.0383  0.0712  0.0038
    49  728  349  0.0373  0.0701  0.0038
    50  729  349  0.0373  0.0701  0.0038
    51  727  349  0.0373  0.0701  0.0038
    52  731  349  0.0374  0.0702  0.0038
    53  732  349  0.0374  0.0703  0.0038
    54  733  349  0.0375  0.0704  0.0038
    55  734  349  0.0375  0.0705  0.0038
    56  726  349  0.0373  0.0701  0.0038
    57  724  349  0.0373  0.0701  0.0038
    58  723  349  0.0372  0.0701  0.0038
    59  722  349  0.0373  0.0701  0.0038
    60  721  349  0.0372  0.0700  0.0038
    61  741  349  0.0376  0.0706  0.0038
    62  742  349  0.0376  0.0705  0.0038
    63  799  349  0.0382  0.0709  0.0038
    64  798  349  0.0384  0.0714  0.0038
    65  797  349  0.0383  0.0711  0.0038
    66  795  349  0.0383  0.0711  0.0038
    67  794  349  0.0383  0.0712  0.0038
    68  793  349  0.0385  0.0717  0.0038
    69  754  349  0.0384  0.0718  0.0038
    70  718  349  0.0372  0.0701  0.0038
    71  717  349  0.0372  0.0701  0.0038
    72  716  349  0.0372  0.0701  0.0038
    73  715  349  0.0372  0.0700  0.0038
    74  714  349  0.0371  0.0700  0.0038
    75  713  349  0.0372  0.0701  0.0038
    76  712  349  0.0371  0.0700  0.0038
    77  711  349  0.0371  0.0700  0.0038
    78  710  349  0.0371  0.0700  0.0038
    79  709  349  0.0371  0.0699  0.0038
    80  708  349  0.0371  0.0700  0.0038
    81  707  349  0.0371  0.0700  0.0038
    82  706  349  0.0371  0.0700  0.0038
    83  774  349  0.0384  0.0717  0.0038
    84  775  349  0.0381  0.0711  0.0038
    85  776  349  0.0384  0.0717  0.0038
    86  777  349  0.0386  0.0721  0.0039
    87  780  349  0.0385  0.0718  0.0038
    88  781  349  0.0383  0.0714  0.0038
    89  783  349  0.0379  0.0706  0.0038
    90  785  349  0.0380  0.0707  0.0038
    91  786  349  0.0382  0.0711  0.0038
    92  788  349  0.0381  0.0709  0.0038
    93  790  349  0.0381  0.0709  0.0038
    94  791  349  0.0386  0.0717  0.0038
    95  730  349  0.0373  0.0701  0.0038
    96  748  350  0.0380  0.0712  0.0038
    97  747  350  0.0380  0.0713  0.0038
    98  744  350  0.0376  0.0705  0.0038
    99  743  350  0.0379  0.0712  0.0038
   100  751  350  0.0383  0.0717  0.0038
   101  752  350  0.0384  0.0719  0.0038

    1  658  306  0.0391  0.0744  0.0043
    28  659  306  0.0382  0.0728  0.0042
    29  660  306  0.0375  0.0713  0.0041
    30  712  306  0.0381  0.0718  0.0041
    31  715  306  0.0380  0.0715  0.0041
    32  709  306  0.0380  0.0716  0.0041
    33  707  306  0.0380  0.0717  0.0041
    34  706  306  0.0382  0.0721  0.0041
    35  705  306  0.0383  0.0724  0.0041
    36  704  306  0.0382  0.0722  0.0041
    37  678  307  0.0387  0.0734  0.0042
    38  679  307  0.0387  0.0735  0.0042
    39  682  307  0.0382  0.0725  0.0041
    40  683  307  0.0380  0.0720  0.0041
    41  684  307  0.0380  0.0720  0.0041
    42  685  307  0.0378  0.0717  0.0041
    43  687  307  0.0378  0.0715  0.0041
    44  689  307  0.0379  0.0718  0.0041
    45  691  307  0.0379  0.0717  0.0041
    46  692  307  0.0379  0.0718  0.0041
    47  693  307  0.0383  0.0725  0.0041
    48  695  307  0.0386  0.0731  0.0042
    49  696  307  0.0376  0.0710  0.0041
    50  697  307  0.0378  0.0714  0.0041
    51  720  307  0.0377  0.0710  0.0041
    54  676  307  0.0387  0.0735  0.0042
    55  674  307  0.0388  0.0736  0.0042
    56  672  307  0.0381  0.0724  0.0041
    57  670  307  0.0378  0.0717  0.0041
    58  666  307  0.0375  0.0712  0.0041
    59  662  307  0.0384  0.0731  0.0042
    60  664  307  0.0389  0.0740  0.0042
    62  721  307  0.0380  0.0715  0.0041
    66  722  308  0.0380  0.0714  0.0041
    67  723  308  0.0380  0.0716  0.0041
    68  724  308  0.0379  0.0713  0.0041
    69  725  309  0.0380  0.0715  0.0041
    70  726  309  0.0380  0.0715  0.0041
    71  728  309  0.0380  0.0714  0.0041
    74  735  309  0.0381  0.0716  0.0041
    77  745  309  0.0379  0.0711  0.0040
    79  739  310  0.0380  0.0713  0.0041
    80  741  310  0.0380  0.0712  0.0041
    81  750  310  0.0377  0.0707  0.0040
    82  751  310  0.0378  0.0707  0.0040
    83  754  310  0.0378  0.0707  0.0040
    85  758  311  0.0389  0.0727  0.0041
    86  760  311  0.0387  0.0723  0.0041
    87  761  311  0.0389  0.0726  0.0041
    88  763  311  0.0379  0.0708  0.0040
    91  780  311  0.0395  0.0736  0.0042
    93  773  312  0.0388  0.0724  0.0041
    94  774  312  0.0390  0.0728  0.0041
    95  777  312  0.0392  0.0730  0.0041
    97  769  312  0.0384  0.0716  0.0041
    98  768  312  0.0385  0.0718  0.0041
   100  772  312  0.0384  0.0716  0.0041

     1  618  280  0.0377  0.0722  0.0043
     2  629  280  0.0377  0.0721  0.0043
     3  619  280  0.0376  0.0721  0.0043
     4  620  280  0.0376  0.0721  0.0043
     5  621  280  0.0377  0.0721  0.0043
     6  622  280  0.0377  0.0721  0.0043
     7  623  280  0.0376  0.0720  0.0043
     8  624  280  0.0377  0.0722  0.0043
     9  625  280  0.0377  0.0722  0.0043
    10  628  280  0.0377  0.0722  0.0043
    11  630  280  0.0377  0.0721  0.0043
    12  627  280  0.0378  0.0722  0.0043
    13  626  280  0.0377  0.0722  0.0043
    14  672  281  0.0383  0.0728  0.0043
    15  673  281  0.0384  0.0728  0.0043
    16  668  281  0.0383  0.0728  0.0043
    17  666  281  0.0383  0.0728  0.0043
    18  664  281  0.0383  0.0727  0.0043
    20  665  281  0.0383  0.0728  0.0043
    21  670  281  0.0383  0.0728  0.0043
    22  630  281  0.0378  0.0722  0.0043
    23  631  281  0.0377  0.0721  0.0043
    24  632  281  0.0378  0.0722  0.0043
    25  633  281  0.0377  0.0722  0.0043
    26  634  281  0.0377  0.0721  0.0043
    27  635  281  0.0378  0.0722  0.0043
    28  636  281  0.0378  0.0722  0.0043
    29  637  281  0.0378  0.0722  0.0043
    30  638  281  0.0379  0.0724  0.0043
    31  639  281  0.0379  0.0723  0.0043
    32  640  281  0.0379  0.0724  0.0043
    33  641  281  0.0379  0.0724  0.0043
    34  642  281  0.0380  0.0725  0.0043
    35  643  281  0.0379  0.0724  0.0043
    36  644  281  0.0379  0.0723  0.0043
    38  656  282  0.0383  0.0729  0.0043
    40  683  282  0.0384  0.0728  0.0043
    41  678  282  0.0384  0.0729  0.0043
    42  676  282  0.0384  0.0729  0.0043
    43  675  282  0.0384  0.0728  0.0043
    44  662  282  0.0382  0.0727  0.0043
    45  659  282  0.0382  0.0727  0.0043
    46  658  282  0.0382  0.0726  0.0043
    47  684  282  0.0384  0.0728  0.0043
    49  678  283  0.0384  0.0729  0.0043
    50  653  283  0.0381  0.0726  0.0043
    51  680  283  0.0383  0.0727  0.0043
    52  687  283  0.0384  0.0727  0.0043
    53  688  283  0.0385  0.0728  0.0043
    54  690  283  0.0385  0.0728  0.0043
    55  691  283  0.0384  0.0726  0.0043
    56  650  283  0.0379  0.0722  0.0043
    57  679  283  0.0384  0.0729  0.0043
    58  691  284  0.0384  0.0727  0.0043
    59  692  284  0.0383  0.0724  0.0043
    60  695  285  0.0382  0.0722  0.0043
    61  696  285  0.0383  0.0724  0.0043
    62  697  286  0.0382  0.0721  0.0043
    63  698  286  0.0382  0.0721  0.0043
    64  730  286  0.0390  0.0732  0.0043
    65  699  286  0.0382  0.0722  0.0043
    66  724  287  0.0387  0.0728  0.0043
    67  723  287  0.0387  0.0728  0.0043
    68  722  287  0.0387  0.0728  0.0043
    69  720  287  0.0387  0.0728  0.0043
    70  726  287  0.0388  0.0729  0.0043
    71  728  287  0.0388  0.0729  0.0043
    72  730  287  0.0388  0.0728  0.0043
    73  733  287  0.0387  0.0727  0.0043
    74  719  287  0.0386  0.0727  0.0043
    75  716  287  0.0385  0.0725  0.0043
    76  701  287  0.0381  0.0720  0.0042
    77  732  287  0.0389  0.0731  0.0043
    78  727  287  0.0388  0.0729  0.0043
    79  734  288  0.0386  0.0724  0.0042
    80  741  288  0.0386  0.0723  0.0042
    81  740  288  0.0386  0.0723  0.0042
    82  739  288  0.0387  0.0725  0.0043
    83  738  288  0.0386  0.0725  0.0042
    84  737  288  0.0387  0.0727  0.0043
    85  736  288  0.0386  0.0725  0.0042
    86  735  288  0.0386  0.0724  0.0042
    87  714  288  0.0385  0.0725  0.0043
    88  715  288  0.0385  0.0725  0.0043
    89  742  289  0.0386  0.0723  0.0042
    90  743  289  0.0386  0.0723  0.0042
    91  741  289  0.0386  0.0724  0.0042
    92  744  290  0.0386  0.0723  0.0042
    93  745  290  0.0386  0.0723  0.0042
    94  746  290  0.0386  0.0723  0.0042
    95  748  290  0.0386  0.0723  0.0042
    96  747  290  0.0387  0.0724  0.0042
    97  749  291  0.0387  0.0725  0.0042
    98  750  291  0.0387  0.0725  0.0042
    99  752  291  0.0387  0.0725  0.0042
   100  753  291  0.0388  0.0725  0.0042
   101  755  291  0.0387  0.0725  0.0042
   102  748  291  0.0387  0.0725  0.0042
   103  751  291  0.0388  0.0725  0.0042

    1  550  272  0.0373  0.0725  0.0044
    2  551  272  0.0374  0.0725  0.0044
    3  552  272  0.0374  0.0725  0.0044
    4  549  272  0.0373  0.0724  0.0044
    5  554  273  0.0374  0.0725  0.0044
    6  555  273  0.0374  0.0725  0.0044
    7  556  273  0.0374  0.0725  0.0044
    8  558  273  0.0375  0.0726  0.0044
    9  559  273  0.0375  0.0726  0.0044
   10  572  275  0.0375  0.0725  0.0044
   11  574  275  0.0375  0.0724  0.0044
   12  576  275  0.0375  0.0723  0.0044
   13  577  275  0.0375  0.0724  0.0044
   14  571  275  0.0375  0.0724  0.0044
   15  578  276  0.0375  0.0724  0.0044
   16  579  277  0.0374  0.0723  0.0043
   17  580  277  0.0375  0.0723  0.0043
   18  582  277  0.0375  0.0724  0.0043
   19  583  277  0.0375  0.0724  0.0043
   20  584  277  0.0375  0.0724  0.0043
   21  588  278  0.0375  0.0723  0.0043
   22  586  278  0.0375  0.0724  0.0043
   23  590  279  0.0375  0.0723  0.0043
   24  592  279  0.0376  0.0723  0.0043
   25  594  279  0.0377  0.0727  0.0043

     1  622  271  0.0381  0.0730  0.0044
     2  623  271  0.0378  0.0724  0.0044
     3  621  271  0.0380  0.0728  0.0044
     4  623  272  0.0378  0.0723  0.0044
     5  624  272  0.0380  0.0727  0.0044
     6  625  272  0.0379  0.0726  0.0044
     7  626  272  0.0380  0.0727  0.0044
     8  629  272  0.0380  0.0727  0.0044
     9  630  272  0.0381  0.0728  0.0044
    10  631  272  0.0381  0.0728  0.0044
    11  632  272  0.0381  0.0729  0.0044
    12  633  272  0.0381  0.0729  0.0044
    13  634  272  0.0382  0.0729  0.0044
    14  635  272  0.0382  0.0729  0.0044
    15  636  272  0.0382  0.0730  0.0044
    16  637  272  0.0381  0.0728  0.0044
    17  639  272  0.0382  0.0729  0.0044
    18  640  272  0.0382  0.0729  0.0044
    19  641  272  0.0382  0.0730  0.0044
    20  642  272  0.0383  0.0730  0.0044
    21  643  272  0.0383  0.0731  0.0044
    22  644  272  0.0383  0.0731  0.0044
    23  644  273  0.0383  0.0730  0.0044
    24  645  273  0.0383  0.0730  0.0044
    25  646  273  0.0383  0.0729  0.0044
    26  647  273  0.0383  0.0729  0.0044
    27  683  273  0.0386  0.0730  0.0044
    28  682  273  0.0385  0.0730  0.0044
    29  681  273  0.0385  0.0730  0.0044
    30  680  273  0.0385  0.0730  0.0044
    31  679  273  0.0385  0.0730  0.0044
    32  678  273  0.0385  0.0730  0.0044
    33  677  273  0.0385  0.0730  0.0044
    34  657  273  0.0382  0.0728  0.0044
    35  658  273  0.0382  0.0728  0.0044
    36  659  273  0.0383  0.0728  0.0044
    37  660  273  0.0383  0.0728  0.0044
    38  661  273  0.0382  0.0727  0.0044
    39  662  273  0.0383  0.0727  0.0044
    40  664  273  0.0383  0.0728  0.0044
    41  665  273  0.0382  0.0727  0.0044
    42  666  273  0.0383  0.0727  0.0044
    43  667  273  0.0383  0.0728  0.0044
    44  668  273  0.0383  0.0728  0.0044
    45  669  273  0.0383  0.0728  0.0044
    46  670  273  0.0383  0.0728  0.0044
    47  671  273  0.0384  0.0729  0.0044
    48  672  273  0.0384  0.0729  0.0044
    49  673  273  0.0384  0.0729  0.0044
    50  674  273  0.0385  0.0730  0.0044
    51  675  273  0.0385  0.0730  0.0044
    52  676  273  0.0385  0.0730  0.0044
    53  653  274  0.0382  0.0728  0.0044
    54  652  274  0.0382  0.0728  0.0044
    55  738  274  0.0391  0.0733  0.0044
    56  739  274  0.0391  0.0733  0.0044
    57  650  274  0.0382  0.0728  0.0044
    58  649  274  0.0382  0.0729  0.0044
    59  648  274  0.0382  0.0728  0.0044
    60  683  274  0.0385  0.0729  0.0044
    61  684  274  0.0386  0.0730  0.0044
    62  685  274  0.0386  0.0730  0.0044
    63  686  274  0.0386  0.0730  0.0044
    64  687  274  0.0386  0.0730  0.0044
    65  740  274  0.0392  0.0735  0.0044
    66  742  274  0.0392  0.0735  0.0044
    67  743  274  0.0392  0.0734  0.0044
    68  737  274  0.0390  0.0732  0.0044
    69  744  274  0.0392  0.0735  0.0044
    70  745  274  0.0393  0.0735  0.0044
    71  697  275  0.0385  0.0727  0.0044
    72  748  275  0.0393  0.0736  0.0044
    73  747  275  0.0393  0.0736  0.0044
    74  746  275  0.0392  0.0735  0.0044
    75  696  275  0.0385  0.0728  0.0044
    76  695  275  0.0385  0.0729  0.0044
    77  693  275  0.0386  0.0729  0.0044
    78  690  275  0.0386  0.0729  0.0044
    79  689  275  0.0386  0.0730  0.0044
    80  651  275  0.0382  0.0728  0.0044
    81  652  275  0.0382  0.0728  0.0044
    82  694  275  0.0386  0.0729  0.0044
    83  736  275  0.0390  0.0731  0.0044
    84  735  275  0.0389  0.0730  0.0044
    85  734  275  0.0390  0.0732  0.0044
    86  733  275  0.0389  0.0731  0.0044
    87  732  275  0.0389  0.0731  0.0044
    88  731  275  0.0389  0.0731  0.0044
    89  730  275  0.0389  0.0730  0.0044
    90  729  275  0.0388  0.0730  0.0044
    91  728  275  0.0388  0.0730  0.0044
    92  727  275  0.0388  0.0730  0.0044
    93  724  275  0.0388  0.0729  0.0044
    94  725  275  0.0388  0.0729  0.0044
    95  726  275  0.0388  0.0730  0.0044
    96  722  276  0.0387  0.0727  0.0043
    97  721  276  0.0386  0.0727  0.0043
    98  716  276  0.0385  0.0726  0.0043
    99  715  276  0.0385  0.0726  0.0043
   100  714  276  0.0385  0.0725  0.0043
   101  713  276  0.0387  0.0729  0.0043
   102  712  276  0.0386  0.0727  0.0043
   103  711  276  0.0386  0.0728  0.0043
   104  710  276  0.0386  0.0728  0.0043
   105  709  276  0.0386  0.0728  0.0043
   106  708  276  0.0386  0.0728  0.0043
   107  707  276  0.0386  0.0728  0.0043
   108  706  276  0.0385  0.0727  0.0043
   109  705  276  0.0386  0.0728  0.0043
   110  704  276  0.0385  0.0726  0.0043
   111  703  276  0.0385  0.0726  0.0043
   112  702  276  0.0384  0.0725  0.0043
   113  701  276  0.0384  0.0726  0.0043
   114  700  276  0.0385  0.0726  0.0043
   115  699  276  0.0384  0.0725  0.0043
   116  698  276  0.0385  0.0727  0.0043
   117  748  276  0.0392  0.0735  0.0044
   118  749  276  0.0392  0.0734  0.0044
   119  750  276  0.0393  0.0735  0.0044
   120  751  276  0.0393  0.0735  0.0044
   121  752  276  0.0393  0.0735  0.0044
   122  753  276  0.0392  0.0734  0.0044
   123  754  276  0.0391  0.0731  0.0043
   124  756  276  0.0391  0.0731  0.0043
   125  757  276  0.0390  0.0729  0.0043
   126  757  277  0.0392  0.0732  0.0043
   127  758  277  0.0392  0.0732  0.0043
   128  759  277  0.0391  0.0731  0.0043
   129  760  277  0.0391  0.0730  0.0043
   130  761  277  0.0391  0.0731  0.0043
   131  762  277  0.0391  0.0730  0.0043
   132  763  277  0.0391  0.0730  0.0043
   133  765  278  0.0391  0.0730  0.0043
   134  766  278  0.0391  0.0729  0.0043
   135  763  278  0.0391  0.0730  0.0043

   1  19  376  0.0302  0.0649  0.0035
   16  20  376  0.0303  0.0651  0.0036
   17  21  376  0.0304  0.0653  0.0036
   18  22  376  0.0305  0.0655  0.0036
   19  23  376  0.0306  0.0657  0.0036
   20  24  376  0.0307  0.0659  0.0036
   21  25  376  0.0308  0.0660  0.0036
   22  26  376  0.0308  0.0661  0.0036
   23  27  376  0.0309  0.0662  0.0036
   24  28  376  0.0309  0.0663  0.0036
   25  29  377  0.0309  0.0662  0.0036
   26  30  377  0.0309  0.0662  0.0036
   27  31  377  0.0310  0.0664  0.0036
   28  32  377  0.0310  0.0664  0.0036
   29  28  377  0.0309  0.0661  0.0036
   30  37  378  0.0311  0.0665  0.0036
   31  35  378  0.0310  0.0664  0.0036
   32  34  378  0.0310  0.0664  0.0036
   33  33  378  0.0310  0.0664  0.0036
   34  39  379  0.0311  0.0666  0.0036
   35  37  379  0.0311  0.0665  0.0036
   36  39  380  0.0310  0.0663  0.0036
   37  40  380  0.0310  0.0663  0.0036
   38  41  380  0.0311  0.0665  0.0036
   39  42  380  0.0312  0.0667  0.0036
   40  43  380  0.0312  0.0666  0.0036
   41  44  380  0.0312  0.0667  0.0036
   42  45  380  0.0313  0.0668  0.0036
   43  46  380  0.0312  0.0666  0.0036
   44  47  380  0.0312  0.0667  0.0036
   45  48  380  0.0313  0.0668  0.0036
   46  49  380  0.0313  0.0669  0.0036
   47  50  380  0.0313  0.0668  0.0036
   48  51  380  0.0314  0.0669  0.0036
   49  52  380  0.0314  0.0669  0.0036
   50  53  380  0.0313  0.0668  0.0036
   51  54  380  0.0314  0.0670  0.0036
   52  55  380  0.0314  0.0670  0.0036
   53  56  380  0.0315  0.0671  0.0036
   54  57  380  0.0312  0.0666  0.0036
   55  58  380  0.0312  0.0665  0.0036
   56  59  380  0.0312  0.0665  0.0036
   57  60  380  0.0312  0.0664  0.0036
   58  61  381  0.0311  0.0662  0.0036
   62  60  381  0.0311  0.0661  0.0036

     1  884  332  0.0392  0.0716  0.0039
     2  885  333  0.0392  0.0717  0.0039
     3  886  333  0.0392  0.0717  0.0039
     4  887  333  0.0392  0.0717  0.0039
     5  884  333  0.0392  0.0716  0.0039
     6  888  334  0.0392  0.0716  0.0039
     7  889  334  0.0392  0.0716  0.0039
     8  887  334  0.0392  0.0716  0.0039
     9  889  335  0.0392  0.0716  0.0039
    10  890  335  0.0392  0.0716  0.0039
    11  891  335  0.0392  0.0716  0.0039
    12  892  335  0.0392  0.0716  0.0039
    13  893  335  0.0392  0.0716  0.0039
    14  894  335  0.0392  0.0716  0.0039
    15  895  335  0.0392  0.0716  0.0039
    16  896  335  0.0393  0.0716  0.0039
    17  897  335  0.0393  0.0716  0.0039
    18  898  336  0.0393  0.0717  0.0039
    19  899  336  0.0392  0.0716  0.0039
    20  900  336  0.0392  0.0715  0.0039
    21  897  336  0.0393  0.0717  0.0039
    22  900  337  0.0393  0.0716  0.0039
    23  901  337  0.0393  0.0717  0.0039
    24  902  337  0.0393  0.0717  0.0039
    25  903  337  0.0393  0.0717  0.0039
    26  904  338  0.0393  0.0716  0.0039
    27  905  338  0.0393  0.0716  0.0039
    28  906  338  0.0393  0.0715  0.0039
    29  903  338  0.0393  0.0716  0.0039
    30  907  339  0.0392  0.0715  0.0038
    31  908  339  0.0392  0.0714  0.0038
    32  910  340  0.0393  0.0715  0.0038
    33  911  340  0.0392  0.0714  0.0038
    34  909  340  0.0392  0.0715  0.0038
    35  913  341  0.0393  0.0715  0.0038
    36  912  341  0.0393  0.0714  0.0038
    37  913  342  0.0393  0.0715  0.0038
    38  914  342  0.0393  0.0715  0.0038
    39  916  343  0.0393  0.0715  0.0038
    40  915  343  0.0393  0.0715  0.0038
    41  917  344  0.0393  0.0715  0.0038
    42  919  345  0.0393  0.0715  0.0038
    43  918  345  0.0393  0.0714  0.0038
    44  919  346  0.0392  0.0714  0.0038
    45  920  346  0.0393  0.0714  0.0038
    46  921  346  0.0393  0.0715  0.0038
    47  922  346  0.0394  0.0715  0.0038
    48  923  346  0.0394  0.0715  0.0038
    49  924  346  0.0394  0.0716  0.0038
    50  925  346  0.0394  0.0716  0.0038
    51  926  346  0.0394  0.0716  0.0038
    52  928  347  0.0394  0.0716  0.0038
    53  927  347  0.0394  0.0715  0.0038
    54  929  348  0.0394  0.0715  0.0038
    55  930  348  0.0394  0.0715  0.0038
    56  928  348  0.0394  0.0715  0.0038
    57  931  349  0.0394  0.0714  0.0038
    58  932  349  0.0393  0.0712  0.0038
    59  930  349  0.0393  0.0714  0.0038
    60  934  350  0.0392  0.0711  0.0038
    61  935  350  0.0391  0.0709  0.0037
    62  936  350  0.0393  0.0712  0.0038
    63  937  350  0.0393  0.0712  0.0038
    64  938  350  0.0394  0.0714  0.0038
    65  939  350  0.0395  0.0715  0.0038
    66  940  350  0.0397  0.0720  0.0038
    67  941  351  0.0400  0.0725  0.0038
    70  940  351  0.0397  0.0720  0.0038
    73  946  352  0.0394  0.0712  0.0037
    74  947  353  0.0399  0.0721  0.0038
    75  948  353  0.0396  0.0717  0.0038
    76  949  353  0.0397  0.0718  0.0038
    77  950  353  0.0399  0.0722  0.0038
    78  946  353  0.0398  0.0720  0.0038
    81  953  354  0.0391  0.0706  0.0037
    83  955  354  0.0390  0.0704  0.0037
    84  956  354  0.0393  0.0709  0.0037
    86  957  355  0.0408  0.0737  0.0038
    87  958  355  0.0410  0.0741  0.0039
    88  959  355  0.0410  0.0740  0.0039
    90  961  355  0.0388  0.0700  0.0037
    91  962  355  0.0392  0.0708  0.0037
    92  963  355  0.0395  0.0712  0.0037
    96  967  356  0.0403  0.0726  0.0038
    97  967  357  0.0402  0.0724  0.0038
    98  968  357  0.0398  0.0718  0.0037
    99  969  357  0.0396  0.0714  0.0037
   100  970  357  0.0396  0.0713  0.0037
   101  971  357  0.0395  0.0712  0.0037
   102  972  357  0.0396  0.0713  0.0037
   103  973  357  0.0395  0.0711  0.0037
   104  974  357  0.0395  0.0711  0.0037
   105  975  357  0.0395  0.0711  0.0037
   106  976  357  0.0395  0.0710  0.0037
   107  977  357  0.0395  0.0711  0.0037
   108  978  357  0.0395  0.0711  0.0037
   109  979  357  0.0395  0.0711  0.0037
   110  980  357  0.0396  0.0712  0.0037
   111  981  357  0.0396  0.0712  0.0037
   112  982  357  0.0396  0.0713  0.0037
   113  983  357  0.0396  0.0712  0.0037
   114  984  357  0.0396  0.0712  0.0037
   115  985  358  0.0397  0.0713  0.0037
   116  986  358  0.0397  0.0713  0.0037
   117  984  358  0.0396  0.0711  0.0037
   118  986  359  0.0396  0.0712  0.0037
   119  987  359  0.0397  0.0713  0.0037
   120  988  359  0.0397  0.0713  0.0037
   121  989  359  0.0398  0.0714  0.0037
   122  990  359  0.0398  0.0715  0.0037
   123  991  359  0.0398  0.0714  0.0037
   124  992  359  0.0399  0.0716  0.0037
   125  993  359  0.0399  0.0716  0.0037
