; ENVI Output of ROIs (5.4) [Tue Aug 06 13:42:36 2019]
; Number of ROIs: 9
; File Dimension: 1328 x 1184
;
; ROI name: Region #1
; ROI rgb value: {255, 0, 0}
; ROI npts: 66
;
; ROI name: Region #2
; ROI rgb value: {0, 255, 0}
; ROI npts: 60
;
; ROI name: Region #3
; ROI rgb value: {0, 0, 255}
; ROI npts: 101
;
; ROI name: Region #4
; ROI rgb value: {255, 255, 0}
; ROI npts: 100
;
; ROI name: Region #5
; ROI rgb value: {0, 255, 255}
; ROI npts: 103
;
; ROI name: Region #6
; ROI rgb value: {255, 0, 255}
; ROI npts: 31
;
; ROI name: Region #7
; ROI rgb value: {176, 48, 96}
; ROI npts: 135
;
; ROI name: Region #8
; ROI rgb value: {46, 139, 87}
; ROI npts: 62
;
; ROI name: Region #9
; ROI rgb value: {160, 32, 240}
; ROI npts: 125
;  ID    X    Y       B1       B2       B3
    1  756  379  -6.8346  10.2460  -2.3184
    2  758  380  -6.8374  10.2474  -2.3175
    3  756  380  -6.8327  10.2425  -2.3173
    4  759  381  -6.8376  10.2460  -2.3164
    5  760  381  -6.8396  10.2476  -2.3165
    6  758  381  -6.8370  10.2468  -2.3165
    7  761  382  -6.8480  10.2616  -2.3161
    8  763  383  -6.8540  10.2690  -2.3154
    9  764  383  -6.8525  10.2643  -2.3151
   10  765  383  -6.8500  10.2576  -2.3148
   11  769  384  -6.8494  10.2486  -2.3133
   12  771  384  -6.8459  10.2380  -2.3127
   13  772  384  -6.8481  10.2401  -2.3128
   14  768  384  -6.8454  10.2431  -2.3131
   15  773  385  -6.8474  10.2371  -2.3117
   16  774  385  -6.8526  10.2448  -2.3120
   17  775  385  -6.8551  10.2474  -2.3120
   18  776  385  -6.8595  10.2537  -2.3123
   19  777  385  -6.8636  10.2594  -2.3125
   20  778  385  -6.8683  10.2663  -2.3127
   21  779  386  -6.8598  10.2485  -2.3110
   22  781  386  -6.8537  10.2331  -2.3103
   23  783  386  -6.8686  10.2570  -2.3112
   24  784  386  -6.8711  10.2597  -2.3113
   25  785  386  -6.8586  10.2343  -2.3102
   26  786  386  -6.8444  10.2058  -2.3089
   27  787  386  -6.8528  10.2196  -2.3095
   28  790  387  -6.8670  10.2404  -2.3093
   29  791  387  -6.8673  10.2389  -2.3092
   30  792  387  -6.8726  10.2469  -2.3095
   31  793  387  -6.8702  10.2403  -2.3091
   32  789  387  -6.8664  10.2412  -2.3094
   33  796  388  -6.8735  10.2407  -2.3081
   34  797  388  -6.8725  10.2368  -2.3079
   35  798  388  -6.8741  10.2379  -2.3078
   36  801  388  -6.8779  10.2391  -2.3077
   37  804  389  -6.8824  10.2416  -2.3068
   38  806  389  -6.8878  10.2478  -2.3069
   39  807  389  -6.8871  10.2446  -2.3067
   40  808  389  -6.8910  10.2498  -2.3069
   41  803  389  -6.8802  10.2395  -2.3067
   42  814  390  -6.8955  10.2465  -2.3056
   43  815  390  -6.8988  10.2506  -2.3057
   44  818  391  -6.8911  10.2304  -2.3038
   45  819  391  -6.8897  10.2259  -2.3036
   46  820  391  -6.8919  10.2280  -2.3036
   47  817  391  -6.8918  10.2337  -2.3040
   48  822  392  -6.9014  10.2418  -2.3032
   49  821  392  -6.8938  10.2298  -2.3028
   50  823  393  -6.8994  10.2363  -2.3020
   51  825  393  -6.8999  10.2333  -2.3018
   52  827  393  -6.8898  10.2106  -2.3008
   53  828  393  -6.8823  10.1946  -2.3001
   54  829  393  -6.8859  10.1994  -2.3002
   55  830  393  -6.8874  10.2002  -2.3002
   56  831  393  -6.8878  10.1990  -2.3002
   57  832  393  -6.8858  10.1933  -2.2999
   58  833  393  -6.8976  10.2132  -2.3006
   59  834  393  -6.9013  10.2180  -2.3008
   60  835  393  -6.9086  10.2296  -2.3012
   61  836  393  -6.9163  10.2421  -2.3017
   62  837  393  -6.9105  10.2294  -2.3011
   63  838  393  -6.9188  10.2427  -2.3016
   64  839  393  -6.9069  10.2187  -2.3006
   65  840  393  -6.9107  10.2238  -2.3007
   66  840  394  -6.9106  10.2237  -2.2998

   1   987  410  -7.0029  10.1093  -2.2732
   15   989  411  -7.0225  10.1411  -2.2735
   16   990  411  -7.0079  10.1127  -2.2724
   17   991  411  -6.9870  10.0730  -2.2711
   18   992  411  -7.0423  10.1711  -2.2745
   19   994  411  -7.0542  10.1887  -2.2752
   20   996  411  -7.0742  10.2210  -2.2763
   21   997  411  -7.0810  10.2313  -2.2767
   23   999  411  -7.1107  10.2810  -2.2785

     1  676  344  -6.8038  10.3436  -2.3589
     2  677  344  -6.8083  10.3501  -2.3592
     3  678  344  -6.8109  10.3531  -2.3593
     4  675  344  -6.7998  10.3380  -2.3587
     5  678  345  -6.8108  10.3530  -2.3583
     6  679  345  -6.8070  10.3437  -2.3579
     7  680  345  -6.8113  10.3499  -2.3581
     8  681  345  -6.8145  10.3539  -2.3582
     9  682  345  -6.8108  10.3449  -2.3578
    10  685  346  -6.8077  10.3331  -2.3562
    11  686  346  -6.8073  10.3302  -2.3560
    12  683  346  -6.8105  10.3425  -2.3567
    13  688  347  -6.8102  10.3318  -2.3551
    14  689  347  -6.8092  10.3280  -2.3549
    15  691  347  -6.7996  10.3056  -2.3538
    16  692  347  -6.8072  10.3181  -2.3543
    17  687  347  -6.8165  10.3460  -2.3557
    18  693  348  -6.8013  10.3050  -2.3527
    19  694  348  -6.8016  10.3035  -2.3526
    20  695  348  -6.7991  10.2968  -2.3523
    21  696  348  -6.7943  10.2855  -2.3517
    22  698  348  -6.7823  10.2588  -2.3505
    23  699  348  -6.7964  10.2836  -2.3515
    24  700  348  -6.7964  10.2817  -2.3514
    25  701  348  -6.8022  10.2906  -2.3517
    26  702  348  -6.8052  10.2943  -2.3519
    27  703  348  -6.8118  10.3047  -2.3523
    28  772  348  -6.9336  10.3960  -2.3532
    29  771  348  -6.9203  10.3730  -2.3522
    32  766  348  -6.9842  10.5032  -2.3581
    33  764  348  -6.9673  10.4754  -2.3570
    34  762  348  -6.9610  10.4676  -2.3567
    35  761  348  -6.9703  10.4871  -2.3577
    36  760  348  -6.9644  10.4781  -2.3573
    37  759  348  -6.9763  10.5025  -2.3584
    38  757  348  -6.9572  10.4707  -2.3572
    39  756  348  -6.9505  10.4600  -2.3568
    40  755  348  -6.9415  10.4451  -2.3562
    41  719  348  -6.8293  10.3058  -2.3516
    42  720  348  -6.8303  10.3057  -2.3516
    43  740  348  -6.8620  10.3256  -2.3516
    44  739  348  -6.8605  10.3248  -2.3516
    45  738  348  -6.8563  10.3187  -2.3514
    46  737  348  -6.8601  10.3280  -2.3518
    47  736  348  -6.8614  10.3323  -2.3521
    48  799  348  -6.9397  10.3532  -2.3502
    49  728  349  -6.8357  10.3000  -2.3501
    50  729  349  -6.8394  10.3051  -2.3503
    51  727  349  -6.8358  10.3021  -2.3502
    52  731  349  -6.8452  10.3121  -2.3505
    53  732  349  -6.8500  10.3190  -2.3507
    54  733  349  -6.8534  10.3235  -2.3509
    55  734  349  -6.8589  10.3318  -2.3512
    56  726  349  -6.8342  10.3012  -2.3502
    57  724  349  -6.8363  10.3092  -2.3507
    58  723  349  -6.8322  10.3035  -2.3504
    59  722  349  -6.8346  10.3101  -2.3508
    60  721  349  -6.8279  10.2993  -2.3503
    61  741  349  -6.8671  10.3332  -2.3509
    62  742  349  -6.8679  10.3327  -2.3509
    63  799  349  -6.9275  10.3306  -2.3482
    64  798  349  -6.9452  10.3656  -2.3498
    65  797  349  -6.9354  10.3494  -2.3491
    66  795  349  -6.9333  10.3495  -2.3492
    67  794  349  -6.9318  10.3486  -2.3492
    68  793  349  -6.9491  10.3830  -2.3506
    69  754  349  -6.9294  10.4245  -2.3543
    70  718  349  -6.8279  10.3053  -2.3507
    71  717  349  -6.8253  10.3024  -2.3506
    72  716  349  -6.8274  10.3084  -2.3509
    73  715  349  -6.8224  10.3010  -2.3506
    74  714  349  -6.8210  10.3003  -2.3506
    75  713  349  -6.8220  10.3043  -2.3509
    76  712  349  -6.8168  10.2963  -2.3505
    77  711  349  -6.8161  10.2971  -2.3506
    78  710  349  -6.8175  10.3016  -2.3509
    79  709  349  -6.8126  10.2944  -2.3506
    80  708  349  -6.8131  10.2975  -2.3508
    81  707  349  -6.8117  10.2967  -2.3508
    82  706  349  -6.8123  10.2998  -2.3510
    83  774  349  -6.9406  10.4052  -2.3526
    84  775  349  -6.9192  10.3630  -2.3508
    85  776  349  -6.9435  10.4066  -2.3526
    86  777  349  -6.9633  10.4418  -2.3542
    87  780  349  -6.9525  10.4155  -2.3529
    88  781  349  -6.9350  10.3807  -2.3513
    89  783  349  -6.8996  10.3104  -2.3480
    90  785  349  -6.9056  10.3175  -2.3482
    91  786  349  -6.9268  10.3553  -2.3499
    92  788  349  -6.9148  10.3288  -2.3485
    93  790  349  -6.9170  10.3289  -2.3485
    94  791  349  -6.9510  10.3906  -2.3511
    95  730  349  -6.8384  10.3011  -2.3500
    96  748  350  -6.8990  10.3794  -2.3517
    97  747  350  -6.9025  10.3882  -2.3522
    98  744  350  -6.8691  10.3311  -2.3498
    99  743  350  -6.8943  10.3808  -2.3520
   100  751  350  -6.9207  10.4143  -2.3531
   101  752  350  -6.9326  10.4348  -2.3539

    1  658  306  -6.9569  10.6681  -2.4110
    28  659  306  -6.8875  10.5332  -2.4045
    29  660  306  -6.8302  10.4215  -2.3991
    30  712  306  -6.8950  10.4390  -2.3977
    31  715  306  -6.8855  10.4148  -2.3964
    32  709  306  -6.8849  10.4258  -2.3972
    33  707  306  -6.8869  10.4337  -2.3977
    34  706  306  -6.9003  10.4612  -2.3990
    35  705  306  -6.9106  10.4827  -2.4001
    36  704  306  -6.9033  10.4709  -2.3996
    37  678  307  -6.9303  10.5760  -2.4047
    38  679  307  -6.9318  10.5768  -2.4047
    39  682  307  -6.8974  10.5049  -2.4012
    40  683  307  -6.8806  10.4709  -2.3996
    41  684  307  -6.8792  10.4661  -2.3993
    42  685  307  -6.8669  10.4407  -2.3980
    43  687  307  -6.8608  10.4249  -2.3972
    44  689  307  -6.8729  10.4439  -2.3980
    45  691  307  -6.8741  10.4421  -2.3978
    46  692  307  -6.8758  10.4432  -2.3978
    47  693  307  -6.9055  10.4978  -2.4004
    48  695  307  -6.9319  10.5439  -2.4025
    49  696  307  -6.8496  10.3853  -2.3949
    50  697  307  -6.8669  10.4162  -2.3963
    51  720  307  -6.8645  10.3651  -2.3928
    54  676  307  -6.9350  10.5889  -2.4055
    55  674  307  -6.9355  10.5940  -2.4058
    56  672  307  -6.8866  10.5048  -2.4016
    57  670  307  -6.8557  10.4499  -2.3991
    58  666  307  -6.8299  10.4088  -2.3973
    59  662  307  -6.9055  10.5615  -2.4048
    60  664  307  -6.9400  10.6235  -2.4076
    62  721  307  -6.8886  10.4087  -2.3949
    66  722  308  -6.8864  10.4026  -2.3936
    67  723  308  -6.8930  10.4130  -2.3941
    68  724  308  -6.8807  10.3878  -2.3928
    69  725  309  -6.8918  10.4068  -2.3927
    70  726  309  -6.8886  10.3988  -2.3923
    71  728  309  -6.8871  10.3919  -2.3919
    74  735  309  -6.9025  10.4069  -2.3923
    77  745  309  -6.8891  10.3614  -2.3897
    79  739  310  -6.8955  10.3857  -2.3902
    80  741  310  -6.8950  10.3808  -2.3899
    81  750  310  -6.8771  10.3290  -2.3871
    82  751  310  -6.8782  10.3290  -2.3870
    83  754  310  -6.8801  10.3265  -2.3868
    85  758  311  -6.9767  10.5004  -2.3940
    86  760  311  -6.9578  10.4607  -2.3920
    87  761  311  -6.9753  10.4915  -2.3934
    88  763  311  -6.8930  10.3330  -2.3857
    91  780  311  -7.0280  10.5518  -2.3954
    93  773  312  -6.9717  10.4606  -2.3905
    94  774  312  -6.9916  10.4958  -2.3921
    95  777  312  -7.0023  10.5099  -2.3926
    97  769  312  -6.9371  10.4037  -2.3879
    98  768  312  -6.9429  10.4167  -2.3886
   100  772  312  -6.9381  10.3996  -2.3876

     1  618  280  -6.8244  10.4929  -2.4289
     2  629  280  -6.8261  10.4737  -2.4274
     3  619  280  -6.8229  10.4879  -2.4286
     4  620  280  -6.8233  10.4868  -2.4285
     5  621  280  -6.8240  10.4860  -2.4284
     6  622  280  -6.8254  10.4867  -2.4284
     7  623  280  -6.8205  10.4751  -2.4278
     8  624  280  -6.8295  10.4903  -2.4285
     9  625  280  -6.8306  10.4905  -2.4285
    10  628  280  -6.8305  10.4842  -2.4280
    11  630  280  -6.8290  10.4771  -2.4276
    12  627  280  -6.8337  10.4924  -2.4285
    13  626  280  -6.8299  10.4870  -2.4282
    14  672  281  -6.8989  10.5247  -2.4274
    15  673  281  -6.9029  10.5304  -2.4277
    16  668  281  -6.8922  10.5203  -2.4273
    17  666  281  -6.8919  10.5239  -2.4275
    18  664  281  -6.8869  10.5183  -2.4273
    20  665  281  -6.8891  10.5206  -2.4274
    21  670  281  -6.8956  10.5226  -2.4273
    22  630  281  -6.8336  10.4860  -2.4270
    23  631  281  -6.8362  10.4891  -2.4273
    24  632  281  -6.8353  10.4852  -2.4269
    25  633  281  -6.8328  10.4784  -2.4265
    26  634  281  -6.8336  10.4778  -2.4265
    27  635  281  -6.8417  10.4913  -2.4272
    28  636  281  -6.8404  10.4867  -2.4269
    29  637  281  -6.8420  10.4878  -2.4269
    30  638  281  -6.8524  10.5057  -2.4278
    31  639  281  -6.8493  10.4976  -2.4274
    32  640  281  -6.8575  10.5113  -2.4280
    33  641  281  -6.8540  10.5026  -2.4275
    34  642  281  -6.8577  10.5076  -2.4277
    35  643  281  -6.8573  10.5049  -2.4276
    36  644  281  -6.8515  10.4916  -2.4268
    38  656  282  -6.8845  10.5304  -2.4272
    40  683  282  -6.9144  10.5318  -2.4264
    41  678  282  -6.9115  10.5366  -2.4269
    42  676  282  -6.9093  10.5366  -2.4269
    43  675  282  -6.9068  10.5338  -2.4268
    44  662  282  -6.8813  10.5118  -2.4261
    45  659  282  -6.8779  10.5116  -2.4262
    46  658  282  -6.8755  10.5090  -2.4261
    47  684  282  -6.9163  10.5334  -2.4265
    49  678  283  -6.9123  10.5383  -2.4260
    50  653  283  -6.8678  10.5046  -2.4251
    51  680  283  -6.9098  10.5294  -2.4255
    52  687  283  -6.9159  10.5266  -2.4251
    53  688  283  -6.9198  10.5320  -2.4253
    54  690  283  -6.9195  10.5274  -2.4250
    55  691  283  -6.9116  10.5103  -2.4240
    56  650  283  -6.8475  10.4719  -2.4235
    57  679  283  -6.9126  10.5368  -2.4259
    58  691  284  -6.9172  10.5210  -2.4236
    59  692  284  -6.9053  10.4963  -2.4223
    60  695  285  -6.8993  10.4789  -2.4204
    61  696  285  -6.9064  10.4904  -2.4209
    62  697  286  -6.8952  10.4671  -2.4187
    63  698  286  -6.8926  10.4602  -2.4183
    64  730  286  -6.9688  10.5393  -2.4209
    65  699  286  -6.9002  10.4725  -2.4189
    66  724  287  -6.9457  10.5080  -2.4186
    67  723  287  -6.9434  10.5056  -2.4186
    68  722  287  -6.9414  10.5039  -2.4185
    69  720  287  -6.9402  10.5058  -2.4187
    70  726  287  -6.9492  10.5104  -2.4187
    71  728  287  -6.9529  10.5134  -2.4188
    72  730  287  -6.9517  10.5071  -2.4184
    73  733  287  -6.9479  10.4937  -2.4175
    74  719  287  -6.9380  10.5036  -2.4186
    75  716  287  -6.9256  10.4862  -2.4179
    76  701  287  -6.8865  10.4426  -2.4162
    77  732  287  -6.9624  10.5232  -2.4191
    78  727  287  -6.9525  10.5147  -2.4189
    79  734  288  -6.9358  10.4690  -2.4153
    80  741  288  -6.9340  10.4514  -2.4141
    81  740  288  -6.9329  10.4514  -2.4141
    82  739  288  -6.9434  10.4731  -2.4153
    83  738  288  -6.9407  10.4702  -2.4152
    84  737  288  -6.9483  10.4865  -2.4160
    85  736  288  -6.9401  10.4730  -2.4154
    86  735  288  -6.9386  10.4722  -2.4154
    87  714  288  -6.9237  10.4868  -2.4170
    88  715  288  -6.9231  10.4837  -2.4169
    89  742  289  -6.9354  10.4522  -2.4132
    90  743  289  -6.9355  10.4503  -2.4130
    91  741  289  -6.9376  10.4584  -2.4135
    92  744  290  -6.9391  10.4552  -2.4123
    93  745  290  -6.9388  10.4526  -2.4121
    94  746  290  -6.9421  10.4567  -2.4123
    95  748  290  -6.9423  10.4532  -2.4120
    96  747  290  -6.9439  10.4582  -2.4123
    97  749  291  -6.9515  10.4685  -2.4118
    98  750  291  -6.9522  10.4678  -2.4117
    99  752  291  -6.9538  10.4668  -2.4116
   100  753  291  -6.9544  10.4658  -2.4114
   101  755  291  -6.9534  10.4600  -2.4111
   102  748  291  -6.9504  10.4685  -2.4118
   103  751  291  -6.9552  10.4714  -2.4119

    1  550  272  -6.7736  10.5343  -2.4413
    2  551  272  -6.7774  10.5397  -2.4415
    3  552  272  -6.7795  10.5416  -2.4416
    4  549  272  -6.7704  10.5302  -2.4411
    5  554  273  -6.7791  10.5369  -2.4403
    6  555  273  -6.7811  10.5386  -2.4404
    7  556  273  -6.7818  10.5379  -2.4403
    8  558  273  -6.7889  10.5475  -2.4408
    9  559  273  -6.7889  10.5455  -2.4406
   10  572  275  -6.7964  10.5333  -2.4375
   11  574  275  -6.7972  10.5307  -2.4374
   12  576  275  -6.7943  10.5210  -2.4368
   13  577  275  -6.7983  10.5266  -2.4370
   14  571  275  -6.7924  10.5277  -2.4373
   15  578  276  -6.7999  10.5279  -2.4361
   16  579  277  -6.7933  10.5131  -2.4343
   17  580  277  -6.7955  10.5153  -2.4344
   18  582  277  -6.8014  10.5225  -2.4347
   19  583  277  -6.8026  10.5228  -2.4347
   20  584  277  -6.8026  10.5207  -2.4345
   21  588  278  -6.8002  10.5079  -2.4327
   22  586  278  -6.8044  10.5202  -2.4334
   23  590  279  -6.8032  10.5096  -2.4318
   24  592  279  -6.8066  10.5121  -2.4318
   25  594  279  -6.8206  10.5352  -2.4329

     1  622  271  -6.8600  10.5520  -2.4403
     2  623  271  -6.8350  10.5019  -2.4376
     3  621  271  -6.8501  10.5351  -2.4395
     4  623  272  -6.8336  10.4993  -2.4366
     5  624  272  -6.8538  10.5360  -2.4385
     6  625  272  -6.8482  10.5232  -2.4378
     7  626  272  -6.8531  10.5306  -2.4381
     8  629  272  -6.8557  10.5294  -2.4379
     9  630  272  -6.8613  10.5382  -2.4383
    10  631  272  -6.8608  10.5352  -2.4381
    11  632  272  -6.8645  10.5402  -2.4383
    12  633  272  -6.8654  10.5398  -2.4383
    13  634  272  -6.8685  10.5437  -2.4384
    14  635  272  -6.8689  10.5423  -2.4383
    15  636  272  -6.8728  10.5478  -2.4385
    16  637  272  -6.8665  10.5336  -2.4378
    17  639  272  -6.8698  10.5359  -2.4378
    18  640  272  -6.8720  10.5380  -2.4378
    19  641  272  -6.8739  10.5396  -2.4379
    20  642  272  -6.8768  10.5431  -2.4380
    21  643  272  -6.8812  10.5494  -2.4383
    22  644  272  -6.8821  10.5491  -2.4383
    23  644  273  -6.8788  10.5429  -2.4370
    24  645  273  -6.8767  10.5369  -2.4366
    25  646  273  -6.8766  10.5346  -2.4365
    26  647  273  -6.8776  10.5346  -2.4364
    27  683  273  -6.9148  10.5315  -2.4348
    28  682  273  -6.9134  10.5307  -2.4348
    29  681  273  -6.9135  10.5331  -2.4350
    30  680  273  -6.9114  10.5311  -2.4350
    31  679  273  -6.9106  10.5316  -2.4350
    32  678  273  -6.9088  10.5303  -2.4350
    33  677  273  -6.9077  10.5302  -2.4350
    34  657  273  -6.8811  10.5206  -2.4353
    35  658  273  -6.8812  10.5187  -2.4352
    36  659  273  -6.8831  10.5202  -2.4352
    37  660  273  -6.8835  10.5190  -2.4351
    38  661  273  -6.8832  10.5164  -2.4350
    39  662  273  -6.8851  10.5178  -2.4350
    40  664  273  -6.8885  10.5203  -2.4351
    41  665  273  -6.8847  10.5109  -2.4345
    42  666  273  -6.8881  10.5155  -2.4347
    43  667  273  -6.8927  10.5221  -2.4351
    44  668  273  -6.8917  10.5181  -2.4348
    45  669  273  -6.8955  10.5234  -2.4351
    46  670  273  -6.8964  10.5230  -2.4350
    47  671  273  -6.9002  10.5283  -2.4352
    48  672  273  -6.9036  10.5326  -2.4354
    49  673  273  -6.9034  10.5302  -2.4352
    50  674  273  -6.9057  10.5325  -2.4353
    51  675  273  -6.9089  10.5366  -2.4354
    52  676  273  -6.9082  10.5333  -2.4352
    53  653  274  -6.8814  10.5296  -2.4350
    54  652  274  -6.8803  10.5294  -2.4351
    55  738  274  -6.9727  10.5286  -2.4314
    56  739  274  -6.9745  10.5301  -2.4315
    57  650  274  -6.8759  10.5252  -2.4349
    58  649  274  -6.8761  10.5276  -2.4350
    59  648  274  -6.8715  10.5208  -2.4347
    60  683  274  -6.9133  10.5287  -2.4338
    61  684  274  -6.9169  10.5335  -2.4340
    62  685  274  -6.9181  10.5336  -2.4340
    63  686  274  -6.9203  10.5358  -2.4341
    64  687  274  -6.9229  10.5388  -2.4342
    65  740  274  -6.9812  10.5405  -2.4319
    66  742  274  -6.9825  10.5388  -2.4317
    67  743  274  -6.9816  10.5352  -2.4315
    68  737  274  -6.9692  10.5241  -2.4312
    69  744  274  -6.9857  10.5408  -2.4318
    70  745  274  -6.9886  10.5442  -2.4319
    71  697  275  -6.9167  10.5065  -2.4312
    72  748  275  -6.9923  10.5452  -2.4309
    73  747  275  -6.9919  10.5465  -2.4310
    74  746  275  -6.9878  10.5408  -2.4307
    75  696  275  -6.9205  10.5159  -2.4317
    76  695  275  -6.9214  10.5195  -2.4319
    77  693  275  -6.9224  10.5255  -2.4323
    78  690  275  -6.9212  10.5295  -2.4326
    79  689  275  -6.9223  10.5336  -2.4329
    80  651  275  -6.8746  10.5208  -2.4336
    81  652  275  -6.8757  10.5208  -2.4336
    82  694  275  -6.9233  10.5253  -2.4322
    83  736  275  -6.9644  10.5171  -2.4300
    84  735  275  -6.9619  10.5144  -2.4299
    85  734  275  -6.9656  10.5236  -2.4304
    86  733  275  -6.9631  10.5207  -2.4303
    87  732  275  -6.9617  10.5202  -2.4303
    88  731  275  -6.9623  10.5235  -2.4306
    89  730  275  -6.9555  10.5126  -2.4300
    90  729  275  -6.9537  10.5112  -2.4300
    91  728  275  -6.9518  10.5098  -2.4300
    92  727  275  -6.9524  10.5129  -2.4302
    93  724  275  -6.9455  10.5059  -2.4299
    94  725  275  -6.9477  10.5080  -2.4300
    95  726  275  -6.9526  10.5153  -2.4303
    96  722  276  -6.9398  10.4993  -2.4288
    97  721  276  -6.9367  10.4955  -2.4287
    98  716  276  -6.9283  10.4899  -2.4286
    99  715  276  -6.9268  10.4891  -2.4286
   100  714  276  -6.9239  10.4855  -2.4284
   101  713  276  -6.9354  10.5095  -2.4296
   102  712  276  -6.9313  10.5038  -2.4294
   103  711  276  -6.9325  10.5080  -2.4297
   104  710  276  -6.9307  10.5066  -2.4297
   105  709  276  -6.9293  10.5060  -2.4296
   106  708  276  -6.9301  10.5096  -2.4299
   107  707  276  -6.9271  10.5061  -2.4297
   108  706  276  -6.9229  10.5000  -2.4295
   109  705  276  -6.9262  10.5084  -2.4299
   110  704  276  -6.9201  10.4988  -2.4295
   111  703  276  -6.9193  10.4994  -2.4296
   112  702  276  -6.9114  10.4864  -2.4290
   113  701  276  -6.9159  10.4970  -2.4295
   114  700  276  -6.9170  10.5012  -2.4298
   115  699  276  -6.9089  10.4878  -2.4292
   116  698  276  -6.9179  10.5070  -2.4302
   117  748  276  -6.9882  10.5376  -2.4295
   118  749  276  -6.9851  10.5298  -2.4291
   119  750  276  -6.9894  10.5358  -2.4293
   120  751  276  -6.9874  10.5302  -2.4290
   121  752  276  -6.9915  10.5357  -2.4292
   122  753  276  -6.9878  10.5268  -2.4287
   123  754  276  -6.9753  10.5011  -2.4273
   124  756  276  -6.9782  10.5025  -2.4274
   125  757  276  -6.9668  10.4791  -2.4261
   126  757  277  -6.9823  10.5084  -2.4266
   127  758  277  -6.9820  10.5058  -2.4265
   128  759  277  -6.9807  10.5013  -2.4262
   129  760  277  -6.9755  10.4895  -2.4256
   130  761  277  -6.9844  10.5042  -2.4263
   131  762  277  -6.9805  10.4948  -2.4259
   132  763  277  -6.9837  10.4989  -2.4260
   133  765  278  -6.9862  10.4995  -2.4250
   134  766  278  -6.9820  10.4897  -2.4245
   135  763  278  -6.9818  10.4954  -2.4249

   1  19  376  -6.0564  10.1975  -2.3503
   16  20  376  -6.0616  10.2067  -2.3506
   17  21  376  -6.0706  10.2239  -2.3514
   18  22  376  -6.0757  10.2329  -2.3516
   19  23  376  -6.0820  10.2443  -2.3521
   20  24  376  -6.0938  10.2676  -2.3531
   21  25  376  -6.0950  10.2682  -2.3530
   22  26  376  -6.1011  10.2792  -2.3535
   23  27  376  -6.1036  10.2824  -2.3535
   24  28  376  -6.1084  10.2906  -2.3538
   25  29  377  -6.1051  10.2815  -2.3525
   26  30  377  -6.1049  10.2789  -2.3523
   27  31  377  -6.1129  10.2941  -2.3529
   28  32  377  -6.1085  10.2824  -2.3523
   29  28  377  -6.1035  10.2802  -2.3525
   30  37  378  -6.1161  10.2882  -2.3514
   31  35  378  -6.1135  10.2869  -2.3514
   32  34  378  -6.1131  10.2881  -2.3515
   33  33  378  -6.1149  10.2941  -2.3519
   34  39  379  -6.1205  10.2936  -2.3506
   35  37  379  -6.1191  10.2947  -2.3508
   36  39  380  -6.1134  10.2783  -2.3491
   37  40  380  -6.1054  10.2591  -2.3481
   38  41  380  -6.1102  10.2674  -2.3482
   39  42  380  -6.1219  10.2904  -2.3493
   40  43  380  -6.1214  10.2872  -2.3492
   41  44  380  -6.1255  10.2938  -2.3495
   42  45  380  -6.1311  10.3036  -2.3499
   43  46  380  -6.1211  10.2799  -2.3487
   44  47  380  -6.1293  10.2954  -2.3494
   45  48  380  -6.1324  10.2999  -2.3495
   46  49  380  -6.1372  10.3081  -2.3499
   47  50  380  -6.1339  10.2988  -2.3494
   48  51  380  -6.1395  10.3088  -2.3498
   49  52  380  -6.1380  10.3035  -2.3495
   50  53  380  -6.1355  10.2960  -2.3491
   51  54  380  -6.1436  10.3112  -2.3498
   52  55  380  -6.1439  10.3097  -2.3497
   53  56  380  -6.1494  10.3193  -2.3500
   54  57  380  -6.1327  10.2813  -2.3484
   55  58  380  -6.1313  10.2761  -2.3481
   56  59  380  -6.1297  10.2707  -2.3479
   57  60  380  -6.1254  10.2594  -2.3473
   58  61  381  -6.1199  10.2456  -2.3457
   62  60  381  -6.1206  10.2492  -2.3460

     1  884  332  -7.0378  10.3636  -2.3621
     2  885  333  -7.0410  10.3677  -2.3613
     3  886  333  -7.0428  10.3691  -2.3614
     4  887  333  -7.0426  10.3667  -2.3612
     5  884  333  -7.0380  10.3643  -2.3612
     6  888  334  -7.0423  10.3644  -2.3601
     7  889  334  -7.0434  10.3643  -2.3600
     8  887  334  -7.0417  10.3652  -2.3602
     9  889  335  -7.0424  10.3627  -2.3590
    10  890  335  -7.0445  10.3644  -2.3591
    11  891  335  -7.0444  10.3623  -2.3589
    12  892  335  -7.0458  10.3630  -2.3589
    13  893  335  -7.0470  10.3631  -2.3589
    14  894  335  -7.0467  10.3606  -2.3587
    15  895  335  -7.0467  10.3587  -2.3586
    16  896  335  -7.0498  10.3624  -2.3587
    17  897  335  -7.0501  10.3609  -2.3586
    18  898  336  -7.0498  10.3585  -2.3574
    19  899  336  -7.0498  10.3566  -2.3574
    20  900  336  -7.0492  10.3534  -2.3572
    21  897  336  -7.0493  10.3595  -2.3575
    22  900  337  -7.0493  10.3537  -2.3562
    23  901  337  -7.0526  10.3578  -2.3563
    24  902  337  -7.0539  10.3583  -2.3563
    25  903  337  -7.0552  10.3587  -2.3563
    26  904  338  -7.0548  10.3561  -2.3552
    27  905  338  -7.0531  10.3511  -2.3549
    28  906  338  -7.0540  10.3506  -2.3549
    29  903  338  -7.0544  10.3574  -2.3553
    30  907  339  -7.0530  10.3470  -2.3537
    31  908  339  -7.0502  10.3399  -2.3534
    32  910  340  -7.0569  10.3484  -2.3528
    33  911  340  -7.0558  10.3444  -2.3525
    34  909  340  -7.0545  10.3459  -2.3527
    35  913  341  -7.0574  10.3435  -2.3514
    36  912  341  -7.0571  10.3449  -2.3516
    37  913  342  -7.0563  10.3416  -2.3504
    38  914  342  -7.0612  10.3486  -2.3507
    39  916  343  -7.0598  10.3422  -2.3493
    40  915  343  -7.0588  10.3424  -2.3494
    41  917  344  -7.0627  10.3457  -2.3485
    42  919  345  -7.0650  10.3461  -2.3475
    43  918  345  -7.0635  10.3452  -2.3476
    44  919  346  -7.0610  10.3388  -2.3463
    45  920  346  -7.0657  10.3456  -2.3465
    46  921  346  -7.0660  10.3440  -2.3464
    47  922  346  -7.0695  10.3485  -2.3466
    48  923  346  -7.0700  10.3475  -2.3465
    49  924  346  -7.0732  10.3514  -2.3466
    50  925  346  -7.0763  10.3549  -2.3467
    51  926  346  -7.0762  10.3529  -2.3465
    52  928  347  -7.0770  10.3504  -2.3454
    53  927  347  -7.0748  10.3485  -2.3454
    54  929  348  -7.0738  10.3428  -2.3441
    55  930  348  -7.0743  10.3417  -2.3440
    56  928  348  -7.0741  10.3454  -2.3443
    57  931  349  -7.0711  10.3341  -2.3427
    58  932  349  -7.0585  10.3091  -2.3414
    59  930  349  -7.0700  10.3340  -2.3427
    60  934  350  -7.0550  10.2990  -2.3399
    61  935  350  -7.0461  10.2809  -2.3391
    62  936  350  -7.0648  10.3129  -2.3405
    63  937  350  -7.0618  10.3054  -2.3401
    64  938  350  -7.0735  10.3249  -2.3409
    65  939  350  -7.0836  10.3412  -2.3416
    66  940  350  -7.1053  10.3789  -2.3433
    67  941  351  -7.1358  10.4325  -2.3448
    70  940  351  -7.1076  10.3831  -2.3425
    73  946  352  -7.0729  10.3083  -2.3379
    74  947  353  -7.1245  10.4002  -2.3411
    75  948  353  -7.1019  10.3572  -2.3391
    76  949  353  -7.1074  10.3654  -2.3395
    77  950  353  -7.1277  10.4001  -2.3410
    78  946  353  -7.1146  10.3843  -2.3404
    81  953  354  -7.0517  10.2563  -2.3335
    83  955  354  -7.0432  10.2371  -2.3325
    84  956  354  -7.0668  10.2779  -2.3343
    86  957  355  -7.2072  10.5310  -2.3445
    87  958  355  -7.2302  10.5707  -2.3462
    88  959  355  -7.2270  10.5630  -2.3458
    90  961  355  -7.0284  10.1987  -2.3296
    91  962  355  -7.0628  10.2592  -2.3322
    92  963  355  -7.0888  10.3043  -2.3342
    96  967  356  -7.1533  10.4136  -2.3377
    97  967  357  -7.1468  10.4018  -2.3363
    98  968  357  -7.1170  10.3460  -2.3338
    99  969  357  -7.1026  10.3178  -2.3326
   100  970  357  -7.0977  10.3070  -2.3321
   101  971  357  -7.0930  10.2966  -2.3316
   102  972  357  -7.0975  10.3028  -2.3318
   103  973  357  -7.0922  10.2911  -2.3312
   104  974  357  -7.0906  10.2865  -2.3310
   105  975  357  -7.0942  10.2910  -2.3311
   106  976  357  -7.0896  10.2806  -2.3307
   107  977  357  -7.0935  10.2858  -2.3308
   108  978  357  -7.0949  10.2864  -2.3308
   109  979  357  -7.0964  10.2871  -2.3308
   110  980  357  -7.1001  10.2919  -2.3310
   111  981  357  -7.1025  10.2942  -2.3310
   112  982  357  -7.1068  10.3002  -2.3312
   113  983  357  -7.1064  10.2975  -2.3311
   114  984  357  -7.1042  10.2916  -2.3308
   115  985  358  -7.1110  10.3019  -2.3302
   116  986  358  -7.1120  10.3018  -2.3302
   117  984  358  -7.1027  10.2888  -2.3298
   118  986  359  -7.1099  10.2982  -2.3291
   119  987  359  -7.1115  10.2991  -2.3291
   120  988  359  -7.1142  10.3021  -2.3292
   121  989  359  -7.1233  10.3165  -2.3298
   122  990  359  -7.1269  10.3210  -2.3299
   123  991  359  -7.1248  10.3153  -2.3296
   124  992  359  -7.1318  10.3259  -2.3300
   125  993  359  -7.1349  10.3296  -2.3301
