; ENVI Output of ROIs (5.4) [Sat Aug 17 21:46:53 2019]
; Number of ROIs: 8
; File Dimension: 1328 x 1184
;
; ROI name: Region #2
; ROI rgb value: {0, 255, 0}
; ROI npts: 60
;
; ROI name: Region #3
; ROI rgb value: {0, 0, 255}
; ROI npts: 116
;
; ROI name: Region #4
; ROI rgb value: {255, 255, 0}
; ROI npts: 162
;
; ROI name: Region #5
; ROI rgb value: {0, 255, 255}
; ROI npts: 103
;
; ROI name: Region #6
; ROI rgb value: {255, 0, 255}
; ROI npts: 31
;
; ROI name: Region #7
; ROI rgb value: {176, 48, 96}
; ROI npts: 135
;
; ROI name: Region #8
; ROI rgb value: {46, 139, 87}
; ROI npts: 62
;
; ROI name: Region #1
; ROI rgb value: {255, 0, 0}
; ROI npts: 21
;  ID     X    Y       B1       B2       B3
     1  662  341  -6.7901  10.3453  -2.3624
     2  661  341  -6.7893  10.3459  -2.3625
     3  663  341  -6.7894  10.3419  -2.3622
     4  660  341  -6.7872  10.3438  -2.3624
     5  663  342  -6.7856  10.3348  -2.3610
     6  664  342  -6.7883  10.3380  -2.3611
     7  667  343  -6.7846  10.3250  -2.3595
     8  670  343  -6.7963  10.3411  -2.3601
     9  669  343  -6.7894  10.3300  -2.3596
    10  666  343  -6.7843  10.3264  -2.3596
    11  671  343  -6.8024  10.3509  -2.3605
    12  668  343  -6.7900  10.3332  -2.3598
    13  677  344  -6.8083  10.3501  -2.3592
    14  678  344  -6.8109  10.3531  -2.3593
    15  676  344  -6.8038  10.3436  -2.3589
    16  671  344  -6.7981  10.3427  -2.3592
    17  672  344  -6.7995  10.3435  -2.3592
    18  673  344  -6.7946  10.3320  -2.3586
    19  675  344  -6.7998  10.3380  -2.3587
    20  680  345  -6.8113  10.3499  -2.3581
    21  681  345  -6.8145  10.3539  -2.3582
    22  679  345  -6.8070  10.3437  -2.3579
    23  678  345  -6.8108  10.3530  -2.3583
    24  682  345  -6.8108  10.3449  -2.3578
    25  685  346  -6.8077  10.3331  -2.3562
    26  683  346  -6.8105  10.3425  -2.3567
    27  686  346  -6.8073  10.3302  -2.3560
    28  689  347  -6.8092  10.3280  -2.3549
    29  692  347  -6.8072  10.3181  -2.3543
    30  691  347  -6.7996  10.3056  -2.3538
    31  688  347  -6.8102  10.3318  -2.3551
    32  687  347  -6.8165  10.3460  -2.3557
    33  702  348  -6.8052  10.2943  -2.3519
    34  701  348  -6.8022  10.2906  -2.3517
    35  700  348  -6.7964  10.2817  -2.3514
    36  699  348  -6.7964  10.2836  -2.3515
    37  698  348  -6.7823  10.2588  -2.3505
    38  696  348  -6.7943  10.2855  -2.3517
    39  695  348  -6.7991  10.2968  -2.3523
    40  703  348  -6.8118  10.3047  -2.3523
    41  719  348  -6.8293  10.3058  -2.3516
    42  720  348  -6.8303  10.3057  -2.3516
    43  693  348  -6.8013  10.3050  -2.3527
    44  799  348  -6.9397  10.3532  -2.3502
    45  772  348  -6.9336  10.3960  -2.3532
    46  771  348  -6.9203  10.3730  -2.3522
    49  766  348  -6.9842  10.5032  -2.3581
    50  764  348  -6.9673  10.4754  -2.3570
    51  762  348  -6.9610  10.4676  -2.3567
    52  761  348  -6.9703  10.4871  -2.3577
    53  760  348  -6.9644  10.4781  -2.3573
    54  759  348  -6.9763  10.5025  -2.3584
    55  757  348  -6.9572  10.4707  -2.3572
    56  736  348  -6.8614  10.3323  -2.3521
    57  737  348  -6.8601  10.3280  -2.3518
    58  738  348  -6.8563  10.3187  -2.3514
    59  694  348  -6.8016  10.3035  -2.3526
    60  740  348  -6.8620  10.3256  -2.3516
    61  756  348  -6.9505  10.4600  -2.3568
    62  755  348  -6.9415  10.4451  -2.3562
    63  739  348  -6.8605  10.3248  -2.3516
    64  785  349  -6.9056  10.3175  -2.3482
    65  707  349  -6.8117  10.2967  -2.3508
    66  708  349  -6.8131  10.2975  -2.3508
    67  709  349  -6.8126  10.2944  -2.3506
    68  710  349  -6.8175  10.3016  -2.3509
    69  754  349  -6.9294  10.4245  -2.3543
    70  742  349  -6.8679  10.3327  -2.3509
    71  741  349  -6.8671  10.3332  -2.3509
    72  734  349  -6.8589  10.3318  -2.3512
    73  733  349  -6.8534  10.3235  -2.3509
    74  732  349  -6.8500  10.3190  -2.3507
    75  731  349  -6.8452  10.3121  -2.3505
    76  730  349  -6.8384  10.3011  -2.3500
    77  729  349  -6.8394  10.3051  -2.3503
    78  728  349  -6.8357  10.3000  -2.3501
    79  727  349  -6.8358  10.3021  -2.3502
    80  726  349  -6.8342  10.3012  -2.3502
    81  724  349  -6.8363  10.3092  -2.3507
    82  723  349  -6.8322  10.3035  -2.3504
    83  774  349  -6.9406  10.4052  -2.3526
    84  775  349  -6.9192  10.3630  -2.3508
    85  776  349  -6.9435  10.4066  -2.3526
    86  777  349  -6.9633  10.4418  -2.3542
    87  780  349  -6.9525  10.4155  -2.3529
    88  781  349  -6.9350  10.3807  -2.3513
    89  783  349  -6.8996  10.3104  -2.3480
    90  706  349  -6.8123  10.2998  -2.3510
    91  786  349  -6.9268  10.3553  -2.3499
    92  788  349  -6.9148  10.3288  -2.3485
    93  790  349  -6.9170  10.3289  -2.3485
    94  791  349  -6.9510  10.3906  -2.3511
    95  793  349  -6.9491  10.3830  -2.3506
    96  794  349  -6.9318  10.3486  -2.3492
    97  795  349  -6.9333  10.3495  -2.3492
    98  797  349  -6.9354  10.3494  -2.3491
    99  798  349  -6.9452  10.3656  -2.3498
   100  799  349  -6.9275  10.3306  -2.3482
   101  722  349  -6.8346  10.3101  -2.3508
   102  721  349  -6.8279  10.2993  -2.3503
   103  718  349  -6.8279  10.3053  -2.3507
   104  717  349  -6.8253  10.3024  -2.3506
   105  716  349  -6.8274  10.3084  -2.3509
   106  715  349  -6.8224  10.3010  -2.3506
   107  714  349  -6.8210  10.3003  -2.3506
   108  713  349  -6.8220  10.3043  -2.3509
   109  712  349  -6.8168  10.2963  -2.3505
   110  711  349  -6.8161  10.2971  -2.3506
   111  751  350  -6.9207  10.4143  -2.3531
   112  748  350  -6.8990  10.3794  -2.3517
   113  747  350  -6.9025  10.3882  -2.3522
   114  744  350  -6.8691  10.3311  -2.3498
   115  743  350  -6.8943  10.3808  -2.3520
   116  752  350  -6.9326  10.4348  -2.3539

     1  566  289  -6.7589  10.4747  -2.4215
     2  567  289  -6.7566  10.4682  -2.4211
     3  568  289  -6.7586  10.4701  -2.4212
     4  573  289  -6.7545  10.4518  -2.4200
     5  572  289  -6.7513  10.4477  -2.4198
     6  571  289  -6.7534  10.4537  -2.4202
     7  569  289  -6.7554  10.4618  -2.4207
     8  575  290  -6.7637  10.4656  -2.4197
     9  573  290  -6.7579  10.4584  -2.4194
    10  574  290  -6.7564  10.4536  -2.4191
    67  658  306  -6.9569  10.6681  -2.4110
    68  660  306  -6.8302  10.4215  -2.3991
    69  659  306  -6.8875  10.5332  -2.4045
    70  704  306  -6.9033  10.4709  -2.3996
    71  705  306  -6.9106  10.4827  -2.4001
    72  715  306  -6.8855  10.4148  -2.3964
    73  712  306  -6.8950  10.4390  -2.3977
    74  709  306  -6.8849  10.4258  -2.3972
    75  707  306  -6.8869  10.4337  -2.3977
    76  706  306  -6.9003  10.4612  -2.3990
    78  687  307  -6.8608  10.4249  -2.3972
    79  697  307  -6.8669  10.4162  -2.3963
    80  696  307  -6.8496  10.3853  -2.3949
    81  695  307  -6.9319  10.5439  -2.4025
    82  693  307  -6.9055  10.4978  -2.4004
    84  685  307  -6.8669  10.4407  -2.3980
    85  684  307  -6.8792  10.4661  -2.3993
    86  683  307  -6.8806  10.4709  -2.3996
    87  682  307  -6.8974  10.5049  -2.4012
    88  679  307  -6.9318  10.5768  -2.4047
    89  678  307  -6.9303  10.5760  -2.4047
    90  676  307  -6.9350  10.5889  -2.4055
    91  674  307  -6.9355  10.5940  -2.4058
    92  672  307  -6.8866  10.5048  -2.4016
    93  670  307  -6.8557  10.4499  -2.3991
    94  666  307  -6.8299  10.4088  -2.3973
    95  664  307  -6.9400  10.6235  -2.4076
    96  662  307  -6.9055  10.5615  -2.4048
    97  720  307  -6.8645  10.3651  -2.3928
    98  692  307  -6.8758  10.4432  -2.3978
    99  721  307  -6.8886  10.4087  -2.3949
   100  691  307  -6.8741  10.4421  -2.3978
   101  689  307  -6.8729  10.4439  -2.3980
   105  724  308  -6.8807  10.3878  -2.3928
   106  722  308  -6.8864  10.4026  -2.3936
   108  723  308  -6.8930  10.4130  -2.3941
   111  735  309  -6.9025  10.4069  -2.3923
   114  728  309  -6.8871  10.3919  -2.3919
   115  726  309  -6.8886  10.3988  -2.3923
   116  725  309  -6.8918  10.4068  -2.3927
   118  745  309  -6.8891  10.3614  -2.3897
   119  741  310  -6.8950  10.3808  -2.3899
   120  750  310  -6.8771  10.3290  -2.3871
   121  751  310  -6.8782  10.3290  -2.3870
   122  754  310  -6.8801  10.3265  -2.3868
   123  739  310  -6.8955  10.3857  -2.3902
   127  780  311  -7.0280  10.5518  -2.3954
   128  785  311  -7.0749  10.6294  -2.3988
   130  758  311  -6.9767  10.5004  -2.3940
   131  760  311  -6.9578  10.4607  -2.3920
   132  761  311  -6.9753  10.4915  -2.3934
   133  786  311  -7.0432  10.5681  -2.3959
   134  763  311  -6.8930  10.3330  -2.3857
   135  768  312  -6.9429  10.4167  -2.3886
   136  772  312  -6.9381  10.3996  -2.3876
   137  773  312  -6.9717  10.4606  -2.3905
   138  774  312  -6.9916  10.4958  -2.3921
   139  777  312  -7.0023  10.5099  -2.3926
   141  769  312  -6.9371  10.4037  -2.3879
   143  786  312  -7.0522  10.5851  -2.3958
   144  787  312  -6.9789  10.4459  -2.3891
   145  788  312  -6.9710  10.4290  -2.3883
   146  789  312  -6.9726  10.4301  -2.3883
   147  790  312  -6.9741  10.4308  -2.3883
   148  791  312  -6.9799  10.4396  -2.3887
   149  792  313  -6.9762  10.4309  -2.3873
   150  793  313  -6.9735  10.4237  -2.3869
   151  794  313  -6.9802  10.4342  -2.3874
   152  795  313  -6.9791  10.4302  -2.3871
   153  796  313  -6.9772  10.4246  -2.3868
   154  804  313  -6.9923  10.4367  -2.3870
   155  803  313  -6.9899  10.4343  -2.3869
   156  805  313  -6.9916  10.4334  -2.3868
   157  802  314  -6.9905  10.4376  -2.3862
   158  803  314  -6.9858  10.4267  -2.3856
   159  799  314  -6.9860  10.4352  -2.3862
   160  798  314  -6.9877  10.4404  -2.3865
   161  800  314  -6.9763  10.4151  -2.3852
   162  801  314  -6.9946  10.4471  -2.3867

     1  618  280  -6.8244  10.4929  -2.4289
     2  629  280  -6.8261  10.4737  -2.4274
     3  619  280  -6.8229  10.4879  -2.4286
     4  620  280  -6.8233  10.4868  -2.4285
     5  621  280  -6.8240  10.4860  -2.4284
     6  622  280  -6.8254  10.4867  -2.4284
     7  623  280  -6.8205  10.4751  -2.4278
     8  624  280  -6.8295  10.4903  -2.4285
     9  625  280  -6.8306  10.4905  -2.4285
    10  628  280  -6.8305  10.4842  -2.4280
    11  630  280  -6.8290  10.4771  -2.4276
    12  627  280  -6.8337  10.4924  -2.4285
    13  626  280  -6.8299  10.4870  -2.4282
    14  672  281  -6.8989  10.5247  -2.4274
    15  673  281  -6.9029  10.5304  -2.4277
    16  668  281  -6.8922  10.5203  -2.4273
    17  666  281  -6.8919  10.5239  -2.4275
    18  664  281  -6.8869  10.5183  -2.4273
    20  665  281  -6.8891  10.5206  -2.4274
    21  670  281  -6.8956  10.5226  -2.4273
    22  630  281  -6.8336  10.4860  -2.4270
    23  631  281  -6.8362  10.4891  -2.4273
    24  632  281  -6.8353  10.4852  -2.4269
    25  633  281  -6.8328  10.4784  -2.4265
    26  634  281  -6.8336  10.4778  -2.4265
    27  635  281  -6.8417  10.4913  -2.4272
    28  636  281  -6.8404  10.4867  -2.4269
    29  637  281  -6.8420  10.4878  -2.4269
    30  638  281  -6.8524  10.5057  -2.4278
    31  639  281  -6.8493  10.4976  -2.4274
    32  640  281  -6.8575  10.5113  -2.4280
    33  641  281  -6.8540  10.5026  -2.4275
    34  642  281  -6.8577  10.5076  -2.4277
    35  643  281  -6.8573  10.5049  -2.4276
    36  644  281  -6.8515  10.4916  -2.4268
    38  656  282  -6.8845  10.5304  -2.4272
    40  683  282  -6.9144  10.5318  -2.4264
    41  678  282  -6.9115  10.5366  -2.4269
    42  676  282  -6.9093  10.5366  -2.4269
    43  675  282  -6.9068  10.5338  -2.4268
    44  662  282  -6.8813  10.5118  -2.4261
    45  659  282  -6.8779  10.5116  -2.4262
    46  658  282  -6.8755  10.5090  -2.4261
    47  684  282  -6.9163  10.5334  -2.4265
    49  678  283  -6.9123  10.5383  -2.4260
    50  653  283  -6.8678  10.5046  -2.4251
    51  680  283  -6.9098  10.5294  -2.4255
    52  687  283  -6.9159  10.5266  -2.4251
    53  688  283  -6.9198  10.5320  -2.4253
    54  690  283  -6.9195  10.5274  -2.4250
    55  691  283  -6.9116  10.5103  -2.4240
    56  650  283  -6.8475  10.4719  -2.4235
    57  679  283  -6.9126  10.5368  -2.4259
    58  691  284  -6.9172  10.5210  -2.4236
    59  692  284  -6.9053  10.4963  -2.4223
    60  695  285  -6.8993  10.4789  -2.4204
    61  696  285  -6.9064  10.4904  -2.4209
    62  697  286  -6.8952  10.4671  -2.4187
    63  698  286  -6.8926  10.4602  -2.4183
    64  730  286  -6.9688  10.5393  -2.4209
    65  699  286  -6.9002  10.4725  -2.4189
    66  724  287  -6.9457  10.5080  -2.4186
    67  723  287  -6.9434  10.5056  -2.4186
    68  722  287  -6.9414  10.5039  -2.4185
    69  720  287  -6.9402  10.5058  -2.4187
    70  726  287  -6.9492  10.5104  -2.4187
    71  728  287  -6.9529  10.5134  -2.4188
    72  730  287  -6.9517  10.5071  -2.4184
    73  733  287  -6.9479  10.4937  -2.4175
    74  719  287  -6.9380  10.5036  -2.4186
    75  716  287  -6.9256  10.4862  -2.4179
    76  701  287  -6.8865  10.4426  -2.4162
    77  732  287  -6.9624  10.5232  -2.4191
    78  727  287  -6.9525  10.5147  -2.4189
    79  734  288  -6.9358  10.4690  -2.4153
    80  741  288  -6.9340  10.4514  -2.4141
    81  740  288  -6.9329  10.4514  -2.4141
    82  739  288  -6.9434  10.4731  -2.4153
    83  738  288  -6.9407  10.4702  -2.4152
    84  737  288  -6.9483  10.4865  -2.4160
    85  736  288  -6.9401  10.4730  -2.4154
    86  735  288  -6.9386  10.4722  -2.4154
    87  714  288  -6.9237  10.4868  -2.4170
    88  715  288  -6.9231  10.4837  -2.4169
    89  742  289  -6.9354  10.4522  -2.4132
    90  743  289  -6.9355  10.4503  -2.4130
    91  741  289  -6.9376  10.4584  -2.4135
    92  744  290  -6.9391  10.4552  -2.4123
    93  745  290  -6.9388  10.4526  -2.4121
    94  746  290  -6.9421  10.4567  -2.4123
    95  748  290  -6.9423  10.4532  -2.4120
    96  747  290  -6.9439  10.4582  -2.4123
    97  749  291  -6.9515  10.4685  -2.4118
    98  750  291  -6.9522  10.4678  -2.4117
    99  752  291  -6.9538  10.4668  -2.4116
   100  753  291  -6.9544  10.4658  -2.4114
   101  755  291  -6.9534  10.4600  -2.4111
   102  748  291  -6.9504  10.4685  -2.4118
   103  751  291  -6.9552  10.4714  -2.4119

    1  550  272  -6.7736  10.5343  -2.4413
    2  551  272  -6.7774  10.5397  -2.4415
    3  552  272  -6.7795  10.5416  -2.4416
    4  549  272  -6.7704  10.5302  -2.4411
    5  554  273  -6.7791  10.5369  -2.4403
    6  555  273  -6.7811  10.5386  -2.4404
    7  556  273  -6.7818  10.5379  -2.4403
    8  558  273  -6.7889  10.5475  -2.4408
    9  559  273  -6.7889  10.5455  -2.4406
   10  572  275  -6.7964  10.5333  -2.4375
   11  574  275  -6.7972  10.5307  -2.4374
   12  576  275  -6.7943  10.5210  -2.4368
   13  577  275  -6.7983  10.5266  -2.4370
   14  571  275  -6.7924  10.5277  -2.4373
   15  578  276  -6.7999  10.5279  -2.4361
   16  579  277  -6.7933  10.5131  -2.4343
   17  580  277  -6.7955  10.5153  -2.4344
   18  582  277  -6.8014  10.5225  -2.4347
   19  583  277  -6.8026  10.5228  -2.4347
   20  584  277  -6.8026  10.5207  -2.4345
   21  588  278  -6.8002  10.5079  -2.4327
   22  586  278  -6.8044  10.5202  -2.4334
   23  590  279  -6.8032  10.5096  -2.4318
   24  592  279  -6.8066  10.5121  -2.4318
   25  594  279  -6.8206  10.5352  -2.4329

     1  622  271  -6.8600  10.5520  -2.4403
     2  623  271  -6.8350  10.5019  -2.4376
     3  621  271  -6.8501  10.5351  -2.4395
     4  623  272  -6.8336  10.4993  -2.4366
     5  624  272  -6.8538  10.5360  -2.4385
     6  625  272  -6.8482  10.5232  -2.4378
     7  626  272  -6.8531  10.5306  -2.4381
     8  629  272  -6.8557  10.5294  -2.4379
     9  630  272  -6.8613  10.5382  -2.4383
    10  631  272  -6.8608  10.5352  -2.4381
    11  632  272  -6.8645  10.5402  -2.4383
    12  633  272  -6.8654  10.5398  -2.4383
    13  634  272  -6.8685  10.5437  -2.4384
    14  635  272  -6.8689  10.5423  -2.4383
    15  636  272  -6.8728  10.5478  -2.4385
    16  637  272  -6.8665  10.5336  -2.4378
    17  639  272  -6.8698  10.5359  -2.4378
    18  640  272  -6.8720  10.5380  -2.4378
    19  641  272  -6.8739  10.5396  -2.4379
    20  642  272  -6.8768  10.5431  -2.4380
    21  643  272  -6.8812  10.5494  -2.4383
    22  644  272  -6.8821  10.5491  -2.4383
    23  644  273  -6.8788  10.5429  -2.4370
    24  645  273  -6.8767  10.5369  -2.4366
    25  646  273  -6.8766  10.5346  -2.4365
    26  647  273  -6.8776  10.5346  -2.4364
    27  683  273  -6.9148  10.5315  -2.4348
    28  682  273  -6.9134  10.5307  -2.4348
    29  681  273  -6.9135  10.5331  -2.4350
    30  680  273  -6.9114  10.5311  -2.4350
    31  679  273  -6.9106  10.5316  -2.4350
    32  678  273  -6.9088  10.5303  -2.4350
    33  677  273  -6.9077  10.5302  -2.4350
    34  657  273  -6.8811  10.5206  -2.4353
    35  658  273  -6.8812  10.5187  -2.4352
    36  659  273  -6.8831  10.5202  -2.4352
    37  660  273  -6.8835  10.5190  -2.4351
    38  661  273  -6.8832  10.5164  -2.4350
    39  662  273  -6.8851  10.5178  -2.4350
    40  664  273  -6.8885  10.5203  -2.4351
    41  665  273  -6.8847  10.5109  -2.4345
    42  666  273  -6.8881  10.5155  -2.4347
    43  667  273  -6.8927  10.5221  -2.4351
    44  668  273  -6.8917  10.5181  -2.4348
    45  669  273  -6.8955  10.5234  -2.4351
    46  670  273  -6.8964  10.5230  -2.4350
    47  671  273  -6.9002  10.5283  -2.4352
    48  672  273  -6.9036  10.5326  -2.4354
    49  673  273  -6.9034  10.5302  -2.4352
    50  674  273  -6.9057  10.5325  -2.4353
    51  675  273  -6.9089  10.5366  -2.4354
    52  676  273  -6.9082  10.5333  -2.4352
    53  653  274  -6.8814  10.5296  -2.4350
    54  652  274  -6.8803  10.5294  -2.4351
    55  738  274  -6.9727  10.5286  -2.4314
    56  739  274  -6.9745  10.5301  -2.4315
    57  650  274  -6.8759  10.5252  -2.4349
    58  649  274  -6.8761  10.5276  -2.4350
    59  648  274  -6.8715  10.5208  -2.4347
    60  683  274  -6.9133  10.5287  -2.4338
    61  684  274  -6.9169  10.5335  -2.4340
    62  685  274  -6.9181  10.5336  -2.4340
    63  686  274  -6.9203  10.5358  -2.4341
    64  687  274  -6.9229  10.5388  -2.4342
    65  740  274  -6.9812  10.5405  -2.4319
    66  742  274  -6.9825  10.5388  -2.4317
    67  743  274  -6.9816  10.5352  -2.4315
    68  737  274  -6.9692  10.5241  -2.4312
    69  744  274  -6.9857  10.5408  -2.4318
    70  745  274  -6.9886  10.5442  -2.4319
    71  697  275  -6.9167  10.5065  -2.4312
    72  748  275  -6.9923  10.5452  -2.4309
    73  747  275  -6.9919  10.5465  -2.4310
    74  746  275  -6.9878  10.5408  -2.4307
    75  696  275  -6.9205  10.5159  -2.4317
    76  695  275  -6.9214  10.5195  -2.4319
    77  693  275  -6.9224  10.5255  -2.4323
    78  690  275  -6.9212  10.5295  -2.4326
    79  689  275  -6.9223  10.5336  -2.4329
    80  651  275  -6.8746  10.5208  -2.4336
    81  652  275  -6.8757  10.5208  -2.4336
    82  694  275  -6.9233  10.5253  -2.4322
    83  736  275  -6.9644  10.5171  -2.4300
    84  735  275  -6.9619  10.5144  -2.4299
    85  734  275  -6.9656  10.5236  -2.4304
    86  733  275  -6.9631  10.5207  -2.4303
    87  732  275  -6.9617  10.5202  -2.4303
    88  731  275  -6.9623  10.5235  -2.4306
    89  730  275  -6.9555  10.5126  -2.4300
    90  729  275  -6.9537  10.5112  -2.4300
    91  728  275  -6.9518  10.5098  -2.4300
    92  727  275  -6.9524  10.5129  -2.4302
    93  724  275  -6.9455  10.5059  -2.4299
    94  725  275  -6.9477  10.5080  -2.4300
    95  726  275  -6.9526  10.5153  -2.4303
    96  722  276  -6.9398  10.4993  -2.4288
    97  721  276  -6.9367  10.4955  -2.4287
    98  716  276  -6.9283  10.4899  -2.4286
    99  715  276  -6.9268  10.4891  -2.4286
   100  714  276  -6.9239  10.4855  -2.4284
   101  713  276  -6.9354  10.5095  -2.4296
   102  712  276  -6.9313  10.5038  -2.4294
   103  711  276  -6.9325  10.5080  -2.4297
   104  710  276  -6.9307  10.5066  -2.4297
   105  709  276  -6.9293  10.5060  -2.4296
   106  708  276  -6.9301  10.5096  -2.4299
   107  707  276  -6.9271  10.5061  -2.4297
   108  706  276  -6.9229  10.5000  -2.4295
   109  705  276  -6.9262  10.5084  -2.4299
   110  704  276  -6.9201  10.4988  -2.4295
   111  703  276  -6.9193  10.4994  -2.4296
   112  702  276  -6.9114  10.4864  -2.4290
   113  701  276  -6.9159  10.4970  -2.4295
   114  700  276  -6.9170  10.5012  -2.4298
   115  699  276  -6.9089  10.4878  -2.4292
   116  698  276  -6.9179  10.5070  -2.4302
   117  748  276  -6.9882  10.5376  -2.4295
   118  749  276  -6.9851  10.5298  -2.4291
   119  750  276  -6.9894  10.5358  -2.4293
   120  751  276  -6.9874  10.5302  -2.4290
   121  752  276  -6.9915  10.5357  -2.4292
   122  753  276  -6.9878  10.5268  -2.4287
   123  754  276  -6.9753  10.5011  -2.4273
   124  756  276  -6.9782  10.5025  -2.4274
   125  757  276  -6.9668  10.4791  -2.4261
   126  757  277  -6.9823  10.5084  -2.4266
   127  758  277  -6.9820  10.5058  -2.4265
   128  759  277  -6.9807  10.5013  -2.4262
   129  760  277  -6.9755  10.4895  -2.4256
   130  761  277  -6.9844  10.5042  -2.4263
   131  762  277  -6.9805  10.4948  -2.4259
   132  763  277  -6.9837  10.4989  -2.4260
   133  765  278  -6.9862  10.4995  -2.4250
   134  766  278  -6.9820  10.4897  -2.4245
   135  763  278  -6.9818  10.4954  -2.4249

   1  19  376  -6.0564  10.1975  -2.3503
   16  20  376  -6.0616  10.2067  -2.3506
   17  21  376  -6.0706  10.2239  -2.3514
   18  22  376  -6.0757  10.2329  -2.3516
   19  23  376  -6.0820  10.2443  -2.3521
   20  24  376  -6.0938  10.2676  -2.3531
   21  25  376  -6.0950  10.2682  -2.3530
   22  26  376  -6.1011  10.2792  -2.3535
   23  27  376  -6.1036  10.2824  -2.3535
   24  28  376  -6.1084  10.2906  -2.3538
   25  29  377  -6.1051  10.2815  -2.3525
   26  30  377  -6.1049  10.2789  -2.3523
   27  31  377  -6.1129  10.2941  -2.3529
   28  32  377  -6.1085  10.2824  -2.3523
   29  28  377  -6.1035  10.2802  -2.3525
   30  37  378  -6.1161  10.2882  -2.3514
   31  35  378  -6.1135  10.2869  -2.3514
   32  34  378  -6.1131  10.2881  -2.3515
   33  33  378  -6.1149  10.2941  -2.3519
   34  39  379  -6.1205  10.2936  -2.3506
   35  37  379  -6.1191  10.2947  -2.3508
   36  39  380  -6.1134  10.2783  -2.3491
   37  40  380  -6.1054  10.2591  -2.3481
   38  41  380  -6.1102  10.2674  -2.3482
   39  42  380  -6.1219  10.2904  -2.3493
   40  43  380  -6.1214  10.2872  -2.3492
   41  44  380  -6.1255  10.2938  -2.3495
   42  45  380  -6.1311  10.3036  -2.3499
   43  46  380  -6.1211  10.2799  -2.3487
   44  47  380  -6.1293  10.2954  -2.3494
   45  48  380  -6.1324  10.2999  -2.3495
   46  49  380  -6.1372  10.3081  -2.3499
   47  50  380  -6.1339  10.2988  -2.3494
   48  51  380  -6.1395  10.3088  -2.3498
   49  52  380  -6.1380  10.3035  -2.3495
   50  53  380  -6.1355  10.2960  -2.3491
   51  54  380  -6.1436  10.3112  -2.3498
   52  55  380  -6.1439  10.3097  -2.3497
   53  56  380  -6.1494  10.3193  -2.3500
   54  57  380  -6.1327  10.2813  -2.3484
   55  58  380  -6.1313  10.2761  -2.3481
   56  59  380  -6.1297  10.2707  -2.3479
   57  60  380  -6.1254  10.2594  -2.3473
   58  61  381  -6.1199  10.2456  -2.3457
   62  60  381  -6.1206  10.2492  -2.3460

    1  822  343  -6.9617  10.3477  -2.3537
    2  821  344  -6.9568  10.3407  -2.3525
    3  822  344  -6.9593  10.3433  -2.3525
    4  821  345  -6.9589  10.3446  -2.3517
    5  820  345  -6.9600  10.3488  -2.3519
    6  820  346  -6.9584  10.3460  -2.3509
    7  819  347  -6.9529  10.3378  -2.3496
    8  818  347  -6.9519  10.3378  -2.3497
    9  820  347  -6.9583  10.3458  -2.3499
   10  817  348  -6.9493  10.3352  -2.3487
   11  816  348  -6.9429  10.3253  -2.3483
   12  815  349  -6.9557  10.3513  -2.3485
   13  814  350  -6.9616  10.3643  -2.3481
   14  813  350  -6.9555  10.3550  -2.3477
   15  812  350  -6.9530  10.3523  -2.3476
   16  811  350  -6.9490  10.3469  -2.3475
   17  810  350  -6.9494  10.3496  -2.3476
   18  809  350  -6.9408  10.3356  -2.3471
   19  808  350  -6.9375  10.3314  -2.3470
   20  807  350  -6.9450  10.3475  -2.3477
   21  806  350  -6.9530  10.3643  -2.3484
