; ENVI Output of ROIs (5.4) [Tue Aug 13 15:43:58 2019]
; Number of ROIs: 6
; File Dimension: 1328 x 1184
;
; ROI name: Region #1
; ROI rgb value: {255, 0, 0}
; ROI npts: 189
;
; ROI name: Region #2
; ROI rgb value: {0, 255, 0}
; ROI npts: 330
;
; ROI name: Region #3
; ROI rgb value: {0, 0, 255}
; ROI npts: 100
;
; ROI name: Region #4
; ROI rgb value: {255, 255, 0}
; ROI npts: 119
;
; ROI name: Region #5
; ROI rgb value: {0, 255, 255}
; ROI npts: 66
;
; ROI name: Region #6
; ROI rgb value: {255, 0, 255}
; ROI npts: 151
;   ID    X    Y      B1      B2      B3
     1  235  680  0.0130  0.0005  0.0012
     2  233  680  0.0130  0.0005  0.0012
     3  232  680  0.0130  0.0005  0.0012
     4  231  680  0.0130  0.0005  0.0012
     5  230  680  0.0130  0.0005  0.0012
     6  229  680  0.0130  0.0005  0.0012
     7  228  680  0.0130  0.0005  0.0012
     8  227  680  0.0130  0.0005  0.0012
     9  226  680  0.0130  0.0005  0.0012
    10  225  680  0.0130  0.0005  0.0012
    11  102  680  0.0131  0.0006  0.0012
    12  103  680  0.0131  0.0006  0.0012
    13  104  680  0.0131  0.0006  0.0012
    14  105  680  0.0131  0.0006  0.0012
    15  106  680  0.0131  0.0006  0.0012
    16  107  680  0.0131  0.0006  0.0012
    17  108  680  0.0131  0.0006  0.0012
    18  109  680  0.0131  0.0006  0.0012
    19  110  680  0.0130  0.0006  0.0012
    20  111  680  0.0131  0.0006  0.0012
    21  112  680  0.0130  0.0006  0.0012
    22  113  680  0.0130  0.0006  0.0012
    23  114  680  0.0130  0.0006  0.0012
    24  115  680  0.0130  0.0006  0.0012
    25  116  680  0.0131  0.0006  0.0012
    26  117  680  0.0130  0.0006  0.0012
    27  118  680  0.0130  0.0006  0.0012
    28  224  680  0.0130  0.0005  0.0012
    29  223  680  0.0130  0.0005  0.0012
    30  171  680  0.0130  0.0006  0.0012
    31  170  680  0.0130  0.0006  0.0012
    32  169  680  0.0130  0.0006  0.0012
    33  168  680  0.0130  0.0006  0.0012
    34  167  680  0.0130  0.0006  0.0012
    35  166  680  0.0130  0.0006  0.0012
    36  165  680  0.0130  0.0006  0.0012
    37  164  680  0.0130  0.0006  0.0012
    38  234  680  0.0130  0.0005  0.0012
    39  145  680  0.0130  0.0006  0.0012
    40  144  680  0.0130  0.0006  0.0012
    41  132  680  0.0130  0.0006  0.0012
    42  133  680  0.0130  0.0006  0.0012
    43  134  680  0.0130  0.0006  0.0012
    44  135  680  0.0130  0.0006  0.0012
    45  136  680  0.0130  0.0006  0.0012
    46  137  680  0.0130  0.0006  0.0012
    47  138  680  0.0130  0.0006  0.0012
    48  139  680  0.0130  0.0006  0.0012
    49  140  680  0.0130  0.0006  0.0012
    50  141  680  0.0130  0.0006  0.0012
    51  142  680  0.0130  0.0006  0.0012
    52  143  680  0.0130  0.0006  0.0012
    53  131  681  0.0130  0.0006  0.0012
    54  130  681  0.0130  0.0006  0.0012
    55  146  681  0.0130  0.0006  0.0012
    56  147  681  0.0130  0.0006  0.0012
    57  148  681  0.0130  0.0006  0.0012
    58  149  681  0.0131  0.0006  0.0012
    59  150  681  0.0129  0.0006  0.0012
    60  151  681  0.0130  0.0006  0.0012
    61  152  681  0.0130  0.0006  0.0012
    62  153  681  0.0130  0.0006  0.0012
    63  154  681  0.0130  0.0006  0.0012
    64  155  681  0.0130  0.0006  0.0012
    65  156  681  0.0131  0.0006  0.0012
    66  157  681  0.0130  0.0006  0.0012
    67  129  681  0.0130  0.0006  0.0012
    68  159  681  0.0130  0.0006  0.0012
    69  160  681  0.0130  0.0006  0.0012
    70  161  681  0.0130  0.0006  0.0012
    71  162  681  0.0130  0.0006  0.0012
    72  163  681  0.0130  0.0006  0.0012
    73  128  681  0.0130  0.0006  0.0012
    74  127  681  0.0130  0.0006  0.0012
    75  126  681  0.0130  0.0006  0.0012
    76  125  681  0.0130  0.0006  0.0012
    77  124  681  0.0130  0.0006  0.0012
    78  123  681  0.0130  0.0006  0.0012
    79  122  681  0.0130  0.0006  0.0012
    80  121  681  0.0130  0.0006  0.0012
    81  172  681  0.0130  0.0006  0.0012
    82  173  681  0.0130  0.0006  0.0012
    83  174  681  0.0130  0.0006  0.0012
    84  261  681  0.0130  0.0005  0.0012
    85  260  681  0.0130  0.0005  0.0012
    86  259  681  0.0130  0.0005  0.0012
    87  258  681  0.0130  0.0005  0.0012
    88  257  681  0.0130  0.0005  0.0012
    89  256  681  0.0130  0.0005  0.0012
    90  255  681  0.0130  0.0005  0.0012
    91  254  681  0.0130  0.0005  0.0012
    92  253  681  0.0130  0.0005  0.0012
    93  252  681  0.0130  0.0005  0.0012
    94  251  681  0.0130  0.0005  0.0012
    95  250  681  0.0130  0.0005  0.0012
    96  249  681  0.0130  0.0005  0.0012
    97  248  681  0.0130  0.0005  0.0012
    98  247  681  0.0130  0.0005  0.0012
    99  246  681  0.0130  0.0005  0.0012
   100  245  681  0.0130  0.0005  0.0012
   101  244  681  0.0130  0.0005  0.0012
   102  243  681  0.0130  0.0005  0.0012
   103  194  681  0.0130  0.0005  0.0012
   104  195  681  0.0130  0.0005  0.0012
   105  196  681  0.0131  0.0005  0.0012
   106  197  681  0.0130  0.0005  0.0012
   107  198  681  0.0131  0.0005  0.0012
   108  199  681  0.0130  0.0005  0.0012
   109  200  681  0.0130  0.0005  0.0012
   110  201  681  0.0130  0.0005  0.0012
   111  202  681  0.0130  0.0005  0.0012
   112  203  681  0.0130  0.0005  0.0012
   113  204  681  0.0130  0.0005  0.0012
   114  205  681  0.0130  0.0005  0.0012
   115  206  681  0.0130  0.0005  0.0012
   116  207  681  0.0130  0.0005  0.0012
   117  208  681  0.0130  0.0005  0.0012
   118  209  681  0.0130  0.0005  0.0012
   119  210  681  0.0130  0.0005  0.0012
   120  211  681  0.0130  0.0005  0.0012
   121  120  681  0.0130  0.0006  0.0012
   122  119  681  0.0130  0.0006  0.0012
   123  101  681  0.0131  0.0006  0.0012
   124  100  681  0.0131  0.0006  0.0012
   125   99  681  0.0131  0.0006  0.0012
   126   98  681  0.0131  0.0006  0.0012
   127   97  681  0.0131  0.0006  0.0012
   128   96  681  0.0131  0.0006  0.0012
   129   95  681  0.0131  0.0006  0.0012
   130   94  681  0.0131  0.0006  0.0012
   131   93  681  0.0131  0.0006  0.0012
   132  158  681  0.0130  0.0006  0.0012
   133   92  681  0.0132  0.0006  0.0012
   134  236  681  0.0130  0.0005  0.0012
   135  237  681  0.0130  0.0005  0.0012
   136  238  681  0.0130  0.0005  0.0012
   137  239  681  0.0130  0.0005  0.0012
   138  240  681  0.0130  0.0005  0.0012
   139  241  681  0.0130  0.0005  0.0012
   140  242  681  0.0130  0.0005  0.0012
   141  262  681  0.0130  0.0005  0.0012
   142  192  682  0.0131  0.0005  0.0012
   143  191  682  0.0131  0.0005  0.0012
   144  190  682  0.0131  0.0005  0.0012
   145  189  682  0.0130  0.0005  0.0012
   146  188  682  0.0130  0.0005  0.0012
   147  187  682  0.0130  0.0005  0.0012
   148  186  682  0.0130  0.0005  0.0012
   149  185  682  0.0130  0.0005  0.0012
   150  184  682  0.0130  0.0005  0.0012
   151  183  682  0.0130  0.0006  0.0012
   152  182  682  0.0130  0.0006  0.0012
   153  181  682  0.0130  0.0006  0.0012
   154  180  682  0.0130  0.0005  0.0012
   155  179  682  0.0130  0.0005  0.0012
   156  178  682  0.0130  0.0006  0.0012
   157  177  682  0.0130  0.0006  0.0012
   158  176  682  0.0130  0.0006  0.0012
   159  175  682  0.0130  0.0006  0.0012
   160  193  682  0.0130  0.0005  0.0012
   161  263  682  0.0130  0.0005  0.0012
   162  264  682  0.0130  0.0005  0.0012
   163  265  682  0.0131  0.0005  0.0012
   164  266  682  0.0131  0.0005  0.0012
   165  267  682  0.0131  0.0005  0.0012
   166  268  682  0.0130  0.0005  0.0012
   167  269  682  0.0131  0.0005  0.0012
   168  270  682  0.0131  0.0005  0.0012
   169  271  682  0.0131  0.0005  0.0012
   170  272  682  0.0131  0.0005  0.0012
   171  273  682  0.0131  0.0005  0.0012
   172  274  682  0.0131  0.0005  0.0012
   173  275  682  0.0131  0.0005  0.0012
   174  276  682  0.0131  0.0005  0.0012
   175  277  682  0.0131  0.0005  0.0012
   176  278  682  0.0131  0.0005  0.0012
   177  279  682  0.0130  0.0005  0.0012
   178  280  682  0.0130  0.0005  0.0012
   179  281  682  0.0130  0.0005  0.0012
   180  282  682  0.0130  0.0005  0.0012
   181  283  682  0.0130  0.0005  0.0012
   182  284  682  0.0130  0.0005  0.0012
   183  285  682  0.0130  0.0005  0.0012
   184  286  682  0.0130  0.0005  0.0012
   185  287  682  0.0130  0.0005  0.0012
   186  288  682  0.0130  0.0005  0.0012
   187  289  682  0.0130  0.0005  0.0012
   188  290  682  0.0129  0.0005  0.0012
   189  291  682  0.0129  0.0005  0.0012

     1  365  661  0.0131  0.0004  0.0012
     2  367  661  0.0131  0.0004  0.0012
     3  368  661  0.0131  0.0004  0.0012
     4  369  661  0.0131  0.0004  0.0012
     5  370  661  0.0131  0.0004  0.0012
     6  371  661  0.0131  0.0004  0.0012
     7  372  661  0.0131  0.0004  0.0012
     8  373  661  0.0131  0.0004  0.0012
     9  374  661  0.0131  0.0004  0.0012
    10  375  661  0.0131  0.0004  0.0012
    11  376  661  0.0131  0.0004  0.0012
    12  377  661  0.0131  0.0004  0.0012
    13  378  661  0.0131  0.0004  0.0012
    14  379  661  0.0131  0.0004  0.0012
    15  366  661  0.0131  0.0004  0.0012
    16  388  662  0.0131  0.0004  0.0012
    17  387  662  0.0131  0.0004  0.0012
    18  386  662  0.0131  0.0004  0.0012
    19  385  662  0.0131  0.0004  0.0012
    20  389  662  0.0132  0.0004  0.0012
    21  383  662  0.0131  0.0004  0.0012
    22  382  662  0.0131  0.0004  0.0012
    23  381  662  0.0131  0.0004  0.0012
    24  380  662  0.0131  0.0004  0.0012
    25  390  662  0.0131  0.0004  0.0012
    26  391  662  0.0132  0.0004  0.0012
    27  392  662  0.0131  0.0004  0.0012
    28  393  662  0.0131  0.0004  0.0012
    29  394  662  0.0131  0.0004  0.0012
    30  395  662  0.0131  0.0004  0.0012
    31  396  662  0.0131  0.0004  0.0012
    32  397  662  0.0131  0.0004  0.0012
    33  398  662  0.0131  0.0004  0.0012
    34  399  662  0.0132  0.0004  0.0012
    35  400  662  0.0132  0.0004  0.0012
    36  404  662  0.0131  0.0004  0.0012
    37  403  662  0.0131  0.0004  0.0012
    38  384  662  0.0131  0.0004  0.0012
    39  401  662  0.0131  0.0004  0.0012
    40  402  662  0.0131  0.0004  0.0012
    41  510  662  0.0132  0.0003  0.0012
    42  511  662  0.0132  0.0003  0.0012
    43  512  662  0.0132  0.0003  0.0012
    44  513  662  0.0132  0.0003  0.0012
    45  514  662  0.0132  0.0003  0.0012
    46  515  662  0.0132  0.0003  0.0012
    47  516  662  0.0132  0.0003  0.0012
    48  517  662  0.0132  0.0003  0.0012
    49  518  662  0.0132  0.0003  0.0012
    50  519  662  0.0132  0.0003  0.0012
    51  551  662  0.0133  0.0003  0.0012
    52  550  662  0.0133  0.0003  0.0012
    53  549  662  0.0133  0.0002  0.0012
    54  548  662  0.0132  0.0002  0.0012
    55  547  662  0.0132  0.0002  0.0012
    56  546  662  0.0133  0.0002  0.0012
    57  545  662  0.0133  0.0003  0.0012
    58  544  662  0.0132  0.0003  0.0012
    59  543  662  0.0133  0.0003  0.0012
    60  542  662  0.0132  0.0003  0.0012
    61  541  662  0.0132  0.0003  0.0012
    62  540  662  0.0132  0.0003  0.0012
    63  539  662  0.0132  0.0003  0.0012
    64  538  662  0.0132  0.0003  0.0012
    65  537  662  0.0132  0.0003  0.0012
    66  536  662  0.0132  0.0003  0.0012
    67  535  662  0.0132  0.0003  0.0012
    68  534  662  0.0132  0.0003  0.0012
    69  533  662  0.0132  0.0003  0.0012
    70  532  662  0.0132  0.0003  0.0012
    71  531  662  0.0132  0.0003  0.0012
    72  530  662  0.0132  0.0003  0.0012
    73  529  662  0.0132  0.0003  0.0012
    74  528  662  0.0132  0.0003  0.0012
    75  527  662  0.0132  0.0003  0.0012
    76  526  662  0.0132  0.0003  0.0012
    77  525  662  0.0132  0.0003  0.0012
    78  524  662  0.0132  0.0003  0.0012
    79  523  662  0.0132  0.0003  0.0012
    80  522  662  0.0132  0.0003  0.0012
    81  521  662  0.0132  0.0003  0.0012
    82  520  662  0.0132  0.0003  0.0012
    83  552  663  0.0132  0.0002  0.0012
    84  553  663  0.0133  0.0003  0.0012
    85  554  663  0.0133  0.0002  0.0012
    86  555  663  0.0133  0.0002  0.0012
    87  556  663  0.0133  0.0002  0.0012
    88  557  663  0.0133  0.0002  0.0012
    89  558  663  0.0133  0.0002  0.0012
    90  559  663  0.0133  0.0002  0.0012
    91  560  663  0.0133  0.0002  0.0012
    92  561  663  0.0133  0.0002  0.0012
    93  509  663  0.0132  0.0003  0.0012
    94  508  663  0.0132  0.0003  0.0012
    95  507  663  0.0132  0.0003  0.0012
    96  506  663  0.0132  0.0003  0.0012
    97  505  663  0.0132  0.0003  0.0012
    98  504  663  0.0132  0.0003  0.0012
    99  503  663  0.0132  0.0003  0.0012
   100  502  663  0.0132  0.0003  0.0012
   101  562  663  0.0133  0.0002  0.0012
   102  500  663  0.0132  0.0003  0.0012
   103  499  663  0.0132  0.0003  0.0012
   104  498  663  0.0132  0.0003  0.0012
   105  497  663  0.0132  0.0003  0.0012
   106  496  663  0.0132  0.0003  0.0012
   107  495  663  0.0132  0.0003  0.0012
   108  494  663  0.0131  0.0003  0.0012
   109  493  663  0.0131  0.0003  0.0012
   110  492  663  0.0131  0.0003  0.0012
   111  491  663  0.0131  0.0003  0.0012
   112  490  663  0.0131  0.0003  0.0012
   113  489  663  0.0131  0.0003  0.0012
   114  488  663  0.0131  0.0003  0.0012
   115  487  663  0.0131  0.0003  0.0012
   116  486  663  0.0131  0.0003  0.0012
   117  485  663  0.0131  0.0003  0.0012
   118  484  663  0.0131  0.0003  0.0012
   119  483  663  0.0132  0.0003  0.0012
   120  482  663  0.0131  0.0003  0.0012
   121  481  663  0.0132  0.0003  0.0012
   122  480  663  0.0132  0.0003  0.0012
   123  479  663  0.0132  0.0003  0.0012
   124  478  663  0.0132  0.0003  0.0012
   125  477  663  0.0132  0.0003  0.0012
   126  611  663  0.0134  0.0002  0.0012
   127  610  663  0.0134  0.0002  0.0012
   128  563  663  0.0133  0.0002  0.0012
   129  564  663  0.0133  0.0002  0.0012
   130  631  663  0.0133  0.0002  0.0012
   131  565  663  0.0133  0.0002  0.0012
   132  566  663  0.0133  0.0002  0.0012
   133  567  663  0.0133  0.0002  0.0012
   134  568  663  0.0133  0.0002  0.0012
   135  569  663  0.0134  0.0002  0.0012
   136  570  663  0.0134  0.0002  0.0012
   137  571  663  0.0134  0.0002  0.0012
   138  572  663  0.0134  0.0002  0.0012
   139  573  663  0.0134  0.0002  0.0012
   140  574  663  0.0134  0.0002  0.0012
   141  575  663  0.0133  0.0002  0.0012
   142  576  663  0.0133  0.0002  0.0012
   143  577  663  0.0133  0.0002  0.0012
   144  578  663  0.0133  0.0002  0.0012
   145  579  663  0.0133  0.0002  0.0012
   146  580  663  0.0133  0.0002  0.0012
   147  581  663  0.0133  0.0002  0.0012
   148  612  663  0.0133  0.0002  0.0012
   151  615  663  0.0133  0.0002  0.0012
   153  617  663  0.0133  0.0002  0.0012
   154  654  663  0.0133  0.0002  0.0012
   155  653  663  0.0133  0.0002  0.0012
   156  652  663  0.0133  0.0002  0.0012
   157  651  663  0.0133  0.0002  0.0012
   158  650  663  0.0132  0.0002  0.0012
   159  649  663  0.0133  0.0002  0.0012
   160  648  663  0.0132  0.0002  0.0012
   161  647  663  0.0132  0.0002  0.0012
   162  646  663  0.0133  0.0002  0.0012
   163  645  663  0.0132  0.0002  0.0012
   164  644  663  0.0133  0.0002  0.0012
   165  643  663  0.0133  0.0002  0.0012
   166  642  663  0.0133  0.0002  0.0012
   167  641  663  0.0132  0.0002  0.0012
   168  640  663  0.0133  0.0002  0.0012
   169  639  663  0.0133  0.0002  0.0012
   170  638  663  0.0133  0.0002  0.0012
   171  637  663  0.0133  0.0002  0.0012
   172  636  663  0.0133  0.0002  0.0012
   173  635  663  0.0133  0.0002  0.0012
   174  634  663  0.0133  0.0002  0.0012
   175  633  663  0.0133  0.0002  0.0012
   176  618  663  0.0133  0.0002  0.0012
   177  619  663  0.0133  0.0002  0.0012
   178  620  663  0.0134  0.0002  0.0012
   179  621  663  0.0134  0.0002  0.0012
   180  622  663  0.0000  0.0000  0.0000
   181  623  663  0.0133  0.0002  0.0012
   182  624  663  0.0134  0.0002  0.0012
   183  625  663  0.0134  0.0002  0.0012
   184  626  663  0.0134  0.0002  0.0012
   185  627  663  0.0134  0.0002  0.0012
   186  628  663  0.0134  0.0002  0.0012
   187  415  663  0.0132  0.0004  0.0012
   188  414  663  0.0131  0.0004  0.0012
   189  413  663  0.0131  0.0004  0.0012
   190  412  663  0.0131  0.0004  0.0012
   191  411  663  0.0131  0.0004  0.0012
   192  410  663  0.0131  0.0004  0.0012
   193  409  663  0.0132  0.0004  0.0012
   194  408  663  0.0132  0.0004  0.0012
   195  407  663  0.0132  0.0004  0.0012
   196  406  663  0.0132  0.0004  0.0012
   197  405  663  0.0131  0.0004  0.0012
   198  629  663  0.0133  0.0002  0.0012
   199  630  663  0.0133  0.0002  0.0012
   200  501  663  0.0132  0.0003  0.0012
   201  632  663  0.0133  0.0002  0.0012
   202  416  664  0.0132  0.0004  0.0012
   203  417  664  0.0132  0.0004  0.0012
   204  418  664  0.0131  0.0004  0.0012
   205  419  664  0.0131  0.0004  0.0012
   206  420  664  0.0132  0.0004  0.0012
   207  421  664  0.0132  0.0004  0.0012
   208  422  664  0.0131  0.0003  0.0012
   209  423  664  0.0131  0.0003  0.0012
   210  424  664  0.0131  0.0003  0.0012
   211  425  664  0.0131  0.0003  0.0012
   212  426  664  0.0131  0.0003  0.0012
   213  655  664  0.0133  0.0002  0.0012
   214  656  664  0.0133  0.0002  0.0012
   215  657  664  0.0133  0.0002  0.0012
   216  658  664  0.0133  0.0002  0.0012
   217  659  664  0.0133  0.0002  0.0012
   218  660  664  0.0133  0.0002  0.0012
   219  664  664  0.0133  0.0001  0.0012
   220  661  664  0.0133  0.0002  0.0012
   221  662  664  0.0133  0.0002  0.0012
   222  663  664  0.0133  0.0002  0.0012
   223  459  664  0.0132  0.0003  0.0012
   224  460  664  0.0132  0.0003  0.0012
   225  461  664  0.0132  0.0003  0.0012
   226  462  664  0.0132  0.0003  0.0012
   227  463  664  0.0132  0.0003  0.0012
   228  464  664  0.0132  0.0003  0.0012
   229  465  664  0.0132  0.0003  0.0012
   230  466  664  0.0131  0.0003  0.0012
   231  467  664  0.0132  0.0003  0.0012
   232  468  664  0.0132  0.0003  0.0012
   233  469  664  0.0132  0.0003  0.0012
   234  470  664  0.0132  0.0003  0.0012
   235  471  664  0.0132  0.0003  0.0012
   236  473  664  0.0132  0.0003  0.0012
   237  474  664  0.0132  0.0003  0.0012
   238  475  664  0.0132  0.0003  0.0012
   239  476  664  0.0132  0.0003  0.0012
   240  582  664  0.0133  0.0002  0.0012
   241  583  664  0.0134  0.0002  0.0012
   242  584  664  0.0134  0.0002  0.0012
   243  585  664  0.0132  0.0002  0.0012
   244  586  664  0.0133  0.0002  0.0012
   245  587  664  0.0132  0.0002  0.0012
   246  588  664  0.0132  0.0002  0.0012
   247  589  664  0.0132  0.0002  0.0012
   248  590  664  0.0133  0.0002  0.0012
   249  591  664  0.0132  0.0002  0.0012
   250  592  664  0.0132  0.0002  0.0012
   251  593  664  0.0132  0.0002  0.0012
   252  594  664  0.0132  0.0002  0.0012
   253  595  664  0.0132  0.0002  0.0012
   254  596  664  0.0133  0.0002  0.0012
   255  597  664  0.0132  0.0002  0.0012
   256  598  664  0.0133  0.0002  0.0012
   257  599  664  0.0133  0.0002  0.0012
   258  600  664  0.0133  0.0002  0.0012
   259  472  664  0.0132  0.0003  0.0012
   260  601  664  0.0133  0.0002  0.0012
   261  427  665  0.0131  0.0003  0.0012
   262  428  665  0.0131  0.0003  0.0012
   263  429  665  0.0131  0.0003  0.0012
   264  430  665  0.0131  0.0003  0.0012
   265  431  665  0.0131  0.0003  0.0012
   266  432  665  0.0131  0.0003  0.0012
   267  433  665  0.0131  0.0003  0.0012
   268  434  665  0.0132  0.0003  0.0012
   269  435  665  0.0132  0.0003  0.0012
   270  436  665  0.0132  0.0003  0.0012
   271  437  665  0.0132  0.0003  0.0012
   272  438  665  0.0132  0.0003  0.0012
   273  439  665  0.0132  0.0003  0.0012
   274  440  665  0.0132  0.0003  0.0012
   275  441  665  0.0132  0.0003  0.0012
   276  442  665  0.0132  0.0003  0.0012
   277  443  665  0.0132  0.0003  0.0012
   278  444  665  0.0132  0.0003  0.0012
   279  445  665  0.0132  0.0003  0.0012
   280  446  665  0.0132  0.0003  0.0012
   281  447  665  0.0132  0.0003  0.0012
   282  448  665  0.0132  0.0003  0.0012
   283  449  665  0.0132  0.0003  0.0012
   284  450  665  0.0132  0.0003  0.0012
   285  451  665  0.0132  0.0003  0.0012
   286  452  665  0.0132  0.0003  0.0012
   287  453  665  0.0132  0.0003  0.0012
   288  454  665  0.0132  0.0003  0.0012
   289  456  665  0.0133  0.0003  0.0012
   290  457  665  0.0132  0.0003  0.0012
   291  458  665  0.0132  0.0003  0.0012
   292  455  665  0.0132  0.0003  0.0012
   293  665  665  0.0133  0.0001  0.0012
   294  666  665  0.0133  0.0001  0.0012
   295  667  665  0.0133  0.0001  0.0012
   296  668  665  0.0133  0.0002  0.0012
   297  669  665  0.0133  0.0001  0.0012
   298  670  665  0.0133  0.0001  0.0012
   299  671  665  0.0133  0.0001  0.0012
   300  672  665  0.0133  0.0001  0.0012
   301  673  665  0.0133  0.0001  0.0012
   302  674  665  0.0133  0.0001  0.0012
   303  675  665  0.0133  0.0001  0.0012
   304  676  665  0.0133  0.0001  0.0012
   305  677  665  0.0133  0.0001  0.0012
   306  678  665  0.0133  0.0001  0.0012
   307  679  665  0.0133  0.0001  0.0012
   308  680  665  0.0133  0.0001  0.0012
   309  681  665  0.0133  0.0001  0.0012
   310  682  665  0.0133  0.0001  0.0012
   311  683  665  0.0133  0.0001  0.0012
   312  684  665  0.0133  0.0001  0.0012
   313  685  665  0.0133  0.0001  0.0012
   314  686  665  0.0133  0.0001  0.0012
   315  687  665  0.0133  0.0001  0.0012
   316  688  665  0.0133  0.0001  0.0012
   317  689  665  0.0133  0.0001  0.0012
   318  690  665  0.0132  0.0001  0.0012
   319  691  665  0.0132  0.0001  0.0012
   320  692  665  0.0133  0.0001  0.0012
   321  693  665  0.0133  0.0001  0.0012
   322  694  665  0.0133  0.0001  0.0012
   323  695  665  0.0133  0.0001  0.0012
   324  696  665  0.0133  0.0001  0.0012
   325  697  665  0.0133  0.0001  0.0012
   326  698  665  0.0133  0.0001  0.0012
   327  699  665  0.0133  0.0001  0.0012
   328  700  665  0.0133  0.0001  0.0012
   329  701  665  0.0133  0.0001  0.0012
   330  702  665  0.0133  0.0001  0.0012

     1  379  772  0.0127  0.0004  0.0013
     2  377  772  0.0127  0.0004  0.0013
     3  378  772  0.0127  0.0004  0.0013
     4  376  772  0.0127  0.0004  0.0013
     5  270  773  0.0127  0.0005  0.0013
     6  271  773  0.0127  0.0005  0.0013
     7  269  773  0.0127  0.0005  0.0013
     8  273  773  0.0127  0.0005  0.0013
     9  274  773  0.0127  0.0005  0.0013
    10  275  773  0.0127  0.0005  0.0013
    11  268  773  0.0127  0.0005  0.0013
    12  267  773  0.0127  0.0005  0.0013
    13  272  773  0.0127  0.0005  0.0013
    14  375  773  0.0127  0.0004  0.0013
    15  374  773  0.0127  0.0004  0.0013
    16  373  773  0.0127  0.0004  0.0013
    17  372  773  0.0127  0.0004  0.0013
    18  371  773  0.0127  0.0004  0.0013
    19  370  773  0.0127  0.0004  0.0013
    20  369  773  0.0127  0.0004  0.0013
    21  368  773  0.0127  0.0004  0.0013
    22  367  773  0.0127  0.0004  0.0013
    23  366  773  0.0127  0.0004  0.0013
    24  365  773  0.0127  0.0004  0.0013
    25  364  773  0.0127  0.0004  0.0013
    26  363  773  0.0127  0.0004  0.0013
    27  362  773  0.0127  0.0004  0.0013
    28  338  773  0.0127  0.0004  0.0013
    29  337  773  0.0127  0.0004  0.0013
    30  336  773  0.0127  0.0004  0.0013
    31  335  773  0.0127  0.0004  0.0013
    32  334  773  0.0127  0.0004  0.0013
    33  333  773  0.0127  0.0004  0.0013
    34  299  773  0.0127  0.0004  0.0013
    35  300  773  0.0127  0.0004  0.0013
    36  301  773  0.0127  0.0004  0.0013
    37  302  773  0.0127  0.0004  0.0013
    38  303  773  0.0127  0.0004  0.0013
    39  304  773  0.0127  0.0004  0.0013
    40  305  773  0.0127  0.0004  0.0013
    41  306  773  0.0127  0.0004  0.0013
    42  307  773  0.0127  0.0004  0.0013
    43  308  773  0.0127  0.0004  0.0013
    44  309  773  0.0127  0.0004  0.0013
    45  310  773  0.0127  0.0004  0.0013
    46  311  773  0.0127  0.0004  0.0013
    47  326  773  0.0127  0.0004  0.0013
    48  327  773  0.0127  0.0004  0.0013
    49  328  773  0.0127  0.0004  0.0013
    50  329  773  0.0127  0.0004  0.0013
    51  330  773  0.0127  0.0004  0.0013
    52  331  773  0.0127  0.0004  0.0013
    53  332  773  0.0127  0.0004  0.0013
    54  266  773  0.0127  0.0005  0.0013
    55  297  774  0.0127  0.0004  0.0013
    56  296  774  0.0127  0.0004  0.0013
    57  295  774  0.0127  0.0004  0.0013
    58  294  774  0.0127  0.0004  0.0013
    59  293  774  0.0127  0.0005  0.0013
    60  339  774  0.0127  0.0004  0.0013
    61  340  774  0.0127  0.0004  0.0013
    62  341  774  0.0127  0.0004  0.0013
    63  342  774  0.0127  0.0004  0.0013
    64  343  774  0.0127  0.0004  0.0013
    65  344  774  0.0127  0.0004  0.0013
    66  345  774  0.0127  0.0004  0.0013
    67  346  774  0.0127  0.0004  0.0013
    68  347  774  0.0127  0.0004  0.0013
    69  348  774  0.0127  0.0004  0.0013
    70  349  774  0.0127  0.0004  0.0013
    71  350  774  0.0127  0.0004  0.0013
    72  351  774  0.0127  0.0004  0.0013
    73  352  774  0.0127  0.0004  0.0013
    74  353  774  0.0127  0.0004  0.0013
    75  354  774  0.0127  0.0004  0.0013
    76  355  774  0.0127  0.0004  0.0013
    77  356  774  0.0127  0.0004  0.0013
    78  357  774  0.0127  0.0004  0.0013
    79  358  774  0.0127  0.0004  0.0013
    80  359  774  0.0127  0.0004  0.0013
    81  360  774  0.0127  0.0004  0.0013
    82  361  774  0.0127  0.0004  0.0013
    83  292  774  0.0127  0.0005  0.0013
    84  291  774  0.0127  0.0005  0.0013
    85  290  774  0.0127  0.0005  0.0013
    86  289  774  0.0127  0.0005  0.0013
    87  288  774  0.0127  0.0005  0.0013
    88  287  774  0.0127  0.0005  0.0013
    89  286  774  0.0127  0.0005  0.0013
    90  285  774  0.0127  0.0005  0.0013
    91  284  774  0.0127  0.0005  0.0013
    92  283  774  0.0127  0.0005  0.0013
    93  282  774  0.0127  0.0005  0.0013
    94  281  774  0.0127  0.0005  0.0013
    95  280  774  0.0127  0.0005  0.0013
    96  279  774  0.0127  0.0005  0.0013
    97  278  774  0.0127  0.0005  0.0013
    98  277  774  0.0127  0.0005  0.0013
    99  276  774  0.0127  0.0005  0.0013
   100  298  774  0.0127  0.0004  0.0013

     1  613  971  0.0122  0.0002  0.0014
     2  614  971  0.0122  0.0002  0.0014
     3  615  971  0.0122  0.0002  0.0014
     4  616  971  0.0122  0.0002  0.0014
     5  617  971  0.0122  0.0002  0.0014
     6  618  971  0.0122  0.0002  0.0014
     7  619  971  0.0122  0.0002  0.0014
     8  620  971  0.0121  0.0002  0.0014
     9  621  971  0.0122  0.0002  0.0014
    10  622  971  0.0122  0.0002  0.0014
    11  623  971  0.0122  0.0002  0.0014
    12  624  971  0.0122  0.0002  0.0014
    13  710  971  0.0122  0.0001  0.0014
    14  709  971  0.0122  0.0001  0.0014
    15  708  971  0.0122  0.0001  0.0014
    16  707  971  0.0122  0.0001  0.0014
    17  706  971  0.0122  0.0001  0.0014
    18  705  971  0.0122  0.0001  0.0014
    19  704  971  0.0122  0.0001  0.0014
    20  703  971  0.0122  0.0001  0.0014
    21  702  971  0.0122  0.0001  0.0014
    22  701  971  0.0122  0.0001  0.0014
    23  700  971  0.0121  0.0001  0.0014
    24  699  971  0.0121  0.0001  0.0014
    25  698  971  0.0121  0.0001  0.0014
    26  697  971  0.0121  0.0001  0.0014
    27  696  971  0.0121  0.0001  0.0014
    28  695  971  0.0121  0.0001  0.0014
    29  694  971  0.0121  0.0001  0.0014
    30  693  971  0.0121  0.0001  0.0014
    31  692  971  0.0121  0.0001  0.0014
    32  691  971  0.0122  0.0001  0.0014
    33  690  971  0.0121  0.0001  0.0014
    34  689  971  0.0123  0.0001  0.0014
    35  688  971  0.0122  0.0001  0.0014
    36  687  971  0.0122  0.0001  0.0014
    37  686  971  0.0121  0.0001  0.0014
    38  685  971  0.0121  0.0001  0.0014
    39  684  971  0.0122  0.0001  0.0014
    40  683  971  0.0121  0.0001  0.0014
    41  724  971  0.0122  0.0001  0.0014
    42  723  971  0.0121  0.0001  0.0014
    43  722  971  0.0122  0.0001  0.0014
    44  721  971  0.0122  0.0001  0.0014
    45  720  971  0.0122  0.0001  0.0014
    46  719  971  0.0122  0.0001  0.0014
    47  718  971  0.0122  0.0001  0.0014
    48  717  971  0.0122  0.0001  0.0014
    49  716  971  0.0122  0.0001  0.0014
    50  715  971  0.0122  0.0001  0.0014
    51  714  971  0.0122  0.0001  0.0014
    52  713  971  0.0122  0.0001  0.0014
    53  712  971  0.0122  0.0001  0.0014
    54  682  971  0.0121  0.0001  0.0014
    55  681  971  0.0121  0.0001  0.0014
    56  711  971  0.0122  0.0001  0.0014
    57  669  972  0.0122  0.0001  0.0014
    58  670  972  0.0122  0.0001  0.0014
    59  671  972  0.0121  0.0001  0.0014
    60  672  972  0.0121  0.0001  0.0014
    61  673  972  0.0121  0.0001  0.0014
    62  674  972  0.0121  0.0001  0.0014
    63  675  972  0.0121  0.0001  0.0014
    64  676  972  0.0121  0.0001  0.0014
    65  677  972  0.0121  0.0001  0.0014
    66  678  972  0.0121  0.0001  0.0014
    67  679  972  0.0121  0.0001  0.0014
    68  680  972  0.0121  0.0001  0.0014
    69  667  972  0.0122  0.0001  0.0014
    70  666  972  0.0121  0.0001  0.0014
    71  725  972  0.0121  0.0001  0.0014
    72  726  972  0.0121  0.0001  0.0014
    73  727  972  0.0121  0.0001  0.0014
    74  728  972  0.0122  0.0001  0.0014
    75  729  972  0.0122  0.0001  0.0014
    76  730  972  0.0122  0.0001  0.0014
    77  646  972  0.0121  0.0002  0.0014
    78  645  972  0.0121  0.0002  0.0014
    79  644  972  0.0121  0.0002  0.0014
    80  643  972  0.0122  0.0002  0.0014
    81  642  972  0.0122  0.0002  0.0014
    82  641  972  0.0121  0.0002  0.0014
    83  640  972  0.0121  0.0002  0.0014
    84  639  972  0.0121  0.0002  0.0014
    85  638  972  0.0121  0.0002  0.0014
    86  637  972  0.0122  0.0002  0.0014
    87  636  972  0.0122  0.0002  0.0014
    88  635  972  0.0122  0.0002  0.0014
    89  634  972  0.0121  0.0002  0.0014
    90  633  972  0.0122  0.0002  0.0014
    91  632  972  0.0121  0.0002  0.0014
    92  631  972  0.0122  0.0002  0.0014
    93  630  972  0.0122  0.0002  0.0014
    94  629  972  0.0122  0.0002  0.0014
    95  628  972  0.0121  0.0002  0.0014
    96  627  972  0.0122  0.0002  0.0014
    97  626  972  0.0122  0.0002  0.0014
    98  625  972  0.0122  0.0002  0.0014
    99  668  972  0.0122  0.0001  0.0014
   100  731  972  0.0122  0.0001  0.0014
   101  664  973  0.0121  0.0001  0.0014
   102  663  973  0.0121  0.0001  0.0014
   103  662  973  0.0122  0.0002  0.0014
   104  661  973  0.0121  0.0001  0.0014
   105  660  973  0.0121  0.0002  0.0014
   106  659  973  0.0121  0.0001  0.0014
   107  658  973  0.0121  0.0002  0.0014
   108  657  973  0.0121  0.0001  0.0014
   109  656  973  0.0121  0.0002  0.0014
   110  655  973  0.0121  0.0002  0.0014
   111  654  973  0.0121  0.0002  0.0014
   112  653  973  0.0121  0.0002  0.0014
   113  652  973  0.0121  0.0002  0.0014
   114  651  973  0.0122  0.0002  0.0014
   115  650  973  0.0122  0.0002  0.0014
   116  649  973  0.0121  0.0002  0.0014
   117  648  973  0.0121  0.0002  0.0014
   118  647  973  0.0121  0.0002  0.0014
   119  665  973  0.0121  0.0001  0.0014

    1  769  805  0.0127  0.0001  0.0013
    2  770  805  0.0127  0.0001  0.0013
    3  771  805  0.0127  0.0001  0.0013
    4  768  805  0.0127  0.0001  0.0013
    5  772  806  0.0127  0.0001  0.0013
    6  773  806  0.0127  0.0001  0.0013
    7  774  806  0.0127  0.0001  0.0013
    8  775  806  0.0127  0.0001  0.0013
    9  776  806  0.0127  0.0001  0.0013
   10  777  806  0.0127  0.0001  0.0013
   11  778  806  0.0127  0.0001  0.0013
   12  779  806  0.0127  0.0001  0.0013
   13  780  806  0.0127  0.0001  0.0013
   14  781  806  0.0127  0.0001  0.0013
   15  782  806  0.0127  0.0001  0.0013
   16  783  806  0.0127  0.0001  0.0013
   17  784  806  0.0127  0.0001  0.0013
   18  785  806  0.0127  0.0001  0.0013
   19  786  806  0.0127  0.0001  0.0013
   20  787  806  0.0127  0.0001  0.0013
   21  788  806  0.0127  0.0001  0.0013
   22  789  806  0.0127  0.0001  0.0013
   23  790  806  0.0127  0.0001  0.0013
   24  791  807  0.0126  0.0001  0.0013
   25  792  807  0.0127  0.0001  0.0013
   26  793  807  0.0127  0.0001  0.0013
   27  794  807  0.0127  0.0001  0.0013
   28  795  807  0.0127  0.0001  0.0013
   29  796  807  0.0127  0.0001  0.0013
   30  798  807  0.0127  0.0001  0.0013
   31  797  807  0.0127  0.0001  0.0013
   32  801  808  0.0127  0.0001  0.0013
   33  800  808  0.0127  0.0001  0.0013
   34  799  808  0.0127  0.0001  0.0013
   35  804  808  0.0127  0.0001  0.0013
   36  803  808  0.0127  0.0001  0.0013
   37  802  808  0.0127  0.0001  0.0013
   38  806  809  0.0127  0.0001  0.0013
   39  807  809  0.0127  0.0001  0.0013
   40  808  809  0.0127  0.0001  0.0013
   41  809  809  0.0127  0.0001  0.0013
   42  805  809  0.0127  0.0001  0.0013
   43  810  810  0.0127  0.0001  0.0013
   44  811  810  0.0127  0.0001  0.0013
   45  812  810  0.0127  0.0001  0.0013
   46  813  810  0.0127  0.0001  0.0013
   47  815  811  0.0127  0.0001  0.0013
   48  816  811  0.0127  0.0001  0.0013
   49  817  811  0.0128  0.0001  0.0013
   50  818  811  0.0127  0.0001  0.0013
   51  814  811  0.0127  0.0001  0.0013
   52  819  812  0.0127  0.0001  0.0013
   53  820  812  0.0127  0.0001  0.0013
   54  821  812  0.0127  0.0001  0.0013
   55  822  812  0.0127  0.0001  0.0013
   56  823  812  0.0127  0.0001  0.0013
   57  824  812  0.0127  0.0001  0.0013
   58  825  812  0.0127  0.0001  0.0013
   59  826  812  0.0127  0.0001  0.0013
   60  827  812  0.0127  0.0001  0.0013
   61  828  812  0.0127  0.0001  0.0013
   62  829  812  0.0127  0.0001  0.0013
   63  830  812  0.0127  0.0001  0.0013
   64  831  812  0.0127  0.0001  0.0013
   65  832  812  0.0127  0.0001  0.0013
   66  833  812  0.0127  0.0001  0.0013

     1  404  934  0.0122  0.0003  0.0014
     2  403  934  0.0122  0.0003  0.0014
     3  402  934  0.0121  0.0004  0.0014
     4  258  935  0.0121  0.0005  0.0014
     5  256  935  0.0121  0.0005  0.0014
     6  260  935  0.0121  0.0005  0.0014
     7  261  935  0.0121  0.0005  0.0014
     8  262  935  0.0121  0.0005  0.0014
     9  255  935  0.0121  0.0005  0.0014
    10  259  935  0.0121  0.0005  0.0014
    11  257  935  0.0121  0.0005  0.0014
    12  401  935  0.0121  0.0004  0.0014
    13  400  935  0.0122  0.0004  0.0014
    14  399  935  0.0122  0.0004  0.0014
    15  398  935  0.0122  0.0004  0.0014
    16  397  935  0.0122  0.0004  0.0014
    17  396  935  0.0122  0.0004  0.0014
    18  395  935  0.0122  0.0004  0.0014
    19  394  935  0.0122  0.0004  0.0014
    20  393  935  0.0122  0.0004  0.0014
    21  392  935  0.0122  0.0004  0.0014
    22  254  935  0.0121  0.0005  0.0014
    23  276  936  0.0121  0.0005  0.0014
    24  277  936  0.0121  0.0004  0.0014
    25  278  936  0.0121  0.0004  0.0014
    26  279  936  0.0121  0.0004  0.0014
    27  280  936  0.0121  0.0004  0.0014
    28  378  936  0.0122  0.0004  0.0014
    29  377  936  0.0121  0.0004  0.0014
    30  376  936  0.0121  0.0004  0.0014
    31  275  936  0.0121  0.0005  0.0014
    32  379  936  0.0122  0.0004  0.0014
    33  380  936  0.0121  0.0004  0.0014
    34  381  936  0.0121  0.0004  0.0014
    35  382  936  0.0122  0.0004  0.0014
    36  383  936  0.0122  0.0004  0.0014
    37  384  936  0.0122  0.0004  0.0014
    38  385  936  0.0122  0.0004  0.0014
    39  386  936  0.0122  0.0004  0.0014
    40  387  936  0.0121  0.0004  0.0014
    41  388  936  0.0122  0.0004  0.0014
    42  389  936  0.0122  0.0004  0.0014
    43  390  936  0.0122  0.0004  0.0014
    44  391  936  0.0122  0.0004  0.0014
    45  274  936  0.0121  0.0004  0.0014
    46  263  936  0.0121  0.0005  0.0014
    47  264  936  0.0121  0.0005  0.0014
    48  265  936  0.0121  0.0005  0.0014
    49  266  936  0.0121  0.0005  0.0014
    50  267  936  0.0121  0.0005  0.0014
    51  268  936  0.0121  0.0005  0.0014
    52  269  936  0.0121  0.0005  0.0014
    53  270  936  0.0121  0.0005  0.0014
    54  271  936  0.0121  0.0005  0.0014
    55  272  936  0.0121  0.0005  0.0014
    56  273  936  0.0121  0.0005  0.0014
    57  298  937  0.0121  0.0004  0.0014
    58  297  937  0.0121  0.0004  0.0014
    59  296  937  0.0121  0.0004  0.0014
    60  295  937  0.0121  0.0004  0.0014
    61  294  937  0.0121  0.0004  0.0014
    62  293  937  0.0121  0.0004  0.0014
    63  292  937  0.0121  0.0004  0.0014
    64  291  937  0.0121  0.0004  0.0014
    65  290  937  0.0121  0.0004  0.0014
    66  289  937  0.0121  0.0004  0.0014
    67  288  937  0.0121  0.0004  0.0014
    68  287  937  0.0121  0.0004  0.0014
    69  286  937  0.0121  0.0004  0.0014
    70  323  937  0.0121  0.0004  0.0014
    71  324  937  0.0121  0.0004  0.0014
    72  325  937  0.0121  0.0004  0.0014
    73  326  937  0.0121  0.0004  0.0014
    74  327  937  0.0121  0.0004  0.0014
    75  285  937  0.0121  0.0004  0.0014
    76  284  937  0.0121  0.0004  0.0014
    77  330  937  0.0121  0.0004  0.0014
    78  331  937  0.0121  0.0004  0.0014
    79  332  937  0.0121  0.0004  0.0014
    80  333  937  0.0121  0.0004  0.0014
    81  334  937  0.0121  0.0004  0.0014
    82  335  937  0.0121  0.0004  0.0014
    83  336  937  0.0121  0.0004  0.0014
    84  337  937  0.0121  0.0004  0.0014
    85  338  937  0.0121  0.0004  0.0014
    86  339  937  0.0121  0.0004  0.0014
    87  340  937  0.0121  0.0004  0.0014
    88  341  937  0.0121  0.0004  0.0014
    89  342  937  0.0121  0.0004  0.0014
    90  343  937  0.0121  0.0004  0.0014
    91  344  937  0.0121  0.0004  0.0014
    92  345  937  0.0121  0.0004  0.0014
    93  346  937  0.0121  0.0004  0.0014
    94  347  937  0.0121  0.0004  0.0014
    95  348  937  0.0121  0.0004  0.0014
    96  349  937  0.0121  0.0004  0.0014
    97  350  937  0.0121  0.0004  0.0014
    98  351  937  0.0121  0.0004  0.0014
    99  352  937  0.0121  0.0004  0.0014
   100  353  937  0.0121  0.0004  0.0014
   101  354  937  0.0121  0.0004  0.0014
   102  355  937  0.0121  0.0004  0.0014
   103  356  937  0.0121  0.0004  0.0014
   104  357  937  0.0121  0.0004  0.0014
   105  358  937  0.0121  0.0004  0.0014
   106  359  937  0.0121  0.0004  0.0014
   107  360  937  0.0121  0.0004  0.0014
   108  361  937  0.0121  0.0004  0.0014
   109  362  937  0.0121  0.0004  0.0014
   110  363  937  0.0121  0.0004  0.0014
   111  364  937  0.0121  0.0004  0.0014
   112  365  937  0.0121  0.0004  0.0014
   113  366  937  0.0121  0.0004  0.0014
   114  367  937  0.0121  0.0004  0.0014
   115  368  937  0.0121  0.0004  0.0014
   116  369  937  0.0121  0.0004  0.0014
   117  370  937  0.0121  0.0004  0.0014
   118  371  937  0.0121  0.0004  0.0014
   119  372  937  0.0121  0.0004  0.0014
   120  373  937  0.0121  0.0004  0.0014
   121  374  937  0.0122  0.0004  0.0014
   122  375  937  0.0122  0.0004  0.0014
   123  283  937  0.0121  0.0004  0.0014
   124  282  937  0.0121  0.0004  0.0014
   125  281  937  0.0121  0.0005  0.0014
   126  328  937  0.0121  0.0004  0.0014
   127  329  937  0.0121  0.0004  0.0014
   128  321  938  0.0121  0.0004  0.0014
   129  320  938  0.0121  0.0004  0.0014
   130  319  938  0.0121  0.0004  0.0014
   131  318  938  0.0121  0.0004  0.0014
   132  317  938  0.0121  0.0004  0.0014
   133  316  938  0.0121  0.0004  0.0014
   134  315  938  0.0121  0.0004  0.0014
   135  314  938  0.0121  0.0004  0.0014
   136  313  938  0.0121  0.0004  0.0014
   137  312  938  0.0121  0.0004  0.0014
   138  311  938  0.0121  0.0004  0.0014
   139  310  938  0.0121  0.0004  0.0014
   140  309  938  0.0121  0.0004  0.0014
   141  308  938  0.0121  0.0004  0.0014
   142  307  938  0.0121  0.0004  0.0014
   143  306  938  0.0121  0.0004  0.0014
   144  305  938  0.0121  0.0004  0.0014
   145  304  938  0.0121  0.0004  0.0014
   146  303  938  0.0121  0.0004  0.0014
   147  302  938  0.0121  0.0004  0.0014
   148  301  938  0.0121  0.0004  0.0014
   149  300  938  0.0121  0.0004  0.0014
   150  299  938  0.0121  0.0004  0.0014
   151  322  938  0.0121  0.0004  0.0014
