; ENVI Output of ROIs (5.4) [Tue Aug 13 15:43:47 2019]
; Number of ROIs: 6
; File Dimension: 1328 x 1184
;
; ROI name: Region #1
; ROI rgb value: {255, 0, 0}
; ROI npts: 189
;
; ROI name: Region #2
; ROI rgb value: {0, 255, 0}
; ROI npts: 330
;
; ROI name: Region #3
; ROI rgb value: {0, 0, 255}
; ROI npts: 100
;
; ROI name: Region #4
; ROI rgb value: {255, 255, 0}
; ROI npts: 119
;
; ROI name: Region #5
; ROI rgb value: {0, 255, 255}
; ROI npts: 66
;
; ROI name: Region #6
; ROI rgb value: {255, 0, 255}
; ROI npts: 151
;   ID    X    Y         B1         B2         B3
     1  235  680  -114.5959   158.1642   -27.1011
     2  233  680  -114.5951   158.1650   -27.1012
     3  232  680  -114.5919   158.1653   -27.1014
     4  231  680  -114.5930   158.1657   -27.1014
     5  230  680  -114.5941   158.1661   -27.1013
     6  229  680  -114.5948   158.1665   -27.1013
     7  228  680  -114.5940   158.1669   -27.1013
     8  227  680  -114.5959   158.1673   -27.1012
     9  226  680  -114.5971   158.1678   -27.1012
    10  225  680  -114.5946   158.1681   -27.1013
    11  102  680  -114.6187   158.2168   -27.1010
    12  103  680  -114.6171   158.2163   -27.1011
    13  104  680  -114.6186   158.2160   -27.1010
    14  105  680  -114.6170   158.2155   -27.1011
    15  106  680  -114.6132   158.2150   -27.1014
    16  107  680  -114.6133   158.2146   -27.1013
    17  108  680  -114.6151   158.2143   -27.1012
    18  109  680  -114.6125   158.2137   -27.1014
    19  110  680  -114.6110   158.2133   -27.1015
    20  111  680  -114.6099   158.2129   -27.1015
    21  112  680  -114.6081   158.2124   -27.1016
    22  113  680  -114.6081   158.2120   -27.1016
    23  114  680  -114.6085   158.2116   -27.1016
    24  115  680  -114.6073   158.2112   -27.1016
    25  116  680  -114.6132   158.2111   -27.1013
    26  117  680  -114.6075   158.2104   -27.1016
    27  118  680  -114.6072   158.2100   -27.1016
    28  224  680  -114.5968   158.1685   -27.1012
    29  223  680  -114.5954   158.1689   -27.1013
    30  171  680  -114.5873   158.1886   -27.1024
    31  170  680  -114.5922   158.1892   -27.1020
    32  169  680  -114.5936   158.1897   -27.1019
    33  168  680  -114.5948   158.1901   -27.1019
    34  167  680  -114.5957   158.1905   -27.1018
    35  166  680  -114.5956   158.1909   -27.1019
    36  165  680  -114.5950   158.1913   -27.1019
    37  164  680  -114.5942   158.1916   -27.1020
    38  234  680  -114.5970   158.1647   -27.1011
    39  145  680  -114.6047   158.1994   -27.1015
    40  144  680  -114.6049   158.1998   -27.1015
    41  132  680  -114.6056   158.2045   -27.1016
    42  133  680  -114.6050   158.2041   -27.1017
    43  134  680  -114.6053   158.2037   -27.1016
    44  135  680  -114.6078   158.2035   -27.1014
    45  136  680  -114.6058   158.2030   -27.1016
    46  137  680  -114.6019   158.2024   -27.1018
    47  138  680  -114.6072   158.2023   -27.1014
    48  139  680  -114.6025   158.2017   -27.1017
    49  140  680  -114.6071   158.2015   -27.1014
    50  141  680  -114.6027   158.2009   -27.1017
    51  142  680  -114.6045   158.2006   -27.1016
    52  143  680  -114.6006   158.2000   -27.1018
    53  131  681  -114.6062   158.2049   -27.1012
    54  130  681  -114.6041   158.2052   -27.1013
    55  146  681  -114.6003   158.1989   -27.1014
    56  147  681  -114.6042   158.1987   -27.1011
    57  148  681  -114.6063   158.1984   -27.1009
    58  149  681  -114.6083   158.1981   -27.1008
    59  150  681  -114.5866   158.1967   -27.1023
    60  151  681  -114.5898   158.1964   -27.1021
    61  152  681  -114.5942   158.1963   -27.1017
    62  153  681  -114.5978   158.1960   -27.1015
    63  154  681  -114.6043   158.1960   -27.1010
    64  155  681  -114.6001   158.1954   -27.1012
    65  156  681  -114.6069   158.1953   -27.1007
    66  157  681  -114.6015   158.1947   -27.1011
    67  129  681  -114.6049   158.2057   -27.1013
    68  159  681  -114.5910   158.1934   -27.1018
    69  160  681  -114.5952   158.1932   -27.1015
    70  161  681  -114.5964   158.1929   -27.1014
    71  162  681  -114.5945   158.1924   -27.1016
    72  163  681  -114.5947   158.1920   -27.1016
    73  128  681  -114.6042   158.2060   -27.1014
    74  127  681  -114.6044   158.2064   -27.1014
    75  126  681  -114.6069   158.2069   -27.1012
    76  125  681  -114.6048   158.2072   -27.1013
    77  124  681  -114.6071   158.2077   -27.1012
    78  123  681  -114.6060   158.2080   -27.1013
    79  122  681  -114.6061   158.2084   -27.1013
    80  121  681  -114.6063   158.2088   -27.1013
    81  172  681  -114.5899   158.1884   -27.1018
    82  173  681  -114.5913   158.1880   -27.1017
    83  174  681  -114.5918   158.1877   -27.1017
    84  261  681  -114.5965   158.1542   -27.1004
    85  260  681  -114.5966   158.1546   -27.1004
    86  259  681  -114.5956   158.1550   -27.1005
    87  258  681  -114.5954   158.1553   -27.1005
    88  257  681  -114.5951   158.1557   -27.1005
    89  256  681  -114.5959   158.1561   -27.1005
    90  255  681  -114.5948   158.1565   -27.1006
    91  254  681  -114.5945   158.1569   -27.1006
    92  253  681  -114.5937   158.1572   -27.1007
    93  252  681  -114.5948   158.1576   -27.1006
    94  251  681  -114.5952   158.1581   -27.1006
    95  250  681  -114.5946   158.1584   -27.1006
    96  249  681  -114.5935   158.1588   -27.1007
    97  248  681  -114.5942   158.1592   -27.1007
    98  247  681  -114.5938   158.1595   -27.1007
    99  246  681  -114.5933   158.1599   -27.1008
   100  245  681  -114.5938   158.1603   -27.1007
   101  244  681  -114.5935   158.1607   -27.1008
   102  243  681  -114.5923   158.1610   -27.1009
   103  194  681  -114.5951   158.1801   -27.1012
   104  195  681  -114.5990   158.1799   -27.1009
   105  196  681  -114.6063   158.1798   -27.1004
   106  197  681  -114.6020   158.1792   -27.1007
   107  198  681  -114.6064   158.1790   -27.1004
   108  199  681  -114.5928   158.1781   -27.1013
   109  200  681  -114.5880   158.1775   -27.1016
   110  201  681  -114.5885   158.1771   -27.1016
   111  202  681  -114.5886   158.1767   -27.1015
   112  203  681  -114.5880   158.1763   -27.1016
   113  204  681  -114.5870   158.1759   -27.1016
   114  205  681  -114.5812   158.1752   -27.1020
   115  206  681  -114.5856   158.1750   -27.1017
   116  207  681  -114.5890   158.1748   -27.1015
   117  208  681  -114.5901   158.1745   -27.1014
   118  209  681  -114.5928   158.1742   -27.1012
   119  210  681  -114.5870   158.1736   -27.1016
   120  211  681  -114.5916   158.1734   -27.1013
   121  120  681  -114.6054   158.2092   -27.1013
   122  119  681  -114.6078   158.2097   -27.1012
   123  101  681  -114.6212   158.2173   -27.1005
   124  100  681  -114.6219   158.2177   -27.1004
   125   99  681  -114.6239   158.2182   -27.1003
   126   98  681  -114.6245   158.2186   -27.1003
   127   97  681  -114.6289   158.2192   -27.1000
   128   96  681  -114.6292   158.2197   -27.1000
   129   95  681  -114.6302   158.2201   -27.0999
   130   94  681  -114.6301   158.2205   -27.1000
   131   93  681  -114.6319   158.2209   -27.0998
   132  158  681  -114.5990   158.1942   -27.1013
   133   92  681  -114.6357   158.2215   -27.0996
   134  236  681  -114.5964   158.1639   -27.1007
   135  237  681  -114.5959   158.1635   -27.1007
   136  238  681  -114.5946   158.1630   -27.1008
   137  239  681  -114.5937   158.1626   -27.1008
   138  240  681  -114.5902   158.1621   -27.1010
   139  241  681  -114.5934   158.1618   -27.1008
   140  242  681  -114.5932   158.1614   -27.1008
   141  262  681  -114.5974   158.1539   -27.1003
   142  192  682  -114.6113   158.1816   -27.0997
   143  191  682  -114.6112   158.1819   -27.0998
   144  190  682  -114.6076   158.1822   -27.1000
   145  189  682  -114.6058   158.1825   -27.1002
   146  188  682  -114.5991   158.1826   -27.1006
   147  187  682  -114.5985   158.1830   -27.1007
   148  186  682  -114.5909   158.1830   -27.1012
   149  185  682  -114.5955   158.1836   -27.1009
   150  184  682  -114.6007   158.1842   -27.1006
   151  183  682  -114.5977   158.1845   -27.1008
   152  182  682  -114.5962   158.1848   -27.1009
   153  181  682  -114.5984   158.1853   -27.1008
   154  180  682  -114.5965   158.1856   -27.1009
   155  179  682  -114.5967   158.1860   -27.1009
   156  178  682  -114.5965   158.1863   -27.1009
   157  177  682  -114.5958   158.1867   -27.1010
   158  176  682  -114.5951   158.1870   -27.1011
   159  175  682  -114.5934   158.1874   -27.1012
   160  193  682  -114.6002   158.1807   -27.1005
   161  263  682  -114.5980   158.1535   -27.0999
   162  264  682  -114.5979   158.1531   -27.0999
   163  265  682  -114.6006   158.1528   -27.0997
   164  266  682  -114.6019   158.1525   -27.0995
   165  267  682  -114.6019   158.1521   -27.0995
   166  268  682  -114.5972   158.1516   -27.0999
   167  269  682  -114.5984   158.1512   -27.0997
   168  270  682  -114.5989   158.1508   -27.0997
   169  271  682  -114.6019   158.1506   -27.0995
   170  272  682  -114.6026   158.1502   -27.0994
   171  273  682  -114.6051   158.1499   -27.0992
   172  274  682  -114.6056   158.1496   -27.0992
   173  275  682  -114.6058   158.1492   -27.0992
   174  276  682  -114.6036   158.1487   -27.0993
   175  277  682  -114.6049   158.1484   -27.0992
   176  278  682  -114.5995   158.1478   -27.0996
   177  279  682  -114.5973   158.1473   -27.0998
   178  280  682  -114.5947   158.1468   -27.0999
   179  281  682  -114.5936   158.1464   -27.1000
   180  282  682  -114.5896   158.1458   -27.1003
   181  283  682  -114.5885   158.1454   -27.1004
   182  284  682  -114.5888   158.1451   -27.1003
   183  285  682  -114.5899   158.1447   -27.1003
   184  286  682  -114.5915   158.1444   -27.1001
   185  287  682  -114.5917   158.1440   -27.1001
   186  288  682  -114.5926   158.1436   -27.1001
   187  289  682  -114.5827   158.1429   -27.1008
   188  290  682  -114.5826   158.1425   -27.1008
   189  291  682  -114.5821   158.1421   -27.1008

     1  365  661  -114.6008   158.1138   -27.1066
     2  367  661  -114.6007   158.1131   -27.1066
     3  368  661  -114.6009   158.1127   -27.1066
     4  369  661  -114.6031   158.1123   -27.1064
     5  370  661  -114.6043   158.1120   -27.1063
     6  371  661  -114.6066   158.1117   -27.1061
     7  372  661  -114.5946   158.1109   -27.1070
     8  373  661  -114.5959   158.1106   -27.1069
     9  374  661  -114.5968   158.1102   -27.1068
    10  375  661  -114.5969   158.1098   -27.1068
    11  376  661  -114.5974   158.1095   -27.1067
    12  377  661  -114.5983   158.1091   -27.1066
    13  378  661  -114.5892   158.1084   -27.1072
    14  379  661  -114.5920   158.1081   -27.1070
    15  366  661  -114.6003   158.1134   -27.1067
    16  388  662  -114.6039   158.1050   -27.1057
    17  387  662  -114.5989   158.1053   -27.1060
    18  386  662  -114.5992   158.1057   -27.1060
    19  385  662  -114.5949   158.1059   -27.1063
    20  389  662  -114.6079   158.1047   -27.1054
    21  383  662  -114.5935   158.1066   -27.1064
    22  382  662  -114.5935   158.1070   -27.1064
    23  381  662  -114.5931   158.1074   -27.1065
    24  380  662  -114.5942   158.1078   -27.1065
    25  390  662  -114.5935   158.1039   -27.1063
    26  391  662  -114.5978   158.1037   -27.1059
    27  392  662  -114.5958   158.1032   -27.1062
    28  393  662  -114.5985   158.1029   -27.1059
    29  394  662  -114.5992   158.1026   -27.1059
    30  395  662  -114.5985   158.1021   -27.1059
    31  396  662  -114.5984   158.1017   -27.1059
    32  397  662  -114.5974   158.1013   -27.1060
    33  398  662  -114.5991   158.1010   -27.1059
    34  399  662  -114.6022   158.1007   -27.1056
    35  400  662  -114.6026   158.1003   -27.1055
    36  404  662  -114.6017   158.0987   -27.1058
    37  403  662  -114.5972   158.0990   -27.1061
    38  384  662  -114.5936   158.1063   -27.1064
    39  401  662  -114.5804   158.0993   -27.1071
    40  402  662  -114.5942   158.0993   -27.1064
    41  510  662  -114.6095   158.0577   -27.1040
    42  511  662  -114.6082   158.0573   -27.1041
    43  512  662  -114.6097   158.0569   -27.1040
    44  513  662  -114.6109   158.0566   -27.1039
    45  514  662  -114.6137   158.0562   -27.1037
    46  515  662  -114.6160   158.0559   -27.1036
    47  516  662  -114.6120   158.0554   -27.1039
    48  517  662  -114.6173   158.0551   -27.1035
    49  518  662  -114.6097   158.0546   -27.1040
    50  519  662  -114.6119   158.0543   -27.1038
    51  551  662  -114.6376   158.0422   -27.1018
    52  550  662  -114.6332   158.0426   -27.1021
    53  549  662  -114.6285   158.0429   -27.1024
    54  548  662  -114.6132   158.0430   -27.1034
    55  547  662  -114.6153   158.0434   -27.1033
    56  546  662  -114.6250   158.0440   -27.1027
    57  545  662  -114.6238   158.0443   -27.1028
    58  544  662  -114.6225   158.0447   -27.1029
    59  543  662  -114.6220   158.0451   -27.1029
    60  542  662  -114.6209   158.0455   -27.1030
    61  541  662  -114.6189   158.0458   -27.1032
    62  540  662  -114.6170   158.0462   -27.1033
    63  539  662  -114.6151   158.0465   -27.1034
    64  538  662  -114.6160   158.0469   -27.1034
    65  537  662  -114.6179   158.0474   -27.1033
    66  536  662  -114.6152   158.0477   -27.1034
    67  535  662  -114.6164   158.0481   -27.1034
    68  534  662  -114.6122   158.0484   -27.1037
    69  533  662  -114.6112   158.0488   -27.1037
    70  532  662  -114.6076   158.0491   -27.1040
    71  531  662  -114.6176   158.0497   -27.1033
    72  530  662  -114.6188   158.0501   -27.1032
    73  529  662  -114.6162   158.0504   -27.1034
    74  528  662  -114.6157   158.0508   -27.1035
    75  527  662  -114.6111   158.0511   -27.1038
    76  526  662  -114.6148   158.0516   -27.1036
    77  525  662  -114.6164   158.0520   -27.1035
    78  524  662  -114.6096   158.0523   -27.1040
    79  523  662  -114.6076   158.0526   -27.1041
    80  522  662  -114.6074   158.0530   -27.1041
    81  521  662  -114.6124   158.0535   -27.1038
    82  520  662  -114.6135   158.0539   -27.1037
    83  552  663  -114.6168   158.0415   -27.1027
    84  553  663  -114.6428   158.0415   -27.1011
    85  554  663  -114.6303   158.0410   -27.1019
    86  555  663  -114.6232   158.0405   -27.1022
    87  556  663  -114.6272   158.0401   -27.1020
    88  557  663  -114.6264   158.0397   -27.1020
    89  558  663  -114.6279   158.0394   -27.1019
    90  559  663  -114.6327   158.0390   -27.1015
    91  560  663  -114.6280   158.0386   -27.1018
    92  561  663  -114.6210   158.0381   -27.1023
    93  509  663  -114.6107   158.0582   -27.1035
    94  508  663  -114.6081   158.0585   -27.1038
    95  507  663  -114.6053   158.0588   -27.1040
    96  506  663  -114.6058   158.0592   -27.1039
    97  505  663  -114.6057   158.0596   -27.1039
    98  504  663  -114.6070   158.0600   -27.1038
    99  503  663  -114.6037   158.0603   -27.1041
   100  502  663  -114.6006   158.0607   -27.1043
   101  562  663  -114.6209   158.0377   -27.1023
   102  500  663  -114.6054   158.0616   -27.1040
   103  499  663  -114.6029   158.0619   -27.1041
   104  498  663  -114.6008   158.0622   -27.1043
   105  497  663  -114.6008   158.0626   -27.1043
   106  496  663  -114.6002   158.0630   -27.1044
   107  495  663  -114.5993   158.0634   -27.1045
   108  494  663  -114.5980   158.0637   -27.1046
   109  493  663  -114.5959   158.0641   -27.1048
   110  492  663  -114.5933   158.0644   -27.1050
   111  491  663  -114.5935   158.0648   -27.1050
   112  490  663  -114.5931   158.0652   -27.1050
   113  489  663  -114.5967   158.0656   -27.1048
   114  488  663  -114.5912   158.0659   -27.1052
   115  487  663  -114.5892   158.0663   -27.1053
   116  486  663  -114.5920   158.0667   -27.1051
   117  485  663  -114.5927   158.0671   -27.1050
   118  484  663  -114.5924   158.0675   -27.1051
   119  483  663  -114.5989   158.0680   -27.1046
   120  482  663  -114.5962   158.0683   -27.1048
   121  481  663  -114.5979   158.0688   -27.1047
   122  480  663  -114.5966   158.0691   -27.1048
   123  479  663  -114.6016   158.0696   -27.1044
   124  478  663  -114.5981   158.0699   -27.1047
   125  477  663  -114.5997   158.0704   -27.1046
   126  611  663  -114.6220   158.0186   -27.1010
   127  610  663  -114.6198   158.0190   -27.1013
   128  563  663  -114.6228   158.0373   -27.1022
   129  564  663  -114.6258   158.0370   -27.1019
   130  631  663  -114.6088   158.0107   -27.1021
   131  565  663  -114.6277   158.0366   -27.1018
   132  566  663  -114.6282   158.0362   -27.1017
   133  567  663  -114.6301   158.0359   -27.1016
   134  568  663  -114.6340   158.0356   -27.1013
   135  569  663  -114.6379   158.0352   -27.1010
   136  570  663  -114.6367   158.0348   -27.1010
   137  571  663  -114.6349   158.0344   -27.1010
   138  572  663  -114.6326   158.0340   -27.1011
   139  573  663  -114.6334   158.0336   -27.1010
   140  574  663  -114.6334   158.0332   -27.1009
   141  575  663  -114.6158   158.0326   -27.1022
   142  576  663  -114.6204   158.0322   -27.1019
   143  577  663  -114.6179   158.0318   -27.1020
   144  578  663  -114.6193   158.0314   -27.1019
   145  579  663  -114.6101   158.0309   -27.1025
   146  580  663  -114.6125   158.0306   -27.1024
   147  581  663  -114.6169   158.0302   -27.1021
   148  612  663  -114.6136   158.0181   -27.1018
   151  615  663  -114.6077   158.0169   -27.1023
   153  617  663  -114.6146   158.0162   -27.1017
   154  654  663  -114.6227   158.0018   -27.1010
   155  653  663  -114.6200   158.0022   -27.1012
   156  652  663  -114.6192   158.0026   -27.1012
   157  651  663  -114.6197   158.0030   -27.1012
   158  650  663  -114.6014   158.0032   -27.1025
   159  649  663  -114.6036   158.0036   -27.1023
   160  648  663  -114.6001   158.0040   -27.1025
   161  647  663  -114.5972   158.0043   -27.1027
   162  646  663  -114.6095   158.0048   -27.1019
   163  645  663  -114.6017   158.0052   -27.1025
   164  644  663  -114.6050   158.0056   -27.1023
   165  643  663  -114.6066   158.0060   -27.1021
   166  642  663  -114.6065   158.0064   -27.1022
   167  641  663  -114.5882   158.0066   -27.1034
   168  640  663  -114.6077   158.0072   -27.1021
   169  639  663  -114.6126   158.0076   -27.1018
   170  638  663  -114.6061   158.0079   -27.1023
   171  637  663  -114.6096   158.0083   -27.1021
   172  636  663  -114.6154   158.0088   -27.1017
   173  635  663  -114.6136   158.0092   -27.1019
   174  634  663  -114.6102   158.0095   -27.1021
   175  633  663  -114.6072   158.0099   -27.1022
   176  618  663  -114.6073   158.0157   -27.1023
   177  619  663  -114.6151   158.0154   -27.1018
   178  620  663  -114.6239   158.0151   -27.1010
   179  621  663  -114.6201   158.0147   -27.1012
   181  623  663  -114.6046   158.0137   -27.1024
   182  624  663  -114.6135   158.0135   -27.1015
   183  625  663  -114.6186   158.0131   -27.1011
   184  626  663  -114.6191   158.0128   -27.1010
   185  627  663  -114.6172   158.0123   -27.1012
   186  628  663  -114.6144   158.0119   -27.1014
   187  415  663  -114.6031   158.0945   -27.1051
   188  414  663  -114.5986   158.0948   -27.1054
   189  413  663  -114.5978   158.0952   -27.1055
   190  412  663  -114.5973   158.0955   -27.1055
   191  411  663  -114.5972   158.0959   -27.1055
   192  410  663  -114.5907   158.0961   -27.1060
   193  409  663  -114.6119   158.0971   -27.1046
   194  408  663  -114.6173   158.0976   -27.1043
   195  407  663  -114.6139   158.0979   -27.1045
   196  406  663  -114.6102   158.0982   -27.1048
   197  405  663  -114.6057   158.0985   -27.1051
   198  629  663  -114.6094   158.0115   -27.1020
   199  630  663  -114.6124   158.0111   -27.1018
   200  501  663  -114.6062   158.0612   -27.1039
   201  632  663  -114.6093   158.0103   -27.1021
   202  416  664  -114.6047   158.0942   -27.1046
   203  417  664  -114.6054   158.0938   -27.1045
   204  418  664  -114.6049   158.0934   -27.1046
   205  419  664  -114.6010   158.0929   -27.1048
   206  420  664  -114.6058   158.0927   -27.1045
   207  421  664  -114.6056   158.0923   -27.1045
   208  422  664  -114.5976   158.0917   -27.1051
   209  423  664  -114.5979   158.0913   -27.1050
   210  424  664  -114.5975   158.0909   -27.1050
   211  425  664  -114.5987   158.0905   -27.1049
   212  426  664  -114.5999   158.0902   -27.1048
   213  655  664  -114.6159   158.0014   -27.1011
   214  656  664  -114.6157   158.0010   -27.1011
   215  657  664  -114.6192   158.0007   -27.1008
   216  658  664  -114.6181   158.0002   -27.1009
   217  659  664  -114.6157   157.9998   -27.1011
   218  660  664  -114.6168   157.9995   -27.1010
   219  664  664  -114.6176   157.9979   -27.1009
   220  661  664  -114.6177   157.9991   -27.1009
   221  662  664  -114.6175   157.9987   -27.1009
   222  663  664  -114.6198   157.9983   -27.1007
   223  459  664  -114.6049   158.0775   -27.1040
   224  460  664  -114.6057   158.0771   -27.1039
   225  461  664  -114.6073   158.0768   -27.1038
   226  462  664  -114.6044   158.0763   -27.1040
   227  463  664  -114.6053   158.0759   -27.1040
   228  464  664  -114.6061   158.0756   -27.1039
   229  465  664  -114.6026   158.0751   -27.1041
   230  466  664  -114.5971   158.0746   -27.1045
   231  467  664  -114.5979   158.0742   -27.1044
   232  468  664  -114.6006   158.0739   -27.1042
   233  469  664  -114.6006   158.0735   -27.1042
   234  470  664  -114.6009   158.0731   -27.1042
   235  471  664  -114.6012   158.0727   -27.1041
   236  473  664  -114.6056   158.0721   -27.1038
   237  474  664  -114.6040   158.0716   -27.1039
   238  475  664  -114.5999   158.0712   -27.1042
   239  476  664  -114.5998   158.0708   -27.1042
   240  582  664  -114.6085   158.0297   -27.1022
   241  583  664  -114.6217   158.0295   -27.1012
   242  584  664  -114.6262   158.0292   -27.1010
   243  585  664  -114.5993   158.0284   -27.1031
   244  586  664  -114.6075   158.0282   -27.1023
   245  587  664  -114.6003   158.0277   -27.1030
   246  588  664  -114.6067   158.0274   -27.1025
   247  589  664  -114.6042   158.0269   -27.1026
   248  590  664  -114.6144   158.0267   -27.1016
   249  591  664  -114.6070   158.0262   -27.1025
   250  592  664  -114.6086   158.0258   -27.1024
   251  593  664  -114.6103   158.0255   -27.1023
   252  594  664  -114.6101   158.0251   -27.1023
   253  595  664  -114.6094   158.0247   -27.1023
   254  596  664  -114.6120   158.0243   -27.1021
   255  597  664  -114.6098   158.0239   -27.1022
   256  598  664  -114.6108   158.0235   -27.1021
   257  599  664  -114.6124   158.0232   -27.1019
   258  600  664  -114.6128   158.0228   -27.1019
   259  472  664  -114.6021   158.0724   -27.1041
   260  601  664  -114.6117   158.0224   -27.1019
   261  427  665  -114.5979   158.0897   -27.1045
   262  428  665  -114.5969   158.0893   -27.1046
   263  429  665  -114.5995   158.0890   -27.1044
   264  430  665  -114.5989   158.0886   -27.1044
   265  431  665  -114.5994   158.0882   -27.1043
   266  432  665  -114.5985   158.0878   -27.1044
   267  433  665  -114.6004   158.0875   -27.1042
   268  434  665  -114.6003   158.0871   -27.1042
   269  435  665  -114.6009   158.0867   -27.1041
   270  436  665  -114.6007   158.0863   -27.1041
   271  437  665  -114.6005   158.0859   -27.1041
   272  438  665  -114.5997   158.0855   -27.1041
   273  439  665  -114.5992   158.0851   -27.1041
   274  440  665  -114.5994   158.0847   -27.1041
   275  441  665  -114.5991   158.0844   -27.1041
   276  442  665  -114.5993   158.0840   -27.1040
   277  443  665  -114.5998   158.0836   -27.1040
   278  444  665  -114.6000   158.0832   -27.1040
   279  445  665  -114.6006   158.0828   -27.1039
   280  446  665  -114.6009   158.0825   -27.1039
   281  447  665  -114.6022   158.0821   -27.1038
   282  448  665  -114.6026   158.0817   -27.1038
   283  449  665  -114.6042   158.0814   -27.1037
   284  450  665  -114.6049   158.0810   -27.1036
   285  451  665  -114.6063   158.0806   -27.1035
   286  452  665  -114.6079   158.0803   -27.1034
   287  453  665  -114.6096   158.0799   -27.1033
   288  454  665  -114.6113   158.0796   -27.1032
   289  456  665  -114.6146   158.0789   -27.1029
   290  457  665  -114.6118   158.0784   -27.1031
   291  458  665  -114.6066   158.0779   -27.1034
   292  455  665  -114.6133   158.0793   -27.1030
   293  665  665  -114.6161   157.9975   -27.1006
   294  666  665  -114.6159   157.9971   -27.1005
   295  667  665  -114.6151   157.9967   -27.1006
   296  668  665  -114.6166   157.9964   -27.1003
   297  669  665  -114.6160   157.9960   -27.1004
   298  670  665  -114.6144   157.9956   -27.1005
   299  671  665  -114.6109   157.9951   -27.1008
   300  672  665  -114.6154   157.9948   -27.1005
   301  673  665  -114.6117   157.9944   -27.1007
   302  674  665  -114.6101   157.9940   -27.1008
   303  675  665  -114.6053   157.9935   -27.1011
   304  676  665  -114.6093   157.9932   -27.1009
   305  677  665  -114.6071   157.9928   -27.1010
   306  678  665  -114.6068   157.9924   -27.1011
   307  679  665  -114.6087   157.9920   -27.1009
   308  680  665  -114.6074   157.9916   -27.1010
   309  681  665  -114.6089   157.9912   -27.1008
   310  682  665  -114.6081   157.9908   -27.1009
   311  683  665  -114.6085   157.9905   -27.1009
   312  684  665  -114.6071   157.9901   -27.1010
   313  685  665  -114.6075   157.9897   -27.1010
   314  686  665  -114.6072   157.9893   -27.1010
   315  687  665  -114.6079   157.9889   -27.1009
   316  688  665  -114.6073   157.9885   -27.1010
   317  689  665  -114.6083   157.9881   -27.1009
   318  690  665  -114.6069   157.9877   -27.1010
   319  691  665  -114.6044   157.9873   -27.1012
   320  692  665  -114.6093   157.9870   -27.1008
   321  693  665  -114.6086   157.9866   -27.1009
   322  694  665  -114.6111   157.9862   -27.1007
   323  695  665  -114.6106   157.9858   -27.1007
   324  696  665  -114.6119   157.9854   -27.1006
   325  697  665  -114.6111   157.9850   -27.1006
   326  698  665  -114.6134   157.9846   -27.1004
   327  699  665  -114.6154   157.9843   -27.1003
   328  700  665  -114.6166   157.9839   -27.1002
   329  701  665  -114.6164   157.9835   -27.1001
   330  702  665  -114.6166   157.9831   -27.1001

     1  379  772  -114.5223   158.1074   -27.0692
     2  377  772  -114.5215   158.1082   -27.0693
     3  378  772  -114.5216   158.1078   -27.0693
     4  376  772  -114.5224   158.1086   -27.0693
     5  270  773  -114.5207   158.1490   -27.0702
     6  271  773  -114.5213   158.1487   -27.0701
     7  269  773  -114.5212   158.1494   -27.0702
     8  273  773  -114.5217   158.1479   -27.0701
     9  274  773  -114.5230   158.1476   -27.0700
    10  275  773  -114.5229   158.1472   -27.0700
    11  268  773  -114.5199   158.1498   -27.0703
    12  267  773  -114.5212   158.1502   -27.0702
    13  272  773  -114.5212   158.1483   -27.0701
    14  375  773  -114.5212   158.1089   -27.0690
    15  374  773  -114.5204   158.1093   -27.0691
    16  373  773  -114.5210   158.1097   -27.0690
    17  372  773  -114.5206   158.1101   -27.0691
    18  371  773  -114.5220   158.1105   -27.0690
    19  370  773  -114.5199   158.1108   -27.0691
    20  369  773  -114.5194   158.1112   -27.0692
    21  368  773  -114.5191   158.1116   -27.0692
    22  367  773  -114.5188   158.1119   -27.0693
    23  366  773  -114.5198   158.1124   -27.0692
    24  365  773  -114.5198   158.1127   -27.0692
    25  364  773  -114.5183   158.1131   -27.0693
    26  363  773  -114.5196   158.1135   -27.0693
    27  362  773  -114.5204   158.1139   -27.0692
    28  338  773  -114.5196   158.1230   -27.0695
    29  337  773  -114.5208   158.1235   -27.0695
    30  336  773  -114.5202   158.1238   -27.0695
    31  335  773  -114.5201   158.1242   -27.0695
    32  334  773  -114.5198   158.1246   -27.0696
    33  333  773  -114.5202   158.1250   -27.0696
    34  299  773  -114.5226   158.1380   -27.0697
    35  300  773  -114.5225   158.1376   -27.0697
    36  301  773  -114.5220   158.1373   -27.0697
    37  302  773  -114.5230   158.1369   -27.0696
    38  303  773  -114.5233   158.1365   -27.0696
    39  304  773  -114.5229   158.1361   -27.0696
    40  305  773  -114.5223   158.1357   -27.0697
    41  306  773  -114.5236   158.1354   -27.0696
    42  307  773  -114.5213   158.1349   -27.0697
    43  308  773  -114.5221   158.1346   -27.0697
    44  309  773  -114.5219   158.1342   -27.0697
    45  310  773  -114.5222   158.1338   -27.0696
    46  311  773  -114.5237   158.1335   -27.0695
    47  326  773  -114.5214   158.1277   -27.0696
    48  327  773  -114.5204   158.1273   -27.0696
    49  328  773  -114.5205   158.1269   -27.0696
    50  329  773  -114.5205   158.1265   -27.0696
    51  330  773  -114.5190   158.1261   -27.0697
    52  331  773  -114.5186   158.1257   -27.0697
    53  332  773  -114.5196   158.1253   -27.0696
    54  266  773  -114.5217   158.1506   -27.0702
    55  297  774  -114.5224   158.1388   -27.0694
    56  296  774  -114.5224   158.1392   -27.0694
    57  295  774  -114.5234   158.1396   -27.0693
    58  294  774  -114.5232   158.1400   -27.0693
    59  293  774  -114.5208   158.1403   -27.0695
    60  339  774  -114.5194   158.1227   -27.0692
    61  340  774  -114.5196   158.1223   -27.0691
    62  341  774  -114.5179   158.1218   -27.0693
    63  342  774  -114.5191   158.1215   -27.0691
    64  343  774  -114.5192   158.1211   -27.0691
    65  344  774  -114.5193   158.1207   -27.0691
    66  345  774  -114.5191   158.1204   -27.0691
    67  346  774  -114.5189   158.1200   -27.0691
    68  347  774  -114.5210   158.1197   -27.0689
    69  348  774  -114.5215   158.1193   -27.0689
    70  349  774  -114.5213   158.1189   -27.0689
    71  350  774  -114.5221   158.1185   -27.0688
    72  351  774  -114.5221   158.1182   -27.0688
    73  352  774  -114.5219   158.1178   -27.0688
    74  353  774  -114.5206   158.1174   -27.0689
    75  354  774  -114.5211   158.1170   -27.0688
    76  355  774  -114.5213   158.1166   -27.0688
    77  356  774  -114.5216   158.1162   -27.0688
    78  357  774  -114.5217   158.1159   -27.0687
    79  358  774  -114.5213   158.1155   -27.0688
    80  359  774  -114.5216   158.1151   -27.0687
    81  360  774  -114.5209   158.1147   -27.0688
    82  361  774  -114.5212   158.1143   -27.0688
    83  292  774  -114.5194   158.1406   -27.0696
    84  291  774  -114.5202   158.1410   -27.0696
    85  290  774  -114.5195   158.1414   -27.0696
    86  289  774  -114.5217   158.1418   -27.0695
    87  288  774  -114.5221   158.1422   -27.0695
    88  287  774  -114.5227   158.1426   -27.0695
    89  286  774  -114.5229   158.1430   -27.0695
    90  285  774  -114.5230   158.1434   -27.0695
    91  284  774  -114.5222   158.1438   -27.0695
    92  283  774  -114.5212   158.1441   -27.0696
    93  282  774  -114.5218   158.1445   -27.0696
    94  281  774  -114.5217   158.1449   -27.0696
    95  280  774  -114.5219   158.1453   -27.0696
    96  279  774  -114.5223   158.1457   -27.0696
    97  278  774  -114.5230   158.1461   -27.0696
    98  277  774  -114.5214   158.1464   -27.0697
    99  276  774  -114.5227   158.1468   -27.0696
   100  298  774  -114.5225   158.1384   -27.0693

     1  613  971  -114.3962   158.0187   -27.0016
     2  614  971  -114.3958   158.0183   -27.0017
     3  615  971  -114.3962   158.0180   -27.0016
     4  616  971  -114.3952   158.0176   -27.0017
     5  617  971  -114.3956   158.0172   -27.0017
     6  618  971  -114.3941   158.0168   -27.0017
     7  619  971  -114.3932   158.0164   -27.0017
     8  620  971  -114.3887   158.0160   -27.0022
     9  621  971  -114.3930   158.0157   -27.0017
    10  622  971  -114.3930   158.0153   -27.0017
    11  623  971  -114.3951   158.0150   -27.0015
    12  624  971  -114.3916   158.0146   -27.0018
    13  710  971  -114.3812   157.9825   -27.0018
    14  709  971  -114.3876   157.9829   -27.0012
    15  708  971  -114.3884   157.9832   -27.0011
    16  707  971  -114.3893   157.9836   -27.0010
    17  706  971  -114.3886   157.9840   -27.0011
    18  705  971  -114.3873   157.9843   -27.0012
    19  704  971  -114.3853   157.9847   -27.0013
    20  703  971  -114.3848   157.9851   -27.0014
    21  702  971  -114.3860   157.9855   -27.0014
    22  701  971  -114.3831   157.9858   -27.0016
    23  700  971  -114.3787   157.9861   -27.0022
    24  699  971  -114.3714   157.9865   -27.0029
    25  698  971  -114.3734   157.9869   -27.0027
    26  697  971  -114.3710   157.9872   -27.0030
    27  696  971  -114.3756   157.9876   -27.0026
    28  695  971  -114.3744   157.9880   -27.0027
    29  694  971  -114.3725   157.9883   -27.0029
    30  693  971  -114.3672   157.9887   -27.0034
    31  692  971  -114.3726   157.9891   -27.0026
    32  691  971  -114.3853   157.9896   -27.0014
    33  690  971  -114.3690   157.9898   -27.0030
    34  689  971  -114.3952   157.9904   -27.0005
    35  688  971  -114.3904   157.9907   -27.0010
    36  687  971  -114.3893   157.9911   -27.0012
    37  686  971  -114.3651   157.9913   -27.0035
    38  685  971  -114.3758   157.9917   -27.0025
    39  684  971  -114.3839   157.9921   -27.0019
    40  683  971  -114.3771   157.9925   -27.0024
    41  724  971  -114.3840   157.9772   -27.0015
    42  723  971  -114.3834   157.9776   -27.0016
    43  722  971  -114.3872   157.9780   -27.0012
    44  721  971  -114.3872   157.9784   -27.0012
    45  720  971  -114.3874   157.9788   -27.0012
    46  719  971  -114.3870   157.9791   -27.0012
    47  718  971  -114.3863   157.9795   -27.0012
    48  717  971  -114.3854   157.9799   -27.0013
    49  716  971  -114.3850   157.9802   -27.0014
    50  715  971  -114.3848   157.9806   -27.0014
    51  714  971  -114.3851   157.9810   -27.0014
    52  713  971  -114.3851   157.9814   -27.0014
    53  712  971  -114.3840   157.9817   -27.0015
    54  682  971  -114.3762   157.9928   -27.0026
    55  681  971  -114.3747   157.9932   -27.0027
    56  711  971  -114.3831   157.9821   -27.0016
    57  669  972  -114.3854   157.9978   -27.0015
    58  670  972  -114.3855   157.9974   -27.0015
    59  671  972  -114.3836   157.9970   -27.0017
    60  672  972  -114.3809   157.9966   -27.0018
    61  673  972  -114.3783   157.9962   -27.0021
    62  674  972  -114.3777   157.9958   -27.0021
    63  675  972  -114.3761   157.9954   -27.0023
    64  676  972  -114.3753   157.9951   -27.0024
    65  677  972  -114.3726   157.9947   -27.0026
    66  678  972  -114.3725   157.9943   -27.0026
    67  679  972  -114.3737   157.9939   -27.0025
    68  680  972  -114.3717   157.9935   -27.0027
    69  667  972  -114.3849   157.9985   -27.0016
    70  666  972  -114.3836   157.9989   -27.0017
    71  725  972  -114.3804   157.9769   -27.0015
    72  726  972  -114.3842   157.9765   -27.0012
    73  727  972  -114.3869   157.9762   -27.0009
    74  728  972  -114.3902   157.9758   -27.0006
    75  729  972  -114.3927   157.9754   -27.0004
    76  730  972  -114.3957   157.9751   -27.0001
    77  646  972  -114.3896   158.0063   -27.0015
    78  645  972  -114.3899   158.0067   -27.0015
    79  644  972  -114.3906   158.0071   -27.0015
    80  643  972  -114.3982   158.0076   -27.0008
    81  642  972  -114.3964   158.0079   -27.0010
    82  641  972  -114.3921   158.0082   -27.0014
    83  640  972  -114.3903   158.0086   -27.0015
    84  639  972  -114.3890   158.0090   -27.0017
    85  638  972  -114.3897   158.0093   -27.0015
    86  637  972  -114.3899   158.0097   -27.0015
    87  636  972  -114.3896   158.0101   -27.0015
    88  635  972  -114.3893   158.0105   -27.0016
    89  634  972  -114.3887   158.0108   -27.0016
    90  633  972  -114.3886   158.0112   -27.0016
    91  632  972  -114.3880   158.0116   -27.0017
    92  631  972  -114.3880   158.0119   -27.0017
    93  630  972  -114.3878   158.0123   -27.0017
    94  629  972  -114.3870   158.0127   -27.0018
    95  628  972  -114.3848   158.0130   -27.0020
    96  627  972  -114.3883   158.0134   -27.0017
    97  626  972  -114.3891   158.0138   -27.0016
    98  625  972  -114.3898   158.0142   -27.0016
    99  668  972  -114.3856   157.9981   -27.0015
   100  731  972  -114.3903   157.9747   -27.0006
   101  664  973  -114.3771   157.9996   -27.0019
   102  663  973  -114.3784   157.9999   -27.0018
   103  662  973  -114.3856   158.0004   -27.0012
   104  661  973  -114.3846   158.0007   -27.0013
   105  660  973  -114.3847   158.0011   -27.0013
   106  659  973  -114.3851   158.0015   -27.0014
   107  658  973  -114.3850   158.0018   -27.0014
   108  657  973  -114.3873   158.0022   -27.0012
   109  656  973  -114.3870   158.0026   -27.0012
   110  655  973  -114.3852   158.0030   -27.0014
   111  654  973  -114.3856   158.0033   -27.0014
   112  653  973  -114.3860   158.0037   -27.0014
   113  652  973  -114.3873   158.0041   -27.0013
   114  651  973  -114.3878   158.0045   -27.0012
   115  650  973  -114.3876   158.0049   -27.0012
   116  649  973  -114.3873   158.0052   -27.0013
   117  648  973  -114.3873   158.0056   -27.0013
   118  647  973  -114.3869   158.0060   -27.0014
   119  665  973  -114.3783   157.9992   -27.0017

    1  769  805  -114.4937   157.9586   -27.0543
    2  770  805  -114.4945   157.9583   -27.0543
    3  771  805  -114.4936   157.9579   -27.0543
    4  768  805  -114.4946   157.9590   -27.0543
    5  772  806  -114.4951   157.9575   -27.0538
    6  773  806  -114.4919   157.9571   -27.0541
    7  774  806  -114.4895   157.9567   -27.0543
    8  775  806  -114.4885   157.9564   -27.0543
    9  776  806  -114.4879   157.9560   -27.0544
   10  777  806  -114.4872   157.9556   -27.0544
   11  778  806  -114.4869   157.9552   -27.0544
   12  779  806  -114.4888   157.9548   -27.0543
   13  780  806  -114.4897   157.9545   -27.0542
   14  781  806  -114.4889   157.9541   -27.0542
   15  782  806  -114.4901   157.9537   -27.0541
   16  783  806  -114.4910   157.9533   -27.0540
   17  784  806  -114.4877   157.9529   -27.0543
   18  785  806  -114.4891   157.9526   -27.0542
   19  786  806  -114.4838   157.9522   -27.0546
   20  787  806  -114.4842   157.9518   -27.0546
   21  788  806  -114.4885   157.9514   -27.0542
   22  789  806  -114.4885   157.9510   -27.0542
   23  790  806  -114.4876   157.9507   -27.0543
   24  791  807  -114.4762   157.9503   -27.0548
   25  792  807  -114.4811   157.9499   -27.0544
   26  793  807  -114.4801   157.9496   -27.0544
   27  794  807  -114.4837   157.9492   -27.0542
   28  795  807  -114.4876   157.9488   -27.0538
   29  796  807  -114.4830   157.9484   -27.0541
   30  798  807  -114.4859   157.9476   -27.0539
   31  797  807  -114.4848   157.9480   -27.0540
   32  801  808  -114.4846   157.9465   -27.0536
   33  800  808  -114.4846   157.9469   -27.0536
   34  799  808  -114.4847   157.9473   -27.0536
   35  804  808  -114.4875   157.9454   -27.0533
   36  803  808  -114.4871   157.9458   -27.0534
   37  802  808  -114.4864   157.9461   -27.0534
   38  806  809  -114.4884   157.9446   -27.0528
   39  807  809  -114.4886   157.9442   -27.0528
   40  808  809  -114.4891   157.9439   -27.0528
   41  809  809  -114.4896   157.9435   -27.0527
   42  805  809  -114.4898   157.9450   -27.0528
   43  810  810  -114.4883   157.9431   -27.0524
   44  811  810  -114.4896   157.9427   -27.0523
   45  812  810  -114.4914   157.9424   -27.0521
   46  813  810  -114.4906   157.9420   -27.0522
   47  815  811  -114.4926   157.9412   -27.0516
   48  816  811  -114.4942   157.9408   -27.0515
   49  817  811  -114.4956   157.9404   -27.0514
   50  818  811  -114.4925   157.9401   -27.0516
   51  814  811  -114.4917   157.9416   -27.0517
   52  819  812  -114.4896   157.9397   -27.0515
   53  820  812  -114.4942   157.9393   -27.0511
   54  821  812  -114.4897   157.9390   -27.0514
   55  822  812  -114.4913   157.9386   -27.0513
   56  823  812  -114.4869   157.9382   -27.0517
   57  824  812  -114.4901   157.9378   -27.0514
   58  825  812  -114.4894   157.9374   -27.0514
   59  826  812  -114.4853   157.9371   -27.0518
   60  827  812  -114.4839   157.9367   -27.0519
   61  828  812  -114.4824   157.9363   -27.0520
   62  829  812  -114.4861   157.9359   -27.0517
   63  830  812  -114.4854   157.9356   -27.0518
   64  831  812  -114.4860   157.9352   -27.0517
   65  832  812  -114.4905   157.9348   -27.0513
   66  833  812  -114.4803   157.9344   -27.0521

     1  404  934  -114.4097   158.0967   -27.0166
     2  403  934  -114.4094   158.0970   -27.0167
     3  402  934  -114.4079   158.0974   -27.0168
     4  258  935  -114.4124   158.1513   -27.0177
     5  256  935  -114.4141   158.1521   -27.0176
     6  260  935  -114.4138   158.1506   -27.0176
     7  261  935  -114.4141   158.1503   -27.0176
     8  262  935  -114.4134   158.1499   -27.0176
     9  255  935  -114.4145   158.1525   -27.0176
    10  259  935  -114.4117   158.1509   -27.0178
    11  257  935  -114.4143   158.1518   -27.0176
    12  401  935  -114.4071   158.0977   -27.0165
    13  400  935  -114.4078   158.0981   -27.0164
    14  399  935  -114.4094   158.0985   -27.0163
    15  398  935  -114.4110   158.0990   -27.0162
    16  397  935  -114.4113   158.0993   -27.0162
    17  396  935  -114.4116   158.0997   -27.0161
    18  395  935  -114.4128   158.1001   -27.0160
    19  394  935  -114.4122   158.1005   -27.0161
    20  393  935  -114.4112   158.1008   -27.0162
    21  392  935  -114.4117   158.1012   -27.0162
    22  254  935  -114.4137   158.1529   -27.0177
    23  276  936  -114.4143   158.1447   -27.0170
    24  277  936  -114.4087   158.1441   -27.0174
    25  278  936  -114.4107   158.1438   -27.0172
    26  279  936  -114.4090   158.1434   -27.0174
    27  280  936  -114.4098   158.1430   -27.0173
    28  378  936  -114.4102   158.1064   -27.0161
    29  377  936  -114.4092   158.1068   -27.0163
    30  376  936  -114.4105   158.1072   -27.0162
    31  275  936  -114.4152   158.1451   -27.0169
    32  379  936  -114.4110   158.1061   -27.0161
    33  380  936  -114.4100   158.1057   -27.0161
    34  381  936  -114.4102   158.1053   -27.0161
    35  382  936  -114.4118   158.1050   -27.0160
    36  383  936  -114.4125   158.1046   -27.0159
    37  384  936  -114.4141   158.1043   -27.0157
    38  385  936  -114.4147   158.1039   -27.0156
    39  386  936  -114.4103   158.1034   -27.0160
    40  387  936  -114.4093   158.1030   -27.0161
    41  388  936  -114.4104   158.1027   -27.0160
    42  389  936  -114.4124   158.1024   -27.0158
    43  390  936  -114.4128   158.1020   -27.0157
    44  391  936  -114.4138   158.1017   -27.0156
    45  274  936  -114.4157   158.1455   -27.0169
    46  263  936  -114.4139   158.1495   -27.0172
    47  264  936  -114.4153   158.1492   -27.0171
    48  265  936  -114.4142   158.1488   -27.0172
    49  266  936  -114.4146   158.1484   -27.0171
    50  267  936  -114.4153   158.1481   -27.0170
    51  268  936  -114.4131   158.1476   -27.0172
    52  269  936  -114.4131   158.1473   -27.0172
    53  270  936  -114.4122   158.1469   -27.0173
    54  271  936  -114.4159   158.1466   -27.0169
    55  272  936  -114.4152   158.1462   -27.0169
    56  273  936  -114.4144   158.1458   -27.0170
    57  298  937  -114.4118   158.1364   -27.0165
    58  297  937  -114.4106   158.1367   -27.0167
    59  296  937  -114.4108   158.1371   -27.0166
    60  295  937  -114.4119   158.1375   -27.0165
    61  294  937  -114.4152   158.1380   -27.0163
    62  293  937  -114.4133   158.1383   -27.0165
    63  292  937  -114.4143   158.1387   -27.0164
    64  291  937  -114.4123   158.1390   -27.0166
    65  290  937  -114.4145   158.1395   -27.0164
    66  289  937  -114.4101   158.1397   -27.0168
    67  288  937  -114.4129   158.1402   -27.0166
    68  287  937  -114.4118   158.1405   -27.0167
    69  286  937  -114.4120   158.1409   -27.0167
    70  323  937  -114.4050   158.1268   -27.0169
    71  324  937  -114.4062   158.1265   -27.0167
    72  325  937  -114.4064   158.1261   -27.0167
    73  326  937  -114.4067   158.1258   -27.0167
    74  327  937  -114.4070   158.1254   -27.0166
    75  285  937  -114.4115   158.1412   -27.0167
    76  284  937  -114.4113   158.1416   -27.0168
    77  330  937  -114.4077   158.1243   -27.0166
    78  331  937  -114.4074   158.1239   -27.0166
    79  332  937  -114.4081   158.1236   -27.0165
    80  333  937  -114.4090   158.1232   -27.0164
    81  334  937  -114.4089   158.1228   -27.0164
    82  335  937  -114.4085   158.1225   -27.0164
    83  336  937  -114.4106   158.1221   -27.0163
    84  337  937  -114.4075   158.1217   -27.0165
    85  338  937  -114.4078   158.1213   -27.0165
    86  339  937  -114.4085   158.1210   -27.0164
    87  340  937  -114.4085   158.1206   -27.0164
    88  341  937  -114.4084   158.1202   -27.0164
    89  342  937  -114.4081   158.1198   -27.0164
    90  343  937  -114.4101   158.1195   -27.0162
    91  344  937  -114.4049   158.1190   -27.0166
    92  345  937  -114.4079   158.1187   -27.0163
    93  346  937  -114.4074   158.1183   -27.0164
    94  347  937  -114.4084   158.1180   -27.0163
    95  348  937  -114.4089   158.1176   -27.0162
    96  349  937  -114.4071   158.1172   -27.0163
    97  350  937  -114.4056   158.1168   -27.0164
    98  351  937  -114.3997   158.1162   -27.0170
    99  352  937  -114.3981   158.1158   -27.0171
   100  353  937  -114.3991   158.1154   -27.0170
   101  354  937  -114.3958   158.1150   -27.0173
   102  355  937  -114.3964   158.1146   -27.0172
   103  356  937  -114.3983   158.1143   -27.0171
   104  357  937  -114.4009   158.1140   -27.0168
   105  358  937  -114.4022   158.1137   -27.0167
   106  359  937  -114.4024   158.1133   -27.0167
   107  360  937  -114.4037   158.1130   -27.0166
   108  361  937  -114.4048   158.1126   -27.0164
   109  362  937  -114.4049   158.1123   -27.0164
   110  363  937  -114.4061   158.1119   -27.0163
   111  364  937  -114.4084   158.1116   -27.0161
   112  365  937  -114.4082   158.1112   -27.0161
   113  366  937  -114.4080   158.1109   -27.0161
   114  367  937  -114.4098   158.1105   -27.0159
   115  368  937  -114.4101   158.1102   -27.0159
   116  369  937  -114.4092   158.1098   -27.0160
   117  370  937  -114.4095   158.1094   -27.0159
   118  371  937  -114.4107   158.1091   -27.0158
   119  372  937  -114.4087   158.1086   -27.0160
   120  373  937  -114.4098   158.1083   -27.0159
   121  374  937  -114.4113   158.1080   -27.0157
   122  375  937  -114.4114   158.1076   -27.0157
   123  283  937  -114.4103   158.1419   -27.0169
   124  282  937  -114.4101   158.1423   -27.0169
   125  281  937  -114.4105   158.1427   -27.0169
   126  328  937  -114.4075   158.1250   -27.0166
   127  329  937  -114.4074   158.1247   -27.0166
   128  321  938  -114.4070   158.1276   -27.0163
   129  320  938  -114.4067   158.1280   -27.0164
   130  319  938  -114.4058   158.1283   -27.0165
   131  318  938  -114.4069   158.1288   -27.0164
   132  317  938  -114.4071   158.1291   -27.0164
   133  316  938  -114.4074   158.1295   -27.0164
   134  315  938  -114.4074   158.1299   -27.0164
   135  314  938  -114.4076   158.1303   -27.0163
   136  313  938  -114.4076   158.1306   -27.0164
   137  312  938  -114.4091   158.1311   -27.0162
   138  311  938  -114.4093   158.1315   -27.0162
   139  310  938  -114.4098   158.1319   -27.0162
   140  309  938  -114.4107   158.1322   -27.0161
   141  308  938  -114.4103   158.1326   -27.0162
   142  307  938  -114.4095   158.1330   -27.0163
   143  306  938  -114.4091   158.1333   -27.0163
   144  305  938  -114.4095   158.1337   -27.0163
   145  304  938  -114.4077   158.1340   -27.0164
   146  303  938  -114.4098   158.1345   -27.0163
   147  302  938  -114.4078   158.1348   -27.0165
   148  301  938  -114.4076   158.1351   -27.0165
   149  300  938  -114.4098   158.1356   -27.0163
   150  299  938  -114.4112   158.1360   -27.0162
   151  322  938  -114.4056   158.1272   -27.0165
