; ENVI Output of ROIs (5.4) [Tue Aug 13 15:33:20 2019]
; Number of ROIs: 7
; File Dimension: 1328 x 1184
;
; ROI name: Region #1
; ROI rgb value: {255, 0, 0}
; ROI npts: 92
;
; ROI name: Region #2
; ROI rgb value: {0, 255, 0}
; ROI npts: 70
;
; ROI name: Region #3
; ROI rgb value: {0, 0, 255}
; ROI npts: 57
;
; ROI name: Region #4
; ROI rgb value: {255, 255, 0}
; ROI npts: 68
;
; ROI name: Region #5
; ROI rgb value: {0, 255, 255}
; ROI npts: 76
;
; ROI name: Region #6
; ROI rgb value: {255, 0, 255}
; ROI npts: 115
;
; ROI name: Region #7
; ROI rgb value: {176, 48, 96}
; ROI npts: 83
;  ID    X    Y         B1         B2         B3
    1  649  949  -114.3412   156.4137   -26.9809
    2  648  949  -114.3409   156.4142   -26.9810
    3  647  949  -114.3406   156.4147   -26.9811
    4  650  949  -114.3407   156.4134   -26.9809
    5  646  950  -114.3401   156.4153   -26.9808
    6  645  950  -114.3406   156.4155   -26.9808
    7  644  950  -114.3411   156.4158   -26.9808
    8  643  950  -114.3417   156.4160   -26.9808
    9  642  950  -114.3413   156.4165   -26.9809
   10  641  950  -114.3417   156.4168   -26.9809
   11  640  951  -114.3429   156.4169   -26.9804
   12  639  951  -114.3436   156.4171   -26.9804
   13  638  951  -114.3435   156.4175   -26.9805
   14  637  951  -114.3450   156.4175   -26.9804
   15  636  951  -114.3462   156.4175   -26.9803
   16  635  951  -114.3459   156.4180   -26.9804
   17  634  951  -114.3485   156.4176   -26.9802
   18  633  951  -114.3483   156.4181   -26.9803
   19  632  951  -114.3483   156.4185   -26.9803
   20  631  951  -114.3492   156.4186   -26.9803
   21  630  951  -114.3479   156.4194   -26.9805
   22  629  951  -114.3533   156.4182   -26.9800
   23  628  951  -114.3524   156.4189   -26.9801
   24  627  951  -114.3528   156.4191   -26.9802
   25  626  951  -114.3513   156.4200   -26.9804
   26  625  951  -114.3562   156.4189   -26.9799
   27  624  951  -114.3517   156.4207   -26.9804
   28  623  951  -114.3558   156.4199   -26.9801
   29  622  951  -114.3574   156.4198   -26.9800
   30  621  951  -114.3553   156.4208   -26.9803
   31  620  951  -114.3582   156.4203   -26.9800
   32  619  951  -114.3574   156.4210   -26.9802
   33  618  951  -114.3560   156.4218   -26.9804
   34  617  951  -114.3551   156.4225   -26.9805
   35  616  952  -114.3557   156.4228   -26.9801
   36  615  952  -114.3547   156.4235   -26.9803
   37  614  952  -114.3536   156.4242   -26.9804
   38  613  952  -114.3525   156.4250   -26.9806
   39  612  952  -114.3530   156.4252   -26.9806
   40  611  952  -114.3524   156.4258   -26.9807
   41  610  952  -114.3547   156.4255   -26.9805
   42  608  952  -114.3522   156.4271   -26.9809
   43  609  952  -114.3521   156.4267   -26.9808
   44  603  953  -114.3527   156.4290   -26.9807
   45  604  953  -114.3536   156.4283   -26.9806
   46  605  953  -114.3521   156.4284   -26.9807
   47  606  953  -114.3534   156.4276   -26.9805
   48  607  953  -114.3525   156.4274   -26.9805
   49  600  953  -114.3518   156.4305   -26.9810
   50  601  953  -114.3524   156.4299   -26.9809
   51  602  953  -114.3518   156.4297   -26.9809
   52  598  954  -114.3515   156.4314   -26.9807
   53  597  954  -114.3519   156.4317   -26.9807
   54  596  954  -114.3515   156.4323   -26.9808
   55  595  954  -114.3519   156.4325   -26.9809
   56  594  954  -114.3529   156.4326   -26.9808
   57  599  954  -114.3514   156.4311   -26.9807
   58  593  955  -114.3507   156.4337   -26.9807
   59  592  955  -114.3513   156.4340   -26.9807
   60  590  956  -114.3535   156.4341   -26.9802
   61  589  956  -114.3531   156.4347   -26.9803
   62  588  956  -114.3514   156.4356   -26.9805
   63  587  956  -114.3518   156.4359   -26.9805
   64  591  956  -114.3521   156.4342   -26.9803
   65  586  957  -114.3506   156.4367   -26.9803
   66  585  957  -114.3510   156.4370   -26.9803
   67  584  957  -114.3498   156.4377   -26.9805
   68  583  957  -114.3520   156.4375   -26.9803
   69  582  957  -114.3483   156.4390   -26.9807
   70  581  957  -114.3510   156.4386   -26.9805
   71  580  957  -114.3512   156.4389   -26.9805
   72  579  957  -114.3517   156.4392   -26.9805
   73  578  957  -114.3516   156.4396   -26.9806
   74  577  957  -114.3514   156.4401   -26.9807
   75  576  957  -114.3524   156.4402   -26.9806
   76  575  957  -114.3510   156.4410   -26.9808
   77  574  957  -114.3534   156.4407   -26.9806
   78  572  958  -114.3511   156.4422   -26.9806
   79  573  958  -114.3500   156.4422   -26.9807
   80  570  959  -114.3512   156.4431   -26.9803
   81  569  959  -114.3514   156.4434   -26.9804
   82  571  959  -114.3486   156.4434   -26.9805
   83  568  960  -114.3508   156.4440   -26.9801
   84  567  960  -114.3531   156.4438   -26.9799
   85  566  960  -114.3534   156.4441   -26.9800
   86  565  960  -114.3539   156.4443   -26.9800
   87  564  960  -114.3564   156.4440   -26.9798
   88  563  960  -114.3561   156.4445   -26.9799
   89  561  961  -114.3553   156.4456   -26.9797
   90  560  961  -114.3560   156.4458   -26.9797
   91  559  961  -114.3567   156.4460   -26.9796
   92  562  961  -114.3548   156.4453   -26.9797

    1  684  1003  -114.2867   156.4188   -26.9634
    2  685  1003  -114.2860   156.4187   -26.9634
    3  683  1004  -114.2872   156.4191   -26.9630
    4  682  1004  -114.2874   156.4195   -26.9630
    5  681  1004  -114.2875   156.4199   -26.9631
    6  680  1004  -114.2877   156.4202   -26.9631
    7  673  1004  -114.2881   156.4229   -26.9635
    8  672  1004  -114.2900   156.4227   -26.9633
    9  671  1004  -114.2901   156.4230   -26.9634
   10  670  1004  -114.2912   156.4231   -26.9633
   11  669  1004  -114.2918   156.4233   -26.9633
   12  668  1004  -114.2919   156.4237   -26.9634
   13  667  1004  -114.2919   156.4241   -26.9634
   14  666  1004  -114.2922   156.4244   -26.9634
   15  665  1004  -114.2925   156.4247   -26.9635
   16  664  1004  -114.2923   156.4252   -26.9635
   17  663  1004  -114.2930   156.4254   -26.9635
   18  662  1004  -114.2927   156.4258   -26.9636
   19  661  1004  -114.2930   156.4262   -26.9636
   20  660  1004  -114.2948   156.4260   -26.9635
   21  659  1004  -114.2944   156.4265   -26.9636
   22  658  1004  -114.2946   156.4269   -26.9636
   23  657  1004  -114.2944   156.4273   -26.9637
   24  656  1004  -114.2952   156.4275   -26.9637
   25  655  1004  -114.2958   156.4277   -26.9637
   26  654  1004  -114.2961   156.4280   -26.9637
   27  653  1004  -114.2954   156.4286   -26.9639
   28  652  1004  -114.2962   156.4288   -26.9639
   29  651  1004  -114.2971   156.4289   -26.9638
   30  650  1004  -114.2975   156.4292   -26.9638
   31  649  1004  -114.2983   156.4294   -26.9638
   32  648  1004  -114.2978   156.4299   -26.9639
   33  647  1005  -114.2966   156.4307   -26.9637
   34  646  1005  -114.2975   156.4308   -26.9637
   35  678  1005  -114.2875   156.4211   -26.9628
   36  677  1005  -114.2872   156.4216   -26.9629
   37  676  1005  -114.2875   156.4219   -26.9629
   38  675  1005  -114.2886   156.4220   -26.9629
   39  674  1005  -114.2892   156.4222   -26.9629
   40  679  1005  -114.2873   156.4208   -26.9628
   41  644  1006  -114.2959   156.4322   -26.9636
   42  645  1006  -114.2968   156.4315   -26.9634
   43  643  1007  -114.2959   156.4326   -26.9632
   44  642  1007  -114.2959   156.4330   -26.9633
   45  641  1007  -114.2960   156.4334   -26.9633
   46  639  1007  -114.2952   156.4344   -26.9635
   47  640  1007  -114.2968   156.4336   -26.9633
   48  635  1008  -114.2956   156.4360   -26.9633
   49  637  1008  -114.2946   156.4355   -26.9633
   50  636  1008  -114.2949   156.4358   -26.9633
   51  634  1008  -114.2967   156.4361   -26.9633
   52  638  1008  -114.2942   156.4352   -26.9633
   53  633  1009  -114.2959   156.4367   -26.9630
   54  632  1009  -114.2963   156.4370   -26.9630
   55  624  1010  -114.3014   156.4387   -26.9625
   56  623  1010  -114.3004   156.4394   -26.9627
   57  622  1010  -114.3008   156.4397   -26.9627
   58  627  1010  -114.2990   156.4382   -26.9626
   59  629  1010  -114.2990   156.4374   -26.9625
   60  630  1010  -114.2971   156.4376   -26.9626
   61  625  1010  -114.2995   156.4389   -26.9627
   62  626  1010  -114.2982   156.4389   -26.9627
   63  628  1010  -114.2980   156.4381   -26.9627
   64  631  1010  -114.2962   156.4375   -26.9627
   65  621  1010  -114.3001   156.4403   -26.9628
   66  620  1010  -114.3006   156.4406   -26.9628
   67  618  1011  -114.2998   156.4417   -26.9626
   68  619  1011  -114.2991   156.4415   -26.9626
   69  616  1012  -114.2990   156.4427   -26.9625
   70  617  1012  -114.2967   156.4430   -26.9626

    1  937  985  -114.2866   156.3161   -26.9566
    2  936  985  -114.2884   156.3159   -26.9565
    3  935  985  -114.2894   156.3160   -26.9564
    4  934  985  -114.2893   156.3164   -26.9565
    5  933  985  -114.2905   156.3164   -26.9564
    6  932  985  -114.2896   156.3171   -26.9566
    7  931  985  -114.2869   156.3184   -26.9569
    8  930  985  -114.2886   156.3182   -26.9567
    9  929  985  -114.2870   156.3192   -26.9570
   10  928  985  -114.2881   156.3192   -26.9569
   11  927  985  -114.2872   156.3199   -26.9571
   12  926  985  -114.2866   156.3205   -26.9572
   13  925  985  -114.2873   156.3207   -26.9571
   14  924  985  -114.2859   156.3216   -26.9574
   15  923  985  -114.2857   156.3221   -26.9575
   16  922  985  -114.2849   156.3227   -26.9576
   17  921  985  -114.2858   156.3228   -26.9575
   18  920  985  -114.2863   156.3231   -26.9575
   19  919  985  -114.2860   156.3236   -26.9576
   20  918  986  -114.2837   156.3248   -26.9575
   21  917  986  -114.2849   156.3248   -26.9574
   22  915  986  -114.2861   156.3252   -26.9574
   23  914  986  -114.2879   156.3250   -26.9573
   24  913  986  -114.2878   156.3254   -26.9573
   25  912  986  -114.2870   156.3261   -26.9575
   26  911  986  -114.2861   156.3268   -26.9576
   27  910  986  -114.2860   156.3273   -26.9577
   28  916  986  -114.2862   156.3248   -26.9573
   29  907  987  -114.2845   156.3290   -26.9576
   30  906  987  -114.2890   156.3279   -26.9572
   31  905  987  -114.2900   156.3280   -26.9571
   32  904  987  -114.2893   156.3287   -26.9572
   33  903  987  -114.2893   156.3291   -26.9573
   34  902  987  -114.2893   156.3295   -26.9573
   35  908  987  -114.2838   156.3288   -26.9576
   36  909  987  -114.2848   156.3281   -26.9575
   37  901  988  -114.2867   156.3308   -26.9573
   38  900  988  -114.2865   156.3312   -26.9573
   39  899  988  -114.2847   156.3322   -26.9576
   40  898  988  -114.2836   156.3330   -26.9578
   41  897  988  -114.2817   156.3340   -26.9580
   42  896  988  -114.2814   156.3345   -26.9581
   43  895  988  -114.2802   156.3353   -26.9583
   44  894  988  -114.2803   156.3357   -26.9583
   45  893  988  -114.2804   156.3360   -26.9584
   46  892  988  -114.2790   156.3369   -26.9586
   47  891  988  -114.2798   156.3370   -26.9585
   48  890  988  -114.2795   156.3376   -26.9587
   49  889  989  -114.2786   156.3383   -26.9584
   50  888  989  -114.2780   156.3389   -26.9585
   51  887  989  -114.2762   156.3399   -26.9588
   52  886  989  -114.2775   156.3398   -26.9587
   53  885  989  -114.2777   156.3402   -26.9587
   54  884  989  -114.2776   156.3407   -26.9588
   55  883  989  -114.2773   156.3411   -26.9589
   56  882  989  -114.2774   156.3415   -26.9589
   57  881  989  -114.2773   156.3419   -26.9590

    1  562  948  -114.3656   156.4415   -26.9837
    2  561  948  -114.3659   156.4418   -26.9837
    3  560  948  -114.3668   156.4419   -26.9837
    4  559  948  -114.3673   156.4422   -26.9837
    5  558  948  -114.3700   156.4418   -26.9835
    6  557  948  -114.3702   156.4421   -26.9836
    7  556  948  -114.3698   156.4426   -26.9837
    8  555  948  -114.3693   156.4432   -26.9838
    9  554  948  -114.3699   156.4434   -26.9838
   10  553  949  -114.3703   156.4438   -26.9834
   11  552  949  -114.3709   156.4440   -26.9834
   12  551  949  -114.3704   156.4445   -26.9835
   13  550  949  -114.3692   156.4453   -26.9837
   14  549  949  -114.3694   156.4457   -26.9837
   15  548  949  -114.3686   156.4463   -26.9839
   16  547  949  -114.3691   156.4465   -26.9839
   17  546  949  -114.3691   156.4470   -26.9839
   18  545  949  -114.3686   156.4475   -26.9840
   19  544  949  -114.3680   156.4481   -26.9842
   20  543  949  -114.3674   156.4487   -26.9843
   21  542  949  -114.3674   156.4491   -26.9844
   22  541  950  -114.3658   156.4500   -26.9842
   23  540  950  -114.3666   156.4502   -26.9841
   24  539  950  -114.3680   156.4502   -26.9841
   25  538  950  -114.3755   156.4483   -26.9834
   26  536  950  -114.3752   156.4492   -26.9835
   27  537  950  -114.3749   156.4489   -26.9835
   28  534  951  -114.3748   156.4502   -26.9832
   29  533  951  -114.3754   156.4504   -26.9832
   30  532  951  -114.3750   156.4510   -26.9833
   31  535  951  -114.3743   156.4500   -26.9832
   32  526  952  -114.3866   156.4500   -26.9821
   33  527  952  -114.3761   156.4527   -26.9831
   34  525  952  -114.3831   156.4514   -26.9825
   35  529  952  -114.3756   156.4520   -26.9830
   36  530  952  -114.3764   156.4514   -26.9829
   37  531  952  -114.3775   156.4507   -26.9827
   38  524  952  -114.3820   156.4522   -26.9827
   39  523  952  -114.3811   156.4529   -26.9828
   40  522  952  -114.3766   156.4546   -26.9833
   41  528  952  -114.3751   156.4526   -26.9832
   42  520  952  -114.3735   156.4563   -26.9838
   43  521  952  -114.3763   156.4551   -26.9834
   44  518  953  -114.3689   156.4585   -26.9839
   45  517  953  -114.3699   156.4587   -26.9839
   46  516  953  -114.3698   156.4591   -26.9839
   47  519  953  -114.3709   156.4575   -26.9837
   48  515  954  -114.3686   156.4599   -26.9837
   49  514  954  -114.3695   156.4600   -26.9837
   50  513  954  -114.3728   156.4595   -26.9834
   51  511  955  -114.3702   156.4611   -26.9834
   52  510  955  -114.3698   156.4616   -26.9834
   53  509  955  -114.3691   156.4622   -26.9836
   54  512  955  -114.3699   156.4608   -26.9833
   55  508  956  -114.3685   156.4628   -26.9833
   56  507  956  -114.3665   156.4638   -26.9835
   57  506  956  -114.3659   156.4644   -26.9836
   58  505  956  -114.3665   156.4646   -26.9836
   59  504  956  -114.3653   156.4654   -26.9838
   60  503  956  -114.3655   156.4657   -26.9838
   61  502  956  -114.3713   156.4644   -26.9832
   62  500  957  -114.3758   156.4640   -26.9825
   63  499  957  -114.3744   156.4648   -26.9827
   64  498  957  -114.3741   156.4653   -26.9828
   65  497  957  -114.3733   156.4659   -26.9829
   66  496  957  -114.3729   156.4665   -26.9830
   67  495  957  -114.3724   156.4670   -26.9831
   68  501  957  -114.3727   156.4645   -26.9828

    1  655  888  -114.3930   156.3925   -26.9996
    2  654  888  -114.3902   156.3938   -26.9999
    3  653  888  -114.3907   156.3940   -26.9999
    4  652  888  -114.3927   156.3938   -26.9997
    5  656  888  -114.3898   156.3931   -26.9998
    6  651  889  -114.3943   156.3938   -26.9993
    7  650  889  -114.3950   156.3940   -26.9992
    8  649  889  -114.3957   156.3942   -26.9992
    9  648  889  -114.3991   156.3935   -26.9990
   10  647  889  -114.3985   156.3941   -26.9991
   11  646  889  -114.3969   156.3951   -26.9993
   12  645  889  -114.3975   156.3953   -26.9993
   13  644  889  -114.3970   156.3958   -26.9994
   14  643  889  -114.3965   156.3964   -26.9994
   15  642  889  -114.3975   156.3965   -26.9994
   16  641  890  -114.3975   156.3970   -26.9991
   17  640  890  -114.3983   156.3971   -26.9991
   18  639  890  -114.3978   156.3977   -26.9992
   19  638  890  -114.3973   156.3982   -26.9993
   20  637  890  -114.3967   156.3988   -26.9994
   21  636  890  -114.3969   156.3992   -26.9994
   22  635  890  -114.3977   156.3994   -26.9994
   23  634  890  -114.3976   156.3998   -26.9995
   24  633  890  -114.3979   156.4001   -26.9995
   25  632  890  -114.3975   156.4006   -26.9996
   26  631  891  -114.4001   156.4003   -26.9990
   27  630  891  -114.4008   156.4005   -26.9990
   28  629  891  -114.4001   156.4011   -26.9992
   29  628  891  -114.3990   156.4019   -26.9993
   30  627  891  -114.3987   156.4024   -26.9994
   31  626  891  -114.3979   156.4030   -26.9995
   32  625  891  -114.3975   156.4035   -26.9996
   33  624  891  -114.3974   156.4040   -26.9997
   34  622  891  -114.3982   156.4046   -26.9997
   35  623  891  -114.3980   156.4042   -26.9997
   36  617  892  -114.3983   156.4066   -26.9996
   37  618  892  -114.3986   156.4061   -26.9995
   38  619  892  -114.3989   156.4056   -26.9994
   39  620  892  -114.3989   156.4052   -26.9994
   40  621  892  -114.3981   156.4050   -26.9994
   41  614  892  -114.4007   156.4071   -26.9995
   42  615  892  -114.3997   156.4070   -26.9996
   43  616  892  -114.3989   156.4068   -26.9996
   44  612  893  -114.3993   156.4084   -26.9994
   45  611  893  -114.3996   156.4087   -26.9994
   46  610  893  -114.3997   156.4091   -26.9994
   47  609  893  -114.4003   156.4093   -26.9994
   48  608  893  -114.4000   156.4098   -26.9995
   49  613  893  -114.3998   156.4079   -26.9993
   50  607  894  -114.3992   156.4105   -26.9992
   51  606  894  -114.4002   156.4106   -26.9992
   52  605  894  -114.3992   156.4113   -26.9993
   53  604  894  -114.3991   156.4118   -26.9994
   54  603  894  -114.3996   156.4120   -26.9994
   55  602  894  -114.3993   156.4126   -26.9995
   56  601  895  -114.3985   156.4132   -26.9992
   57  600  895  -114.3997   156.4133   -26.9992
   58  599  895  -114.4010   156.4133   -26.9991
   59  598  895  -114.4002   156.4140   -26.9992
   60  597  895  -114.3993   156.4146   -26.9994
   61  596  895  -114.3990   156.4151   -26.9994
   62  594  896  -114.3983   156.4162   -26.9992
   63  593  896  -114.3995   156.4163   -26.9992
   64  592  896  -114.4009   156.4162   -26.9991
   65  591  896  -114.4013   156.4165   -26.9991
   66  590  896  -114.4024   156.4166   -26.9991
   67  595  896  -114.3972   156.4161   -26.9993
   68  589  897  -114.4018   156.4172   -26.9989
   69  588  897  -114.4007   156.4180   -26.9991
   70  587  897  -114.4014   156.4182   -26.9990
   71  586  897  -114.4006   156.4188   -26.9991
   72  585  897  -114.4004   156.4193   -26.9993
   73  584  897  -114.3998   156.4199   -26.9994
   74  582  898  -114.3988   156.4211   -26.9992
   75  581  898  -114.3991   156.4214   -26.9992
   76  583  898  -114.3992   156.4205   -26.9990

     1  560  242  -114.9907   156.2185   -27.2337
     2  561  242  -114.9905   156.2181   -27.2337
     3  558  243  -114.9892   156.2199   -27.2335
     4  557  243  -114.9893   156.2203   -27.2335
     5  556  243  -114.9888   156.2209   -27.2336
     6  559  243  -114.9906   156.2190   -27.2334
     7  555  244  -114.9893   156.2213   -27.2332
     8  554  244  -114.9889   156.2219   -27.2333
     9  553  244  -114.9879   156.2226   -27.2334
    10  552  244  -114.9882   156.2230   -27.2334
    11  550  245  -114.9885   156.2239   -27.2330
    12  549  245  -114.9874   156.2246   -27.2331
    13  548  245  -114.9860   156.2255   -27.2333
    14  551  245  -114.9888   156.2233   -27.2330
    15  547  246  -114.9856   156.2262   -27.2329
    16  546  246  -114.9850   156.2268   -27.2330
    17  545  246  -114.9864   156.2268   -27.2330
    18  544  246  -114.9866   156.2272   -27.2330
    19  543  246  -114.9893   156.2269   -27.2330
    20  541  247  -114.9864   156.2287   -27.2328
    21  540  247  -114.9866   156.2291   -27.2328
    22  539  247  -114.9870   156.2294   -27.2329
    23  538  247  -114.9858   156.2302   -27.2330
    24  542  247  -114.9865   156.2282   -27.2327
    25  537  248  -114.9848   156.2310   -27.2326
    26  536  248  -114.9860   156.2312   -27.2326
    27  535  248  -114.9865   156.2314   -27.2327
    28  534  248  -114.9875   156.2316   -27.2327
    29  533  248  -114.9852   156.2327   -27.2328
    30  532  249  -114.9900   156.2318   -27.2322
    31  531  249  -114.9883   156.2328   -27.2323
    32  530  249  -114.9875   156.2335   -27.2325
    33  529  249  -114.9866   156.2342   -27.2326
    34  528  249  -114.9858   156.2349   -27.2326
    35  526  250  -114.9851   156.2361   -27.2323
    36  525  250  -114.9842   156.2368   -27.2324
    37  524  250  -114.9840   156.2373   -27.2325
    38  523  250  -114.9832   156.2380   -27.2326
    39  522  250  -114.9827   156.2386   -27.2327
    40  527  250  -114.9855   156.2355   -27.2323
    41  521  251  -114.9825   156.2392   -27.2323
    42  520  251  -114.9824   156.2397   -27.2324
    43  519  251  -114.9827   156.2400   -27.2324
    44  518  251  -114.9823   156.2406   -27.2325
    45  517  251  -114.9832   156.2408   -27.2325
    46  516  251  -114.9854   156.2406   -27.2325
    47  515  251  -114.9875   156.2404   -27.2324
    48  514  252  -114.9865   156.2412   -27.2321
    49  513  252  -114.9863   156.2417   -27.2322
    50  512  252  -114.9841   156.2428   -27.2323
    51  511  252  -114.9840   156.2433   -27.2324
    52  510  252  -114.9824   156.2442   -27.2325
    53  509  252  -114.9818   156.2449   -27.2326
    54  507  252  -114.9807   156.2461   -27.2327
    55  508  252  -114.9803   156.2458   -27.2327
    56  503  253  -114.9792   156.2484   -27.2325
    57  504  253  -114.9783   156.2483   -27.2325
    58  505  253  -114.9797   156.2474   -27.2324
    59  506  253  -114.9794   156.2470   -27.2324
    60  500  253  -114.9796   156.2497   -27.2327
    61  502  253  -114.9789   156.2490   -27.2326
    62  501  253  -114.9782   156.2496   -27.2327
    63  498  254  -114.9803   156.2504   -27.2323
    64  497  254  -114.9796   156.2511   -27.2324
    65  496  254  -114.9785   156.2519   -27.2325
    66  495  254  -114.9789   156.2522   -27.2325
    67  494  254  -114.9789   156.2527   -27.2326
    68  493  254  -114.9785   156.2532   -27.2326
    69  492  254  -114.9792   156.2535   -27.2326
    70  499  254  -114.9797   156.2502   -27.2323
    71  491  255  -114.9756   156.2551   -27.2324
    72  490  255  -114.9758   156.2555   -27.2325
    73  489  255  -114.9759   156.2559   -27.2325
    74  488  255  -114.9757   156.2564   -27.2326
    75  487  255  -114.9757   156.2569   -27.2326
    76  486  255  -114.9768   156.2570   -27.2326
    77  485  255  -114.9765   156.2575   -27.2327
    78  484  255  -114.9770   156.2578   -27.2328
    79  482  256  -114.9758   156.2591   -27.2325
    80  481  256  -114.9761   156.2595   -27.2325
    81  480  256  -114.9753   156.2602   -27.2326
    82  479  256  -114.9756   156.2606   -27.2327
    83  478  256  -114.9741   156.2615   -27.2328
    84  477  256  -114.9722   156.2625   -27.2329
    85  476  256  -114.9751   156.2621   -27.2329
    86  483  256  -114.9765   156.2585   -27.2324
    87  475  257  -114.9764   156.2622   -27.2324
    88  474  257  -114.9783   156.2621   -27.2324
    89  473  257  -114.9807   156.2618   -27.2323
    90  472  257  -114.9804   156.2624   -27.2324
    91  471  257  -114.9819   156.2623   -27.2324
    92  470  257  -114.9855   156.2617   -27.2323
    93  469  257  -114.9831   156.2629   -27.2325
    94  468  257  -114.9829   156.2634   -27.2325
    95  467  257  -114.9827   156.2639   -27.2326
    96  466  257  -114.9830   156.2643   -27.2326
    97  465  258  -114.9821   156.2650   -27.2323
    98  464  258  -114.9837   156.2650   -27.2323
    99  463  258  -114.9847   156.2652   -27.2323
   100  462  258  -114.9854   156.2654   -27.2323
   101  461  258  -114.9866   156.2655   -27.2324
   102  460  258  -114.9882   156.2655   -27.2323
   103  459  258  -114.9882   156.2659   -27.2324
   104  458  258  -114.9872   156.2667   -27.2325
   105  457  258  -114.9876   156.2670   -27.2325
   106  456  258  -114.9896   156.2669   -27.2324
   107  455  258  -114.9900   156.2672   -27.2325
   108  454  258  -114.9893   156.2679   -27.2326
   109  452  259  -114.9896   156.2688   -27.2322
   110  451  259  -114.9909   156.2688   -27.2322
   111  450  259  -114.9940   156.2684   -27.2322
   112  449  259  -114.9928   156.2692   -27.2323
   113  448  259  -114.9927   156.2697   -27.2323
   114  447  259  -114.9931   156.2700   -27.2324
   115  453  259  -114.9882   156.2687   -27.2322

    1  120  1029  -114.3522   156.6255   -26.9781
    2  119  1029  -114.3518   156.6260   -26.9782
    3  118  1029  -114.3518   156.6264   -26.9782
    4  121  1029  -114.3523   156.6250   -26.9780
    5  117  1030  -114.3535   156.6263   -26.9777
    6  116  1030  -114.3551   156.6263   -26.9777
    7  115  1030  -114.3561   156.6264   -26.9776
    8  114  1030  -114.3568   156.6266   -26.9776
    9  113  1030  -114.3579   156.6268   -26.9776
   10  112  1030  -114.3591   156.6268   -26.9775
   11  111  1031  -114.3579   156.6276   -26.9773
   12  110  1031  -114.3575   156.6281   -26.9774
   13  109  1031  -114.3562   156.6288   -26.9776
   14  108  1031  -114.3562   156.6292   -26.9776
   15  107  1031  -114.3554   156.6298   -26.9778
   16  106  1031  -114.3557   156.6301   -26.9778
   17  105  1032  -114.3508   156.6318   -26.9779
   18  104  1032  -114.3518   156.6320   -26.9779
   19  103  1032  -114.3508   156.6326   -26.9780
   20  102  1032  -114.3544   156.6321   -26.9778
   21  101  1032  -114.3535   156.6327   -26.9779
   22  100  1032  -114.3580   156.6319   -26.9776
   23   99  1032  -114.3551   156.6331   -26.9779
   24   98  1032  -114.3578   156.6328   -26.9777
   25   97  1032  -114.3595   156.6327   -26.9776
   26   96  1032  -114.3592   156.6332   -26.9776
   27   95  1032  -114.3557   156.6345   -26.9780
   28   94  1032  -114.3560   156.6348   -26.9780
   29   93  1032  -114.3593   156.6344   -26.9778
   30   92  1033  -114.3560   156.6357   -26.9777
   31   91  1033  -114.3574   156.6357   -26.9777
   32   90  1033  -114.3588   156.6357   -26.9776
   33   89  1033  -114.3591   156.6360   -26.9776
   34   72  1033  -114.3667   156.6407   -26.9777
   35   73  1033  -114.3684   156.6399   -26.9775
   36   74  1033  -114.3678   156.6396   -26.9775
   37   75  1033  -114.3675   156.6393   -26.9775
   38   76  1033  -114.3665   156.6392   -26.9776
   39   77  1033  -114.3648   156.6393   -26.9777
   40   78  1033  -114.3669   156.6383   -26.9774
   41   79  1033  -114.3639   156.6387   -26.9776
   42   80  1033  -114.3638   156.6383   -26.9776
   43   81  1033  -114.3627   156.6382   -26.9776
   44   82  1033  -114.3640   156.6375   -26.9775
   45   83  1033  -114.3638   156.6372   -26.9774
   46   84  1033  -114.3645   156.6366   -26.9773
   47   85  1033  -114.3647   156.6361   -26.9773
   48   86  1033  -114.3620   156.6364   -26.9775
   49   87  1033  -114.3645   156.6354   -26.9772
   50   88  1033  -114.3600   156.6362   -26.9776
   51   71  1034  -114.3661   156.6413   -26.9775
   52   70  1034  -114.3648   156.6420   -26.9777
   53   69  1034  -114.3647   156.6425   -26.9777
   54   68  1034  -114.3652   156.6427   -26.9777
   55   67  1034  -114.3649   156.6432   -26.9778
   56   66  1034  -114.3648   156.6436   -26.9779
   57   65  1034  -114.3668   156.6435   -26.9777
   58   64  1034  -114.3681   156.6436   -26.9777
   59   63  1034  -114.3683   156.6439   -26.9777
   60   62  1034  -114.3667   156.6447   -26.9779
   61   61  1034  -114.3669   156.6450   -26.9780
   62   60  1034  -114.3672   156.6453   -26.9780
   63   59  1034  -114.3682   156.6455   -26.9780
   64   58  1034  -114.3684   156.6458   -26.9780
   65   57  1034  -114.3668   156.6466   -26.9782
   66   56  1034  -114.3658   156.6473   -26.9784
   67   55  1034  -114.3654   156.6478   -26.9785
   68   54  1034  -114.3649   156.6483   -26.9786
   69   53  1034  -114.3651   156.6486   -26.9786
   70   52  1034  -114.3646   156.6492   -26.9787
   71   51  1034  -114.3702   156.6481   -26.9782
   72   50  1034  -114.3698   156.6486   -26.9783
   73   49  1034  -114.3720   156.6484   -26.9782
   74   48  1034  -114.3715   156.6489   -26.9783
   75   47  1034  -114.3716   156.6493   -26.9783
   76   46  1034  -114.3723   156.6495   -26.9783
   77   45  1034  -114.3717   156.6501   -26.9784
   78   44  1034  -114.3717   156.6505   -26.9785
   79   43  1034  -114.3724   156.6507   -26.9785
   80   42  1034  -114.3730   156.6509   -26.9784
   81   41  1034  -114.3715   156.6517   -26.9786
   82   40  1034  -114.3738   156.6515   -26.9785
   83   39  1034  -114.3747   156.6516   -26.9784
