; ENVI Output of ROIs (5.4) [Tue Aug 13 15:25:25 2019]
; Number of ROIs: 6
; File Dimension: 1328 x 1184
;
; ROI name: Region #1
; ROI rgb value: {255, 0, 0}
; ROI npts: 158
;
; ROI name: Region #2
; ROI rgb value: {0, 255, 0}
; ROI npts: 123
;
; ROI name: Region #3
; ROI rgb value: {0, 0, 255}
; ROI npts: 108
;
; ROI name: Region #4
; ROI rgb value: {255, 255, 0}
; ROI npts: 123
;
; ROI name: Region #5
; ROI rgb value: {0, 255, 255}
; ROI npts: 96
;
; ROI name: Region #6
; ROI rgb value: {255, 0, 255}
; ROI npts: 95
;   ID    X   Y      B1      B2      B3
     1  774  54  0.0128  0.0032  0.0015
     2  773  54  0.0128  0.0032  0.0015
     3  772  54  0.0128  0.0032  0.0015
     4  771  54  0.0128  0.0032  0.0015
     5  770  54  0.0128  0.0032  0.0015
     6  769  54  0.0128  0.0032  0.0015
     7  768  54  0.0128  0.0032  0.0015
     8  767  54  0.0128  0.0032  0.0015
     9  766  54  0.0128  0.0032  0.0015
    10  765  54  0.0128  0.0032  0.0015
    11  764  54  0.0128  0.0032  0.0015
    12  763  54  0.0128  0.0032  0.0015
    13  762  54  0.0128  0.0032  0.0015
    14  761  54  0.0128  0.0032  0.0015
    15  760  54  0.0128  0.0032  0.0015
    16  759  54  0.0128  0.0032  0.0015
    17  758  54  0.0128  0.0031  0.0015
    18  757  54  0.0128  0.0031  0.0015
    19  756  54  0.0128  0.0031  0.0015
    20  755  54  0.0128  0.0031  0.0015
    21  754  54  0.0128  0.0031  0.0015
    22  753  54  0.0128  0.0031  0.0015
    23  752  54  0.0128  0.0031  0.0015
    24  751  54  0.0128  0.0031  0.0015
    25  750  54  0.0128  0.0031  0.0015
    26  749  54  0.0128  0.0031  0.0015
    27  748  54  0.0128  0.0031  0.0015
    28  747  54  0.0128  0.0031  0.0015
    29  746  54  0.0128  0.0031  0.0015
    30  745  54  0.0128  0.0031  0.0015
    31  744  54  0.0128  0.0031  0.0015
    32  743  54  0.0128  0.0031  0.0015
    33  742  54  0.0128  0.0031  0.0015
    34  741  54  0.0128  0.0031  0.0015
    35  740  54  0.0128  0.0031  0.0015
    36  739  54  0.0128  0.0031  0.0015
    37  738  54  0.0128  0.0031  0.0015
    38  737  54  0.0128  0.0031  0.0015
    39  736  54  0.0128  0.0031  0.0015
    40  735  54  0.0128  0.0031  0.0015
    41  734  54  0.0128  0.0031  0.0015
    42  733  54  0.0128  0.0031  0.0015
    43  732  54  0.0128  0.0031  0.0015
    44  731  54  0.0128  0.0031  0.0015
    45  730  54  0.0128  0.0031  0.0015
    46  729  54  0.0128  0.0031  0.0015
    47  728  54  0.0128  0.0031  0.0015
    48  727  54  0.0128  0.0031  0.0015
    49  726  54  0.0128  0.0031  0.0015
    50  725  54  0.0128  0.0031  0.0015
    51  724  54  0.0128  0.0031  0.0015
    52  723  54  0.0128  0.0031  0.0015
    53  722  54  0.0128  0.0031  0.0015
    54  721  54  0.0128  0.0031  0.0015
    55  720  54  0.0128  0.0031  0.0015
    56  719  54  0.0128  0.0031  0.0015
    57  718  54  0.0128  0.0031  0.0015
    58  717  54  0.0128  0.0031  0.0015
    59  716  54  0.0128  0.0031  0.0015
    60  715  54  0.0128  0.0031  0.0015
    61  714  54  0.0128  0.0031  0.0015
    62  713  54  0.0128  0.0031  0.0015
    63  712  54  0.0128  0.0031  0.0015
    64  711  54  0.0128  0.0031  0.0015
    65  710  54  0.0128  0.0031  0.0015
    66  709  54  0.0128  0.0031  0.0015
    67  708  54  0.0128  0.0031  0.0015
    68  707  55  0.0128  0.0031  0.0015
    69  706  55  0.0128  0.0031  0.0015
    70  705  55  0.0128  0.0031  0.0015
    71  704  55  0.0128  0.0031  0.0015
    72  703  55  0.0128  0.0031  0.0015
    73  702  55  0.0128  0.0031  0.0015
    74  701  55  0.0128  0.0031  0.0015
    75  700  55  0.0128  0.0031  0.0015
    76  699  55  0.0128  0.0031  0.0015
    77  698  55  0.0127  0.0031  0.0015
    78  697  55  0.0128  0.0031  0.0015
    79  696  55  0.0128  0.0031  0.0015
    80  695  55  0.0128  0.0031  0.0015
    81  694  55  0.0128  0.0031  0.0015
    82  693  55  0.0128  0.0031  0.0015
    83  692  55  0.0128  0.0031  0.0015
    84  691  55  0.0128  0.0031  0.0015
    85  690  56  0.0128  0.0031  0.0015
    86  689  56  0.0128  0.0031  0.0015
    87  688  56  0.0128  0.0031  0.0015
    88  687  56  0.0128  0.0031  0.0015
    89  686  56  0.0128  0.0031  0.0015
    90  685  56  0.0128  0.0031  0.0015
    91  684  56  0.0128  0.0031  0.0015
    92  683  56  0.0128  0.0031  0.0015
    93  682  56  0.0127  0.0031  0.0015
    94  681  56  0.0127  0.0031  0.0015
    95  679  57  0.0127  0.0031  0.0015
    96  678  57  0.0128  0.0031  0.0015
    97  677  57  0.0128  0.0031  0.0015
    98  676  57  0.0128  0.0031  0.0015
    99  675  57  0.0128  0.0031  0.0015
   100  674  57  0.0128  0.0031  0.0015
   101  673  57  0.0128  0.0031  0.0015
   102  680  57  0.0127  0.0031  0.0015
   103  672  58  0.0128  0.0031  0.0015
   104  671  58  0.0128  0.0031  0.0015
   105  670  58  0.0128  0.0031  0.0015
   106  669  58  0.0128  0.0031  0.0015
   107  668  58  0.0128  0.0031  0.0015
   108  667  58  0.0128  0.0031  0.0015
   109  666  58  0.0128  0.0031  0.0015
   110  665  58  0.0128  0.0031  0.0015
   111  664  58  0.0128  0.0031  0.0015
   112  663  58  0.0128  0.0031  0.0015
   113  662  58  0.0128  0.0031  0.0015
   114  661  58  0.0128  0.0031  0.0015
   115  660  58  0.0128  0.0031  0.0015
   116  659  58  0.0128  0.0031  0.0015
   117  658  58  0.0128  0.0031  0.0015
   118  657  58  0.0128  0.0031  0.0015
   119  656  58  0.0128  0.0031  0.0015
   120  655  58  0.0128  0.0031  0.0015
   121  654  58  0.0128  0.0030  0.0015
   122  653  58  0.0128  0.0030  0.0015
   123  652  58  0.0128  0.0030  0.0015
   124  651  58  0.0128  0.0030  0.0015
   125  650  58  0.0128  0.0030  0.0015
   126  649  58  0.0128  0.0030  0.0015
   127  648  58  0.0128  0.0030  0.0015
   128  647  58  0.0128  0.0030  0.0015
   129  646  58  0.0128  0.0030  0.0015
   130  645  58  0.0128  0.0030  0.0015
   131  644  58  0.0128  0.0030  0.0015
   132  643  58  0.0128  0.0030  0.0015
   133  642  58  0.0128  0.0030  0.0015
   134  641  58  0.0128  0.0030  0.0015
   135  640  58  0.0128  0.0030  0.0015
   136  639  58  0.0128  0.0030  0.0015
   137  638  58  0.0128  0.0030  0.0015
   138  637  58  0.0127  0.0030  0.0015
   139  636  58  0.0127  0.0030  0.0015
   140  635  58  0.0127  0.0030  0.0015
   141  634  58  0.0127  0.0030  0.0015
   142  633  58  0.0128  0.0030  0.0015
   143  632  58  0.0127  0.0030  0.0015
   144  631  58  0.0127  0.0030  0.0015
   145  630  58  0.0127  0.0030  0.0015
   146  629  58  0.0127  0.0030  0.0015
   147  628  58  0.0127  0.0030  0.0015
   148  627  58  0.0127  0.0030  0.0015
   149  626  58  0.0127  0.0030  0.0015
   150  625  58  0.0127  0.0030  0.0015
   151  624  58  0.0127  0.0030  0.0015
   152  623  58  0.0127  0.0030  0.0015
   153  622  58  0.0127  0.0030  0.0015
   154  621  58  0.0127  0.0030  0.0015
   155  620  58  0.0127  0.0030  0.0015
   156  619  58  0.0127  0.0030  0.0015
   157  618  58  0.0127  0.0030  0.0015
   158  617  58  0.0127  0.0030  0.0015

     1  955  57  0.0127  0.0033  0.0015
     2  954  57  0.0127  0.0033  0.0015
     3  953  57  0.0127  0.0033  0.0015
     4  952  57  0.0127  0.0033  0.0015
     5  951  57  0.0127  0.0033  0.0015
     6  950  57  0.0127  0.0033  0.0015
     7  956  57  0.0127  0.0033  0.0015
     8  949  58  0.0127  0.0033  0.0015
     9  948  58  0.0127  0.0033  0.0015
    10  947  58  0.0127  0.0033  0.0015
    11  946  58  0.0126  0.0033  0.0015
    12  945  58  0.0126  0.0033  0.0015
    13  944  58  0.0126  0.0033  0.0015
    14  943  58  0.0126  0.0033  0.0015
    15  942  58  0.0127  0.0033  0.0015
    16  941  58  0.0127  0.0033  0.0015
    17  940  58  0.0127  0.0033  0.0015
    18  939  58  0.0127  0.0033  0.0015
    19  938  58  0.0127  0.0033  0.0015
    20  937  58  0.0127  0.0033  0.0015
    21  936  58  0.0127  0.0033  0.0015
    22  935  58  0.0127  0.0033  0.0015
    23  934  58  0.0127  0.0033  0.0015
    24  933  58  0.0127  0.0033  0.0015
    25  932  59  0.0127  0.0033  0.0015
    26  931  59  0.0127  0.0033  0.0015
    27  930  59  0.0127  0.0033  0.0015
    28  929  59  0.0127  0.0033  0.0015
    29  928  59  0.0127  0.0033  0.0015
    30  927  59  0.0127  0.0033  0.0015
    31  926  59  0.0127  0.0033  0.0015
    32  925  59  0.0127  0.0033  0.0015
    33  924  59  0.0127  0.0033  0.0015
    34  923  59  0.0127  0.0033  0.0015
    35  922  59  0.0127  0.0033  0.0015
    36  921  59  0.0127  0.0033  0.0015
    37  920  59  0.0127  0.0033  0.0015
    38  919  59  0.0127  0.0033  0.0015
    39  918  59  0.0127  0.0033  0.0015
    40  917  59  0.0127  0.0033  0.0015
    41  916  59  0.0127  0.0033  0.0015
    42  915  59  0.0127  0.0033  0.0015
    43  914  59  0.0127  0.0033  0.0015
    44  913  59  0.0127  0.0033  0.0015
    45  912  59  0.0127  0.0033  0.0015
    46  911  59  0.0127  0.0033  0.0015
    47  910  59  0.0127  0.0033  0.0015
    48  909  59  0.0127  0.0033  0.0015
    49  908  60  0.0127  0.0033  0.0015
    50  907  60  0.0127  0.0033  0.0015
    51  906  60  0.0127  0.0033  0.0015
    52  905  60  0.0127  0.0033  0.0015
    53  904  60  0.0127  0.0033  0.0015
    54  903  60  0.0127  0.0033  0.0015
    55  902  60  0.0127  0.0033  0.0015
    56  901  60  0.0127  0.0033  0.0015
    57  900  60  0.0127  0.0033  0.0015
    58  899  60  0.0127  0.0033  0.0015
    59  898  60  0.0127  0.0033  0.0015
    60  893  60  0.0127  0.0033  0.0015
    61  894  60  0.0127  0.0033  0.0015
    62  895  60  0.0127  0.0033  0.0015
    63  896  60  0.0127  0.0033  0.0015
    64  897  60  0.0127  0.0033  0.0015
    65  892  61  0.0127  0.0033  0.0015
    66  891  61  0.0127  0.0033  0.0015
    67  890  61  0.0127  0.0033  0.0015
    68  889  61  0.0127  0.0033  0.0015
    69  888  61  0.0127  0.0033  0.0015
    70  887  61  0.0127  0.0033  0.0015
    71  886  61  0.0127  0.0033  0.0015
    72  885  61  0.0127  0.0033  0.0015
    73  884  61  0.0127  0.0033  0.0015
    74  883  61  0.0127  0.0033  0.0015
    75  882  61  0.0127  0.0033  0.0015
    76  881  61  0.0127  0.0033  0.0015
    77  880  61  0.0127  0.0033  0.0015
    78  879  61  0.0127  0.0032  0.0015
    79  878  61  0.0127  0.0032  0.0015
    80  877  61  0.0127  0.0033  0.0015
    81  876  61  0.0127  0.0033  0.0015
    82  875  61  0.0127  0.0033  0.0015
    83  874  61  0.0127  0.0032  0.0015
    84  873  61  0.0127  0.0032  0.0015
    85  872  61  0.0127  0.0032  0.0015
    86  871  61  0.0127  0.0032  0.0015
    87  870  61  0.0127  0.0032  0.0015
    88  869  61  0.0127  0.0032  0.0015
    89  868  61  0.0127  0.0033  0.0015
    90  867  61  0.0127  0.0032  0.0015
    91  866  61  0.0127  0.0032  0.0015
    92  865  61  0.0127  0.0032  0.0015
    93  864  61  0.0127  0.0033  0.0015
    94  863  61  0.0127  0.0032  0.0015
    95  862  61  0.0127  0.0032  0.0015
    96  861  61  0.0127  0.0032  0.0015
    97  860  61  0.0127  0.0032  0.0015
    98  859  61  0.0127  0.0032  0.0015
    99  858  61  0.0127  0.0032  0.0015
   100  857  61  0.0127  0.0032  0.0015
   101  856  61  0.0127  0.0032  0.0015
   102  855  61  0.0127  0.0032  0.0015
   103  854  62  0.0127  0.0032  0.0015
   104  853  62  0.0127  0.0032  0.0015
   105  852  62  0.0127  0.0032  0.0015
   106  851  62  0.0127  0.0032  0.0015
   107  850  62  0.0127  0.0032  0.0015
   108  849  62  0.0127  0.0032  0.0015
   109  848  62  0.0127  0.0032  0.0015
   110  847  62  0.0127  0.0032  0.0015
   111  846  62  0.0127  0.0032  0.0015
   112  845  62  0.0127  0.0032  0.0015
   113  844  62  0.0127  0.0032  0.0015
   114  843  62  0.0127  0.0032  0.0015
   115  842  62  0.0127  0.0032  0.0015
   116  841  62  0.0127  0.0032  0.0015
   117  840  62  0.0127  0.0032  0.0015
   118  839  62  0.0127  0.0032  0.0015
   119  838  62  0.0127  0.0032  0.0015
   120  837  62  0.0127  0.0032  0.0015
   121  836  62  0.0127  0.0032  0.0015
   122  835  62  0.0127  0.0032  0.0015
   123  834  62  0.0127  0.0032  0.0015

     1  541  105  0.0126  0.0029  0.0015
     2  540  105  0.0126  0.0029  0.0015
     3  539  105  0.0126  0.0029  0.0015
     4  538  105  0.0126  0.0029  0.0015
     5  537  105  0.0126  0.0029  0.0015
     6  536  105  0.0126  0.0029  0.0015
     7  542  105  0.0125  0.0029  0.0015
     8  535  106  0.0126  0.0029  0.0015
     9  534  106  0.0126  0.0029  0.0015
    10  533  106  0.0126  0.0029  0.0015
    11  532  106  0.0126  0.0029  0.0015
    12  531  106  0.0126  0.0029  0.0015
    13  530  106  0.0125  0.0029  0.0015
    14  529  106  0.0126  0.0029  0.0015
    15  528  106  0.0126  0.0029  0.0015
    16  527  106  0.0126  0.0029  0.0015
    17  526  106  0.0126  0.0029  0.0015
    18  525  106  0.0125  0.0029  0.0015
    19  524  106  0.0125  0.0029  0.0015
    20  523  106  0.0126  0.0029  0.0015
    21  522  106  0.0125  0.0029  0.0015
    22  521  106  0.0126  0.0029  0.0015
    23  520  106  0.0125  0.0029  0.0015
    24  519  107  0.0125  0.0029  0.0015
    25  518  107  0.0125  0.0029  0.0015
    26  517  107  0.0125  0.0029  0.0015
    27  516  107  0.0125  0.0029  0.0015
    28  515  107  0.0125  0.0028  0.0015
    29  514  107  0.0125  0.0029  0.0015
    30  513  107  0.0125  0.0029  0.0015
    31  512  107  0.0125  0.0029  0.0015
    32  511  107  0.0126  0.0028  0.0015
    33  509  108  0.0125  0.0029  0.0015
    34  510  108  0.0125  0.0028  0.0015
    35  507  109  0.0125  0.0028  0.0015
    36  508  109  0.0125  0.0028  0.0015
    37  505  110  0.0125  0.0028  0.0015
    38  504  110  0.0125  0.0028  0.0015
    39  503  110  0.0125  0.0028  0.0015
    40  506  110  0.0125  0.0028  0.0015
    41  502  111  0.0125  0.0028  0.0015
    42  501  111  0.0125  0.0028  0.0015
    43  500  111  0.0125  0.0028  0.0015
    44  478  111  0.0125  0.0028  0.0015
    45  479  111  0.0125  0.0028  0.0015
    46  480  111  0.0125  0.0028  0.0015
    47  481  111  0.0125  0.0028  0.0015
    48  482  111  0.0125  0.0028  0.0015
    49  483  111  0.0125  0.0028  0.0015
    50  484  111  0.0125  0.0028  0.0015
    51  485  111  0.0125  0.0028  0.0015
    52  486  111  0.0125  0.0028  0.0015
    53  487  111  0.0125  0.0028  0.0015
    54  488  111  0.0125  0.0028  0.0015
    55  489  111  0.0125  0.0028  0.0015
    56  490  111  0.0125  0.0028  0.0015
    57  491  111  0.0125  0.0028  0.0015
    58  492  111  0.0125  0.0028  0.0015
    59  493  111  0.0125  0.0028  0.0015
    60  494  111  0.0125  0.0028  0.0015
    61  495  111  0.0125  0.0028  0.0015
    62  496  111  0.0125  0.0028  0.0015
    63  497  111  0.0125  0.0028  0.0015
    64  498  111  0.0125  0.0028  0.0015
    65  499  111  0.0125  0.0028  0.0015
    66  477  112  0.0125  0.0028  0.0015
    67  476  112  0.0125  0.0028  0.0015
    68  475  112  0.0125  0.0028  0.0015
    69  474  112  0.0125  0.0028  0.0015
    70  473  112  0.0125  0.0028  0.0015
    71  472  112  0.0125  0.0028  0.0015
    72  471  112  0.0125  0.0028  0.0015
    73  470  112  0.0125  0.0028  0.0015
    74  469  112  0.0125  0.0028  0.0015
    75  468  112  0.0125  0.0028  0.0015
    76  467  113  0.0125  0.0028  0.0015
    77  466  113  0.0125  0.0028  0.0015
    78  465  113  0.0125  0.0028  0.0015
    79  464  113  0.0125  0.0028  0.0015
    80  463  113  0.0125  0.0028  0.0015
    81  462  113  0.0125  0.0028  0.0015
    82  461  113  0.0125  0.0028  0.0015
    83  460  113  0.0125  0.0028  0.0015
    84  459  113  0.0125  0.0028  0.0015
    85  458  113  0.0125  0.0028  0.0015
    86  457  113  0.0125  0.0028  0.0015
    87  456  113  0.0125  0.0028  0.0015
    88  455  113  0.0125  0.0028  0.0015
    89  454  113  0.0125  0.0028  0.0015
    90  453  113  0.0125  0.0028  0.0015
    91  452  113  0.0125  0.0028  0.0015
    92  451  113  0.0125  0.0028  0.0015
    93  450  113  0.0125  0.0028  0.0015
    94  449  113  0.0125  0.0028  0.0015
    95  448  113  0.0124  0.0028  0.0015
    96  447  113  0.0124  0.0028  0.0015
    97  446  113  0.0124  0.0028  0.0015
    98  445  113  0.0125  0.0028  0.0015
    99  444  113  0.0125  0.0028  0.0015
   100  443  113  0.0125  0.0028  0.0015
   101  442  113  0.0125  0.0028  0.0015
   102  441  113  0.0125  0.0028  0.0015
   103  440  113  0.0125  0.0028  0.0015
   104  439  113  0.0125  0.0028  0.0015
   105  438  113  0.0125  0.0028  0.0015
   106  437  113  0.0125  0.0028  0.0015
   107  436  113  0.0125  0.0027  0.0015
   108  435  113  0.0125  0.0028  0.0015

     1  917  566  0.0109  0.0028  0.0018
     2  916  566  0.0109  0.0028  0.0018
     3  915  566  0.0109  0.0028  0.0018
     4  918  566  0.0109  0.0028  0.0018
     5  914  567  0.0109  0.0028  0.0018
     6  913  567  0.0109  0.0028  0.0018
     7  912  567  0.0109  0.0028  0.0018
     8  911  567  0.0109  0.0028  0.0018
     9  910  567  0.0109  0.0028  0.0018
    10  909  567  0.0109  0.0028  0.0018
    11  908  567  0.0109  0.0028  0.0018
    12  907  567  0.0109  0.0028  0.0018
    13  906  567  0.0109  0.0028  0.0018
    14  905  567  0.0109  0.0028  0.0018
    15  904  567  0.0109  0.0028  0.0018
    16  903  567  0.0109  0.0028  0.0018
    17  902  567  0.0109  0.0028  0.0018
    18  901  567  0.0109  0.0028  0.0018
    19  900  567  0.0109  0.0028  0.0018
    20  899  567  0.0109  0.0028  0.0018
    21  898  567  0.0109  0.0028  0.0018
    22  897  567  0.0109  0.0028  0.0018
    23  896  567  0.0109  0.0028  0.0018
    24  895  567  0.0109  0.0028  0.0018
    25  894  567  0.0109  0.0028  0.0018
    26  893  567  0.0109  0.0028  0.0018
    27  892  567  0.0109  0.0028  0.0018
    28  891  568  0.0109  0.0028  0.0018
    29  890  568  0.0109  0.0028  0.0018
    30  889  568  0.0109  0.0028  0.0018
    31  888  568  0.0109  0.0028  0.0018
    32  887  568  0.0109  0.0028  0.0018
    33  886  568  0.0109  0.0028  0.0018
    34  885  568  0.0109  0.0028  0.0018
    35  884  568  0.0109  0.0028  0.0018
    36  883  568  0.0109  0.0028  0.0018
    37  882  568  0.0110  0.0028  0.0018
    38  881  569  0.0110  0.0028  0.0018
    39  880  569  0.0110  0.0028  0.0018
    40  879  569  0.0110  0.0028  0.0018
    41  878  569  0.0110  0.0028  0.0018
    42  877  569  0.0110  0.0028  0.0018
    43  876  569  0.0110  0.0028  0.0018
    44  875  569  0.0110  0.0028  0.0018
    45  874  569  0.0110  0.0028  0.0018
    46  873  569  0.0110  0.0028  0.0018
    47  872  569  0.0110  0.0028  0.0018
    48  871  569  0.0110  0.0028  0.0018
    49  870  570  0.0110  0.0028  0.0018
    50  869  570  0.0110  0.0028  0.0018
    51  868  570  0.0110  0.0028  0.0018
    52  867  570  0.0110  0.0028  0.0018
    53  866  570  0.0110  0.0028  0.0018
    54  865  570  0.0110  0.0028  0.0018
    55  863  570  0.0110  0.0028  0.0018
    56  862  570  0.0110  0.0028  0.0018
    57  861  570  0.0110  0.0028  0.0018
    58  860  570  0.0110  0.0028  0.0018
    59  859  570  0.0110  0.0028  0.0018
    60  864  570  0.0110  0.0028  0.0018
    61  856  571  0.0110  0.0027  0.0018
    62  857  571  0.0110  0.0027  0.0018
    63  858  571  0.0110  0.0027  0.0018
    64  854  571  0.0109  0.0027  0.0018
    65  853  571  0.0110  0.0027  0.0018
    66  852  571  0.0109  0.0027  0.0018
    67  851  571  0.0109  0.0027  0.0018
    68  850  571  0.0109  0.0027  0.0018
    69  855  571  0.0110  0.0027  0.0018
    70  849  572  0.0109  0.0027  0.0018
    71  848  572  0.0109  0.0027  0.0018
    72  847  572  0.0109  0.0027  0.0018
    73  846  572  0.0109  0.0027  0.0018
    74  845  572  0.0109  0.0027  0.0018
    75  844  572  0.0109  0.0027  0.0018
    76  843  572  0.0109  0.0027  0.0018
    77  832  572  0.0109  0.0027  0.0018
    78  833  572  0.0109  0.0027  0.0018
    79  831  572  0.0109  0.0027  0.0018
    80  834  572  0.0109  0.0027  0.0018
    81  835  572  0.0109  0.0027  0.0018
    82  836  573  0.0109  0.0027  0.0018
    83  838  573  0.0109  0.0027  0.0018
    84  839  573  0.0109  0.0027  0.0018
    85  841  573  0.0109  0.0027  0.0018
    86  842  573  0.0109  0.0027  0.0018
    87  840  573  0.0109  0.0027  0.0018
    88  837  573  0.0109  0.0027  0.0018
    89  830  573  0.0109  0.0027  0.0018
    90  829  573  0.0109  0.0027  0.0018
    91  828  573  0.0109  0.0027  0.0018
    92  827  573  0.0109  0.0027  0.0018
    93  826  574  0.0109  0.0027  0.0018
    94  825  574  0.0109  0.0027  0.0018
    95  824  574  0.0109  0.0027  0.0018
    96  823  574  0.0109  0.0027  0.0018
    97  822  574  0.0109  0.0027  0.0018
    98  821  574  0.0109  0.0027  0.0018
    99  820  574  0.0109  0.0027  0.0018
   100  819  574  0.0109  0.0027  0.0018
   101  818  574  0.0109  0.0027  0.0018
   102  817  575  0.0110  0.0027  0.0018
   103  816  575  0.0110  0.0027  0.0018
   104  815  575  0.0110  0.0027  0.0018
   105  814  575  0.0109  0.0027  0.0018
   106  813  575  0.0109  0.0027  0.0018
   107  812  575  0.0109  0.0027  0.0018
   108  811  575  0.0109  0.0027  0.0018
   109  810  575  0.0109  0.0027  0.0018
   110  809  575  0.0109  0.0027  0.0018
   111  808  575  0.0109  0.0027  0.0018
   112  807  575  0.0109  0.0027  0.0018
   113  806  575  0.0109  0.0027  0.0018
   114  805  575  0.0109  0.0027  0.0018
   115  804  575  0.0109  0.0027  0.0018
   116  802  576  0.0109  0.0027  0.0018
   117  801  576  0.0109  0.0027  0.0018
   118  800  576  0.0109  0.0027  0.0018
   119  799  576  0.0109  0.0027  0.0018
   120  798  576  0.0109  0.0027  0.0018
   121  797  576  0.0109  0.0027  0.0018
   122  796  576  0.0109  0.0027  0.0018
   123  803  576  0.0109  0.0027  0.0018

    1  740  574  0.0110  0.0026  0.0018
    2  739  574  0.0109  0.0026  0.0018
    3  738  574  0.0109  0.0026  0.0017
    4  737  574  0.0109  0.0026  0.0017
    5  736  574  0.0109  0.0026  0.0018
    6  735  574  0.0109  0.0026  0.0017
    7  734  574  0.0109  0.0026  0.0018
    8  733  574  0.0109  0.0026  0.0018
    9  732  574  0.0109  0.0026  0.0018
   10  731  574  0.0109  0.0026  0.0018
   11  730  574  0.0109  0.0026  0.0018
   12  729  574  0.0110  0.0026  0.0018
   13  728  574  0.0110  0.0026  0.0018
   14  727  574  0.0110  0.0026  0.0018
   15  726  574  0.0110  0.0026  0.0018
   16  725  574  0.0110  0.0026  0.0018
   17  724  574  0.0110  0.0026  0.0018
   18  723  575  0.0109  0.0026  0.0018
   19  722  575  0.0109  0.0026  0.0018
   20  721  575  0.0109  0.0026  0.0018
   21  720  575  0.0109  0.0026  0.0018
   22  719  575  0.0109  0.0026  0.0018
   23  718  575  0.0110  0.0026  0.0018
   24  717  575  0.0109  0.0026  0.0018
   25  716  575  0.0109  0.0026  0.0018
   26  715  575  0.0110  0.0026  0.0018
   27  714  575  0.0109  0.0026  0.0018
   28  713  575  0.0109  0.0026  0.0018
   29  712  575  0.0110  0.0026  0.0018
   30  711  575  0.0109  0.0026  0.0018
   31  710  575  0.0110  0.0026  0.0018
   32  709  575  0.0110  0.0026  0.0018
   33  708  575  0.0110  0.0026  0.0018
   34  707  575  0.0109  0.0026  0.0018
   35  706  575  0.0110  0.0026  0.0018
   36  705  575  0.0110  0.0026  0.0018
   37  704  575  0.0110  0.0026  0.0018
   38  703  575  0.0110  0.0026  0.0018
   39  702  575  0.0110  0.0026  0.0018
   40  701  575  0.0110  0.0026  0.0018
   41  700  575  0.0109  0.0026  0.0018
   42  699  575  0.0109  0.0026  0.0018
   43  698  575  0.0109  0.0026  0.0018
   44  697  575  0.0109  0.0026  0.0017
   45  696  575  0.0109  0.0026  0.0017
   46  690  575  0.0109  0.0026  0.0017
   47  691  575  0.0109  0.0026  0.0017
   48  692  575  0.0109  0.0026  0.0017
   49  693  575  0.0109  0.0026  0.0017
   50  694  575  0.0109  0.0026  0.0017
   51  695  575  0.0109  0.0026  0.0017
   52  689  576  0.0109  0.0026  0.0017
   53  688  576  0.0109  0.0026  0.0017
   54  687  576  0.0109  0.0026  0.0017
   55  686  576  0.0109  0.0026  0.0017
   56  685  576  0.0109  0.0026  0.0017
   57  684  576  0.0109  0.0026  0.0017
   58  683  576  0.0109  0.0026  0.0017
   59  682  576  0.0109  0.0026  0.0017
   60  681  576  0.0109  0.0026  0.0017
   61  680  576  0.0109  0.0026  0.0017
   62  679  576  0.0109  0.0026  0.0017
   63  678  576  0.0109  0.0026  0.0017
   64  677  576  0.0109  0.0026  0.0017
   65  676  576  0.0109  0.0026  0.0017
   66  675  577  0.0109  0.0026  0.0017
   67  674  577  0.0109  0.0026  0.0017
   68  673  577  0.0109  0.0026  0.0017
   69  672  577  0.0109  0.0026  0.0017
   70  671  577  0.0109  0.0026  0.0017
   71  670  577  0.0109  0.0026  0.0017
   72  669  577  0.0109  0.0026  0.0017
   73  668  577  0.0109  0.0026  0.0017
   74  667  577  0.0109  0.0026  0.0017
   75  666  577  0.0109  0.0026  0.0017
   76  665  577  0.0109  0.0026  0.0017
   77  664  577  0.0109  0.0026  0.0017
   78  663  578  0.0109  0.0026  0.0017
   79  662  578  0.0109  0.0026  0.0017
   80  661  578  0.0109  0.0026  0.0017
   81  660  578  0.0109  0.0026  0.0017
   82  659  578  0.0109  0.0026  0.0017
   83  658  578  0.0109  0.0026  0.0017
   84  657  578  0.0109  0.0026  0.0017
   85  656  578  0.0109  0.0026  0.0017
   86  655  578  0.0109  0.0026  0.0017
   87  654  578  0.0109  0.0026  0.0017
   88  653  578  0.0109  0.0026  0.0017
   89  652  578  0.0109  0.0026  0.0017
   90  650  579  0.0109  0.0026  0.0017
   91  649  579  0.0109  0.0026  0.0017
   92  648  579  0.0109  0.0026  0.0017
   93  647  579  0.0109  0.0026  0.0017
   94  646  579  0.0109  0.0026  0.0017
   95  645  579  0.0109  0.0026  0.0017
   96  651  579  0.0109  0.0026  0.0017

    1  693  582  0.0109  0.0026  0.0018
    2  692  582  0.0109  0.0026  0.0018
    3  691  582  0.0109  0.0026  0.0018
    4  690  582  0.0109  0.0026  0.0018
    5  689  582  0.0109  0.0026  0.0018
    6  688  582  0.0109  0.0026  0.0018
    7  687  582  0.0109  0.0026  0.0018
    8  686  582  0.0109  0.0026  0.0018
    9  685  582  0.0109  0.0026  0.0018
   10  684  582  0.0109  0.0026  0.0017
   11  683  582  0.0109  0.0026  0.0017
   12  682  582  0.0109  0.0026  0.0018
   13  681  582  0.0109  0.0026  0.0018
   14  680  582  0.0109  0.0026  0.0018
   15  679  583  0.0109  0.0026  0.0018
   16  678  583  0.0109  0.0026  0.0018
   17  677  583  0.0109  0.0026  0.0018
   18  676  583  0.0109  0.0026  0.0017
   19  675  583  0.0109  0.0026  0.0017
   20  674  583  0.0109  0.0026  0.0017
   21  673  583  0.0109  0.0026  0.0017
   22  672  583  0.0109  0.0026  0.0017
   23  671  583  0.0109  0.0026  0.0017
   24  670  583  0.0109  0.0026  0.0017
   25  669  583  0.0109  0.0026  0.0017
   26  668  583  0.0109  0.0026  0.0018
   27  667  583  0.0109  0.0026  0.0017
   28  666  583  0.0109  0.0026  0.0017
   29  665  583  0.0109  0.0026  0.0017
   30  664  583  0.0109  0.0026  0.0017
   31  663  583  0.0109  0.0026  0.0017
   32  662  584  0.0109  0.0026  0.0017
   33  661  584  0.0109  0.0026  0.0017
   34  660  584  0.0109  0.0026  0.0017
   35  659  584  0.0109  0.0025  0.0017
   36  658  584  0.0109  0.0026  0.0017
   37  657  584  0.0108  0.0026  0.0017
   38  656  584  0.0109  0.0025  0.0017
   39  655  584  0.0109  0.0025  0.0017
   40  653  585  0.0109  0.0025  0.0017
   41  652  585  0.0109  0.0026  0.0017
   42  651  585  0.0109  0.0026  0.0017
   43  650  585  0.0109  0.0025  0.0018
   44  649  585  0.0109  0.0025  0.0018
   45  648  585  0.0109  0.0025  0.0017
   46  654  585  0.0109  0.0026  0.0017
   47  647  586  0.0109  0.0025  0.0018
   48  646  586  0.0109  0.0025  0.0017
   49  645  586  0.0109  0.0025  0.0017
   50  644  586  0.0109  0.0025  0.0017
   51  643  586  0.0109  0.0025  0.0018
   52  641  587  0.0109  0.0025  0.0018
   53  640  587  0.0109  0.0025  0.0017
   54  639  587  0.0109  0.0025  0.0017
   55  638  587  0.0109  0.0025  0.0017
   56  637  587  0.0109  0.0025  0.0018
   57  642  587  0.0109  0.0025  0.0018
   58  636  588  0.0109  0.0025  0.0017
   59  635  588  0.0109  0.0025  0.0017
   60  634  588  0.0109  0.0025  0.0017
   61  633  588  0.0109  0.0025  0.0017
   62  632  588  0.0109  0.0025  0.0017
   63  631  588  0.0109  0.0025  0.0017
   64  630  588  0.0109  0.0025  0.0017
   65  629  588  0.0109  0.0025  0.0017
   66  628  588  0.0109  0.0025  0.0017
   67  627  588  0.0109  0.0025  0.0017
   68  626  588  0.0109  0.0025  0.0017
   69  625  588  0.0109  0.0025  0.0017
   70  624  588  0.0109  0.0025  0.0017
   71  623  588  0.0109  0.0025  0.0017
   72  622  588  0.0109  0.0025  0.0017
   73  621  588  0.0109  0.0025  0.0017
   74  620  588  0.0109  0.0025  0.0017
   75  619  589  0.0109  0.0025  0.0017
   76  618  589  0.0109  0.0025  0.0017
   77  617  589  0.0109  0.0025  0.0017
   78  616  589  0.0109  0.0025  0.0017
   79  615  589  0.0109  0.0025  0.0017
   80  614  589  0.0109  0.0025  0.0017
   81  613  589  0.0109  0.0025  0.0017
   82  612  589  0.0109  0.0025  0.0017
   83  611  589  0.0109  0.0025  0.0017
   84  610  589  0.0109  0.0025  0.0017
   85  609  589  0.0109  0.0025  0.0017
   86  608  589  0.0109  0.0025  0.0017
   87  607  589  0.0109  0.0025  0.0017
   88  606  589  0.0109  0.0025  0.0017
   89  604  590  0.0109  0.0025  0.0017
   90  603  590  0.0109  0.0025  0.0017
   91  602  590  0.0109  0.0025  0.0017
   92  601  590  0.0109  0.0025  0.0017
   93  600  590  0.0109  0.0025  0.0017
   94  599  590  0.0109  0.0025  0.0017
   95  605  590  0.0109  0.0025  0.0017
