; ENVI Output of ROIs (5.4) [Tue Aug 13 15:25:08 2019]
; Number of ROIs: 6
; File Dimension: 1328 x 1184
;
; ROI name: Region #1
; ROI rgb value: {255, 0, 0}
; ROI npts: 158
;
; ROI name: Region #2
; ROI rgb value: {0, 255, 0}
; ROI npts: 123
;
; ROI name: Region #3
; ROI rgb value: {0, 0, 255}
; ROI npts: 108
;
; ROI name: Region #4
; ROI rgb value: {255, 255, 0}
; ROI npts: 123
;
; ROI name: Region #5
; ROI rgb value: {0, 255, 255}
; ROI npts: 96
;
; ROI name: Region #6
; ROI rgb value: {255, 0, 255}
; ROI npts: 95
;   ID    X   Y         B1         B2         B3
     1  774  54  -114.3367   156.7425   -26.9674
     2  773  54  -114.3359   156.7431   -26.9675
     3  772  54  -114.3364   156.7433   -26.9675
     4  771  54  -114.3365   156.7437   -26.9676
     5  770  54  -114.3368   156.7440   -26.9676
     6  769  54  -114.3373   156.7443   -26.9676
     7  768  54  -114.3389   156.7443   -26.9675
     8  767  54  -114.3384   156.7448   -26.9676
     9  766  54  -114.3397   156.7449   -26.9675
    10  765  54  -114.3405   156.7451   -26.9675
    11  764  54  -114.3404   156.7455   -26.9675
    12  763  54  -114.3392   156.7462   -26.9677
    13  762  54  -114.3399   156.7464   -26.9677
    14  761  54  -114.3410   156.7465   -26.9676
    15  760  54  -114.3406   156.7470   -26.9677
    16  759  54  -114.3385   156.7479   -26.9680
    17  758  54  -114.3371   156.7486   -26.9682
    18  757  54  -114.3360   156.7493   -26.9683
    19  756  54  -114.3348   156.7500   -26.9685
    20  755  54  -114.3364   156.7500   -26.9684
    21  754  54  -114.3369   156.7502   -26.9684
    22  753  54  -114.3389   156.7502   -26.9682
    23  752  54  -114.3387   156.7506   -26.9683
    24  751  54  -114.3396   156.7508   -26.9682
    25  750  54  -114.3399   156.7511   -26.9683
    26  749  54  -114.3417   156.7511   -26.9681
    27  748  54  -114.3400   156.7518   -26.9683
    28  747  54  -114.3433   156.7514   -26.9681
    29  746  54  -114.3423   156.7521   -26.9682
    30  745  54  -114.3440   156.7521   -26.9681
    31  744  54  -114.3428   156.7527   -26.9683
    32  743  54  -114.3429   156.7531   -26.9683
    33  742  54  -114.3432   156.7534   -26.9683
    34  741  54  -114.3430   156.7538   -26.9684
    35  740  54  -114.3421   156.7545   -26.9685
    36  739  54  -114.3425   156.7547   -26.9685
    37  738  54  -114.3443   156.7547   -26.9684
    38  737  54  -114.3437   156.7552   -26.9685
    39  736  54  -114.3442   156.7555   -26.9685
    40  735  54  -114.3443   156.7559   -26.9685
    41  734  54  -114.3443   156.7563   -26.9686
    42  733  54  -114.3443   156.7567   -26.9686
    43  732  54  -114.3459   156.7567   -26.9685
    44  731  54  -114.3441   156.7575   -26.9687
    45  730  54  -114.3454   156.7576   -26.9686
    46  729  54  -114.3459   156.7578   -26.9687
    47  728  54  -114.3445   156.7586   -26.9688
    48  727  54  -114.3462   156.7585   -26.9687
    49  726  54  -114.3443   156.7594   -26.9690
    50  725  54  -114.3451   156.7596   -26.9689
    51  724  54  -114.3461   156.7598   -26.9689
    52  723  54  -114.3455   156.7603   -26.9690
    53  722  54  -114.3459   156.7606   -26.9690
    54  721  54  -114.3460   156.7609   -26.9690
    55  720  54  -114.3457   156.7614   -26.9691
    56  719  54  -114.3458   156.7618   -26.9691
    57  718  54  -114.3452   156.7623   -26.9692
    58  717  54  -114.3442   156.7629   -26.9693
    59  716  54  -114.3432   156.7635   -26.9695
    60  715  54  -114.3427   156.7641   -26.9696
    61  714  54  -114.3428   156.7644   -26.9696
    62  713  54  -114.3414   156.7652   -26.9698
    63  712  54  -114.3416   156.7655   -26.9698
    64  711  54  -114.3422   156.7657   -26.9698
    65  710  54  -114.3418   156.7662   -26.9698
    66  709  54  -114.3413   156.7667   -26.9699
    67  708  54  -114.3423   156.7669   -26.9699
    68  707  55  -114.3396   156.7680   -26.9698
    69  706  55  -114.3392   156.7684   -26.9699
    70  705  55  -114.3386   156.7690   -26.9700
    71  704  55  -114.3381   156.7695   -26.9701
    72  703  55  -114.3381   156.7699   -26.9701
    73  702  55  -114.3383   156.7702   -26.9701
    74  701  55  -114.3383   156.7706   -26.9702
    75  700  55  -114.3367   156.7714   -26.9704
    76  699  55  -114.3364   156.7718   -26.9705
    77  698  55  -114.3359   156.7723   -26.9706
    78  697  55  -114.3424   156.7712   -26.9699
    79  696  55  -114.3430   156.7714   -26.9699
    80  695  55  -114.3396   156.7726   -26.9703
    81  694  55  -114.3394   156.7731   -26.9704
    82  693  55  -114.3407   156.7732   -26.9703
    83  692  55  -114.3396   156.7738   -26.9705
    84  691  55  -114.3390   156.7743   -26.9706
    85  690  56  -114.3421   156.7740   -26.9699
    86  689  56  -114.3400   156.7749   -26.9702
    87  688  56  -114.3427   156.7747   -26.9700
    88  687  56  -114.3419   156.7753   -26.9701
    89  686  56  -114.3402   156.7760   -26.9703
    90  685  56  -114.3416   156.7761   -26.9702
    91  684  56  -114.3399   156.7769   -26.9704
    92  683  56  -114.3392   156.7774   -26.9705
    93  682  56  -114.3361   156.7785   -26.9709
    94  681  56  -114.3385   156.7784   -26.9707
    95  679  57  -114.3391   156.7790   -26.9704
    96  678  57  -114.3399   156.7792   -26.9703
    97  677  57  -114.3450   156.7784   -26.9699
    98  676  57  -114.3420   156.7795   -26.9702
    99  675  57  -114.3468   156.7788   -26.9698
   100  674  57  -114.3469   156.7792   -26.9699
   101  673  57  -114.3441   156.7802   -26.9701
   102  680  57  -114.3390   156.7787   -26.9704
   103  672  58  -114.3464   156.7801   -26.9696
   104  671  58  -114.3469   156.7804   -26.9696
   105  670  58  -114.3486   156.7804   -26.9695
   106  669  58  -114.3504   156.7803   -26.9693
   107  668  58  -114.3506   156.7807   -26.9694
   108  667  58  -114.3513   156.7809   -26.9693
   109  666  58  -114.3502   156.7816   -26.9695
   110  665  58  -114.3516   156.7816   -26.9694
   111  664  58  -114.3506   156.7822   -26.9695
   112  663  58  -114.3528   156.7821   -26.9694
   113  662  58  -114.3522   156.7827   -26.9695
   114  661  58  -114.3522   156.7830   -26.9695
   115  660  58  -114.3498   156.7840   -26.9698
   116  659  58  -114.3497   156.7844   -26.9699
   117  658  58  -114.3496   156.7848   -26.9699
   118  657  58  -114.3500   156.7851   -26.9699
   119  656  58  -114.3493   156.7856   -26.9701
   120  655  58  -114.3498   156.7859   -26.9701
   121  654  58  -114.3510   156.7860   -26.9700
   122  653  58  -114.3522   156.7861   -26.9699
   123  652  58  -114.3525   156.7865   -26.9700
   124  651  58  -114.3520   156.7870   -26.9701
   125  650  58  -114.3538   156.7869   -26.9699
   126  649  58  -114.3534   156.7874   -26.9701
   127  648  58  -114.3528   156.7879   -26.9702
   128  647  58  -114.3530   156.7883   -26.9702
   129  646  58  -114.3516   156.7890   -26.9704
   130  645  58  -114.3557   156.7885   -26.9700
   131  644  58  -114.3542   156.7892   -26.9702
   132  643  58  -114.3531   156.7898   -26.9704
   133  642  58  -114.3520   156.7905   -26.9705
   134  641  58  -114.3518   156.7909   -26.9706
   135  640  58  -114.3525   156.7911   -26.9706
   136  639  58  -114.3520   156.7916   -26.9707
   137  638  58  -114.3504   156.7924   -26.9709
   138  637  58  -114.3490   156.7931   -26.9711
   139  636  58  -114.3488   156.7935   -26.9711
   140  635  58  -114.3493   156.7938   -26.9711
   141  634  58  -114.3485   156.7944   -26.9712
   142  633  58  -114.3491   156.7946   -26.9712
   143  632  58  -114.3476   156.7954   -26.9714
   144  631  58  -114.3481   156.7957   -26.9714
   145  630  58  -114.3468   156.7963   -26.9716
   146  629  58  -114.3485   156.7963   -26.9714
   147  628  58  -114.3487   156.7967   -26.9715
   148  627  58  -114.3480   156.7972   -26.9716
   149  626  58  -114.3480   156.7976   -26.9716
   150  625  58  -114.3475   156.7981   -26.9717
   151  624  58  -114.3467   156.7987   -26.9719
   152  623  58  -114.3470   156.7990   -26.9719
   153  622  58  -114.3468   156.7995   -26.9719
   154  621  58  -114.3470   156.7998   -26.9720
   155  620  58  -114.3467   156.8002   -26.9720
   156  619  58  -114.3464   156.8007   -26.9721
   157  618  58  -114.3462   156.8011   -26.9722
   158  617  58  -114.3461   156.8015   -26.9722

     1  955  57  -114.2890   156.6841   -26.9627
     2  954  57  -114.2891   156.6844   -26.9627
     3  953  57  -114.2911   156.6843   -26.9625
     4  952  57  -114.2850   156.6863   -26.9632
     5  951  57  -114.2882   156.6859   -26.9629
     6  950  57  -114.2930   156.6850   -26.9625
     7  956  57  -114.2943   156.6824   -26.9621
     8  949  58  -114.2857   156.6873   -26.9629
     9  948  58  -114.2883   156.6870   -26.9627
    10  947  58  -114.2861   156.6880   -26.9629
    11  946  58  -114.2757   156.6910   -26.9641
    12  945  58  -114.2771   156.6910   -26.9640
    13  944  58  -114.2815   156.6903   -26.9636
    14  943  58  -114.2807   156.6909   -26.9637
    15  942  58  -114.3038   156.6854   -26.9614
    16  941  58  -114.2879   156.6898   -26.9630
    17  940  58  -114.2997   156.6872   -26.9619
    18  939  58  -114.2987   156.6879   -26.9621
    19  938  58  -114.2970   156.6887   -26.9623
    20  937  58  -114.2973   156.6890   -26.9623
    21  936  58  -114.2960   156.6897   -26.9625
    22  935  58  -114.2941   156.6906   -26.9627
    23  934  58  -114.2961   156.6905   -26.9626
    24  933  58  -114.2973   156.6905   -26.9625
    25  932  59  -114.2951   156.6915   -26.9624
    26  931  59  -114.2922   156.6927   -26.9627
    27  930  59  -114.2893   156.6938   -26.9631
    28  929  59  -114.2923   156.6934   -26.9628
    29  928  59  -114.2917   156.6940   -26.9629
    30  927  59  -114.2928   156.6941   -26.9628
    31  926  59  -114.2926   156.6945   -26.9629
    32  925  59  -114.2931   156.6948   -26.9629
    33  924  59  -114.2942   156.6949   -26.9628
    34  923  59  -114.2942   156.6953   -26.9629
    35  922  59  -114.2937   156.6958   -26.9630
    36  921  59  -114.2942   156.6960   -26.9629
    37  920  59  -114.2952   156.6962   -26.9628
    38  919  59  -114.2964   156.6963   -26.9628
    39  918  59  -114.2968   156.6965   -26.9628
    40  917  59  -114.2998   156.6962   -26.9625
    41  916  59  -114.3005   156.6964   -26.9625
    42  915  59  -114.3008   156.6967   -26.9625
    43  914  59  -114.2989   156.6976   -26.9628
    44  913  59  -114.2976   156.6983   -26.9629
    45  912  59  -114.2959   156.6991   -26.9632
    46  911  59  -114.2955   156.6996   -26.9633
    47  910  59  -114.2956   156.6999   -26.9633
    48  909  59  -114.2945   156.7006   -26.9635
    49  908  60  -114.2948   156.7010   -26.9631
    50  907  60  -114.2961   156.7010   -26.9630
    51  906  60  -114.2947   156.7018   -26.9632
    52  905  60  -114.2951   156.7020   -26.9632
    53  904  60  -114.2954   156.7024   -26.9633
    54  903  60  -114.2981   156.7021   -26.9630
    55  902  60  -114.2968   156.7028   -26.9632
    56  901  60  -114.2975   156.7030   -26.9632
    57  900  60  -114.2970   156.7035   -26.9633
    58  899  60  -114.2972   156.7038   -26.9633
    59  898  60  -114.2970   156.7043   -26.9634
    60  893  60  -114.2981   156.7059   -26.9635
    61  894  60  -114.2987   156.7054   -26.9634
    62  895  60  -114.2955   156.7058   -26.9637
    63  896  60  -114.2970   156.7050   -26.9635
    64  897  60  -114.2963   156.7048   -26.9635
    65  892  61  -114.2956   156.7070   -26.9635
    66  891  61  -114.2977   156.7068   -26.9633
    67  890  61  -114.2987   156.7070   -26.9632
    68  889  61  -114.2994   156.7072   -26.9632
    69  888  61  -114.2989   156.7077   -26.9633
    70  887  61  -114.3032   156.7070   -26.9629
    71  886  61  -114.3042   156.7072   -26.9629
    72  885  61  -114.3042   156.7076   -26.9629
    73  884  61  -114.2995   156.7091   -26.9634
    74  883  61  -114.3003   156.7093   -26.9634
    75  882  61  -114.3005   156.7096   -26.9634
    76  881  61  -114.3034   156.7093   -26.9632
    77  880  61  -114.3024   156.7100   -26.9633
    78  879  61  -114.3030   156.7102   -26.9633
    79  878  61  -114.3033   156.7105   -26.9633
    80  877  61  -114.3049   156.7105   -26.9632
    81  876  61  -114.3041   156.7111   -26.9633
    82  875  61  -114.3043   156.7114   -26.9634
    83  874  61  -114.3047   156.7117   -26.9633
    84  873  61  -114.3054   156.7119   -26.9633
    85  872  61  -114.3047   156.7125   -26.9634
    86  871  61  -114.3068   156.7123   -26.9633
    87  870  61  -114.3070   156.7127   -26.9633
    88  869  61  -114.3079   156.7128   -26.9633
    89  868  61  -114.3094   156.7129   -26.9632
    90  867  61  -114.3100   156.7131   -26.9632
    91  866  61  -114.3127   156.7128   -26.9630
    92  865  61  -114.3132   156.7131   -26.9630
    93  864  61  -114.3152   156.7130   -26.9628
    94  863  61  -114.3153   156.7133   -26.9629
    95  862  61  -114.3140   156.7140   -26.9630
    96  861  61  -114.3135   156.7146   -26.9631
    97  860  61  -114.3144   156.7147   -26.9631
    98  859  61  -114.3125   156.7156   -26.9633
    99  858  61  -114.3129   156.7159   -26.9633
   100  857  61  -114.3137   156.7161   -26.9633
   101  856  61  -114.3139   156.7164   -26.9633
   102  855  61  -114.3136   156.7169   -26.9634
   103  854  62  -114.3117   156.7178   -26.9632
   104  853  62  -114.3131   156.7178   -26.9632
   105  852  62  -114.3143   156.7179   -26.9631
   106  851  62  -114.3147   156.7182   -26.9631
   107  850  62  -114.3149   156.7185   -26.9631
   108  849  62  -114.3149   156.7189   -26.9632
   109  848  62  -114.3135   156.7197   -26.9633
   110  847  62  -114.3140   156.7199   -26.9633
   111  846  62  -114.3124   156.7207   -26.9635
   112  845  62  -114.3116   156.7213   -26.9636
   113  844  62  -114.3112   156.7218   -26.9637
   114  843  62  -114.3116   156.7221   -26.9637
   115  842  62  -114.3114   156.7225   -26.9638
   116  841  62  -114.3116   156.7229   -26.9638
   117  840  62  -114.3121   156.7231   -26.9638
   118  839  62  -114.3121   156.7235   -26.9638
   119  838  62  -114.3121   156.7239   -26.9639
   120  837  62  -114.3120   156.7243   -26.9639
   121  836  62  -114.3116   156.7248   -26.9640
   122  835  62  -114.3114   156.7252   -26.9641
   123  834  62  -114.3114   156.7256   -26.9641

     1  541  105  -114.3207   156.8385   -26.9603
     2  540  105  -114.3206   156.8389   -26.9604
     3  539  105  -114.3209   156.8393   -26.9603
     4  538  105  -114.3208   156.8397   -26.9604
     5  537  105  -114.3213   156.8400   -26.9604
     6  536  105  -114.3215   156.8403   -26.9604
     7  542  105  -114.3197   156.8384   -26.9604
     8  535  106  -114.3214   156.8408   -26.9601
     9  534  106  -114.3209   156.8412   -26.9602
    10  533  106  -114.3204   156.8418   -26.9603
    11  532  106  -114.3198   156.8423   -26.9604
    12  531  106  -114.3197   156.8427   -26.9604
    13  530  106  -114.3202   156.8430   -26.9604
    14  529  106  -114.3217   156.8430   -26.9603
    15  528  106  -114.3222   156.8433   -26.9603
    16  527  106  -114.3218   156.8438   -26.9604
    17  526  106  -114.3218   156.8441   -26.9605
    18  525  106  -114.3215   156.8446   -26.9606
    19  524  106  -114.3216   156.8449   -26.9606
    20  523  106  -114.3214   156.8454   -26.9607
    21  522  106  -114.3208   156.8459   -26.9608
    22  521  106  -114.3209   156.8463   -26.9608
    23  520  106  -114.3196   156.8469   -26.9609
    24  519  107  -114.3205   156.8472   -26.9605
    25  518  107  -114.3199   156.8477   -26.9606
    26  517  107  -114.3210   156.8478   -26.9606
    27  516  107  -114.3208   156.8483   -26.9606
    28  515  107  -114.3209   156.8486   -26.9607
    29  514  107  -114.3216   156.8488   -26.9607
    30  513  107  -114.3224   156.8491   -26.9606
    31  512  107  -114.3230   156.8493   -26.9606
    32  511  107  -114.3236   156.8495   -26.9606
    33  509  108  -114.3233   156.8504   -26.9604
    34  510  108  -114.3227   156.8502   -26.9604
    35  507  109  -114.3216   156.8516   -26.9603
    36  508  109  -114.3225   156.8510   -26.9601
    37  505  110  -114.3186   156.8531   -26.9603
    38  504  110  -114.3170   156.8538   -26.9605
    39  503  110  -114.3167   156.8543   -26.9606
    40  506  110  -114.3208   156.8522   -26.9600
    41  502  111  -114.3141   156.8553   -26.9605
    42  501  111  -114.3141   156.8556   -26.9606
    43  500  111  -114.3144   156.8560   -26.9606
    44  478  111  -114.3194   156.8634   -26.9609
    45  479  111  -114.3207   156.8627   -26.9607
    46  480  111  -114.3184   156.8628   -26.9610
    47  481  111  -114.3179   156.8625   -26.9610
    48  482  111  -114.3177   156.8622   -26.9610
    49  483  111  -114.3180   156.8617   -26.9609
    50  484  111  -114.3179   156.8614   -26.9609
    51  485  111  -114.3175   156.8611   -26.9608
    52  486  111  -114.3178   156.8606   -26.9608
    53  487  111  -114.3183   156.8601   -26.9607
    54  488  111  -114.3187   156.8597   -26.9606
    55  489  111  -114.3178   156.8595   -26.9607
    56  490  111  -114.3170   156.8592   -26.9607
    57  491  111  -114.3159   156.8591   -26.9608
    58  492  111  -114.3158   156.8587   -26.9608
    59  493  111  -114.3162   156.8583   -26.9607
    60  494  111  -114.3159   156.8579   -26.9607
    61  495  111  -114.3153   156.8577   -26.9607
    62  496  111  -114.3156   156.8573   -26.9606
    63  497  111  -114.3149   156.8570   -26.9607
    64  498  111  -114.3149   156.8566   -26.9606
    65  499  111  -114.3155   156.8561   -26.9605
    66  477  112  -114.3190   156.8639   -26.9606
    67  476  112  -114.3185   156.8644   -26.9608
    68  475  112  -114.3180   156.8648   -26.9609
    69  474  112  -114.3178   156.8653   -26.9609
    70  473  112  -114.3181   156.8656   -26.9610
    71  472  112  -114.3182   156.8660   -26.9610
    72  471  112  -114.3178   156.8664   -26.9611
    73  470  112  -114.3175   156.8669   -26.9612
    74  469  112  -114.3207   156.8666   -26.9609
    75  468  112  -114.3206   156.8670   -26.9610
    76  467  113  -114.3203   156.8674   -26.9607
    77  466  113  -114.3185   156.8682   -26.9609
    78  465  113  -114.3181   156.8687   -26.9609
    79  464  113  -114.3163   156.8695   -26.9612
    80  463  113  -114.3162   156.8699   -26.9612
    81  462  113  -114.3163   156.8703   -26.9612
    82  461  113  -114.3156   156.8708   -26.9613
    83  460  113  -114.3160   156.8711   -26.9614
    84  459  113  -114.3155   156.8716   -26.9615
    85  458  113  -114.3166   156.8717   -26.9614
    86  457  113  -114.3162   156.8722   -26.9615
    87  456  113  -114.3163   156.8725   -26.9616
    88  455  113  -114.3159   156.8730   -26.9617
    89  454  113  -114.3175   156.8731   -26.9616
    90  453  113  -114.3169   156.8736   -26.9616
    91  452  113  -114.3171   156.8739   -26.9617
    92  451  113  -114.3164   156.8745   -26.9618
    93  450  113  -114.3170   156.8747   -26.9618
    94  449  113  -114.3164   156.8752   -26.9619
    95  448  113  -114.3134   156.8762   -26.9623
    96  447  113  -114.3138   156.8765   -26.9623
    97  446  113  -114.3136   156.8770   -26.9624
    98  445  113  -114.3174   156.8765   -26.9620
    99  444  113  -114.3164   156.8771   -26.9621
   100  443  113  -114.3173   156.8773   -26.9621
   101  442  113  -114.3181   156.8775   -26.9620
   102  441  113  -114.3181   156.8779   -26.9621
   103  440  113  -114.3197   156.8780   -26.9619
   104  439  113  -114.3180   156.8787   -26.9622
   105  438  113  -114.3184   156.8790   -26.9622
   106  437  113  -114.3194   156.8792   -26.9621
   107  436  113  -114.3177   156.8799   -26.9624
   108  435  113  -114.3199   156.8799   -26.9622

     1  917  566  -113.9571   156.8001   -26.8174
     2  916  566  -113.9574   156.8005   -26.8174
     3  915  566  -113.9580   156.8007   -26.8173
     4  918  566  -113.9571   156.7998   -26.8173
     5  914  567  -113.9576   156.8011   -26.8171
     6  913  567  -113.9586   156.8013   -26.8170
     7  912  567  -113.9589   156.8016   -26.8170
     8  911  567  -113.9589   156.8019   -26.8171
     9  910  567  -113.9582   156.8025   -26.8172
    10  909  567  -113.9588   156.8027   -26.8172
    11  908  567  -113.9591   156.8030   -26.8172
    12  907  567  -113.9588   156.8034   -26.8173
    13  906  567  -113.9586   156.8038   -26.8173
    14  905  567  -113.9586   156.8042   -26.8174
    15  904  567  -113.9587   156.8045   -26.8174
    16  903  567  -113.9586   156.8049   -26.8175
    17  902  567  -113.9587   156.8052   -26.8175
    18  901  567  -113.9585   156.8056   -26.8176
    19  900  567  -113.9584   156.8061   -26.8177
    20  899  567  -113.9578   156.8065   -26.8178
    21  898  567  -113.9575   156.8070   -26.8179
    22  897  567  -113.9584   156.8071   -26.8178
    23  896  567  -113.9593   156.8073   -26.8177
    24  895  567  -113.9601   156.8074   -26.8176
    25  894  567  -113.9605   156.8077   -26.8176
    26  893  567  -113.9612   156.8079   -26.8176
    27  892  567  -113.9614   156.8082   -26.8176
    28  891  568  -113.9609   156.8087   -26.8174
    29  890  568  -113.9610   156.8091   -26.8174
    30  889  568  -113.9609   156.8095   -26.8174
    31  888  568  -113.9608   156.8099   -26.8175
    32  887  568  -113.9611   156.8101   -26.8175
    33  886  568  -113.9611   156.8105   -26.8175
    34  885  568  -113.9612   156.8109   -26.8175
    35  884  568  -113.9602   156.8115   -26.8177
    36  883  568  -113.9626   156.8112   -26.8174
    37  882  568  -113.9638   156.8113   -26.8173
    38  881  569  -113.9642   156.8116   -26.8169
    39  880  569  -113.9649   156.8118   -26.8169
    40  879  569  -113.9662   156.8118   -26.8168
    41  878  569  -113.9669   156.8120   -26.8167
    42  877  569  -113.9669   156.8124   -26.8167
    43  876  569  -113.9670   156.8127   -26.8167
    44  875  569  -113.9675   156.8130   -26.8167
    45  874  569  -113.9683   156.8131   -26.8167
    46  873  569  -113.9690   156.8133   -26.8166
    47  872  569  -113.9696   156.8136   -26.8166
    48  871  569  -113.9701   156.8138   -26.8165
    49  870  570  -113.9699   156.8142   -26.8162
    50  869  570  -113.9694   156.8147   -26.8164
    51  868  570  -113.9692   156.8151   -26.8164
    52  867  570  -113.9693   156.8155   -26.8165
    53  866  570  -113.9689   156.8159   -26.8166
    54  865  570  -113.9692   156.8162   -26.8166
    55  863  570  -113.9692   156.8170   -26.8166
    56  862  570  -113.9692   156.8173   -26.8167
    57  861  570  -113.9695   156.8176   -26.8167
    58  860  570  -113.9692   156.8181   -26.8168
    59  859  570  -113.9690   156.8185   -26.8169
    60  864  570  -113.9689   156.8167   -26.8166
    61  856  571  -113.9668   156.8201   -26.8170
    62  857  571  -113.9669   156.8197   -26.8169
    63  858  571  -113.9680   156.8191   -26.8167
    64  854  571  -113.9660   156.8210   -26.8172
    65  853  571  -113.9655   156.8215   -26.8173
    66  852  571  -113.9648   156.8221   -26.8175
    67  851  571  -113.9644   156.8225   -26.8176
    68  850  571  -113.9645   156.8229   -26.8176
    69  855  571  -113.9664   156.8206   -26.8171
    70  849  572  -113.9643   156.8233   -26.8173
    71  848  572  -113.9640   156.8237   -26.8174
    72  847  572  -113.9636   156.8242   -26.8175
    73  846  572  -113.9633   156.8246   -26.8176
    74  845  572  -113.9642   156.8248   -26.8175
    75  844  572  -113.9642   156.8252   -26.8176
    76  843  572  -113.9639   156.8256   -26.8177
    77  832  572  -113.9621   156.8300   -26.8184
    78  833  572  -113.9635   156.8293   -26.8182
    79  831  572  -113.9607   156.8307   -26.8187
    80  834  572  -113.9634   156.8290   -26.8182
    81  835  572  -113.9641   156.8284   -26.8180
    82  836  573  -113.9636   156.8282   -26.8177
    83  838  573  -113.9623   156.8278   -26.8178
    84  839  573  -113.9625   156.8274   -26.8177
    85  841  573  -113.9627   156.8266   -26.8176
    86  842  573  -113.9632   156.8262   -26.8175
    87  840  573  -113.9628   156.8270   -26.8176
    88  837  573  -113.9634   156.8279   -26.8177
    89  830  573  -113.9582   156.8317   -26.8187
    90  829  573  -113.9569   156.8324   -26.8189
    91  828  573  -113.9651   156.8308   -26.8178
    92  827  573  -113.9691   156.8302   -26.8173
    93  826  574  -113.9668   156.8311   -26.8173
    94  825  574  -113.9660   156.8317   -26.8175
    95  824  574  -113.9666   156.8319   -26.8174
    96  823  574  -113.9660   156.8324   -26.8176
    97  822  574  -113.9665   156.8327   -26.8175
    98  821  574  -113.9665   156.8330   -26.8176
    99  820  574  -113.9664   156.8334   -26.8176
   100  819  574  -113.9678   156.8334   -26.8175
   101  818  574  -113.9686   156.8336   -26.8174
   102  817  575  -113.9733   156.8329   -26.8164
   103  816  575  -113.9723   156.8335   -26.8166
   104  815  575  -113.9713   156.8341   -26.8168
   105  814  575  -113.9701   156.8347   -26.8170
   106  813  575  -113.9696   156.8352   -26.8172
   107  812  575  -113.9700   156.8355   -26.8172
   108  811  575  -113.9692   156.8361   -26.8173
   109  810  575  -113.9686   156.8365   -26.8174
   110  809  575  -113.9682   156.8370   -26.8176
   111  808  575  -113.9675   156.8375   -26.8177
   112  807  575  -113.9670   156.8380   -26.8178
   113  806  575  -113.9668   156.8385   -26.8179
   114  805  575  -113.9673   156.8387   -26.8178
   115  804  575  -113.9673   156.8391   -26.8179
   116  802  576  -113.9659   156.8401   -26.8178
   117  801  576  -113.9660   156.8405   -26.8178
   118  800  576  -113.9672   156.8406   -26.8178
   119  799  576  -113.9684   156.8406   -26.8176
   120  798  576  -113.9680   156.8411   -26.8177
   121  797  576  -113.9681   156.8414   -26.8178
   122  796  576  -113.9688   156.8416   -26.8177
   123  803  576  -113.9664   156.8396   -26.8177

    1  740  574  -113.9802   156.8592   -26.8194
    2  739  574  -113.9766   156.8604   -26.8199
    3  738  574  -113.9734   156.8615   -26.8204
    4  737  574  -113.9731   156.8620   -26.8205
    5  736  574  -113.9739   156.8621   -26.8204
    6  735  574  -113.9720   156.8630   -26.8208
    7  734  574  -113.9751   156.8626   -26.8205
    8  733  574  -113.9789   156.8621   -26.8200
    9  732  574  -113.9810   156.8619   -26.8198
   10  731  574  -113.9834   156.8617   -26.8194
   11  730  574  -113.9840   156.8619   -26.8194
   12  729  574  -113.9847   156.8621   -26.8193
   13  728  574  -113.9846   156.8625   -26.8194
   14  727  574  -113.9846   156.8629   -26.8194
   15  726  574  -113.9844   156.8633   -26.8195
   16  725  574  -113.9853   156.8635   -26.8194
   17  724  574  -113.9857   156.8637   -26.8194
   18  723  575  -113.9825   156.8649   -26.8196
   19  722  575  -113.9834   156.8650   -26.8195
   20  721  575  -113.9835   156.8654   -26.8196
   21  720  575  -113.9846   156.8655   -26.8194
   22  719  575  -113.9850   156.8658   -26.8194
   23  718  575  -113.9846   156.8662   -26.8195
   24  717  575  -113.9848   156.8665   -26.8195
   25  716  575  -113.9843   156.8670   -26.8196
   26  715  575  -113.9848   156.8672   -26.8196
   27  714  575  -113.9843   156.8677   -26.8197
   28  713  575  -113.9844   156.8681   -26.8197
   29  712  575  -113.9841   156.8685   -26.8198
   30  711  575  -113.9838   156.8689   -26.8199
   31  710  575  -113.9841   156.8692   -26.8199
   32  709  575  -113.9852   156.8694   -26.8198
   33  708  575  -113.9850   156.8698   -26.8199
   34  707  575  -113.9851   156.8701   -26.8199
   35  706  575  -113.9851   156.8705   -26.8199
   36  705  575  -113.9849   156.8709   -26.8200
   37  704  575  -113.9847   156.8713   -26.8201
   38  703  575  -113.9845   156.8717   -26.8201
   39  702  575  -113.9848   156.8720   -26.8202
   40  701  575  -113.9848   156.8724   -26.8202
   41  700  575  -113.9838   156.8729   -26.8204
   42  699  575  -113.9840   156.8733   -26.8204
   43  698  575  -113.9838   156.8737   -26.8205
   44  697  575  -113.9828   156.8743   -26.8207
   45  696  575  -113.9827   156.8746   -26.8207
   46  690  575  -113.9781   156.8779   -26.8216
   47  691  575  -113.9790   156.8773   -26.8214
   48  692  575  -113.9807   156.8766   -26.8212
   49  693  575  -113.9810   156.8761   -26.8211
   50  694  575  -113.9810   156.8758   -26.8210
   51  695  575  -113.9819   156.8752   -26.8209
   52  689  576  -113.9765   156.8787   -26.8215
   53  688  576  -113.9761   156.8791   -26.8216
   54  687  576  -113.9751   156.8797   -26.8218
   55  686  576  -113.9830   156.8783   -26.8208
   56  685  576  -113.9835   156.8785   -26.8207
   57  684  576  -113.9819   156.8792   -26.8210
   58  683  576  -113.9813   156.8797   -26.8211
   59  682  576  -113.9815   156.8801   -26.8211
   60  681  576  -113.9810   156.8805   -26.8213
   61  680  576  -113.9830   156.8804   -26.8210
   62  679  576  -113.9825   156.8809   -26.8211
   63  678  576  -113.9825   156.8813   -26.8212
   64  677  576  -113.9835   156.8814   -26.8211
   65  676  576  -113.9832   156.8818   -26.8212
   66  675  577  -113.9834   156.8822   -26.8208
   67  674  577  -113.9827   156.8827   -26.8210
   68  673  577  -113.9820   156.8832   -26.8211
   69  672  577  -113.9804   156.8840   -26.8214
   70  671  577  -113.9802   156.8844   -26.8214
   71  670  577  -113.9820   156.8843   -26.8213
   72  669  577  -113.9815   156.8848   -26.8214
   73  668  577  -113.9811   156.8853   -26.8215
   74  667  577  -113.9814   156.8856   -26.8215
   75  666  577  -113.9812   156.8860   -26.8216
   76  665  577  -113.9814   156.8863   -26.8216
   77  664  577  -113.9807   156.8868   -26.8217
   78  663  578  -113.9831   156.8867   -26.8211
   79  662  578  -113.9825   156.8872   -26.8212
   80  661  578  -113.9871   156.8865   -26.8207
   81  660  578  -113.9851   156.8873   -26.8210
   82  659  578  -113.9847   156.8877   -26.8211
   83  658  578  -113.9804   156.8891   -26.8217
   84  657  578  -113.9784   156.8899   -26.8220
   85  656  578  -113.9820   156.8895   -26.8215
   86  655  578  -113.9799   156.8903   -26.8218
   87  654  578  -113.9804   156.8905   -26.8218
   88  653  578  -113.9811   156.8907   -26.8218
   89  652  578  -113.9801   156.8913   -26.8220
   90  650  579  -113.9813   156.8918   -26.8216
   91  649  579  -113.9824   156.8919   -26.8215
   92  648  579  -113.9838   156.8920   -26.8213
   93  647  579  -113.9850   156.8921   -26.8212
   94  646  579  -113.9854   156.8923   -26.8212
   95  645  579  -113.9853   156.8927   -26.8212
   96  651  579  -113.9802   156.8917   -26.8217

    1  693  582  -113.9797   156.8767   -26.8188
    2  692  582  -113.9796   156.8771   -26.8188
    3  691  582  -113.9799   156.8774   -26.8188
    4  690  582  -113.9793   156.8779   -26.8189
    5  689  582  -113.9798   156.8781   -26.8189
    6  688  582  -113.9804   156.8783   -26.8189
    7  687  582  -113.9807   156.8786   -26.8189
    8  686  582  -113.9809   156.8790   -26.8189
    9  685  582  -113.9793   156.8797   -26.8192
   10  684  582  -113.9785   156.8802   -26.8193
   11  683  582  -113.9776   156.8808   -26.8195
   12  682  582  -113.9818   156.8802   -26.8190
   13  681  582  -113.9807   156.8808   -26.8192
   14  680  582  -113.9807   156.8812   -26.8192
   15  679  583  -113.9837   156.8809   -26.8185
   16  678  583  -113.9831   156.8814   -26.8186
   17  677  583  -113.9847   156.8814   -26.8185
   18  676  583  -113.9802   156.8828   -26.8191
   19  675  583  -113.9799   156.8832   -26.8192
   20  674  583  -113.9794   156.8837   -26.8193
   21  673  583  -113.9783   156.8843   -26.8195
   22  672  583  -113.9781   156.8847   -26.8196
   23  671  583  -113.9776   156.8852   -26.8197
   24  670  583  -113.9774   156.8856   -26.8197
   25  669  583  -113.9753   156.8864   -26.8201
   26  668  583  -113.9856   156.8845   -26.8187
   27  667  583  -113.9829   156.8854   -26.8191
   28  666  583  -113.9781   156.8869   -26.8198
   29  665  583  -113.9752   156.8879   -26.8202
   30  664  583  -113.9837   156.8863   -26.8191
   31  663  583  -113.9727   156.8892   -26.8206
   32  662  584  -113.9767   156.8887   -26.8198
   33  661  584  -113.9740   156.8897   -26.8203
   34  660  584  -113.9769   156.8894   -26.8200
   35  659  584  -113.9741   156.8904   -26.8205
   36  658  584  -113.9776   156.8899   -26.8201
   37  657  584  -113.9737   156.8912   -26.8207
   38  656  584  -113.9715   156.8920   -26.8209
   39  655  584  -113.9720   156.8923   -26.8209
   40  653  585  -113.9735   156.8927   -26.8204
   41  652  585  -113.9791   156.8918   -26.8197
   42  651  585  -113.9800   156.8920   -26.8196
   43  650  585  -113.9843   156.8913   -26.8191
   44  649  585  -113.9861   156.8913   -26.8189
   45  648  585  -113.9840   156.8921   -26.8193
   46  654  585  -113.9725   156.8926   -26.8205
   47  647  586  -113.9818   156.8930   -26.8193
   48  646  586  -113.9815   156.8935   -26.8193
   49  645  586  -113.9801   156.8941   -26.8196
   50  644  586  -113.9827   156.8939   -26.8193
   51  643  586  -113.9848   156.8938   -26.8190
   52  641  587  -113.9843   156.8947   -26.8188
   53  640  587  -113.9833   156.8953   -26.8190
   54  639  587  -113.9826   156.8958   -26.8191
   55  638  587  -113.9832   156.8960   -26.8191
   56  637  587  -113.9842   156.8961   -26.8190
   57  642  587  -113.9834   156.8945   -26.8189
   58  636  588  -113.9819   156.8971   -26.8190
   59  635  588  -113.9805   156.8978   -26.8192
   60  634  588  -113.9804   156.8981   -26.8193
   61  633  588  -113.9796   156.8987   -26.8195
   62  632  588  -113.9795   156.8990   -26.8195
   63  631  588  -113.9792   156.8995   -26.8196
   64  630  588  -113.9796   156.8998   -26.8196
   65  629  588  -113.9800   156.9000   -26.8196
   66  628  588  -113.9809   156.9002   -26.8195
   67  627  588  -113.9815   156.9004   -26.8194
   68  626  588  -113.9819   156.9007   -26.8194
   69  625  588  -113.9824   156.9009   -26.8194
   70  624  588  -113.9829   156.9012   -26.8194
   71  623  588  -113.9839   156.9013   -26.8193
   72  622  588  -113.9843   156.9016   -26.8193
   73  621  588  -113.9840   156.9021   -26.8194
   74  620  588  -113.9842   156.9023   -26.8194
   75  619  589  -113.9850   156.9026   -26.8189
   76  618  589  -113.9849   156.9030   -26.8190
   77  617  589  -113.9846   156.9034   -26.8191
   78  616  589  -113.9846   156.9037   -26.8191
   79  615  589  -113.9846   156.9041   -26.8192
   80  614  589  -113.9844   156.9045   -26.8192
   81  613  589  -113.9845   156.9049   -26.8193
   82  612  589  -113.9856   156.9050   -26.8192
   83  611  589  -113.9851   156.9054   -26.8193
   84  610  589  -113.9853   156.9058   -26.8193
   85  609  589  -113.9834   156.9065   -26.8196
   86  608  589  -113.9848   156.9066   -26.8195
   87  607  589  -113.9857   156.9068   -26.8194
   88  606  589  -113.9842   156.9075   -26.8197
   89  604  590  -113.9879   156.9074   -26.8189
   90  603  590  -113.9879   156.9078   -26.8189
   91  602  590  -113.9873   156.9082   -26.8191
   92  601  590  -113.9871   156.9087   -26.8191
   93  600  590  -113.9868   156.9091   -26.8192
   94  599  590  -113.9860   156.9096   -26.8194
   95  605  590  -113.9866   156.9073   -26.8190
