; ENVI Output of ROIs (5.4) [Tue Aug 06 12:04:46 2019]
; Number of ROIs: 16
; File Dimension: 1328 x 1184
;
; ROI name: Region #1
; ROI rgb value: {255, 0, 0}
; ROI npts: 64
;
; ROI name: Region #2
; ROI rgb value: {0, 255, 0}
; ROI npts: 37
;
; ROI name: Region #3
; ROI rgb value: {0, 0, 255}
; ROI npts: 44
;
; ROI name: Region #4
; ROI rgb value: {255, 255, 0}
; ROI npts: 42
;
; ROI name: Region #5
; ROI rgb value: {0, 255, 255}
; ROI npts: 42
;
; ROI name: Region #6
; ROI rgb value: {255, 0, 255}
; ROI npts: 130
;
; ROI name: Region #7
; ROI rgb value: {176, 48, 96}
; ROI npts: 68
;
; ROI name: Region #8
; ROI rgb value: {46, 139, 87}
; ROI npts: 133
;
; ROI name: Region #9
; ROI rgb value: {160, 32, 240}
; ROI npts: 34
;
; ROI name: Region #10
; ROI rgb value: {255, 127, 80}
; ROI npts: 64
;
; ROI name: Region #11
; ROI rgb value: {127, 255, 212}
; ROI npts: 50
;
; ROI name: Region #12
; ROI rgb value: {218, 112, 214}
; ROI npts: 143
;
; ROI name: Region #13
; ROI rgb value: {160, 82, 45}
; ROI npts: 187
;
; ROI name: Region #14
; ROI rgb value: {127, 255, 0}
; ROI npts: 197
;
; ROI name: Region #15
; ROI rgb value: {216, 191, 216}
; ROI npts: 122
;
; ROI name: Region #16
; ROI rgb value: {238, 0, 0}
; ROI npts: 84
;  ID    X    Y      B1      B2      B3
    1   65  283  0.1222  0.1415  0.0039
    2   63  283  0.1225  0.1418  0.0039
    3   61  283  0.1227  0.1420  0.0039
    4   60  283  0.1223  0.1415  0.0039
    5  106  283  0.1220  0.1422  0.0039
    6  104  283  0.1226  0.1427  0.0039
    7  101  283  0.1224  0.1425  0.0039
    8   58  283  0.1226  0.1418  0.0039
    9   56  283  0.1229  0.1422  0.0039
   10   55  283  0.1233  0.1426  0.0039
   11   54  283  0.1230  0.1422  0.0039
   12   53  283  0.1231  0.1423  0.0039
   13   47  283  0.1236  0.1427  0.0039
   14   49  283  0.1236  0.1428  0.0039
   15   50  283  0.1234  0.1426  0.0039
   16   52  283  0.1233  0.1425  0.0039
   17   99  283  0.1225  0.1425  0.0039
   18   43  284  0.1233  0.1424  0.0039
   19   42  284  0.1234  0.1424  0.0039
   20   41  284  0.1234  0.1424  0.0039
   21   40  284  0.1236  0.1426  0.0039
   22  108  284  0.1215  0.1416  0.0039
   23  110  284  0.1220  0.1422  0.0039
   24  113  284  0.1212  0.1414  0.0039
   25   80  284  0.1220  0.1416  0.0039
   26   68  284  0.1223  0.1416  0.0039
   27   69  284  0.1218  0.1412  0.0039
   28   70  284  0.1220  0.1413  0.0039
   29   72  284  0.1219  0.1413  0.0039
   30   74  284  0.1218  0.1413  0.0039
   31   75  284  0.1218  0.1413  0.0039
   32   78  284  0.1220  0.1416  0.0039
   33   45  284  0.1237  0.1428  0.0039
   34   82  284  0.1220  0.1416  0.0039
   35   85  284  0.1221  0.1418  0.0039
   36   87  284  0.1218  0.1415  0.0039
   37   89  284  0.1225  0.1424  0.0039
   38   91  284  0.1226  0.1425  0.0039
   39   95  284  0.1222  0.1421  0.0039
   40   96  284  0.1224  0.1424  0.0039
   41  115  284  0.1213  0.1415  0.0039
   42   37  285  0.1233  0.1422  0.0039
   43   36  285  0.1233  0.1421  0.0039
   44   35  285  0.1230  0.1418  0.0039
   45   33  285  0.1232  0.1420  0.0039
   46   32  285  0.1231  0.1419  0.0039
   47   38  285  0.1234  0.1424  0.0039
   48   31  285  0.1227  0.1414  0.0039
   49  117  285  0.1222  0.1426  0.0039
   50  120  285  0.1215  0.1419  0.0039
   51  122  285  0.1211  0.1414  0.0039
   52  123  285  0.1210  0.1413  0.0039
   53  126  285  0.1219  0.1425  0.0039
   54  128  285  0.1225  0.1432  0.0039
   55  130  285  0.1218  0.1424  0.0039
   56  131  285  0.1219  0.1425  0.0039
   57  132  285  0.1222  0.1429  0.0039
   58  136  287  0.1218  0.1426  0.0039
   59  134  287  0.1219  0.1426  0.0039
   60  139  288  0.1216  0.1424  0.0039
   61  141  288  0.1215  0.1423  0.0039
   62  142  288  0.1215  0.1423  0.0039
   63  138  288  0.1217  0.1425  0.0039
   64  144  289  0.1214  0.1422  0.0039

    1   65  293  0.1214  0.1405  0.0040
    2   71  293  0.1213  0.1406  0.0040
    3   60  293  0.1213  0.1404  0.0040
    4   61  293  0.1214  0.1405  0.0040
    5   63  293  0.1215  0.1406  0.0040
    6   64  293  0.1216  0.1408  0.0040
    7   69  293  0.1214  0.1407  0.0040
    8   67  293  0.1215  0.1407  0.0040
    9   74  293  0.1215  0.1408  0.0040
   10   58  294  0.1216  0.1407  0.0040
   11   77  294  0.1214  0.1408  0.0040
   12   58  295  0.1219  0.1410  0.0040
   13   79  295  0.1214  0.1409  0.0040
   14   81  296  0.1212  0.1407  0.0040
   15   84  296  0.1214  0.1410  0.0040
   16   88  296  0.1216  0.1413  0.0040
   17   89  296  0.1216  0.1413  0.0040
   18   92  296  0.1219  0.1417  0.0040
   19   94  296  0.1216  0.1415  0.0040
   20   97  297  0.1215  0.1414  0.0040
   21  101  298  0.1213  0.1413  0.0040
   22  103  298  0.1218  0.1419  0.0040
   23  105  298  0.1220  0.1422  0.0041
   24   99  298  0.1218  0.1418  0.0040
   25  107  299  0.1215  0.1416  0.0041
   26  111  300  0.1208  0.1408  0.0040
   27  115  300  0.1215  0.1417  0.0041
   28  117  300  0.1218  0.1422  0.0041
   29  120  300  0.1218  0.1422  0.0041
   30  123  300  0.1223  0.1428  0.0041
   31  126  300  0.1219  0.1425  0.0041
   32  128  300  0.1222  0.1428  0.0041
   33  130  300  0.1221  0.1428  0.0041
   34  132  300  0.1218  0.1424  0.0041
   35  134  300  0.1217  0.1424  0.0041
   36  135  300  0.1218  0.1425  0.0041
   37  136  300  0.1215  0.1422  0.0041

    1   67  306  0.1216  0.1409  0.0041
    2   70  306  0.1215  0.1408  0.0041
    3   72  306  0.1216  0.1409  0.0041
    4   74  306  0.1235  0.1432  0.0042
    5   76  307  0.1201  0.1393  0.0041
    6   79  307  0.1210  0.1404  0.0041
    7   66  307  0.1216  0.1408  0.0042
    8   63  307  0.1217  0.1409  0.0042
    9   59  307  0.1216  0.1406  0.0042
   10   56  307  0.1220  0.1411  0.0042
   11   54  307  0.1221  0.1411  0.0042
   12   47  307  0.1222  0.1412  0.0042
   13   49  307  0.1219  0.1409  0.0042
   14   50  307  0.1221  0.1411  0.0042
   15   42  308  0.1234  0.1424  0.0042
   16   40  308  0.1234  0.1423  0.0042
   17   82  308  0.1225  0.1423  0.0042
   18   84  308  0.1217  0.1413  0.0042
   19   45  308  0.1227  0.1417  0.0042
   20   38  309  0.1230  0.1419  0.0042
   21   90  309  0.1213  0.1410  0.0042
   22   86  309  0.1216  0.1412  0.0042
   23   99  310  0.1213  0.1412  0.0042
   24   95  310  0.1213  0.1411  0.0042
   25   33  310  0.1225  0.1412  0.0042
   26   36  310  0.1222  0.1409  0.0042
   27   94  310  0.1212  0.1410  0.0042
   28   92  310  0.1215  0.1412  0.0042
   29  102  311  0.1208  0.1406  0.0042
   30   25  311  0.1225  0.1410  0.0042
   31   29  311  0.1226  0.1412  0.0042
   32   24  311  0.1228  0.1413  0.0042
   33  104  311  0.1205  0.1404  0.0042
   34   19  312  0.1232  0.1416  0.0043
   35   18  312  0.1232  0.1417  0.0042
   36  106  312  0.1203  0.1402  0.0042
   37  109  312  0.1202  0.1402  0.0042
   38  112  312  0.1196  0.1394  0.0042
   39  115  313  0.1191  0.1390  0.0042
   40  118  314  0.1188  0.1387  0.0042
   41  116  314  0.1191  0.1390  0.0042
   42  123  315  0.1201  0.1403  0.0042
   43  121  315  0.1193  0.1393  0.0042
   44  125  316  0.1205  0.1408  0.0043

    1   41  321  0.1215  0.1402  0.0043
    2   42  322  0.1215  0.1402  0.0043
    3   44  322  0.1214  0.1402  0.0043
    4   45  322  0.1214  0.1401  0.0043
    5   46  322  0.1213  0.1401  0.0043
    6   47  322  0.1214  0.1402  0.0043
    7   51  323  0.1208  0.1396  0.0043
    8   52  323  0.1212  0.1401  0.0043
    9   54  323  0.1209  0.1398  0.0043
   10   57  323  0.1217  0.1408  0.0044
   11   50  323  0.1210  0.1398  0.0043
   12   60  324  0.1220  0.1411  0.0044
   13   62  324  0.1218  0.1410  0.0044
   14   65  324  0.1213  0.1404  0.0044
   15   66  324  0.1206  0.1396  0.0043
   16   68  324  0.1199  0.1389  0.0043
   17   70  324  0.1200  0.1390  0.0043
   18   74  324  0.1210  0.1402  0.0043
   19   75  324  0.1210  0.1403  0.0043
   20   75  325  0.1206  0.1399  0.0044
   21   76  326  0.1211  0.1405  0.0044
   22   77  326  0.1213  0.1407  0.0044
   23   79  326  0.1212  0.1406  0.0044
   24   80  326  0.1210  0.1404  0.0044
   25   84  327  0.1208  0.1403  0.0044
   26   85  327  0.1207  0.1402  0.0044
   27   82  327  0.1207  0.1401  0.0044
   28   87  328  0.1209  0.1405  0.0044
   29   89  328  0.1267  0.1473  0.0046
   30   90  328  0.1209  0.1405  0.0044
   31   91  328  0.1209  0.1406  0.0044
   32   93  328  0.1205  0.1401  0.0044
   33   95  328  0.1205  0.1402  0.0044
   34   97  329  0.1203  0.1400  0.0044
   35   99  329  0.1206  0.1403  0.0044
   36  104  330  0.1202  0.1400  0.0044
   37  101  330  0.1200  0.1397  0.0044
   38  107  331  0.1205  0.1404  0.0044
   39  110  332  0.1201  0.1400  0.0044
   40  112  332  0.1202  0.1402  0.0044
   41  113  332  0.1203  0.1403  0.0044
   42  109  332  0.1200  0.1399  0.0044

    1  229  348  0.1158  0.1375  0.0045
    2  230  348  0.1159  0.1376  0.0046
    3  231  348  0.1158  0.1375  0.0046
    4  232  348  0.1159  0.1377  0.0046
    5  233  348  0.1164  0.1382  0.0046
    6  234  348  0.1165  0.1383  0.0046
    7  235  348  0.1170  0.1390  0.0046
    8  236  348  0.1159  0.1377  0.0045
    9  237  348  0.1160  0.1378  0.0045
   10  238  349  0.1164  0.1384  0.0046
   11  239  349  0.1167  0.1388  0.0046
   12  240  349  0.1162  0.1382  0.0046
   13  242  349  0.1161  0.1381  0.0046
   14  243  349  0.1163  0.1383  0.0046
   15  244  349  0.1164  0.1384  0.0046
   16  245  349  0.1165  0.1386  0.0046
   17  248  349  0.1163  0.1384  0.0046
   18  249  349  0.1164  0.1385  0.0046
   19  250  349  0.1164  0.1385  0.0046
   20  255  349  0.1163  0.1386  0.0046
   21  254  349  0.1164  0.1387  0.0046
   22  253  349  0.1165  0.1387  0.0046
   23  251  349  0.1164  0.1386  0.0046
   24  257  350  0.1164  0.1387  0.0046
   25  259  350  0.1160  0.1383  0.0046
   26  260  350  0.1159  0.1382  0.0046
   27  261  350  0.1160  0.1384  0.0046
   28  262  350  0.1160  0.1384  0.0046
   29  264  350  0.1160  0.1384  0.0046
   30  255  350  0.1162  0.1385  0.0046
   31  265  351  0.1157  0.1380  0.0046
   32  267  351  0.1154  0.1377  0.0046
   33  269  351  0.1158  0.1383  0.0046
   34  271  352  0.1160  0.1386  0.0046
   35  274  352  0.1157  0.1383  0.0046
   36  270  352  0.1158  0.1383  0.0046
   37  276  353  0.1153  0.1379  0.0046
   38  277  353  0.1156  0.1381  0.0046
   39  280  354  0.1152  0.1378  0.0046
   40  278  354  0.1155  0.1380  0.0046
   41  284  355  0.1152  0.1379  0.0046
   42  283  355  0.1153  0.1380  0.0046

     1   73  265  0.1239  0.1436  0.0037
     2   79  265  0.1239  0.1438  0.0037
     3   78  265  0.1239  0.1438  0.0037
     4   77  265  0.1239  0.1438  0.0037
     5   76  265  0.1241  0.1439  0.0037
     6   75  265  0.1240  0.1438  0.0037
     7   74  265  0.1239  0.1436  0.0037
     8   71  265  0.1243  0.1440  0.0037
     9   70  265  0.1242  0.1439  0.0037
    10   69  265  0.1243  0.1441  0.0037
    11   68  265  0.1243  0.1440  0.0037
    12   67  265  0.1244  0.1441  0.0037
    13   66  265  0.1243  0.1439  0.0037
    14   65  265  0.1247  0.1444  0.0037
    15   64  265  0.1244  0.1440  0.0037
    16   63  265  0.1243  0.1439  0.0037
    17   62  265  0.1240  0.1435  0.0037
    18   61  265  0.1243  0.1438  0.0037
    19   60  265  0.1246  0.1442  0.0037
    20   59  265  0.1247  0.1443  0.0037
    21   58  265  0.1245  0.1441  0.0037
    22   56  265  0.1245  0.1440  0.0037
    23   55  265  0.1248  0.1443  0.0037
    24   54  265  0.1248  0.1443  0.0037
    25   53  265  0.1249  0.1444  0.0037
    26   52  265  0.1250  0.1444  0.0037
    27   51  265  0.1249  0.1443  0.0037
    28   50  265  0.1248  0.1442  0.0037
    29   49  265  0.1248  0.1442  0.0037
    30   48  265  0.1247  0.1440  0.0037
    31   47  265  0.1248  0.1441  0.0037
    32   46  265  0.1250  0.1443  0.0037
    33   44  265  0.1249  0.1442  0.0037
    34   81  266  0.1240  0.1440  0.0037
    35   83  266  0.1237  0.1436  0.0037
    36   41  266  0.1247  0.1439  0.0037
    37   42  266  0.1249  0.1442  0.0037
    38   43  266  0.1248  0.1441  0.0037
    39   44  266  0.1248  0.1441  0.0037
    40   84  266  0.1237  0.1437  0.0037
    41   85  266  0.1236  0.1435  0.0037
    42   87  266  0.1239  0.1439  0.0037
    43   88  266  0.1239  0.1440  0.0037
    44   89  266  0.1241  0.1442  0.0037
    45   90  266  0.1238  0.1439  0.0037
    46   91  266  0.1238  0.1439  0.0037
    47   92  266  0.1239  0.1440  0.0037
    48   93  266  0.1239  0.1440  0.0037
    49   82  266  0.1237  0.1436  0.0037
    50   29  267  0.1249  0.1438  0.0037
    51   27  267  0.1250  0.1439  0.0037
    52   30  267  0.1248  0.1437  0.0037
    53   25  267  0.1250  0.1438  0.0037
    54   24  267  0.1252  0.1441  0.0037
    55   23  267  0.1254  0.1443  0.0037
    56   96  267  0.1243  0.1446  0.0037
    57   95  267  0.1243  0.1445  0.0037
    58   94  267  0.1240  0.1442  0.0037
    59   31  267  0.1248  0.1438  0.0037
    60   32  267  0.1249  0.1439  0.0037
    61   97  267  0.1241  0.1443  0.0037
    62   33  267  0.1250  0.1440  0.0037
    63   34  267  0.1250  0.1440  0.0037
    64   35  267  0.1249  0.1440  0.0037
    65   36  267  0.1251  0.1442  0.0037
    66   37  267  0.1250  0.1442  0.0037
    67   38  267  0.1250  0.1442  0.0037
    68   39  267  0.1251  0.1444  0.0037
    69   41  267  0.1247  0.1439  0.0037
    70   26  267  0.1250  0.1439  0.0037
    71   40  267  0.1248  0.1439  0.0037
    72  102  268  0.1239  0.1443  0.0037
    73  103  268  0.1237  0.1440  0.0037
    74  104  268  0.1233  0.1436  0.0037
    75  112  268  0.1227  0.1431  0.0037
    76  105  268  0.1233  0.1436  0.0037
    77  106  268  0.1232  0.1435  0.0037
    78  107  268  0.1231  0.1434  0.0037
    79  109  268  0.1232  0.1436  0.0037
    80  110  268  0.1230  0.1434  0.0037
    81  111  268  0.1230  0.1434  0.0037
    87   23  268  0.1256  0.1445  0.0037
    89   97  268  0.1239  0.1442  0.0037
    90   98  268  0.1239  0.1442  0.0037
    91   99  268  0.1238  0.1440  0.0037
    92  100  268  0.1237  0.1440  0.0037
    93  101  268  0.1238  0.1441  0.0037
    94  120  269  0.1225  0.1430  0.0037
    95  116  269  0.1222  0.1426  0.0037
    96  117  269  0.1224  0.1429  0.0037
    99  119  269  0.1221  0.1426  0.0037
   104  112  269  0.1229  0.1433  0.0037
   105  114  269  0.1223  0.1426  0.0037
   106  115  269  0.1225  0.1429  0.0037
   111  120  270  0.1222  0.1427  0.0037
   112  121  270  0.1222  0.1427  0.0037
   113  122  270  0.1222  0.1428  0.0037
   114  123  270  0.1219  0.1423  0.0037
   115  124  270  0.1224  0.1429  0.0037
   116  140  270  0.1223  0.1432  0.0037
   117  139  270  0.1222  0.1431  0.0037
   118  138  270  0.1224  0.1433  0.0037
   119  137  270  0.1224  0.1433  0.0037
   120  136  270  0.1223  0.1432  0.0037
   121  141  270  0.1221  0.1430  0.0037
   122  134  271  0.1223  0.1431  0.0037
   123  135  271  0.1222  0.1430  0.0037
   124  136  271  0.1223  0.1431  0.0037
   125  126  271  0.1224  0.1430  0.0037
   126  129  271  0.1223  0.1430  0.0037
   127  128  271  0.1225  0.1432  0.0037
   128  127  271  0.1226  0.1433  0.0037
   129  133  272  0.1219  0.1426  0.0037
   130  132  272  0.1228  0.1436  0.0038

    1  198  360  0.1171  0.1384  0.0047
    2  199  360  0.1171  0.1383  0.0047
    3  200  360  0.1170  0.1383  0.0047
    4  201  360  0.1171  0.1383  0.0047
    5  202  360  0.1169  0.1382  0.0047
    6  203  360  0.1171  0.1384  0.0047
    7  204  360  0.1170  0.1383  0.0047
    8  205  360  0.1170  0.1383  0.0047
    9  206  360  0.1165  0.1378  0.0047
   10  207  360  0.1166  0.1379  0.0047
   11  208  360  0.1166  0.1379  0.0047
   12  209  360  0.1165  0.1379  0.0047
   13  210  360  0.1166  0.1379  0.0047
   14  211  360  0.1164  0.1377  0.0047
   15  211  361  0.1160  0.1373  0.0047
   16  212  361  0.1160  0.1373  0.0047
   17  213  361  0.1161  0.1375  0.0047
   18  214  361  0.1163  0.1377  0.0047
   19  215  361  0.1161  0.1375  0.0047
   20  216  361  0.1161  0.1376  0.0047
   21  217  361  0.1161  0.1376  0.0047
   22  218  361  0.1162  0.1377  0.0047
   23  219  361  0.1162  0.1377  0.0047
   24  220  361  0.1162  0.1377  0.0047
   25  221  361  0.1161  0.1376  0.0047
   26  222  361  0.1162  0.1378  0.0047
   27  222  362  0.1162  0.1378  0.0047
   28  223  362  0.1162  0.1378  0.0047
   29  224  362  0.1163  0.1379  0.0047
   30  225  362  0.1163  0.1380  0.0047
   31  226  362  0.1161  0.1377  0.0047
   32  227  362  0.1161  0.1378  0.0047
   33  228  362  0.1159  0.1376  0.0047
   34  244  362  0.1158  0.1378  0.0047
   35  243  362  0.1158  0.1377  0.0047
   36  230  362  0.1159  0.1376  0.0047
   37  231  362  0.1159  0.1376  0.0047
   38  232  362  0.1157  0.1373  0.0047
   39  233  362  0.1156  0.1373  0.0047
   40  234  362  0.1160  0.1378  0.0047
   41  235  362  0.1157  0.1375  0.0047
   42  236  362  0.1157  0.1374  0.0047
   43  237  362  0.1158  0.1376  0.0047
   44  238  362  0.1157  0.1375  0.0047
   45  239  362  0.1157  0.1375  0.0047
   46  240  362  0.1155  0.1373  0.0047
   47  241  362  0.1157  0.1376  0.0047
   48  242  362  0.1158  0.1377  0.0047
   49  245  362  0.1160  0.1380  0.0047
   50  229  363  0.1160  0.1376  0.0047
   51  230  363  0.1159  0.1376  0.0047
   52  245  363  0.1157  0.1377  0.0047
   53  246  363  0.1159  0.1379  0.0047
   54  247  363  0.1166  0.1388  0.0048
   55  249  364  0.1158  0.1379  0.0047
   56  250  364  0.1159  0.1380  0.0048
   57  251  364  0.1160  0.1382  0.0048
   58  252  364  0.1153  0.1373  0.0047
   59  253  364  0.1155  0.1376  0.0047
   60  248  364  0.1163  0.1385  0.0048
   61  254  365  0.1162  0.1384  0.0048
   62  255  365  0.1158  0.1380  0.0048
   63  256  365  0.1152  0.1373  0.0047
   64  257  365  0.1153  0.1374  0.0047
   65  258  365  0.1158  0.1380  0.0048
   66  259  365  0.1158  0.1381  0.0048
   67  260  365  0.1160  0.1383  0.0048
   68  261  365  0.1157  0.1379  0.0048

     1  436  274  0.1177  0.1442  0.0037
     2  439  274  0.1179  0.1445  0.0037
     3  438  274  0.1177  0.1442  0.0037
     4  437  274  0.1177  0.1441  0.0037
     5  434  274  0.1183  0.1449  0.0037
     6  440  274  0.1175  0.1440  0.0037
     7  428  275  0.1185  0.1450  0.0038
     8  429  275  0.1184  0.1448  0.0038
     9  430  275  0.1186  0.1451  0.0038
    10  427  275  0.1186  0.1450  0.0038
    11  432  275  0.1185  0.1450  0.0038
    12  433  275  0.1182  0.1447  0.0038
    13  434  275  0.1182  0.1446  0.0038
    14  426  275  0.1184  0.1447  0.0038
    15  441  275  0.1178  0.1443  0.0037
    16  425  275  0.1186  0.1450  0.0038
    17  424  275  0.1192  0.1457  0.0038
    18  423  275  0.1186  0.1449  0.0038
    19  431  275  0.1183  0.1448  0.0038
    20  440  275  0.1177  0.1442  0.0037
    21  270  276  0.1195  0.1427  0.0038
    22  271  276  0.1194  0.1426  0.0038
    23  272  276  0.1195  0.1427  0.0038
    24  273  276  0.1193  0.1426  0.0038
    25  274  276  0.1191  0.1423  0.0038
    26  275  276  0.1192  0.1424  0.0038
    27  276  276  0.1192  0.1424  0.0038
    28  277  276  0.1191  0.1424  0.0038
    29  278  276  0.1190  0.1423  0.0037
    30  279  276  0.1190  0.1423  0.0037
    31  280  276  0.1188  0.1421  0.0037
    32  281  276  0.1188  0.1421  0.0037
    33  282  276  0.1188  0.1422  0.0037
    34  283  276  0.1188  0.1421  0.0037
    35  284  276  0.1189  0.1423  0.0037
    36  285  276  0.1190  0.1425  0.0038
    37  286  276  0.1193  0.1428  0.0038
    38  287  276  0.1195  0.1431  0.0038
    39  288  276  0.1194  0.1430  0.0038
    40  409  276  0.1183  0.1443  0.0038
    41  410  276  0.1177  0.1436  0.0038
    42  269  276  0.1194  0.1425  0.0038
    43  268  276  0.1196  0.1427  0.0038
    44  265  276  0.1196  0.1427  0.0038
    45  264  276  0.1200  0.1432  0.0038
    46  263  276  0.1202  0.1433  0.0038
    47  262  276  0.1197  0.1428  0.0038
    48  261  276  0.1198  0.1428  0.0038
    49  411  276  0.1173  0.1431  0.0037
    50  412  276  0.1172  0.1430  0.0037
    51  413  276  0.1175  0.1433  0.0037
    52  414  276  0.1175  0.1435  0.0037
    53  417  276  0.1189  0.1452  0.0038
    54  418  276  0.1193  0.1457  0.0038
    55  419  276  0.1190  0.1453  0.0038
    56  315  276  0.1189  0.1430  0.0038
    57  316  276  0.1189  0.1430  0.0038
    58  317  276  0.1187  0.1428  0.0038
    59  318  276  0.1189  0.1430  0.0038
    60  319  276  0.1188  0.1430  0.0038
    61  320  276  0.1188  0.1430  0.0038
    62  321  276  0.1182  0.1423  0.0037
    63  420  276  0.1188  0.1451  0.0038
    64  421  276  0.1186  0.1450  0.0038
    65  422  276  0.1188  0.1452  0.0038
    66  249  276  0.1204  0.1434  0.0038
    67  251  276  0.1211  0.1442  0.0038
    68  252  276  0.1210  0.1441  0.0038
    69  260  276  0.1197  0.1428  0.0038
    70  259  276  0.1200  0.1431  0.0038
    71  258  276  0.1203  0.1434  0.0038
    72  257  276  0.1206  0.1437  0.0038
    73  256  276  0.1205  0.1436  0.0038
    74  255  276  0.1207  0.1438  0.0038
    75  254  276  0.1207  0.1437  0.0038
    76  253  276  0.1208  0.1439  0.0038
    77  407  276  0.1182  0.1441  0.0038
    78  369  277  0.1177  0.1427  0.0038
    79  368  277  0.1178  0.1428  0.0038
    80  249  277  0.1203  0.1432  0.0038
    81  365  277  0.1179  0.1429  0.0038
    82  361  277  0.1176  0.1424  0.0037
    83  360  277  0.1177  0.1425  0.0037
    84  315  277  0.1187  0.1427  0.0038
    85  314  277  0.1188  0.1428  0.0038
    86  313  277  0.1188  0.1428  0.0038
    87  312  277  0.1186  0.1426  0.0038
    88  311  277  0.1188  0.1428  0.0038
    89  310  277  0.1188  0.1427  0.0038
    90  309  277  0.1189  0.1429  0.0038
    91  290  277  0.1195  0.1431  0.0038
    92  289  277  0.1196  0.1433  0.0038
    93  370  277  0.1176  0.1426  0.0038
    94  406  277  0.1181  0.1440  0.0038
    95  401  277  0.1184  0.1442  0.0038
    96  402  277  0.1182  0.1440  0.0038
    97  403  277  0.1183  0.1442  0.0038
    98  404  277  0.1181  0.1440  0.0038
    99  405  277  0.1180  0.1438  0.0038
   100  248  277  0.1202  0.1430  0.0038
   101  399  278  0.1183  0.1440  0.0038
   102  398  278  0.1182  0.1439  0.0038
   103  397  278  0.1181  0.1438  0.0038
   104  396  278  0.1180  0.1437  0.0038
   105  395  278  0.1179  0.1435  0.0038
   106  392  278  0.1180  0.1435  0.0038
   107  391  278  0.1181  0.1436  0.0038
   108  390  278  0.1177  0.1431  0.0038
   109  389  278  0.1179  0.1434  0.0038
   110  388  278  0.1175  0.1428  0.0038
   111  387  278  0.1176  0.1430  0.0038
   112  299  278  0.1188  0.1425  0.0038
   113  300  278  0.1190  0.1427  0.0038
   114  302  278  0.1190  0.1427  0.0038
   115  303  278  0.1189  0.1428  0.0038
   116  304  278  0.1189  0.1427  0.0038
   117  400  278  0.1183  0.1441  0.0038
   118  305  278  0.1190  0.1428  0.0038
   119  307  278  0.1188  0.1426  0.0038
   120  377  279  0.1174  0.1425  0.0038
   121  376  279  0.1174  0.1425  0.0038
   122  375  279  0.1174  0.1425  0.0038
   123  374  279  0.1176  0.1426  0.0038
   124  371  279  0.1176  0.1426  0.0038
   125  370  279  0.1176  0.1426  0.0038
   126  379  279  0.1177  0.1428  0.0038
   127  380  279  0.1177  0.1430  0.0038
   128  382  279  0.1177  0.1430  0.0038
   129  383  279  0.1177  0.1430  0.0038
   130  384  279  0.1178  0.1431  0.0038
   131  385  279  0.1176  0.1429  0.0038
   132  386  279  0.1178  0.1431  0.0038
   133  381  279  0.1178  0.1430  0.0038

    1  297  336  0.1157  0.1387  0.0044
    2  298  336  0.1158  0.1389  0.0044
    3  300  336  0.1159  0.1390  0.0044
    4  301  336  0.1161  0.1393  0.0044
    5  302  336  0.1160  0.1392  0.0044
    6  303  336  0.1160  0.1392  0.0044
    7  304  336  0.1159  0.1391  0.0044
    8  306  336  0.1160  0.1393  0.0044
    9  309  337  0.1156  0.1388  0.0044
   10  310  337  0.1155  0.1387  0.0044
   11  311  337  0.1159  0.1392  0.0044
   12  308  337  0.1157  0.1390  0.0044
   13  312  338  0.1157  0.1391  0.0044
   14  313  338  0.1155  0.1389  0.0044
   15  314  338  0.1154  0.1388  0.0044
   16  315  338  0.1155  0.1388  0.0044
   17  316  338  0.1153  0.1386  0.0044
   18  317  338  0.1156  0.1391  0.0044
   19  318  338  0.1156  0.1391  0.0044
   20  319  338  0.1154  0.1388  0.0044
   21  320  338  0.1155  0.1390  0.0044
   22  321  338  0.1156  0.1391  0.0044
   23  322  338  0.1154  0.1389  0.0044
   24  323  338  0.1154  0.1390  0.0044
   25  324  339  0.1151  0.1386  0.0044
   26  325  339  0.1152  0.1388  0.0044
   27  326  339  0.1151  0.1386  0.0044
   28  327  339  0.1152  0.1387  0.0044
   29  328  339  0.1151  0.1386  0.0044
   30  329  339  0.1147  0.1382  0.0044
   31  330  339  0.1147  0.1382  0.0044
   32  331  339  0.1148  0.1383  0.0044
   33  332  339  0.1147  0.1383  0.0044
   34  333  339  0.1149  0.1385  0.0044

    1  496  585  0.0987  0.1220  0.0066
    2  495  585  0.0982  0.1214  0.0066
    3  494  585  0.0996  0.1230  0.0066
    4  497  585  0.0984  0.1217  0.0066
    5  493  586  0.0986  0.1218  0.0066
    6  492  586  0.0993  0.1227  0.0066
    7  494  586  0.0987  0.1220  0.0066
    8  492  587  0.0981  0.1212  0.0066
    9  491  587  0.0983  0.1215  0.0066
   10  490  587  0.0991  0.1224  0.0066
   11  489  588  0.0987  0.1219  0.0066
   12  488  588  0.0992  0.1225  0.0067
   13  490  588  0.0993  0.1226  0.0067
   14  487  589  0.0985  0.1216  0.0066
   15  488  589  0.0987  0.1219  0.0066
   16  486  590  0.0990  0.1221  0.0067
   17  484  591  0.0988  0.1219  0.0067
   18  483  591  0.0988  0.1219  0.0067
   19  482  591  0.0988  0.1218  0.0067
   20  481  591  0.0988  0.1218  0.0067
   21  480  591  0.0986  0.1215  0.0067
   22  479  591  0.0988  0.1218  0.0067
   23  478  591  0.0988  0.1218  0.0067
   24  477  591  0.0986  0.1215  0.0067
   25  475  591  0.0984  0.1213  0.0067
   26  473  592  0.0983  0.1211  0.0067
   27  474  592  0.0985  0.1214  0.0067
   28  472  593  0.0982  0.1210  0.0067
   29  470  594  0.0979  0.1205  0.0067
   30  469  594  0.0978  0.1204  0.0067
   31  471  594  0.0979  0.1206  0.0067
   32  468  595  0.0980  0.1206  0.0067
   33  469  595  0.0981  0.1208  0.0067
   34  467  596  0.0983  0.1209  0.0067
   35  466  596  0.0980  0.1206  0.0067
   36  465  596  0.0981  0.1206  0.0067
   37  464  596  0.0981  0.1207  0.0067
   38  463  596  0.0980  0.1206  0.0067
   39  462  596  0.0983  0.1209  0.0067
   40  461  596  0.0984  0.1209  0.0067
   41  460  596  0.0983  0.1208  0.0067
   42  459  597  0.0983  0.1208  0.0067
   43  458  597  0.0984  0.1210  0.0067
   44  457  597  0.0984  0.1210  0.0067
   45  460  597  0.0983  0.1209  0.0067
   46  456  598  0.0981  0.1205  0.0067
   47  455  598  0.0981  0.1205  0.0067
   48  457  598  0.0981  0.1206  0.0067
   49  454  599  0.0982  0.1207  0.0067
   50  453  599  0.0984  0.1209  0.0067
   51  452  599  0.0984  0.1208  0.0067
   52  451  599  0.0984  0.1208  0.0067
   53  450  599  0.0985  0.1209  0.0067
   54  449  599  0.0985  0.1209  0.0067
   55  448  599  0.0986  0.1210  0.0067
   56  447  599  0.0986  0.1210  0.0067
   57  446  599  0.0988  0.1212  0.0067
   58  445  600  0.0987  0.1211  0.0068
   59  442  601  0.0992  0.1216  0.0068
   60  441  601  0.0993  0.1217  0.0068
   61  440  601  0.0993  0.1217  0.0068
   62  439  601  0.0992  0.1216  0.0068
   63  438  601  0.0993  0.1217  0.0068
   64  443  601  0.0988  0.1211  0.0068

    1  500  592  0.0976  0.1207  0.0066
    2  499  593  0.0977  0.1208  0.0066
    3  498  593  0.0979  0.1210  0.0066
    4  500  593  0.0976  0.1208  0.0066
    5  496  594  0.0980  0.1212  0.0067
    6  495  594  0.0979  0.1210  0.0067
    7  497  594  0.0979  0.1210  0.0067
    8  494  595  0.0983  0.1215  0.0067
    9  493  595  0.0981  0.1212  0.0067
   10  492  595  0.0980  0.1210  0.0067
   11  491  595  0.0980  0.1210  0.0067
   12  490  595  0.0981  0.1212  0.0067
   13  489  595  0.0984  0.1215  0.0067
   14  488  595  0.0982  0.1213  0.0067
   15  487  596  0.0982  0.1213  0.0067
   16  486  596  0.0981  0.1211  0.0067
   17  488  596  0.0982  0.1213  0.0067
   18  485  597  0.0981  0.1210  0.0067
   19  484  597  0.0981  0.1211  0.0067
   20  483  597  0.0980  0.1209  0.0067
   21  482  597  0.0979  0.1208  0.0067
   22  481  597  0.0978  0.1206  0.0067
   23  480  597  0.0978  0.1206  0.0067
   24  480  598  0.0977  0.1205  0.0067
   25  478  598  0.0978  0.1205  0.0067
   26  479  598  0.0977  0.1205  0.0067
   27  476  599  0.0976  0.1203  0.0067
   28  474  599  0.0977  0.1204  0.0067
   29  477  599  0.0978  0.1205  0.0067
   30  473  600  0.0977  0.1203  0.0067
   31  472  600  0.0977  0.1203  0.0067
   32  471  600  0.0978  0.1204  0.0067
   33  470  600  0.0978  0.1204  0.0067
   34  469  600  0.0979  0.1205  0.0067
   35  468  600  0.0978  0.1204  0.0067
   36  468  601  0.0978  0.1203  0.0067
   37  467  601  0.0978  0.1204  0.0067
   38  466  601  0.0979  0.1205  0.0067
   39  465  601  0.0979  0.1205  0.0067
   40  464  601  0.0979  0.1205  0.0067
   41  463  601  0.0980  0.1205  0.0067
   42  462  601  0.0980  0.1205  0.0067
   43  460  602  0.0982  0.1207  0.0068
   44  459  602  0.0981  0.1206  0.0068
   45  461  602  0.0981  0.1206  0.0068
   46  458  603  0.0981  0.1206  0.0068
   47  457  603  0.0981  0.1206  0.0068
   48  456  603  0.0980  0.1204  0.0068
   49  455  603  0.0981  0.1205  0.0068
   50  459  603  0.0981  0.1206  0.0068

     1  569  548  0.0990  0.1238  0.0063
     2  570  548  0.0991  0.1240  0.0063
     3  568  549  0.0989  0.1236  0.0063
     4  569  549  0.0999  0.1249  0.0063
     5  567  550  0.0996  0.1245  0.0063
     6  565  551  0.0993  0.1240  0.0063
     7  565  552  0.0996  0.1245  0.0063
     8  564  552  0.0993  0.1241  0.0063
     9  562  553  0.0996  0.1243  0.0063
    10  560  554  0.0994  0.1240  0.0064
    11  559  554  0.1008  0.1258  0.0064
    12  558  554  0.1018  0.1270  0.0064
    13  561  554  0.0993  0.1240  0.0064
    14  558  555  0.1006  0.1256  0.0064
    15  557  555  0.1019  0.1271  0.0064
    16  556  555  0.1011  0.1262  0.0064
    17  555  555  0.1019  0.1272  0.0065
    18  554  555  0.1011  0.1260  0.0064
    19  553  555  0.1034  0.1289  0.0065
    20  552  556  0.0993  0.1238  0.0064
    21  551  556  0.0967  0.1205  0.0063
    22  550  556  0.0984  0.1226  0.0063
    23  553  556  0.0995  0.1240  0.0064
    24  550  557  0.0975  0.1216  0.0063
    25  549  557  0.0958  0.1194  0.0062
    26  548  557  0.1001  0.1247  0.0064
    27  547  557  0.0989  0.1232  0.0064
    28  546  557  0.0991  0.1234  0.0064
    29  545  557  0.0990  0.1233  0.0064
    30  544  557  0.0979  0.1220  0.0063
    32  542  558  0.1012  0.1259  0.0065
    33  541  558  0.0992  0.1235  0.0064
    34  544  558  0.0969  0.1207  0.0063
    35  540  559  0.0984  0.1225  0.0064
    36  541  559  0.0987  0.1229  0.0064
    37  539  560  0.0991  0.1233  0.0064
    38  538  560  0.0972  0.1209  0.0063
    39  537  560  0.0967  0.1203  0.0063
    40  536  560  0.1007  0.1253  0.0065
    41  535  561  0.1038  0.1291  0.0066
    42  534  561  0.1006  0.1251  0.0065
    43  536  561  0.1043  0.1297  0.0067
    44  533  562  0.1013  0.1259  0.0065
    45  532  562  0.0971  0.1207  0.0063
    46  534  562  0.1007  0.1252  0.0065
    47  532  563  0.0997  0.1239  0.0064
    48  531  563  0.0975  0.1212  0.0064
    49  530  563  0.0996  0.1237  0.0065
    50  529  563  0.0994  0.1235  0.0064
    51  528  563  0.0990  0.1230  0.0064
    52  527  563  0.0988  0.1227  0.0064
    53  526  563  0.0995  0.1236  0.0064
    54  524  564  0.0986  0.1225  0.0064
    55  523  564  0.1003  0.1245  0.0065
    56  521  564  0.1002  0.1243  0.0065
    57  525  564  0.0998  0.1239  0.0065
    58  519  565  0.1006  0.1248  0.0065
    59  517  566  0.1008  0.1250  0.0065
    60  516  566  0.1006  0.1247  0.0065
    61  515  566  0.1006  0.1247  0.0065
    62  518  566  0.0995  0.1235  0.0065
    63  513  567  0.1007  0.1248  0.0065
    64  512  567  0.1033  0.1281  0.0066
    65  510  567  0.1039  0.1287  0.0066
    66  514  567  0.1017  0.1261  0.0066
    67  510  568  0.1015  0.1257  0.0066
    68  509  568  0.1003  0.1242  0.0065
    69  507  568  0.1014  0.1255  0.0066
    70  506  569  0.1002  0.1241  0.0065
    71  507  569  0.1022  0.1265  0.0066
    72  506  570  0.1007  0.1246  0.0065
    73  505  570  0.1006  0.1245  0.0065
    74  504  570  0.1008  0.1248  0.0065
    75  503  571  0.1002  0.1240  0.0065
    76  502  571  0.0997  0.1233  0.0065
    77  501  571  0.1000  0.1238  0.0065
    78  500  571  0.1004  0.1242  0.0065
    79  499  571  0.1003  0.1240  0.0065
    80  498  571  0.0999  0.1235  0.0065
    81  497  571  0.0997  0.1233  0.0065
    82  496  571  0.0995  0.1230  0.0065
    83  495  572  0.1005  0.1242  0.0065
    84  494  572  0.1014  0.1253  0.0066
    85  493  572  0.1021  0.1262  0.0066
    86  492  572  0.1018  0.1257  0.0066
    87  496  572  0.0996  0.1231  0.0065
    88  491  573  0.1015  0.1253  0.0066
    89  490  573  0.1007  0.1244  0.0066
    90  489  573  0.1012  0.1249  0.0066
    91  488  573  0.1015  0.1253  0.0066
    92  487  573  0.1004  0.1239  0.0066
    93  487  574  0.0996  0.1229  0.0065
    94  486  574  0.1016  0.1254  0.0066
    95  485  574  0.1009  0.1245  0.0066
    96  484  574  0.1002  0.1237  0.0066
    97  483  574  0.1001  0.1235  0.0066
    98  482  574  0.1003  0.1238  0.0066
    99  481  574  0.1007  0.1241  0.0066
   100  480  575  0.1007  0.1242  0.0066
   101  478  576  0.1004  0.1238  0.0066
   102  479  576  0.1005  0.1239  0.0066
   103  477  577  0.1003  0.1236  0.0066
   104  476  577  0.1004  0.1237  0.0066
   105  475  577  0.0995  0.1226  0.0066
   106  474  577  0.0992  0.1222  0.0066
   107  473  577  0.1002  0.1234  0.0066
   108  472  577  0.1000  0.1231  0.0066
   109  471  577  0.1000  0.1231  0.0066
   110  470  577  0.0995  0.1226  0.0066
   111  469  577  0.0994  0.1224  0.0066
   112  468  577  0.0995  0.1225  0.0066
   113  467  577  0.0997  0.1227  0.0066
   114  466  577  0.1002  0.1233  0.0066
   115  465  577  0.1003  0.1234  0.0066
   116  464  577  0.1006  0.1238  0.0066
   117  463  577  0.1008  0.1239  0.0066
   118  462  578  0.1005  0.1237  0.0066
   119  461  578  0.1005  0.1236  0.0066
   120  463  578  0.1004  0.1235  0.0066
   121  460  579  0.1002  0.1232  0.0066
   122  459  579  0.0997  0.1226  0.0066
   123  461  579  0.0999  0.1229  0.0066
   124  458  580  0.1009  0.1239  0.0066
   125  457  580  0.1002  0.1232  0.0066
   126  456  580  0.1005  0.1234  0.0066
   127  455  580  0.0999  0.1227  0.0066
   128  454  580  0.0998  0.1226  0.0066
   129  453  580  0.0997  0.1224  0.0066
   130  452  580  0.0999  0.1227  0.0066
   131  451  580  0.1000  0.1228  0.0066
   132  450  580  0.1000  0.1228  0.0066
   133  449  580  0.1005  0.1234  0.0066
   134  449  581  0.0999  0.1226  0.0066
   135  448  581  0.0999  0.1226  0.0066
   136  447  581  0.1002  0.1229  0.0066
   137  446  581  0.1001  0.1228  0.0066
   138  445  581  0.1004  0.1232  0.0066
   139  444  581  0.1003  0.1230  0.0066
   140  443  581  0.1003  0.1230  0.0066
   141  441  581  0.1003  0.1229  0.0066
   142  440  581  0.1003  0.1229  0.0066
   143  439  581  0.1004  0.1230  0.0066

     1  585  531  0.1002  0.1256  0.0062
     2  584  531  0.1005  0.1259  0.0062
     3  586  531  0.1006  0.1261  0.0062
     4  582  532  0.1001  0.1254  0.0062
     5  583  532  0.1000  0.1252  0.0062
     6  580  533  0.1000  0.1252  0.0062
     7  581  533  0.1000  0.1252  0.0062
     8  580  534  0.0998  0.1250  0.0062
     9  579  534  0.0998  0.1249  0.0062
    10  578  534  0.0998  0.1250  0.0062
    11  577  534  0.0998  0.1249  0.0062
    12  576  534  0.1014  0.1269  0.0062
    13  575  534  0.1016  0.1271  0.0062
    14  574  534  0.1019  0.1274  0.0062
    15  573  535  0.1014  0.1269  0.0062
    16  572  535  0.1010  0.1263  0.0062
    17  571  535  0.1004  0.1255  0.0062
    18  574  535  0.1017  0.1272  0.0063
    19  569  536  0.0992  0.1240  0.0062
    20  568  536  0.0994  0.1243  0.0062
    21  570  536  0.1001  0.1252  0.0062
    22  568  537  0.0996  0.1245  0.0062
    23  567  537  0.0998  0.1247  0.0062
    24  566  537  0.1001  0.1250  0.0062
    25  565  537  0.1002  0.1252  0.0062
    26  564  537  0.0997  0.1245  0.0062
    27  563  537  0.1001  0.1250  0.0062
    28  562  537  0.1003  0.1252  0.0062
    29  561  537  0.1007  0.1257  0.0062
    30  560  537  0.1007  0.1257  0.0062
    31  559  537  0.1010  0.1260  0.0062
    32  558  538  0.1004  0.1253  0.0062
    33  559  538  0.1001  0.1249  0.0062
    34  557  539  0.1004  0.1252  0.0062
    35  556  539  0.1010  0.1260  0.0063
    36  555  539  0.1018  0.1270  0.0063
    37  554  539  0.1021  0.1273  0.0063
    38  553  539  0.1023  0.1276  0.0063
    39  552  539  0.1026  0.1279  0.0063
    40  551  539  0.1012  0.1262  0.0063
    41  551  540  0.1012  0.1261  0.0063
    42  550  540  0.1013  0.1263  0.0063
    43  549  540  0.1003  0.1250  0.0063
    44  548  540  0.1015  0.1265  0.0063
    45  547  540  0.1013  0.1262  0.0063
    46  546  540  0.1003  0.1250  0.0063
    47  545  540  0.1014  0.1263  0.0063
    48  544  540  0.1021  0.1272  0.0063
    49  543  540  0.1020  0.1270  0.0063
    50  541  541  0.1042  0.1297  0.0064
    51  540  541  0.1022  0.1272  0.0063
    52  539  541  0.1046  0.1302  0.0064
    53  542  541  0.1004  0.1250  0.0063
    54  539  542  0.1046  0.1301  0.0064
    55  538  542  0.1028  0.1279  0.0064
    56  537  543  0.1035  0.1288  0.0064
    57  536  543  0.1040  0.1293  0.0064
    58  535  543  0.1031  0.1283  0.0064
    59  538  543  0.0996  0.1239  0.0063
    60  535  544  0.1047  0.1302  0.0064
    61  534  544  0.1041  0.1294  0.0064
    62  533  544  0.1046  0.1300  0.0064
    63  532  544  0.1020  0.1268  0.0063
    64  531  544  0.1040  0.1293  0.0064
    65  530  545  0.1076  0.1338  0.0066
    66  528  545  0.1078  0.1339  0.0066
    67  527  545  0.1088  0.1351  0.0066
    68  525  545  0.1059  0.1315  0.0065
    69  524  546  0.1091  0.1354  0.0066
    70  523  546  0.1063  0.1319  0.0065
    71  525  546  0.1053  0.1307  0.0065
    72  521  547  0.1072  0.1330  0.0066
    73  520  547  0.1062  0.1318  0.0065
    74  519  547  0.1048  0.1301  0.0065
    75  522  547  0.1064  0.1321  0.0065
    76  518  548  0.1034  0.1283  0.0064
    77  517  548  0.1019  0.1263  0.0064
    78  516  548  0.1028  0.1274  0.0064
    79  511  548  0.1006  0.1246  0.0063
    80  510  548  0.1024  0.1269  0.0064
    81  513  548  0.1029  0.1275  0.0064
    82  512  548  0.1027  0.1273  0.0064
    83  514  548  0.1030  0.1277  0.0064
    84  505  549  0.1016  0.1258  0.0064
    85  489  549  0.1006  0.1242  0.0063
    86  490  549  0.1007  0.1244  0.0063
    87  491  549  0.1007  0.1244  0.0063
    88  492  549  0.1006  0.1243  0.0063
    89  506  549  0.1019  0.1261  0.0064
    90  510  549  0.1026  0.1271  0.0064
    91  509  549  0.1026  0.1271  0.0064
    92  507  549  0.1021  0.1264  0.0064
    93  487  550  0.1004  0.1240  0.0063
    94  488  550  0.1006  0.1242  0.0063
    95  504  550  0.1017  0.1258  0.0064
    96  486  550  0.1002  0.1237  0.0063
    97  503  550  0.1013  0.1253  0.0064
    98  502  551  0.1018  0.1259  0.0064
    99  500  551  0.1016  0.1256  0.0064
   100  499  551  0.1011  0.1251  0.0064
   101  498  551  0.1008  0.1246  0.0064
   102  497  551  0.1003  0.1240  0.0064
   103  496  551  0.1003  0.1240  0.0063
   104  485  551  0.1005  0.1240  0.0063
   105  484  551  0.1008  0.1243  0.0064
   106  483  551  0.1005  0.1239  0.0063
   107  501  551  0.1017  0.1258  0.0064
   108  495  552  0.1004  0.1241  0.0064
   109  494  552  0.1006  0.1243  0.0064
   110  482  552  0.1004  0.1238  0.0064
   111  481  552  0.1007  0.1242  0.0064
   112  480  552  0.1008  0.1243  0.0064
   113  479  552  0.1009  0.1244  0.0064
   114  478  552  0.1011  0.1247  0.0064
   115  476  553  0.1012  0.1247  0.0064
   116  475  553  0.1014  0.1249  0.0064
   117  474  553  0.1013  0.1248  0.0064
   118  477  553  0.1014  0.1249  0.0064
   119  474  554  0.1014  0.1249  0.0064
   120  473  554  0.1015  0.1250  0.0064
   121  472  554  0.1015  0.1250  0.0064
   122  471  554  0.1014  0.1249  0.0064
   123  470  554  0.1015  0.1250  0.0064
   124  469  554  0.1018  0.1254  0.0064
   125  468  554  0.1015  0.1250  0.0064
   126  467  555  0.1016  0.1250  0.0064
   127  466  555  0.1017  0.1251  0.0064
   128  465  555  0.1017  0.1252  0.0064
   129  468  555  0.1015  0.1250  0.0064
   130  464  556  0.1016  0.1249  0.0064
   131  463  556  0.1016  0.1249  0.0064
   132  462  556  0.1015  0.1249  0.0064
   133  461  556  0.1016  0.1249  0.0064
   134  460  556  0.1016  0.1249  0.0064
   135  459  556  0.1017  0.1250  0.0064
   136  458  556  0.1016  0.1249  0.0064
   137  457  556  0.1017  0.1250  0.0064
   138  456  556  0.1017  0.1250  0.0064
   139  455  556  0.1016  0.1248  0.0064
   140  454  556  0.1019  0.1252  0.0065
   141  454  557  0.1019  0.1251  0.0065
   142  453  557  0.1020  0.1253  0.0065
   143  452  557  0.1019  0.1251  0.0065
   144  451  557  0.1016  0.1248  0.0065
   145  450  557  0.1019  0.1251  0.0065
   146  449  557  0.1020  0.1252  0.0065
   147  448  557  0.1023  0.1255  0.0065
   148  447  557  0.1022  0.1253  0.0065
   149  446  558  0.1020  0.1251  0.0065
   150  445  558  0.1017  0.1248  0.0065
   151  444  558  0.1015  0.1244  0.0065
   152  443  558  0.1020  0.1250  0.0065
   153  447  558  0.1019  0.1251  0.0065
   154  442  559  0.1023  0.1254  0.0065
   155  441  559  0.1027  0.1259  0.0065
   156  440  559  0.1025  0.1257  0.0065
   157  439  559  0.1021  0.1251  0.0065
   158  437  559  0.1019  0.1248  0.0065
   159  436  559  0.1021  0.1251  0.0065
   160  435  560  0.1023  0.1252  0.0065
   161  434  560  0.1024  0.1253  0.0065
   162  433  560  0.1020  0.1249  0.0065
   163  432  560  0.1023  0.1252  0.0065
   164  436  560  0.1020  0.1249  0.0065
   165  431  561  0.1019  0.1247  0.0065
   166  430  561  0.1020  0.1248  0.0065
   167  429  561  0.1018  0.1246  0.0065
   168  428  561  0.1020  0.1248  0.0065
   169  427  561  0.1020  0.1247  0.0065
   170  426  561  0.1022  0.1250  0.0065
   171  425  561  0.1021  0.1249  0.0065
   172  424  562  0.1024  0.1252  0.0065
   173  423  562  0.1024  0.1252  0.0065
   174  422  562  0.1023  0.1250  0.0065
   175  421  562  0.1022  0.1249  0.0065
   176  425  562  0.1023  0.1251  0.0065
   177  420  563  0.1021  0.1248  0.0065
   178  419  563  0.1021  0.1248  0.0065
   179  418  563  0.1020  0.1246  0.0065
   180  417  563  0.1019  0.1244  0.0065
   181  416  563  0.1020  0.1245  0.0065
   182  415  563  0.1020  0.1246  0.0065
   183  414  563  0.1021  0.1247  0.0065
   184  413  563  0.1020  0.1245  0.0065
   185  412  563  0.1020  0.1244  0.0065
   186  411  563  0.1021  0.1246  0.0065
   187  410  563  0.1020  0.1244  0.0065

     1  876  440  0.1002  0.1312  0.0053
     2  877  440  0.1001  0.1312  0.0053
     3  875  441  0.1002  0.1312  0.0053
     4  876  441  0.1001  0.1312  0.0053
     5  874  442  0.1001  0.1311  0.0053
     6  873  442  0.1000  0.1310  0.0053
     7  872  442  0.1001  0.1311  0.0053
     8  871  442  0.1002  0.1312  0.0053
     9  870  443  0.1004  0.1314  0.0053
    10  871  443  0.1003  0.1313  0.0053
    11  870  444  0.1003  0.1313  0.0053
    12  869  444  0.1003  0.1312  0.0053
    13  868  444  0.1003  0.1312  0.0053
    14  867  444  0.1004  0.1314  0.0053
    15  866  444  0.1006  0.1316  0.0053
    16  865  445  0.1006  0.1316  0.0054
    17  866  445  0.1005  0.1315  0.0054
    18  863  446  0.1008  0.1319  0.0054
    19  862  446  0.1008  0.1318  0.0054
    20  864  446  0.1006  0.1316  0.0054
    21  862  447  0.1006  0.1316  0.0054
    22  861  447  0.1006  0.1315  0.0054
    23  860  447  0.1006  0.1315  0.0054
    24  859  447  0.1006  0.1315  0.0054
    25  858  447  0.1005  0.1313  0.0054
    26  857  447  0.1006  0.1314  0.0054
    27  856  448  0.1006  0.1315  0.0054
    28  854  448  0.1057  0.1380  0.0055
    29  857  448  0.1004  0.1311  0.0054
    30  853  449  0.1005  0.1313  0.0054
    31  852  449  0.1011  0.1320  0.0054
    32  851  449  0.1006  0.1313  0.0054
    33  850  449  0.1011  0.1320  0.0054
    34  854  449  0.1001  0.1308  0.0054
    35  850  450  0.1003  0.1308  0.0054
    36  849  450  0.1011  0.1319  0.0054
    37  848  450  0.1008  0.1315  0.0054
    41  848  451  0.1009  0.1316  0.0054
    43  840  452  0.1011  0.1317  0.0054
    44  839  452  0.1012  0.1319  0.0054
    46  839  453  0.1009  0.1315  0.0055
    47  838  453  0.1007  0.1312  0.0054
    48  837  453  0.1007  0.1312  0.0054
    49  836  454  0.1014  0.1321  0.0055
    50  835  454  0.1000  0.1301  0.0054
    51  834  454  0.1003  0.1305  0.0054
    52  833  454  0.0999  0.1301  0.0054
    53  832  454  0.0999  0.1300  0.0054
    54  831  454  0.0996  0.1296  0.0054
    55  837  454  0.1005  0.1309  0.0054
    56  831  455  0.1018  0.1325  0.0055
    59  828  455  0.0992  0.1291  0.0054
    71  819  458  0.0989  0.1284  0.0054
   100  795  465  0.0923  0.1194  0.0053
   103  796  465  0.0947  0.1226  0.0054
   107  790  466  0.1014  0.1311  0.0056
   108  789  466  0.1023  0.1322  0.0056
   109  788  466  0.1005  0.1299  0.0056
   110  788  467  0.1045  0.1351  0.0057
   111  787  467  0.1016  0.1313  0.0056
   112  786  468  0.1011  0.1307  0.0056
   113  785  468  0.1016  0.1313  0.0056
   114  784  468  0.0986  0.1273  0.0055
   115  783  468  0.0991  0.1280  0.0055
   116  782  468  0.0968  0.1249  0.0055
   119  787  468  0.1029  0.1330  0.0056
   121  779  469  0.0973  0.1256  0.0055
   122  778  469  0.0983  0.1269  0.0055
   123  777  469  0.0999  0.1289  0.0056
   124  776  469  0.1008  0.1300  0.0056
   126  774  470  0.1093  0.1410  0.0058
   130  771  471  0.1024  0.1321  0.0057
   131  773  471  0.1087  0.1402  0.0059
   132  771  472  0.1048  0.1352  0.0058
   134  769  472  0.1082  0.1395  0.0059
   135  768  472  0.1028  0.1324  0.0057
   142  761  473  0.1091  0.1404  0.0059
   143  760  473  0.1025  0.1319  0.0057
   144  759  473  0.1008  0.1297  0.0056
   145  758  473  0.1095  0.1409  0.0059
   147  758  474  0.1076  0.1385  0.0058
   148  757  474  0.1094  0.1408  0.0059
   149  756  474  0.1003  0.1290  0.0056
   150  755  474  0.1029  0.1324  0.0057
   151  754  474  0.1010  0.1298  0.0056
   152  753  475  0.1014  0.1304  0.0057
   153  752  475  0.0992  0.1276  0.0056
   154  751  475  0.1022  0.1314  0.0057
   155  754  475  0.1003  0.1289  0.0056
   159  748  476  0.0991  0.1273  0.0056
   160  747  476  0.1004  0.1290  0.0057
   161  746  476  0.1017  0.1306  0.0057
   163  745  477  0.1032  0.1325  0.0058
   166  742  477  0.1013  0.1300  0.0057
   167  741  477  0.1019  0.1308  0.0057
   168  740  478  0.1023  0.1313  0.0057
   169  739  478  0.1025  0.1315  0.0057
   170  738  478  0.1027  0.1317  0.0058
   171  737  478  0.1026  0.1316  0.0058
   172  736  478  0.1025  0.1315  0.0057
   173  741  478  0.1017  0.1305  0.0057
   174  736  479  0.1027  0.1317  0.0058
   175  735  479  0.1027  0.1317  0.0058
   176  734  479  0.1028  0.1318  0.0058
   177  733  480  0.1022  0.1310  0.0058
   178  732  480  0.1024  0.1312  0.0058
   179  731  480  0.1024  0.1312  0.0058
   180  730  480  0.1015  0.1300  0.0057
   181  729  480  0.1015  0.1300  0.0057
   182  728  480  0.1012  0.1296  0.0057
   183  727  480  0.1011  0.1295  0.0057
   184  734  480  0.1024  0.1313  0.0058
   185  727  481  0.1008  0.1290  0.0057
   186  726  481  0.1010  0.1293  0.0057
   187  725  481  0.1012  0.1295  0.0057
   188  724  481  0.1011  0.1294  0.0057
   189  723  481  0.1007  0.1288  0.0057
   190  722  481  0.1005  0.1286  0.0057
   191  721  481  0.1006  0.1287  0.0057
   192  720  481  0.1007  0.1287  0.0057
   193  719  481  0.1006  0.1286  0.0057
   194  718  481  0.1007  0.1287  0.0057
   195  717  481  0.1006  0.1286  0.0057
   196  716  481  0.1002  0.1281  0.0057
   197  715  481  0.1002  0.1281  0.0057

     1  843  525  0.0939  0.1224  0.0059
     2  844  525  0.0938  0.1223  0.0059
     3  842  526  0.0938  0.1223  0.0059
     4  841  526  0.0938  0.1222  0.0059
     5  840  526  0.0938  0.1223  0.0059
     6  843  526  0.0937  0.1222  0.0059
     7  839  527  0.0934  0.1218  0.0059
     8  840  527  0.0938  0.1222  0.0060
     9  838  528  0.0937  0.1221  0.0059
    10  837  528  0.0947  0.1233  0.0060
    11  836  528  0.0941  0.1225  0.0059
    12  835  528  0.0943  0.1228  0.0059
    13  834  528  0.0948  0.1234  0.0060
    14  833  529  0.0948  0.1235  0.0060
    15  834  529  0.0948  0.1234  0.0060
    16  832  530  0.0949  0.1235  0.0060
    17  831  530  0.0949  0.1235  0.0060
    18  833  530  0.0945  0.1231  0.0060
    19  831  531  0.0945  0.1229  0.0060
    20  830  531  0.0947  0.1233  0.0060
    21  829  531  0.0948  0.1233  0.0060
    22  828  531  0.0948  0.1234  0.0060
    23  827  532  0.0944  0.1227  0.0060
    24  826  532  0.0942  0.1225  0.0060
    25  828  532  0.0944  0.1228  0.0060
    26  826  533  0.0940  0.1223  0.0060
    27  825  533  0.0940  0.1223  0.0060
    28  824  533  0.0940  0.1221  0.0060
    29  823  533  0.0937  0.1218  0.0060
    30  822  533  0.0938  0.1219  0.0060
    31  822  534  0.0935  0.1215  0.0060
    32  821  534  0.0939  0.1220  0.0060
    33  820  534  0.0937  0.1218  0.0060
    34  819  534  0.0940  0.1221  0.0060
    35  818  534  0.0943  0.1225  0.0060
    36  817  535  0.0947  0.1229  0.0060
    37  816  535  0.0947  0.1230  0.0060
    38  815  535  0.0948  0.1231  0.0060
    39  818  535  0.0944  0.1227  0.0060
    40  815  536  0.0948  0.1231  0.0061
    41  814  536  0.0948  0.1230  0.0061
    42  813  536  0.0948  0.1230  0.0061
    43  812  536  0.0956  0.1240  0.0061
    44  811  536  0.0947  0.1228  0.0060
    45  810  536  0.0952  0.1235  0.0061
    46  809  537  0.0953  0.1237  0.0061
    47  808  537  0.0955  0.1238  0.0061
    48  810  537  0.0951  0.1234  0.0061
    49  807  538  0.0952  0.1235  0.0061
    50  808  538  0.0953  0.1235  0.0061
    51  806  539  0.0950  0.1231  0.0061
    52  805  539  0.0952  0.1234  0.0061
    53  804  539  0.0951  0.1232  0.0061
    54  803  539  0.0952  0.1234  0.0061
    55  802  539  0.0952  0.1234  0.0061
    56  801  539  0.0949  0.1229  0.0061
    57  801  540  0.0947  0.1227  0.0061
    58  800  540  0.0948  0.1228  0.0061
    59  799  540  0.0947  0.1227  0.0061
    60  798  540  0.0948  0.1227  0.0061
    61  797  540  0.0946  0.1225  0.0061
    62  796  541  0.0949  0.1228  0.0061
    63  795  541  0.0951  0.1230  0.0061
    64  797  541  0.0949  0.1228  0.0061
    65  795  542  0.0947  0.1225  0.0061
    66  794  542  0.0948  0.1227  0.0061
    67  793  542  0.0953  0.1233  0.0061
    68  792  543  0.0956  0.1237  0.0061
    69  791  543  0.0952  0.1232  0.0061
    70  793  543  0.0945  0.1222  0.0061
    71  791  544  0.0959  0.1241  0.0062
    72  790  544  0.0959  0.1240  0.0062
    73  789  544  0.0953  0.1232  0.0061
    74  788  544  0.0953  0.1232  0.0062
    75  787  544  0.0959  0.1240  0.0062
    76  786  544  0.0956  0.1235  0.0062
    77  785  544  0.0953  0.1232  0.0061
    78  784  544  0.0948  0.1224  0.0061
    79  783  545  0.0949  0.1226  0.0061
    80  784  545  0.0949  0.1226  0.0061
    81  783  546  0.0946  0.1222  0.0061
    82  782  546  0.0951  0.1228  0.0062
    83  781  546  0.0949  0.1226  0.0062
    84  780  546  0.0954  0.1232  0.0062
    85  779  546  0.0955  0.1234  0.0062
    86  778  547  0.0952  0.1228  0.0062
    87  777  547  0.0946  0.1220  0.0062
    88  776  547  0.0947  0.1222  0.0062
    89  779  547  0.0954  0.1231  0.0062
    90  775  548  0.0954  0.1231  0.0062
    91  776  548  0.0952  0.1229  0.0062
    92  774  549  0.0951  0.1227  0.0062
    93  773  549  0.0954  0.1230  0.0062
    94  772  549  0.0955  0.1232  0.0062
    95  771  549  0.0954  0.1230  0.0062
    96  770  549  0.0955  0.1231  0.0062
    97  769  549  0.0954  0.1230  0.0062
    98  768  549  0.0951  0.1226  0.0062
    99  767  550  0.0952  0.1227  0.0062
   100  766  550  0.0951  0.1226  0.0062
   101  768  550  0.0956  0.1233  0.0062
   102  765  551  0.0963  0.1240  0.0062
   103  764  551  0.0959  0.1235  0.0062
   104  763  551  0.0956  0.1231  0.0062
   105  762  551  0.0955  0.1230  0.0062
   106  766  551  0.0955  0.1230  0.0062
   107  762  552  0.0959  0.1235  0.0062
   108  761  552  0.0958  0.1234  0.0062
   109  760  552  0.0959  0.1234  0.0062
   110  759  552  0.0955  0.1229  0.0062
   111  758  552  0.0952  0.1225  0.0062
   112  757  552  0.0957  0.1232  0.0062
   113  756  552  0.0956  0.1229  0.0062
   114  755  552  0.0960  0.1235  0.0062
   115  753  553  0.0961  0.1236  0.0063
   116  754  553  0.0964  0.1240  0.0063
   117  752  554  0.0959  0.1233  0.0063
   118  751  554  0.0954  0.1226  0.0062
   119  753  554  0.0964  0.1239  0.0063
   120  750  555  0.0956  0.1229  0.0063
   121  749  555  0.0954  0.1226  0.0062
   122  751  555  0.0953  0.1225  0.0062

    1  679  488  0.1002  0.1274  0.0058
    2  678  488  0.1002  0.1274  0.0058
    3  680  488  0.1003  0.1276  0.0058
    4  677  489  0.1003  0.1274  0.0058
    5  676  489  0.1006  0.1278  0.0058
    6  675  489  0.1006  0.1278  0.0058
    7  674  489  0.1005  0.1277  0.0058
    8  673  489  0.1006  0.1278  0.0058
    9  672  489  0.1003  0.1274  0.0058
   10  671  489  0.1005  0.1276  0.0058
   11  671  490  0.1006  0.1277  0.0058
   12  670  490  0.1002  0.1272  0.0058
   13  669  490  0.0996  0.1264  0.0058
   14  668  490  0.0999  0.1268  0.0058
   15  667  490  0.0979  0.1242  0.0057
   16  666  490  0.1015  0.1288  0.0058
   17  665  490  0.1019  0.1293  0.0058
   18  664  490  0.1019  0.1292  0.0058
   19  663  490  0.1025  0.1300  0.0059
   20  662  490  0.0997  0.1264  0.0058
   21  661  490  0.1000  0.1268  0.0058
   22  660  490  0.1014  0.1286  0.0058
   23  659  490  0.1007  0.1276  0.0058
   24  658  490  0.1014  0.1285  0.0058
   25  657  490  0.1007  0.1276  0.0058
   26  656  490  0.1015  0.1286  0.0058
   27  656  491  0.1015  0.1285  0.0058
   28  655  491  0.1018  0.1289  0.0058
   29  654  491  0.1035  0.1310  0.0059
   30  653  491  0.1025  0.1298  0.0059
   31  652  491  0.1026  0.1299  0.0059
   32  651  492  0.1037  0.1313  0.0059
   33  650  492  0.1031  0.1305  0.0059
   34  649  492  0.1042  0.1319  0.0059
   35  652  492  0.1021  0.1292  0.0058
   36  649  493  0.1025  0.1297  0.0059
   37  648  493  0.1032  0.1306  0.0059
   40  640  493  0.1016  0.1284  0.0058
   41  641  493  0.1032  0.1305  0.0059
   42  642  493  0.1047  0.1323  0.0059
   43  643  493  0.1022  0.1292  0.0058
   44  644  493  0.1040  0.1316  0.0059
   46  639  494  0.1019  0.1287  0.0058
   47  640  494  0.1034  0.1307  0.0059
   48  638  495  0.1053  0.1330  0.0060
   49  637  495  0.1014  0.1281  0.0058
   50  639  495  0.1007  0.1272  0.0058
   51  636  496  0.1035  0.1307  0.0059
   52  635  496  0.1015  0.1282  0.0059
   53  637  496  0.1055  0.1333  0.0060
   54  635  497  0.1037  0.1309  0.0059
   55  634  497  0.1048  0.1323  0.0060
   56  633  497  0.1046  0.1321  0.0060
   57  632  497  0.1043  0.1316  0.0060
   58  631  497  0.1039  0.1311  0.0059
   59  630  497  0.1035  0.1307  0.0059
   60  629  498  0.1026  0.1294  0.0059
   61  628  498  0.1026  0.1294  0.0059
   62  627  498  0.1029  0.1297  0.0059
   63  630  498  0.1030  0.1299  0.0059
   64  626  499  0.1024  0.1291  0.0059
   65  625  499  0.1020  0.1287  0.0059
   66  624  499  0.1021  0.1287  0.0059
   67  623  499  0.1020  0.1286  0.0059
   68  622  500  0.1018  0.1282  0.0059
   69  621  500  0.1018  0.1282  0.0059
   70  620  500  0.1019  0.1284  0.0059
   71  623  500  0.1014  0.1278  0.0059
   72  619  501  0.1016  0.1280  0.0059
   73  618  501  0.1014  0.1277  0.0059
   74  617  501  0.1014  0.1277  0.0059
   75  620  501  0.1017  0.1282  0.0059
   76  617  502  0.1014  0.1277  0.0059
   77  616  502  0.1014  0.1277  0.0059
   78  615  502  0.1016  0.1278  0.0059
   79  614  502  0.1018  0.1281  0.0059
   80  613  502  0.1016  0.1279  0.0059
   81  612  502  0.1017  0.1280  0.0059
   82  611  502  0.1017  0.1279  0.0059
   83  609  503  0.1016  0.1278  0.0059
   84  610  503  0.1016  0.1278  0.0059
