; ENVI Output of ROIs (5.4) [Tue Aug 06 12:04:29 2019]
; Number of ROIs: 16
; File Dimension: 1328 x 1184
;
; ROI name: Region #1
; ROI rgb value: {255, 0, 0}
; ROI npts: 64
;
; ROI name: Region #2
; ROI rgb value: {0, 255, 0}
; ROI npts: 37
;
; ROI name: Region #3
; ROI rgb value: {0, 0, 255}
; ROI npts: 44
;
; ROI name: Region #4
; ROI rgb value: {255, 255, 0}
; ROI npts: 42
;
; ROI name: Region #5
; ROI rgb value: {0, 255, 255}
; ROI npts: 42
;
; ROI name: Region #6
; ROI rgb value: {255, 0, 255}
; ROI npts: 130
;
; ROI name: Region #7
; ROI rgb value: {176, 48, 96}
; ROI npts: 68
;
; ROI name: Region #8
; ROI rgb value: {46, 139, 87}
; ROI npts: 133
;
; ROI name: Region #9
; ROI rgb value: {160, 32, 240}
; ROI npts: 34
;
; ROI name: Region #10
; ROI rgb value: {255, 127, 80}
; ROI npts: 64
;
; ROI name: Region #11
; ROI rgb value: {127, 255, 212}
; ROI npts: 50
;
; ROI name: Region #12
; ROI rgb value: {218, 112, 214}
; ROI npts: 143
;
; ROI name: Region #13
; ROI rgb value: {160, 82, 45}
; ROI npts: 187
;
; ROI name: Region #14
; ROI rgb value: {127, 255, 0}
; ROI npts: 197
;
; ROI name: Region #15
; ROI rgb value: {216, 191, 216}
; ROI npts: 122
;
; ROI name: Region #16
; ROI rgb value: {238, 0, 0}
; ROI npts: 84
;  ID    X    Y         B1         B2         B3
    1   65  283  -156.7479   114.0279   -20.9868
    2   63  283  -156.7654   114.0122   -20.9864
    3   61  283  -156.7790   114.0009   -20.9861
    4   60  283  -156.7598   114.0252   -20.9866
    5  106  283  -156.7172   113.9730   -20.9869
    6  104  283  -156.7432   113.9471   -20.9862
    7  101  283  -156.7361   113.9620   -20.9864
    8   58  283  -156.7734   114.0139   -20.9863
    9   56  283  -156.7915   113.9976   -20.9859
   10   55  283  -156.8103   113.9780   -20.9854
   11   54  283  -156.7959   113.9968   -20.9858
   12   53  283  -156.8049   113.9886   -20.9856
   13   47  283  -156.8329   113.9696   -20.9850
   14   49  283  -156.8296   113.9691   -20.9850
   15   50  283  -156.8190   113.9790   -20.9853
   16   52  283  -156.8130   113.9816   -20.9854
   17   99  283  -156.7377   113.9647   -20.9864
   18   43  284  -156.8234   113.9894   -20.9839
   19   42  284  -156.8283   113.9860   -20.9838
   20   41  284  -156.8265   113.9903   -20.9838
   21   40  284  -156.8406   113.9763   -20.9835
   22  108  284  -156.6894   114.0009   -20.9861
   23  110  284  -156.7114   113.9707   -20.9855
   24  113  284  -156.6690   114.0134   -20.9865
   25   80  284  -156.7252   114.0212   -20.9856
   26   68  284  -156.7489   114.0203   -20.9853
   27   69  284  -156.7259   114.0446   -20.9858
   28   70  284  -156.7328   114.0344   -20.9856
   29   72  284  -156.7280   114.0356   -20.9857
   30   74  284  -156.7198   114.0407   -20.9858
   31   75  284  -156.7185   114.0399   -20.9858
   32   78  284  -156.7256   114.0252   -20.9856
   33   45  284  -156.8353   113.9713   -20.9835
   34   82  284  -156.7173   114.0259   -20.9857
   35   85  284  -156.7261   114.0090   -20.9855
   36   87  284  -156.7106   114.0226   -20.9858
   37   89  284  -156.7439   113.9796   -20.9850
   38   91  284  -156.7478   113.9707   -20.9848
   39   95  284  -156.7256   113.9876   -20.9853
   40   96  284  -156.7324   113.9774   -20.9851
   41  115  284  -156.6707   114.0070   -20.9864
   42   37  285  -156.8328   113.9919   -20.9823
   43   36  285  -156.8333   113.9935   -20.9824
   44   35  285  -156.8199   114.0111   -20.9827
   45   33  285  -156.8328   114.0006   -20.9825
   46   32  285  -156.8277   114.0088   -20.9826
   47   38  285  -156.8361   113.9858   -20.9822
   48   31  285  -156.8094   114.0320   -20.9831
   49  117  285  -156.7206   113.9445   -20.9837
   50  120  285  -156.6815   113.9834   -20.9846
   51  122  285  -156.6598   114.0043   -20.9851
   52  123  285  -156.6479   114.0160   -20.9853
   53  126  285  -156.6986   113.9502   -20.9840
   54  128  285  -156.7243   113.9157   -20.9834
   55  130  285  -156.6837   113.9587   -20.9843
   56  131  285  -156.6889   113.9504   -20.9842
   57  132  285  -156.7050   113.9293   -20.9837
   58  136  287  -156.6824   113.9468   -20.9813
   59  134  287  -156.6839   113.9496   -20.9813
   60  139  288  -156.6696   113.9551   -20.9801
   61  141  288  -156.6574   113.9650   -20.9803
   62  142  288  -156.6596   113.9602   -20.9803
   63  138  288  -156.6723   113.9542   -20.9800
   64  144  289  -156.6512   113.9656   -20.9790

    1   65  293  -156.7133   114.0680   -20.9733
    2   71  293  -156.7023   114.0675   -20.9734
    3   60  293  -156.7156   114.0763   -20.9733
    4   61  293  -156.7208   114.0681   -20.9731
    5   63  293  -156.7213   114.0631   -20.9731
    6   64  293  -156.7255   114.0561   -20.9730
    7   69  293  -156.7097   114.0633   -20.9732
    8   67  293  -156.7169   114.0594   -20.9731
    9   74  293  -156.7093   114.0528   -20.9731
   10   58  294  -156.7281   114.0663   -20.9715
   11   77  294  -156.6983   114.0590   -20.9719
   12   58  295  -156.7429   114.0492   -20.9697
   13   79  295  -156.7032   114.0489   -20.9703
   14   81  296  -156.6912   114.0584   -20.9692
   15   84  296  -156.7016   114.0396   -20.9688
   16   88  296  -156.7005   114.0321   -20.9687
   17   89  296  -156.7008   114.0296   -20.9687
   18   92  296  -156.7103   114.0120   -20.9684
   19   94  296  -156.6931   114.0275   -20.9687
   20   97  297  -156.6827   114.0329   -20.9674
   21  101  298  -156.6671   114.0423   -20.9663
   22  103  298  -156.6946   114.0059   -20.9656
   23  105  298  -156.7049   113.9895   -20.9653
   24   99  298  -156.6960   114.0132   -20.9656
   25  107  299  -156.6740   114.0209   -20.9646
   26  111  300  -156.6354   114.0570   -20.9641
   27  115  300  -156.6759   114.0010   -20.9630
   28  117  300  -156.6963   113.9729   -20.9625
   29  120  300  -156.6921   113.9712   -20.9625
   30  123  300  -156.7155   113.9372   -20.9618
   31  126  300  -156.6938   113.9558   -20.9623
   32  128  300  -156.7048   113.9385   -20.9620
   33  130  300  -156.7017   113.9377   -20.9621
   34  132  300  -156.6833   113.9547   -20.9625
   35  134  300  -156.6773   113.9573   -20.9626
   36  135  300  -156.6818   113.9498   -20.9625
   37  136  300  -156.6635   113.9689   -20.9629

    1   67  306  -156.7186   114.0576   -20.9542
    2   70  306  -156.7084   114.0627   -20.9544
    3   72  306  -156.7121   114.0540   -20.9543
    4   74  306  -156.8245   113.9196   -20.9513
    5   76  307  -156.6196   114.1523   -20.9551
    6   79  307  -156.6724   114.0846   -20.9537
    7   66  307  -156.7147   114.0643   -20.9529
    8   63  307  -156.7224   114.0619   -20.9527
    9   59  307  -156.7220   114.0712   -20.9528
   10   56  307  -156.7451   114.0511   -20.9522
   11   54  307  -156.7483   114.0518   -20.9522
   12   47  307  -156.7631   114.0501   -20.9519
   13   49  307  -156.7447   114.0670   -20.9524
   14   50  307  -156.7538   114.0543   -20.9521
   15   42  308  -156.8209   113.9946   -20.9490
   16   40  308  -156.8211   113.9988   -20.9490
   17   82  308  -156.7635   113.9724   -20.9498
   18   84  308  -156.7078   114.0325   -20.9512
   19   45  308  -156.7871   114.0269   -20.9499
   20   38  309  -156.8019   114.0253   -20.9481
   21   90  309  -156.6790   114.0528   -20.9504
   22   86  309  -156.7010   114.0360   -20.9499
   23   99  310  -156.6782   114.0338   -20.9488
   24   95  310  -156.6774   114.0436   -20.9489
   25   33  310  -156.7846   114.0562   -20.9473
   26   36  310  -156.7698   114.0667   -20.9476
   27   94  310  -156.6722   114.0518   -20.9490
   28   92  310  -156.6866   114.0394   -20.9487
   29  102  311  -156.6430   114.0681   -20.9482
   30   25  311  -156.7907   114.0668   -20.9458
   31   29  311  -156.7909   114.0578   -20.9457
   32   24  311  -156.8042   114.0534   -20.9455
   33  104  311  -156.6294   114.0795   -20.9485
   34   19  312  -156.8395   114.0239   -20.9433
   35   18  312  -156.8339   114.0326   -20.9434
   36  106  312  -156.6141   114.0929   -20.9474
   37  109  312  -156.6110   114.0899   -20.9475
   38  112  312  -156.5724   114.1281   -20.9485
   39  115  313  -156.5456   114.1527   -20.9477
   40  118  314  -156.5305   114.1637   -20.9467
   41  116  314  -156.5459   114.1502   -20.9463
   42  123  315  -156.5997   114.0722   -20.9432
   43  121  315  -156.5546   114.1291   -20.9445
   44  125  316  -156.6185   114.0458   -20.9412

    1   41  321  -156.7240   114.1085   -20.9328
    2   42  322  -156.7205   114.1102   -20.9315
    3   44  322  -156.7169   114.1100   -20.9315
    4   45  322  -156.7170   114.1077   -20.9315
    5   46  322  -156.7152   114.1076   -20.9316
    6   47  322  -156.7188   114.1012   -20.9315
    7   51  323  -156.6931   114.1221   -20.9307
    8   52  323  -156.7123   114.0978   -20.9302
    9   54  323  -156.6960   114.1122   -20.9306
   10   57  323  -156.7376   114.0577   -20.9293
   11   50  323  -156.7001   114.1162   -20.9305
   12   60  324  -156.7485   114.0385   -20.9275
   13   62  324  -156.7376   114.0466   -20.9277
   14   65  324  -156.7059   114.0766   -20.9286
   15   66  324  -156.6624   114.1247   -20.9298
   16   68  324  -156.6231   114.1657   -20.9308
   17   70  324  -156.6273   114.1565   -20.9307
   18   74  324  -156.6736   114.0942   -20.9292
   19   75  324  -156.6782   114.0867   -20.9291
   20   75  325  -156.6583   114.1097   -20.9282
   21   76  326  -156.6873   114.0740   -20.9259
   22   77  326  -156.6948   114.0631   -20.9257
   23   79  326  -156.6836   114.0716   -20.9260
   24   80  326  -156.6779   114.0760   -20.9261
   25   84  327  -156.6596   114.0885   -20.9251
   26   85  327  -156.6572   114.0890   -20.9251
   27   82  327  -156.6554   114.0977   -20.9252
   28   87  328  -156.6721   114.0673   -20.9233
   29   89  328  -156.9774   113.7090   -20.9143
   30   90  328  -156.6680   114.0655   -20.9233
   31   91  328  -156.6673   114.0641   -20.9233
   32   93  328  -156.6419   114.0892   -20.9240
   33   95  328  -156.6378   114.0895   -20.9240
   34   97  329  -156.6277   114.0969   -20.9228
   35   99  329  -156.6391   114.0793   -20.9225
   36  104  330  -156.6166   114.0944   -20.9215
   37  101  330  -156.6093   114.1095   -20.9219
   38  107  331  -156.6327   114.0690   -20.9196
   39  110  332  -156.6062   114.0933   -20.9188
   40  112  332  -156.6120   114.0821   -20.9186
   41  113  332  -156.6162   114.0750   -20.9185
   42  109  332  -156.6042   114.0978   -20.9189

    1  229  348  -156.3137   114.1746   -20.9020
    2  230  348  -156.3223   114.1622   -20.9017
    3  231  348  -156.3161   114.1673   -20.9019
    4  232  348  -156.3234   114.1565   -20.9017
    5  233  348  -156.3376   114.1374   -20.9011
    6  234  348  -156.3427   114.1292   -20.9009
    7  235  348  -156.3662   114.0991   -20.9001
    8  236  348  -156.2971   114.1788   -20.9022
    9  237  348  -156.3024   114.1703   -20.9020
   10  238  349  -156.3340   114.1307   -20.8996
   11  239  349  -156.3452   114.1151   -20.8992
   12  240  349  -156.3279   114.1335   -20.8998
   13  242  349  -156.3175   114.1413   -20.9000
   14  243  349  -156.3298   114.1246   -20.8996
   15  244  349  -156.3337   114.1177   -20.8995
   16  245  349  -156.3387   114.1096   -20.8993
   17  248  349  -156.3210   114.1240   -20.8997
   18  249  349  -156.3236   114.1187   -20.8996
   19  250  349  -156.3227   114.1176   -20.8996
   20  255  349  -156.3142   114.1165   -20.8997
   21  254  349  -156.3216   114.1100   -20.8995
   22  253  349  -156.3247   114.1085   -20.8995
   23  251  349  -156.3238   114.1140   -20.8996
   24  257  350  -156.3227   114.1021   -20.8980
   25  259  350  -156.2966   114.1287   -20.8988
   26  260  350  -156.2921   114.1318   -20.8989
   27  261  350  -156.2973   114.1233   -20.8987
   28  262  350  -156.2975   114.1210   -20.8987
   29  264  350  -156.2959   114.1185   -20.8987
   30  255  350  -156.3120   114.1191   -20.8984
   31  265  351  -156.2794   114.1358   -20.8978
   32  267  351  -156.2594   114.1553   -20.8984
   33  269  351  -156.2859   114.1193   -20.8975
   34  271  352  -156.2938   114.1054   -20.8957
   35  274  352  -156.2837   114.1108   -20.8960
   36  270  352  -156.2854   114.1176   -20.8960
   37  276  353  -156.2632   114.1308   -20.8952
   38  277  353  -156.2760   114.1133   -20.8948
   39  280  354  -156.2483   114.1398   -20.8941
   40  278  354  -156.2647   114.1246   -20.8937
   41  284  355  -156.2432   114.1370   -20.8927
   42  283  355  -156.2489   114.1324   -20.8926

     1   73  265  -156.8332   113.9117   -21.0109
     2   79  265  -156.8418   113.8883   -21.0107
     3   78  265  -156.8428   113.8894   -21.0107
     4   77  265  -156.8399   113.8949   -21.0107
     5   76  265  -156.8486   113.8871   -21.0106
     6   75  265  -156.8426   113.8963   -21.0107
     7   74  265  -156.8366   113.9055   -21.0108
     8   71  265  -156.8549   113.8909   -21.0104
     9   70  265  -156.8536   113.8947   -21.0105
    10   69  265  -156.8590   113.8907   -21.0104
    11   68  265  -156.8609   113.8906   -21.0104
    12   67  265  -156.8640   113.8893   -21.0103
    13   66  265  -156.8595   113.8967   -21.0104
    14   65  265  -156.8809   113.8743   -21.0099
    15   64  265  -156.8668   113.8928   -21.0103
    16   63  265  -156.8609   113.9018   -21.0104
    17   62  265  -156.8493   113.9175   -21.0107
    18   61  265  -156.8641   113.9025   -21.0104
    19   60  265  -156.8764   113.8906   -21.0101
    20   59  265  -156.8843   113.8837   -21.0099
    21   58  265  -156.8726   113.8995   -21.0102
    22   56  265  -156.8759   113.9001   -21.0101
    23   55  265  -156.8896   113.8865   -21.0098
    24   54  265  -156.8887   113.8898   -21.0099
    25   53  265  -156.8970   113.8824   -21.0097
    26   52  265  -156.9011   113.8799   -21.0097
    27   51  265  -156.8992   113.8844   -21.0097
    28   50  265  -156.8934   113.8932   -21.0099
    29   49  265  -156.8943   113.8944   -21.0098
    30   48  265  -156.8878   113.9042   -21.0100
    31   47  265  -156.8945   113.8986   -21.0099
    32   46  265  -156.8998   113.8947   -21.0097
    33   44  265  -156.9010   113.8978   -21.0097
    34   81  266  -156.8436   113.8817   -21.0091
    35   83  266  -156.8238   113.9003   -21.0095
    36   41  266  -156.8917   113.9152   -21.0085
    37   42  266  -156.9005   113.9028   -21.0083
    38   43  266  -156.8950   113.9069   -21.0084
    39   44  266  -156.8972   113.9021   -21.0084
    40   84  266  -156.8211   113.9012   -21.0095
    41   85  266  -156.8131   113.9082   -21.0097
    42   87  266  -156.8258   113.8890   -21.0094
    43   88  266  -156.8256   113.8871   -21.0094
    44   89  266  -156.8355   113.8733   -21.0092
    45   90  266  -156.8205   113.8885   -21.0095
    46   91  266  -156.8199   113.8870   -21.0095
    47   92  266  -156.8223   113.8819   -21.0094
    48   93  266  -156.8241   113.8776   -21.0094
    49   82  266  -156.8235   113.9029   -21.0096
    50   29  267  -156.9105   113.9201   -21.0068
    51   27  267  -156.9193   113.9144   -21.0067
    52   30  267  -156.9046   113.9247   -21.0070
    53   25  267  -156.9186   113.9197   -21.0067
    54   24  267  -156.9277   113.9115   -21.0065
    55   23  267  -156.9396   113.9000   -21.0063
    56   96  267  -156.8429   113.8491   -21.0074
    57   95  267  -156.8414   113.8531   -21.0075
    58   94  267  -156.8277   113.8712   -21.0078
    59   31  267  -156.9055   113.9214   -21.0069
    60   32  267  -156.9064   113.9182   -21.0068
    61   97  267  -156.8307   113.8611   -21.0077
    62   33  267  -156.9103   113.9115   -21.0068
    63   34  267  -156.9080   113.9119   -21.0068
    64   35  267  -156.9036   113.9148   -21.0069
    65   36  267  -156.9110   113.9040   -21.0067
    66   37  267  -156.9098   113.9032   -21.0067
    67   38  267  -156.9049   113.9067   -21.0068
    68   39  267  -156.9162   113.8914   -21.0065
    69   41  267  -156.8918   113.9150   -21.0070
    70   26  267  -156.9191   113.9169   -21.0067
    71   40  267  -156.8946   113.9140   -21.0070
    72  102  268  -156.8211   113.8610   -21.0064
    73  103  268  -156.8066   113.8757   -21.0067
    74  104  268  -156.7890   113.8939   -21.0071
    75  112  268  -156.7563   113.9140   -21.0077
    76  105  268  -156.7853   113.8960   -21.0071
    77  106  268  -156.7792   113.9008   -21.0073
    78  107  268  -156.7780   113.9000   -21.0073
    79  109  268  -156.7815   113.8914   -21.0072
    80  110  268  -156.7707   113.9018   -21.0074
    81  111  268  -156.7698   113.9006   -21.0074
    87   23  268  -156.9459   113.8928   -21.0046
    89   97  268  -156.8211   113.8722   -21.0064
    90   98  268  -156.8217   113.8693   -21.0064
    91   99  268  -156.8105   113.8801   -21.0066
    92  100  268  -156.8079   113.8809   -21.0067
    93  101  268  -156.8150   113.8703   -21.0065
    94  120  269  -156.7351   113.9209   -21.0066
    95  116  269  -156.7236   113.9433   -21.0069
    96  117  269  -156.7348   113.9280   -21.0066
    99  119  269  -156.7129   113.9491   -21.0071
   104  112  269  -156.7627   113.9067   -21.0061
   105  114  269  -156.7270   113.9437   -21.0069
   106  115  269  -156.7395   113.9269   -21.0066
   111  120  270  -156.7200   113.9385   -21.0055
   112  121  270  -156.7172   113.9396   -21.0055
   113  122  270  -156.7164   113.9383   -21.0055
   114  123  270  -156.6957   113.9602   -21.0059
   115  124  270  -156.7255   113.9232   -21.0053
   116  140  270  -156.7052   113.9113   -21.0054
   117  139  270  -156.7012   113.9182   -21.0055
   118  138  270  -156.7136   113.9060   -21.0053
   119  137  270  -156.7155   113.9060   -21.0052
   120  136  270  -156.7079   113.9171   -21.0054
   121  141  270  -156.6949   113.9211   -21.0057
   122  134  271  -156.7076   113.9219   -21.0040
   123  135  271  -156.7043   113.9235   -21.0041
   124  136  271  -156.7063   113.9189   -21.0040
   125  126  271  -156.7221   113.9228   -21.0038
   126  129  271  -156.7160   113.9232   -21.0039
   127  128  271  -156.7198   113.9209   -21.0038
   128  127  271  -156.7290   113.9125   -21.0036
   129  133  272  -156.6814   113.9547   -21.0031
   130  132  272  -156.7387   113.8900   -21.0019

    1  198  360  -156.3977   114.1436   -20.8829
    2  199  360  -156.3956   114.1439   -20.8830
    3  200  360  -156.3926   114.1452   -20.8830
    4  201  360  -156.3937   114.1417   -20.8830
    5  202  360  -156.3837   114.1513   -20.8833
    6  203  360  -156.3916   114.1398   -20.8830
    7  204  360  -156.3840   114.1465   -20.8832
    8  205  360  -156.3830   114.1455   -20.8832
    9  206  360  -156.3624   114.1676   -20.8839
   10  207  360  -156.3631   114.1646   -20.8838
   11  208  360  -156.3633   114.1622   -20.8838
   12  209  360  -156.3582   114.1660   -20.8839
   13  210  360  -156.3614   114.1600   -20.8838
   14  211  360  -156.3497   114.1716   -20.8842
   15  211  361  -156.3327   114.1917   -20.8833
   16  212  361  -156.3302   114.1924   -20.8834
   17  213  361  -156.3350   114.1846   -20.8832
   18  214  361  -156.3430   114.1729   -20.8829
   19  215  361  -156.3329   114.1827   -20.8832
   20  216  361  -156.3352   114.1778   -20.8831
   21  217  361  -156.3320   114.1794   -20.8831
   22  218  361  -156.3343   114.1744   -20.8830
   23  219  361  -156.3367   114.1693   -20.8829
   24  220  361  -156.3341   114.1703   -20.8830
   25  221  361  -156.3271   114.1764   -20.8832
   26  222  361  -156.3327   114.1675   -20.8830
   27  222  362  -156.3346   114.1653   -20.8815
   28  223  362  -156.3349   114.1626   -20.8814
   29  224  362  -156.3392   114.1554   -20.8813
   30  225  362  -156.3402   114.1520   -20.8812
   31  226  362  -156.3289   114.1632   -20.8816
   32  227  362  -156.3277   114.1623   -20.8816
   33  228  362  -156.3167   114.1732   -20.8819
   34  244  362  -156.3042   114.1528   -20.8819
   35  243  362  -156.3040   114.1552   -20.8820
   36  230  362  -156.3161   114.1696   -20.8819
   37  231  362  -156.3143   114.1695   -20.8819
   38  232  362  -156.3005   114.1836   -20.8824
   39  233  362  -156.2985   114.1837   -20.8824
   40  234  362  -156.3191   114.1571   -20.8817
   41  235  362  -156.3007   114.1767   -20.8823
   42  236  362  -156.2979   114.1779   -20.8823
   43  237  362  -156.3058   114.1663   -20.8821
   44  238  362  -156.2982   114.1731   -20.8823
   45  239  362  -156.3005   114.1682   -20.8822
   46  240  362  -156.2892   114.1794   -20.8825
   47  241  362  -156.3009   114.1633   -20.8821
   48  242  362  -156.3049   114.1563   -20.8820
   49  245  362  -156.3164   114.1360   -20.8815
   50  229  363  -156.3206   114.1664   -20.8804
   51  230  363  -156.3160   114.1696   -20.8805
   52  245  363  -156.2946   114.1619   -20.8808
   53  246  363  -156.3094   114.1421   -20.8803
   54  247  363  -156.3532   114.0879   -20.8788
   55  249  364  -156.2977   114.1494   -20.8791
   56  250  364  -156.3049   114.1387   -20.8789
   57  251  364  -156.3126   114.1274   -20.8786
   58  252  364  -156.2643   114.1825   -20.8801
   59  253  364  -156.2745   114.1682   -20.8797
   60  248  364  -156.3310   114.1121   -20.8781
   61  254  365  -156.3197   114.1123   -20.8769
   62  255  365  -156.2940   114.1405   -20.8776
   63  256  365  -156.2535   114.1865   -20.8789
   64  257  365  -156.2561   114.1812   -20.8788
   65  258  365  -156.2907   114.1379   -20.8777
   66  259  365  -156.2931   114.1329   -20.8775
   67  260  365  -156.3011   114.1211   -20.8772
   68  261  365  -156.2843   114.1388   -20.8778

     1  436  274  -156.2595   113.7758   -21.0046
     2  439  274  -156.2674   113.7594   -21.0043
     3  438  274  -156.2571   113.7742   -21.0046
     4  437  274  -156.2551   113.7790   -21.0047
     5  434  274  -156.2859   113.7481   -21.0039
     6  440  274  -156.2463   113.7829   -21.0048
     7  428  275  -156.2989   113.7460   -21.0023
     8  429  275  -156.2906   113.7539   -21.0025
     9  430  275  -156.3009   113.7390   -21.0022
    10  427  275  -156.3033   113.7430   -21.0022
    11  432  275  -156.2953   113.7413   -21.0023
    12  433  275  -156.2823   113.7549   -21.0026
    13  434  275  -156.2789   113.7568   -21.0027
    14  426  275  -156.2937   113.7569   -21.0025
    15  441  275  -156.2567   113.7679   -21.0031
    16  425  275  -156.3025   113.7485   -21.0023
    17  424  275  -156.3365   113.7093   -21.0014
    18  423  275  -156.3046   113.7504   -21.0022
    19  431  275  -156.2887   113.7517   -21.0025
    20  440  275  -156.2518   113.7762   -21.0032
    21  270  276  -156.4684   113.8997   -20.9999
    22  271  276  -156.4584   113.9094   -21.0001
    23  272  276  -156.4613   113.9036   -21.0000
    24  273  276  -156.4556   113.9081   -21.0002
    25  274  276  -156.4438   113.9200   -21.0005
    26  275  276  -156.4459   113.9153   -21.0004
    27  276  276  -156.4414   113.9184   -21.0004
    28  277  276  -156.4409   113.9168   -21.0004
    29  278  276  -156.4336   113.9232   -21.0006
    30  279  276  -156.4308   113.9242   -21.0006
    31  280  276  -156.4231   113.9312   -21.0008
    32  281  276  -156.4190   113.9338   -21.0009
    33  282  276  -156.4192   113.9314   -21.0008
    34  283  276  -156.4182   113.9303   -21.0009
    35  284  276  -156.4227   113.9227   -21.0007
    36  285  276  -156.4293   113.9126   -21.0006
    37  286  276  -156.4393   113.8984   -21.0003
    38  287  276  -156.4469   113.8871   -21.0001
    39  288  276  -156.4405   113.8925   -21.0002
    40  409  276  -156.3082   113.7781   -21.0011
    41  410  276  -156.2766   113.8142   -21.0018
    42  269  276  -156.4624   113.9091   -21.0001
    43  268  276  -156.4722   113.8996   -20.9999
    44  265  276  -156.4755   113.9025   -20.9999
    45  264  276  -156.5012   113.8741   -20.9993
    46  263  276  -156.5032   113.8739   -20.9992
    47  262  276  -156.4814   113.9022   -20.9998
    48  261  276  -156.4855   113.8995   -20.9997
    49  411  276  -156.2549   113.8384   -21.0023
    50  412  276  -156.2487   113.8436   -21.0025
    51  413  276  -156.2605   113.8270   -21.0021
    52  414  276  -156.2626   113.8221   -21.0021
    53  417  276  -156.3279   113.7358   -21.0004
    54  418  276  -156.3472   113.7100   -20.9999
    55  419  276  -156.3275   113.7318   -21.0003
    56  315  276  -156.4034   113.8761   -21.0006
    57  316  276  -156.3994   113.8786   -21.0007
    58  317  276  -156.3930   113.8840   -21.0008
    59  318  276  -156.3985   113.8752   -21.0007
    60  319  276  -156.3973   113.8744   -21.0007
    61  320  276  -156.3926   113.8778   -21.0008
    62  321  276  -156.3635   113.9104   -21.0015
    63  420  276  -156.3178   113.7413   -21.0006
    64  421  276  -156.3099   113.7486   -21.0007
    65  422  276  -156.3193   113.7348   -21.0005
    66  249  276  -156.5327   113.8704   -20.9988
    67  251  276  -156.5686   113.8232   -20.9980
    68  252  276  -156.5614   113.8296   -20.9981
    69  260  276  -156.4853   113.9021   -20.9997
    70  259  276  -156.4988   113.8882   -20.9994
    71  258  276  -156.5101   113.8770   -20.9991
    72  257  276  -156.5273   113.8588   -20.9987
    73  256  276  -156.5251   113.8637   -20.9988
    74  255  276  -156.5380   113.8506   -20.9986
    75  254  276  -156.5368   113.8543   -20.9986
    76  253  276  -156.5482   113.8430   -20.9984
    77  407  276  -156.3059   113.7854   -21.0012
    78  369  277  -156.3033   113.8748   -21.0006
    79  368  277  -156.3101   113.8688   -21.0004
    80  249  277  -156.5287   113.8752   -20.9975
    81  365  277  -156.3181   113.8660   -21.0003
    82  361  277  -156.2967   113.9008   -21.0008
    83  360  277  -156.3062   113.8916   -21.0006
    84  315  277  -156.3897   113.8926   -20.9995
    85  314  277  -156.3927   113.8912   -20.9994
    86  313  277  -156.3952   113.8904   -20.9994
    87  312  277  -156.3882   113.9011   -20.9996
    88  311  277  -156.3981   113.8915   -20.9993
    89  310  277  -156.3969   113.8952   -20.9994
    90  309  277  -156.4048   113.8879   -20.9992
    91  290  277  -156.4460   113.8814   -20.9986
    92  289  277  -156.4523   113.8762   -20.9984
    93  370  277  -156.3031   113.8727   -21.0006
    94  406  277  -156.3066   113.7868   -20.9998
    95  401  277  -156.3242   113.7768   -20.9995
    96  402  277  -156.3134   113.7877   -20.9997
    97  403  277  -156.3165   113.7816   -20.9996
    98  404  277  -156.3075   113.7903   -20.9998
    99  405  277  -156.3010   113.7959   -21.0000
   100  248  277  -156.5227   113.8845   -20.9977
   101  399  278  -156.3212   113.7850   -20.9982
   102  398  278  -156.3165   113.7930   -20.9983
   103  397  278  -156.3134   113.7990   -20.9984
   104  396  278  -156.3116   113.8035   -20.9985
   105  395  278  -156.3078   113.8104   -20.9986
   106  392  278  -156.3123   113.8117   -20.9985
   107  391  278  -156.3167   113.8086   -20.9984
   108  390  278  -156.3009   113.8300   -20.9989
   109  389  278  -156.3162   113.8138   -20.9985
   110  388  278  -156.2974   113.8389   -20.9991
   111  387  278  -156.3034   113.8339   -20.9989
   112  299  278  -156.4052   113.9100   -20.9980
   113  300  278  -156.4112   113.9006   -20.9978
   114  302  278  -156.4089   113.8988   -20.9978
   115  303  278  -156.4084   113.8971   -20.9978
   116  304  278  -156.4042   113.8999   -20.9979
   117  400  278  -156.3217   113.7821   -20.9981
   118  305  278  -156.4103   113.8904   -20.9977
   119  307  278  -156.3978   113.9009   -20.9980
   120  377  279  -156.2899   113.8728   -20.9979
   121  376  279  -156.2934   113.8709   -20.9979
   122  375  279  -156.2923   113.8744   -20.9979
   123  374  279  -156.2992   113.8684   -20.9977
   124  371  279  -156.3013   113.8727   -20.9977
   125  370  279  -156.2998   113.8768   -20.9977
   126  379  279  -156.3022   113.8534   -20.9976
   127  380  279  -156.3067   113.8458   -20.9975
   128  382  279  -156.3029   113.8458   -20.9975
   129  383  279  -156.3052   113.8408   -20.9974
   130  384  279  -156.3100   113.8327   -20.9973
   131  385  279  -156.3002   113.8423   -20.9976
   132  386  279  -156.3108   113.8271   -20.9973
   133  381  279  -156.3058   113.8446   -20.9974

    1  297  336  -156.2376   114.1149   -20.9194
    2  298  336  -156.2470   114.1014   -20.9191
    3  300  336  -156.2494   114.0941   -20.9190
    4  301  336  -156.2626   114.0761   -20.9186
    5  302  336  -156.2582   114.0792   -20.9187
    6  303  336  -156.2600   114.0748   -20.9186
    7  304  336  -156.2592   114.0735   -20.9187
    8  306  336  -156.2554   114.0735   -20.9187
    9  309  337  -156.2322   114.0947   -20.9179
   10  310  337  -156.2292   114.0961   -20.9180
   11  311  337  -156.2475   114.0720   -20.9174
   12  308  337  -156.2394   114.0883   -20.9177
   13  312  338  -156.2373   114.0819   -20.9162
   14  313  338  -156.2280   114.0909   -20.9165
   15  314  338  -156.2186   114.0999   -20.9167
   16  315  338  -156.2207   114.0952   -20.9166
   17  316  338  -156.2099   114.1059   -20.9170
   18  317  338  -156.2279   114.0821   -20.9164
   19  318  338  -156.2289   114.0787   -20.9163
   20  319  338  -156.2144   114.0938   -20.9167
   21  320  338  -156.2169   114.0886   -20.9166
   22  321  338  -156.2216   114.0808   -20.9165
   23  322  338  -156.2139   114.0878   -20.9167
   24  323  338  -156.2130   114.0867   -20.9167
   25  324  339  -156.1978   114.1026   -20.9157
   26  325  339  -156.2017   114.0958   -20.9155
   27  326  339  -156.1944   114.1024   -20.9157
   28  327  339  -156.1964   114.0976   -20.9157
   29  328  339  -156.1924   114.1003   -20.9158
   30  329  339  -156.1732   114.1212   -20.9164
   31  330  339  -156.1725   114.1197   -20.9163
   32  331  339  -156.1781   114.1107   -20.9162
   33  332  339  -156.1743   114.1132   -20.9162
   34  333  339  -156.1820   114.1017   -20.9160

    1  496  585  -155.1842   114.9625   -20.6156
    2  495  585  -155.1655   114.9876   -20.6169
    3  494  585  -155.2253   114.9160   -20.6131
    4  497  585  -155.1733   114.9738   -20.6162
    5  493  586  -155.1808   114.9731   -20.6146
    6  492  586  -155.2215   114.9250   -20.6122
    7  494  586  -155.1867   114.9636   -20.6142
    8  492  587  -155.1614   114.9990   -20.6146
    9  491  587  -155.1720   114.9880   -20.6140
   10  490  587  -155.2103   114.9430   -20.6116
   11  489  588  -155.1928   114.9666   -20.6115
   12  488  588  -155.2181   114.9376   -20.6100
   13  490  588  -155.2185   114.9329   -20.6098
   14  487  589  -155.1867   114.9783   -20.6107
   15  488  589  -155.1942   114.9671   -20.6101
   16  486  590  -155.2128   114.9483   -20.6078
   17  484  591  -155.2063   114.9605   -20.6070
   18  483  591  -155.2098   114.9584   -20.6069
   19  482  591  -155.2076   114.9631   -20.6071
   20  481  591  -155.2096   114.9628   -20.6070
   21  480  591  -155.1975   114.9798   -20.6078
   22  479  591  -155.2133   114.9625   -20.6070
   23  478  591  -155.2184   114.9584   -20.6067
   24  477  591  -155.2009   114.9820   -20.6078
   25  475  591  -155.1986   114.9890   -20.6081
   26  473  592  -155.1964   114.9960   -20.6071
   27  474  592  -155.2045   114.9838   -20.6065
   28  472  593  -155.1927   115.0025   -20.6060
   29  470  594  -155.1755   115.0279   -20.6059
   30  469  594  -155.1727   115.0334   -20.6062
   31  471  594  -155.1796   115.0208   -20.6056
   32  468  595  -155.1816   115.0246   -20.6043
   33  469  595  -155.1887   115.0137   -20.6038
   34  467  596  -155.1903   115.0160   -20.6024
   35  466  596  -155.1869   115.0222   -20.6028
   36  465  596  -155.1912   115.0191   -20.6026
   37  464  596  -155.1977   115.0132   -20.6023
   38  463  596  -155.1930   115.0211   -20.6026
   39  462  596  -155.2083   115.0043   -20.6017
   40  461  596  -155.2113   115.0028   -20.6016
   41  460  596  -155.2064   115.0109   -20.6020
   42  459  597  -155.2023   115.0181   -20.6009
   43  458  597  -155.2104   115.0102   -20.6004
   44  457  597  -155.2111   115.0115   -20.6004
   45  460  597  -155.2016   115.0167   -20.6008
   46  456  598  -155.1977   115.0299   -20.6001
   47  455  598  -155.1973   115.0326   -20.6001
   48  457  598  -155.2000   115.0250   -20.5999
   49  454  599  -155.2060   115.0239   -20.5983
   50  453  599  -155.2133   115.0171   -20.5979
   51  452  599  -155.2136   115.0189   -20.5979
   52  451  599  -155.2133   115.0213   -20.5980
   53  450  599  -155.2164   115.0196   -20.5978
   54  449  599  -155.2194   115.0181   -20.5977
   55  448  599  -155.2227   115.0162   -20.5976
   56  447  599  -155.2251   115.0153   -20.5975
   57  446  599  -155.2339   115.0066   -20.5970
   58  445  600  -155.2301   115.0134   -20.5959
   59  442  601  -155.2537   114.9908   -20.5932
   60  441  601  -155.2614   114.9835   -20.5928
   61  440  601  -155.2640   114.9824   -20.5927
   62  439  601  -155.2610   114.9882   -20.5930
   63  438  601  -155.2720   114.9768   -20.5924
   64  443  601  -155.2341   115.0127   -20.5945

    1  500  592  -155.1260   115.0258   -20.6097
    2  499  593  -155.1273   115.0263   -20.6083
    3  498  593  -155.1371   115.0164   -20.6077
    4  500  593  -155.1250   115.0271   -20.6084
    5  496  594  -155.1505   115.0040   -20.6057
    6  495  594  -155.1433   115.0150   -20.6062
    7  497  594  -155.1416   115.0129   -20.6062
    8  494  595  -155.1656   114.9895   -20.6036
    9  493  595  -155.1585   115.0005   -20.6041
   10  492  595  -155.1514   115.0113   -20.6046
   11  491  595  -155.1545   115.0096   -20.6045
   12  490  595  -155.1621   115.0023   -20.6040
   13  489  595  -155.1746   114.9890   -20.6033
   14  488  595  -155.1693   114.9977   -20.6037
   15  487  596  -155.1738   114.9942   -20.6022
   16  486  596  -155.1701   115.0009   -20.6025
   17  488  596  -155.1709   114.9957   -20.6023
   18  485  597  -155.1641   115.0104   -20.6016
   19  484  597  -155.1680   115.0077   -20.6014
   20  483  597  -155.1679   115.0099   -20.6016
   21  482  597  -155.1673   115.0127   -20.6017
   22  481  597  -155.1600   115.0238   -20.6022
   23  480  597  -155.1618   115.0237   -20.6021
   24  480  598  -155.1539   115.0334   -20.6013
   25  478  598  -155.1618   115.0279   -20.6009
   26  479  598  -155.1592   115.0290   -20.6011
   27  476  599  -155.1498   115.0468   -20.6004
   28  474  599  -155.1604   115.0380   -20.5999
   29  477  599  -155.1586   115.0339   -20.5998
   30  473  600  -155.1632   115.0367   -20.5985
   31  472  600  -155.1655   115.0359   -20.5985
   32  471  600  -155.1705   115.0319   -20.5982
   33  470  600  -155.1699   115.0347   -20.5983
   34  469  600  -155.1775   115.0275   -20.5979
   35  468  600  -155.1709   115.0377   -20.5983
   36  468  601  -155.1712   115.0373   -20.5970
   37  467  601  -155.1767   115.0326   -20.5967
   38  466  601  -155.1809   115.0295   -20.5965
   39  465  601  -155.1816   115.0308   -20.5965
   40  464  601  -155.1847   115.0291   -20.5964
   41  463  601  -155.1880   115.0271   -20.5963
   42  462  601  -155.1876   115.0297   -20.5964
   43  460  602  -155.1968   115.0227   -20.5945
   44  459  602  -155.1944   115.0277   -20.5947
   45  461  602  -155.1903   115.0285   -20.5949
   46  458  603  -155.1956   115.0283   -20.5934
   47  457  603  -155.1971   115.0286   -20.5934
   48  456  603  -155.1933   115.0353   -20.5937
   49  455  603  -155.1982   115.0315   -20.5935
   50  459  603  -155.1951   115.0268   -20.5934

     1  569  548  -155.1773   114.8161   -20.6616
     2  570  548  -155.1809   114.8095   -20.6613
     3  568  549  -155.1721   114.8247   -20.6606
     4  569  549  -155.2071   114.7790   -20.6583
     5  567  550  -155.1997   114.7925   -20.6576
     6  565  551  -155.1858   114.8142   -20.6572
     7  565  552  -155.1973   114.7998   -20.6551
     8  564  552  -155.1868   114.8150   -20.6558
     9  562  553  -155.1960   114.8079   -20.6540
    10  560  554  -155.1922   114.8168   -20.6530
    11  559  554  -155.2507   114.7461   -20.6495
    12  558  554  -155.3016   114.6849   -20.6465
    13  561  554  -155.1875   114.8205   -20.6532
    14  558  555  -155.2421   114.7590   -20.6487
    15  557  555  -155.2991   114.6903   -20.6453
    16  556  555  -155.2606   114.7403   -20.6476
    17  555  555  -155.3148   114.6750   -20.6446
    18  554  555  -155.2607   114.7444   -20.6477
    19  553  555  -155.3724   114.6076   -20.6411
    20  552  556  -155.1918   114.8344   -20.6508
    21  551  556  -155.0697   114.9883   -20.6582
    22  550  556  -155.1469   114.8945   -20.6536
    23  553  556  -155.1994   114.8229   -20.6503
    24  550  557  -155.0981   114.9552   -20.6550
    25  549  557  -155.0148   115.0608   -20.6601
    26  548  557  -155.2149   114.8142   -20.6481
    27  547  557  -155.1758   114.8649   -20.6507
    28  546  557  -155.1879   114.8521   -20.6501
    29  545  557  -155.1766   114.8682   -20.6507
    30  544  557  -155.1223   114.9378   -20.6540
    32  542  558  -155.2935   114.7294   -20.6427
    33  541  558  -155.2068   114.8392   -20.6480
    34  544  558  -155.0836   114.9858   -20.6551
    35  540  559  -155.1697   114.8874   -20.6489
    36  541  559  -155.1816   114.8705   -20.6481
    37  539  560  -155.1906   114.8635   -20.6463
    38  538  560  -155.1051   114.9718   -20.6515
    39  537  560  -155.0876   114.9956   -20.6527
    40  536  560  -155.2822   114.7563   -20.6411
    41  535  561  -155.4340   114.5702   -20.6307
    42  534  561  -155.2756   114.7688   -20.6402
    43  536  561  -155.4540   114.5432   -20.6294
    44  533  562  -155.3070   114.7321   -20.6370
    45  532  562  -155.0991   114.9919   -20.6495
    46  534  562  -155.2800   114.7633   -20.6386
    47  532  563  -155.2242   114.8369   -20.6406
    48  531  563  -155.1207   114.9672   -20.6469
    49  530  563  -155.2271   114.8375   -20.6407
    50  529  563  -155.2170   114.8521   -20.6413
    51  528  563  -155.1989   114.8766   -20.6424
    52  527  563  -155.1873   114.8932   -20.6432
    53  526  563  -155.2201   114.8547   -20.6412
    54  524  564  -155.1802   114.9083   -20.6424
    55  523  564  -155.2572   114.8151   -20.6378
    56  521  564  -155.2572   114.8193   -20.6379
    57  525  564  -155.2377   114.8350   -20.6389
    58  519  565  -155.2728   114.8043   -20.6357
    59  517  566  -155.2831   114.7959   -20.6338
    60  516  566  -155.2728   114.8107   -20.6345
    61  515  566  -155.2762   114.8086   -20.6344
    62  518  566  -155.2280   114.8619   -20.6372
    63  513  567  -155.2799   114.8083   -20.6329
    64  512  567  -155.4012   114.6606   -20.6255
    65  510  567  -155.4233   114.6376   -20.6242
    66  514  567  -155.3286   114.7461   -20.6299
    67  510  568  -155.3180   114.7677   -20.6294
    68  509  568  -155.2657   114.8344   -20.6327
    69  507  568  -155.3186   114.7734   -20.6296
    70  506  569  -155.2644   114.8425   -20.6316
    71  507  569  -155.3490   114.7358   -20.6263
    72  506  570  -155.2826   114.8199   -20.6291
    73  505  570  -155.2776   114.8283   -20.6295
    74  504  570  -155.2899   114.8152   -20.6287
    75  503  571  -155.2630   114.8506   -20.6291
    76  502  571  -155.2389   114.8824   -20.6307
    77  501  571  -155.2575   114.8616   -20.6296
    78  500  571  -155.2758   114.8412   -20.6285
    79  499  571  -155.2712   114.8489   -20.6289
    80  498  571  -155.2542   114.8720   -20.6300
    81  497  571  -155.2459   114.8844   -20.6306
    82  496  571  -155.2371   114.8973   -20.6312
    83  495  572  -155.2811   114.8453   -20.6271
    84  494  572  -155.3217   114.7973   -20.6247
    85  493  572  -155.3552   114.7582   -20.6226
    86  492  572  -155.3419   114.7767   -20.6236
    87  496  572  -155.2402   114.8935   -20.6296
    88  491  573  -155.3302   114.7932   -20.6230
    89  490  573  -155.2966   114.8368   -20.6252
    90  489  573  -155.3172   114.8136   -20.6239
    91  488  573  -155.3342   114.7947   -20.6230
    92  487  573  -155.2837   114.8590   -20.6262
    93  487  574  -155.2489   114.9019   -20.6270
    94  486  574  -155.3445   114.7862   -20.6211
    95  485  574  -155.3154   114.8243   -20.6230
    96  484  574  -155.2836   114.8655   -20.6251
    97  483  574  -155.2794   114.8728   -20.6254
    98  482  574  -155.2968   114.8535   -20.6244
    99  481  574  -155.3103   114.8391   -20.6236
   100  480  575  -155.3149   114.8355   -20.6221
   101  478  576  -155.3028   114.8546   -20.6216
   102  479  576  -155.3044   114.8505   -20.6215
   103  477  577  -155.2969   114.8640   -20.6207
   104  476  577  -155.3020   114.8598   -20.6204
   105  475  577  -155.2583   114.9156   -20.6232
   106  474  577  -155.2454   114.9337   -20.6241
   107  473  577  -155.2943   114.8757   -20.6211
   108  472  577  -155.2848   114.8894   -20.6217
   109  471  577  -155.2855   114.8908   -20.6218
   110  470  577  -155.2664   114.9163   -20.6230
   111  469  577  -155.2636   114.9218   -20.6233
   112  468  577  -155.2666   114.9203   -20.6231
   113  467  577  -155.2775   114.9090   -20.6225
   114  466  577  -155.3013   114.8819   -20.6211
   115  465  577  -155.3079   114.8759   -20.6207
   116  464  577  -155.3197   114.8636   -20.6200
   117  463  577  -155.3267   114.8571   -20.6196
   118  462  578  -155.3146   114.8741   -20.6191
   119  461  578  -155.3144   114.8765   -20.6192
   120  463  578  -155.3096   114.8781   -20.6194
   121  460  579  -155.2999   114.8964   -20.6188
   122  459  579  -155.2778   114.9256   -20.6202
   123  461  579  -155.2836   114.9142   -20.6197
   124  458  580  -155.3290   114.8649   -20.6157
   125  457  580  -155.3015   114.9008   -20.6175
   126  456  580  -155.3124   114.8895   -20.6169
   127  455  580  -155.2856   114.9244   -20.6186
   128  454  580  -155.2833   114.9294   -20.6188
   129  453  580  -155.2826   114.9323   -20.6190
   130  452  580  -155.2975   114.9162   -20.6181
   131  451  580  -155.2992   114.9163   -20.6180
   132  450  580  -155.2992   114.9184   -20.6181
   133  449  580  -155.3236   114.8906   -20.6166
   134  449  581  -155.2909   114.9306   -20.6173
   135  448  581  -155.2975   114.9246   -20.6170
   136  447  581  -155.3097   114.9118   -20.6163
   137  446  581  -155.3096   114.9140   -20.6164
   138  445  581  -155.3251   114.8972   -20.6155
   139  444  581  -155.3221   114.9030   -20.6157
   140  443  581  -155.3228   114.9043   -20.6158
   141  441  581  -155.3210   114.9107   -20.6160
   142  440  581  -155.3228   114.9106   -20.6159
   143  439  581  -155.3286   114.9056   -20.6157

     1  585  531  -155.2236   114.7242   -20.6808
     2  584  531  -155.2353   114.7117   -20.6802
     3  586  531  -155.2388   114.7030   -20.6799
     4  582  532  -155.2215   114.7333   -20.6798
     5  583  532  -155.2147   114.7396   -20.6801
     6  580  533  -155.2185   114.7413   -20.6787
     7  581  533  -155.2158   114.7425   -20.6788
     8  580  534  -155.2104   114.7514   -20.6778
     9  579  534  -155.2085   114.7559   -20.6780
    10  578  534  -155.2113   114.7545   -20.6779
    11  577  534  -155.2115   114.7565   -20.6780
    12  576  534  -155.2777   114.6760   -20.6741
    13  575  534  -155.2884   114.6649   -20.6735
    14  574  534  -155.3018   114.6503   -20.6728
    15  573  535  -155.2850   114.6734   -20.6725
    16  572  535  -155.2679   114.6968   -20.6736
    17  571  535  -155.2436   114.7293   -20.6751
    18  574  535  -155.2946   114.6592   -20.6719
    19  569  536  -155.1911   114.7990   -20.6769
    20  568  536  -155.2046   114.7844   -20.6762
    21  570  536  -155.2337   114.7437   -20.6744
    22  568  537  -155.2124   114.7746   -20.6744
    23  567  537  -155.2203   114.7669   -20.6740
    24  566  537  -155.2327   114.7537   -20.6733
    25  565  537  -155.2416   114.7447   -20.6729
    26  564  537  -155.2182   114.7760   -20.6743
    27  563  537  -155.2362   114.7557   -20.6733
    28  562  537  -155.2434   114.7489   -20.6729
    29  561  537  -155.2631   114.7265   -20.6718
    30  560  537  -155.2634   114.7283   -20.6718
    31  559  537  -155.2750   114.7160   -20.6712
    32  558  538  -155.2498   114.7495   -20.6714
    33  559  538  -155.2359   114.7647   -20.6721
    34  557  539  -155.2488   114.7528   -20.6701
    35  556  539  -155.2757   114.7216   -20.6686
    36  555  539  -155.3152   114.6745   -20.6664
    37  554  539  -155.3305   114.6578   -20.6655
    38  553  539  -155.3395   114.6487   -20.6651
    39  552  539  -155.3519   114.6354   -20.6644
    40  551  539  -155.2930   114.7109   -20.6679
    41  551  540  -155.2896   114.7151   -20.6667
    42  550  540  -155.2991   114.7054   -20.6663
    43  549  540  -155.2531   114.7647   -20.6690
    44  548  540  -155.3103   114.6958   -20.6658
    45  547  540  -155.3026   114.7075   -20.6663
    46  546  540  -155.2570   114.7663   -20.6690
    47  545  540  -155.3055   114.7082   -20.6662
    48  544  540  -155.3428   114.6641   -20.6641
    49  543  540  -155.3380   114.6721   -20.6644
    50  541  541  -155.4298   114.5625   -20.6577
    51  540  541  -155.3479   114.6663   -20.6626
    52  539  541  -155.4487   114.5434   -20.6567
    53  542  541  -155.2613   114.7695   -20.6676
    54  539  542  -155.4463   114.5463   -20.6555
    55  538  542  -155.3709   114.6421   -20.6600
    56  537  543  -155.4032   114.6041   -20.6568
    57  536  543  -155.4241   114.5805   -20.6556
    58  535  543  -155.3875   114.6280   -20.6578
    59  538  543  -155.2295   114.8176   -20.6670
    60  535  544  -155.4550   114.5442   -20.6524
    61  534  544  -155.4291   114.5786   -20.6540
    62  533  544  -155.4527   114.5515   -20.6527
    63  532  544  -155.3399   114.6934   -20.6594
    64  531  544  -155.4302   114.5837   -20.6542
    65  530  545  -155.5940   114.3829   -20.6432
    66  528  545  -155.6053   114.3733   -20.6427
    67  527  545  -155.6529   114.3165   -20.6401
    68  525  545  -155.5236   114.4811   -20.6477
    69  524  546  -155.6696   114.3024   -20.6379
    70  523  546  -155.5457   114.4581   -20.6452
    71  525  546  -155.4972   114.5137   -20.6479
    72  521  547  -155.5854   114.4133   -20.6416
    73  520  547  -155.5445   114.4661   -20.6441
    74  519  547  -155.4838   114.5434   -20.6477
    75  522  547  -155.5504   114.4544   -20.6436
    76  518  548  -155.4159   114.6296   -20.6504
    77  517  548  -155.3482   114.7154   -20.6544
    78  516  548  -155.3917   114.6638   -20.6519
    79  511  548  -155.2952   114.7938   -20.6579
    80  510  548  -155.3800   114.6912   -20.6530
    81  513  548  -155.3998   114.6602   -20.6516
    82  512  548  -155.3952   114.6681   -20.6520
    83  514  548  -155.4037   114.6533   -20.6513
    84  505  549  -155.3464   114.7434   -20.6539
    85  489  549  -155.3112   114.8210   -20.6569
    86  490  549  -155.3178   114.8107   -20.6565
    87  491  549  -155.3188   114.8074   -20.6564
    88  492  549  -155.3143   114.8108   -20.6566
    89  506  549  -155.3569   114.7283   -20.6532
    90  510  549  -155.3884   114.6807   -20.6511
    91  509  549  -155.3910   114.6797   -20.6510
    92  507  549  -155.3639   114.7176   -20.6527
    93  487  550  -155.3041   114.8340   -20.6561
    94  488  550  -155.3123   114.8218   -20.6556
    95  504  550  -155.3491   114.7422   -20.6524
    96  486  550  -155.2945   114.8480   -20.6567
    97  503  550  -155.3317   114.7658   -20.6535
    98  502  551  -155.3545   114.7399   -20.6509
    99  500  551  -155.3463   114.7542   -20.6515
   100  499  551  -155.3270   114.7802   -20.6527
   101  498  551  -155.3128   114.7999   -20.6536
   102  497  551  -155.2915   114.8282   -20.6549
   103  496  551  -155.2921   114.8297   -20.6549
   104  485  551  -155.3068   114.8349   -20.6547
   105  484  551  -155.3216   114.8188   -20.6539
   106  483  551  -155.3065   114.8396   -20.6548
   107  501  551  -155.3530   114.7438   -20.6510
   108  495  552  -155.2941   114.8292   -20.6535
   109  494  552  -155.3063   114.8163   -20.6528
   110  482  552  -155.3044   114.8443   -20.6536
   111  481  552  -155.3184   114.8291   -20.6528
   112  480  552  -155.3240   114.8245   -20.6526
   113  479  552  -155.3296   114.8196   -20.6523
   114  478  552  -155.3432   114.8050   -20.6516
   115  476  553  -155.3440   114.8083   -20.6502
   116  475  553  -155.3508   114.8022   -20.6499
   117  474  553  -155.3511   114.8039   -20.6499
   118  477  553  -155.3503   114.7984   -20.6498
   119  474  554  -155.3535   114.8009   -20.6484
   120  473  554  -155.3610   114.7938   -20.6481
   121  472  554  -155.3605   114.7966   -20.6481
   122  471  554  -155.3560   114.8043   -20.6485
   123  470  554  -155.3633   114.7974   -20.6481
   124  469  554  -155.3789   114.7804   -20.6472
   125  468  554  -155.3659   114.7985   -20.6481
   126  467  555  -155.3674   114.7988   -20.6467
   127  466  555  -155.3719   114.7954   -20.6464
   128  465  555  -155.3760   114.7925   -20.6463
   129  468  555  -155.3654   114.7991   -20.6468
   130  464  556  -155.3696   114.8024   -20.6454
   131  463  556  -155.3761   114.7966   -20.6451
   132  462  556  -155.3761   114.7987   -20.6452
   133  461  556  -155.3733   114.8043   -20.6453
   134  460  556  -155.3758   114.8034   -20.6453
   135  459  556  -155.3820   114.7979   -20.6450
   136  458  556  -155.3839   114.7977   -20.6450
   137  457  556  -155.3856   114.7977   -20.6449
   138  456  556  -155.3881   114.7969   -20.6448
   139  455  556  -155.3848   114.8030   -20.6451
   140  454  556  -155.4006   114.7858   -20.6442
   141  454  557  -155.3983   114.7886   -20.6430
   142  453  557  -155.4068   114.7803   -20.6426
   143  452  557  -155.4034   114.7866   -20.6428
   144  451  557  -155.3915   114.8033   -20.6436
   145  450  557  -155.4084   114.7848   -20.6427
   146  449  557  -155.4099   114.7850   -20.6426
   147  448  557  -155.4236   114.7705   -20.6419
   148  447  557  -155.4192   114.7779   -20.6422
   149  446  558  -155.4105   114.7907   -20.6414
   150  445  558  -155.3984   114.8077   -20.6421
   151  444  558  -155.3859   114.8251   -20.6429
   152  443  558  -155.4115   114.7959   -20.6415
   153  447  558  -155.4076   114.7921   -20.6415
   154  442  559  -155.4240   114.7827   -20.6394
   155  441  559  -155.4436   114.7609   -20.6383
   156  440  559  -155.4378   114.7702   -20.6387
   157  439  559  -155.4172   114.7974   -20.6400
   158  437  559  -155.4071   114.8140   -20.6407
   159  436  559  -155.4189   114.8017   -20.6400
   160  435  560  -155.4255   114.7958   -20.6383
   161  434  560  -155.4326   114.7893   -20.6380
   162  433  560  -155.4155   114.8123   -20.6391
   163  432  560  -155.4270   114.8004   -20.6384
   164  436  560  -155.4118   114.8104   -20.6391
   165  431  561  -155.4074   114.8264   -20.6383
   166  430  561  -155.4134   114.8213   -20.6380
   167  429  561  -155.4068   114.8314   -20.6384
   168  428  561  -155.4163   114.8220   -20.6379
   169  427  561  -155.4142   114.8267   -20.6381
   170  426  561  -155.4232   114.8178   -20.6376
   171  425  561  -155.4222   114.8211   -20.6377
   172  424  562  -155.4418   114.7993   -20.6353
   173  423  562  -155.4411   114.8023   -20.6354
   174  422  562  -155.4356   114.8111   -20.6358
   175  421  562  -155.4331   114.8163   -20.6360
   176  425  562  -155.4334   114.8075   -20.6357
   177  420  563  -155.4300   114.8222   -20.6349
   178  419  563  -155.4285   114.8262   -20.6350
   179  418  563  -155.4258   114.8316   -20.6353
   180  417  563  -155.4205   114.8401   -20.6356
   181  416  563  -155.4250   114.8368   -20.6354
   182  415  563  -155.4273   114.8361   -20.6353
   183  414  563  -155.4346   114.8294   -20.6350
   184  413  563  -155.4268   114.8410   -20.6355
   185  412  563  -155.4258   114.8443   -20.6356
   186  411  563  -155.4335   114.8371   -20.6352
   187  410  563  -155.4302   114.8432   -20.6354

     1  876  440  -155.0322   114.3314   -20.7995
     2  877  440  -155.0303   114.3316   -20.7996
     3  875  441  -155.0312   114.3349   -20.7982
     4  876  441  -155.0274   114.3376   -20.7984
     5  874  442  -155.0293   114.3395   -20.7970
     6  873  442  -155.0275   114.3442   -20.7972
     7  872  442  -155.0330   114.3392   -20.7969
     8  871  442  -155.0360   114.3375   -20.7968
     9  870  443  -155.0434   114.3300   -20.7952
    10  871  443  -155.0410   114.3310   -20.7953
    11  870  444  -155.0411   114.3331   -20.7939
    12  869  444  -155.0389   114.3382   -20.7940
    13  868  444  -155.0395   114.3396   -20.7941
    14  867  444  -155.0446   114.3352   -20.7938
    15  866  444  -155.0563   114.3222   -20.7933
    16  865  445  -155.0538   114.3277   -20.7921
    17  866  445  -155.0501   114.3303   -20.7923
    18  863  446  -155.0666   114.3155   -20.7902
    19  862  446  -155.0680   114.3158   -20.7902
    20  864  446  -155.0544   114.3292   -20.7908
    21  862  447  -155.0600   114.3263   -20.7893
    22  861  447  -155.0628   114.3248   -20.7892
    23  860  447  -155.0624   114.3275   -20.7893
    24  859  447  -155.0648   114.3267   -20.7892
    25  858  447  -155.0595   114.3358   -20.7895
    26  857  447  -155.0649   114.3309   -20.7893
    27  856  448  -155.0688   114.3281   -20.7878
    28  854  448  -155.2762   114.0625   -20.7776
    29  857  448  -155.0558   114.3429   -20.7884
    30  853  449  -155.0631   114.3423   -20.7868
    31  852  449  -155.0926   114.3061   -20.7855
    32  851  449  -155.0693   114.3387   -20.7867
    33  850  449  -155.0938   114.3090   -20.7855
    34  854  449  -155.0447   114.3640   -20.7877
    35  850  450  -155.0553   114.3591   -20.7861
    36  849  450  -155.0926   114.3128   -20.7843
    37  848  450  -155.0798   114.3317   -20.7849
    41  848  451  -155.0833   114.3271   -20.7834
    43  840  452  -155.1009   114.3221   -20.7816
    44  839  452  -155.1034   114.3210   -20.7815
    46  839  453  -155.0909   114.3372   -20.7807
    47  838  453  -155.0815   114.3517   -20.7812
    48  837  453  -155.0877   114.3459   -20.7810
    49  836  454  -155.1141   114.3138   -20.7783
    50  835  454  -155.0525   114.3961   -20.7815
    51  834  454  -155.0650   114.3820   -20.7809
    52  833  454  -155.0526   114.4004   -20.7816
    53  832  454  -155.0528   114.4023   -20.7816
    54  831  454  -155.0411   114.4197   -20.7823
    55  837  454  -155.0732   114.3647   -20.7803
    56  831  455  -155.1345   114.2985   -20.7762
    59  828  455  -155.0234   114.4493   -20.7819
    71  819  458  -155.0106   114.4858   -20.7788
   100  795  465  -154.7361   114.8928   -20.7846
   103  796  465  -154.8485   114.7455   -20.7789
   107  790  466  -155.1422   114.3797   -20.7627
   108  789  466  -155.1782   114.3355   -20.7609
   109  788  466  -155.1089   114.4270   -20.7646
   110  788  467  -155.2687   114.2211   -20.7549
   111  787  467  -155.1517   114.3741   -20.7610
   112  786  468  -155.1321   114.4016   -20.7607
   113  785  468  -155.1584   114.3700   -20.7595
   114  784  468  -155.0290   114.5389   -20.7662
   115  783  468  -155.0535   114.5096   -20.7650
   116  782  468  -154.9579   114.6349   -20.7701
   119  787  468  -155.2047   114.3058   -20.7569
   121  779  469  -154.9821   114.6102   -20.7676
   122  778  469  -155.0195   114.5643   -20.7656
   123  777  469  -155.0906   114.4749   -20.7621
   124  776  469  -155.1267   114.4307   -20.7602
   126  774  470  -155.4802   113.9803   -20.7406
   130  771  471  -155.2191   114.3229   -20.7532
   131  773  471  -155.4771   113.9865   -20.7397
   132  771  472  -155.3114   114.2043   -20.7469
   134  769  472  -155.4658   114.0103   -20.7392
   135  768  472  -155.2322   114.3128   -20.7513
   142  761  473  -155.5073   113.9751   -20.7360
   143  760  473  -155.2195   114.3469   -20.7508
   144  759  473  -155.1476   114.4413   -20.7546
   145  758  473  -155.5059   113.9838   -20.7360
   147  758  474  -155.4278   114.0839   -20.7386
   148  757  474  -155.5092   113.9818   -20.7345
   149  756  474  -155.1175   114.4865   -20.7549
   150  755  474  -155.2275   114.3477   -20.7491
   151  754  474  -155.1413   114.4604   -20.7536
   152  753  475  -155.1746   114.4200   -20.7507
   153  752  475  -155.0691   114.5575   -20.7561
   154  751  475  -155.2133   114.3747   -20.7489
   155  754  475  -155.1183   114.4900   -20.7536
   159  748  476  -155.0682   114.5674   -20.7551
   160  747  476  -155.1331   114.4863   -20.7518
   161  746  476  -155.1929   114.4119   -20.7488
   163  745  477  -155.2599   114.3284   -20.7440
   166  742  477  -155.1770   114.4411   -20.7484
   167  741  477  -155.2080   114.4037   -20.7469
   168  740  478  -155.2232   114.3864   -20.7448
   169  739  478  -155.2346   114.3741   -20.7443
   170  738  478  -155.2431   114.3654   -20.7439
   171  737  478  -155.2420   114.3690   -20.7440
   172  736  478  -155.2381   114.3762   -20.7443
   173  741  478  -155.1958   114.4193   -20.7462
   174  736  479  -155.2442   114.3685   -20.7426
   175  735  479  -155.2471   114.3669   -20.7425
   176  734  479  -155.2527   114.3621   -20.7423
   177  733  480  -155.2279   114.3960   -20.7422
   178  732  480  -155.2342   114.3901   -20.7419
   179  731  480  -155.2388   114.3865   -20.7418
   180  730  480  -155.1975   114.4414   -20.7440
   181  729  480  -155.1982   114.4427   -20.7440
   182  728  480  -155.1865   114.4598   -20.7447
   183  727  480  -155.1834   114.4660   -20.7448
   184  734  480  -155.2346   114.3851   -20.7418
   185  727  481  -155.1673   114.4866   -20.7443
   186  726  481  -155.1798   114.4729   -20.7437
   187  725  481  -155.1896   114.4625   -20.7433
   188  724  481  -155.1885   114.4661   -20.7434
   189  723  481  -155.1706   114.4911   -20.7444
   190  722  481  -155.1613   114.5052   -20.7450
   191  721  481  -155.1699   114.4964   -20.7446
   192  720  481  -155.1735   114.4941   -20.7445
   193  719  481  -155.1725   114.4976   -20.7446
   194  718  481  -155.1781   114.4926   -20.7443
   195  717  481  -155.1743   114.4996   -20.7446
   196  716  481  -155.1573   114.5235   -20.7455
   197  715  481  -155.1572   114.5258   -20.7456

     1  843  525  -154.7264   114.8018   -20.7029
     2  844  525  -154.7193   114.8088   -20.7032
     3  842  526  -154.7224   114.8091   -20.7019
     4  841  526  -154.7206   114.8136   -20.7020
     5  840  526  -154.7228   114.8128   -20.7019
     6  843  526  -154.7162   114.8149   -20.7021
     7  839  527  -154.7046   114.8387   -20.7017
     8  840  527  -154.7196   114.8170   -20.7008
     9  838  528  -154.7109   114.8326   -20.7000
    10  837  528  -154.7406   114.7962   -20.6981
    11  836  528  -154.7146   114.8321   -20.6997
    12  835  528  -154.7277   114.8172   -20.6990
    13  834  528  -154.7478   114.7933   -20.6978
    14  833  529  -154.7587   114.7813   -20.6960
    15  834  529  -154.7515   114.7885   -20.6963
    16  832  530  -154.7611   114.7804   -20.6946
    17  831  530  -154.7636   114.7793   -20.6945
    18  833  530  -154.7466   114.7971   -20.6954
    19  831  531  -154.7444   114.8042   -20.6944
    20  830  531  -154.7582   114.7885   -20.6936
    21  829  531  -154.7630   114.7843   -20.6934
    22  828  531  -154.7675   114.7808   -20.6932
    23  827  532  -154.7455   114.8114   -20.6932
    24  826  532  -154.7398   114.8209   -20.6936
    25  828  532  -154.7479   114.8061   -20.6930
    26  826  533  -154.7297   114.8340   -20.6929
    27  825  533  -154.7317   114.8336   -20.6929
    28  824  533  -154.7270   114.8419   -20.6932
    29  823  533  -154.7174   114.8564   -20.6938
    30  822  533  -154.7233   114.8509   -20.6935
    31  822  534  -154.7063   114.8729   -20.6932
    32  821  534  -154.7257   114.8499   -20.6921
    33  820  534  -154.7211   114.8581   -20.6924
    34  819  534  -154.7358   114.8411   -20.6917
    35  818  534  -154.7525   114.8217   -20.6907
    36  817  535  -154.7660   114.8064   -20.6886
    37  816  535  -154.7689   114.8048   -20.6885
    38  815  535  -154.7743   114.7999   -20.6883
    39  818  535  -154.7539   114.8198   -20.6893
    40  815  536  -154.7734   114.8010   -20.6870
    41  814  536  -154.7748   114.8014   -20.6870
    42  813  536  -154.7764   114.8015   -20.6870
    43  812  536  -154.8108   114.7592   -20.6849
    44  811  536  -154.7703   114.8137   -20.6874
    45  810  536  -154.7976   114.7805   -20.6858
    46  809  537  -154.8028   114.7760   -20.6842
    47  808  537  -154.8096   114.7693   -20.6839
    48  810  537  -154.7886   114.7922   -20.6850
    49  807  538  -154.7986   114.7857   -20.6833
    50  808  538  -154.7991   114.7829   -20.6832
    51  806  539  -154.7899   114.7991   -20.6826
    52  805  539  -154.7999   114.7884   -20.6820
    53  804  539  -154.7935   114.7987   -20.6825
    54  803  539  -154.8048   114.7863   -20.6819
    55  802  539  -154.8030   114.7909   -20.6820
    56  801  539  -154.7906   114.8089   -20.6828
    57  801  540  -154.7810   114.8214   -20.6821
    58  800  540  -154.7890   114.8132   -20.6817
    59  799  540  -154.7864   114.8187   -20.6819
    60  798  540  -154.7919   114.8137   -20.6816
    61  797  540  -154.7863   114.8231   -20.6821
    62  796  541  -154.7986   114.8094   -20.6800
    63  795  541  -154.8062   114.8018   -20.6797
    64  797  541  -154.7931   114.8144   -20.6803
    65  795  542  -154.7878   114.8256   -20.6794
    66  794  542  -154.7927   114.8213   -20.6791
    67  793  542  -154.8170   114.7922   -20.6778
    68  792  543  -154.8258   114.7829   -20.6759
    69  791  543  -154.8115   114.8035   -20.6768
    70  793  543  -154.7779   114.8426   -20.6788
    71  791  544  -154.8364   114.7714   -20.6739
    72  790  544  -154.8355   114.7747   -20.6740
    73  789  544  -154.8127   114.8063   -20.6755
    74  788  544  -154.8149   114.8056   -20.6755
    75  787  544  -154.8427   114.7720   -20.6738
    76  786  544  -154.8257   114.7960   -20.6749
    77  785  544  -154.8181   114.8079   -20.6754
    78  784  544  -154.7977   114.8364   -20.6768
    79  783  545  -154.8035   114.8310   -20.6751
    80  784  545  -154.8017   114.8313   -20.6752
    81  783  546  -154.7892   114.8495   -20.6747
    82  782  546  -154.8121   114.8221   -20.6734
    83  781  546  -154.8068   114.8310   -20.6737
    84  780  546  -154.8275   114.8066   -20.6725
    85  779  546  -154.8360   114.7978   -20.6721
    86  778  547  -154.8212   114.8190   -20.6717
    87  777  547  -154.7967   114.8527   -20.6733
    88  776  547  -154.8069   114.8417   -20.6728
    89  779  547  -154.8243   114.8129   -20.6714
    90  775  548  -154.8318   114.8118   -20.6699
    91  776  548  -154.8212   114.8233   -20.6705
    92  774  549  -154.8217   114.8269   -20.6693
    93  773  549  -154.8295   114.8191   -20.6688
    94  772  549  -154.8366   114.8121   -20.6684
    95  771  549  -154.8325   114.8195   -20.6688
    96  770  549  -154.8358   114.8174   -20.6686
    97  769  549  -154.8334   114.8226   -20.6688
    98  768  549  -154.8231   114.8381   -20.6695
    99  767  550  -154.8248   114.8380   -20.6681
   100  766  550  -154.8213   114.8447   -20.6684
   101  768  550  -154.8442   114.8109   -20.6669
   102  765  551  -154.8727   114.7807   -20.6639
   103  764  551  -154.8565   114.8037   -20.6650
   104  763  551  -154.8451   114.8205   -20.6658
   105  762  551  -154.8448   114.8230   -20.6659
   106  766  551  -154.8370   114.8245   -20.6661
   107  762  552  -154.8613   114.8018   -20.6635
   108  761  552  -154.8550   114.8120   -20.6639
   109  760  552  -154.8599   114.8080   -20.6637
   110  759  552  -154.8432   114.8315   -20.6648
   111  758  552  -154.8322   114.8479   -20.6656
   112  757  552  -154.8563   114.8190   -20.6641
   113  756  552  -154.8475   114.8325   -20.6647
   114  755  552  -154.8731   114.8018   -20.6633
   115  753  553  -154.8762   114.8021   -20.6618
   116  754  553  -154.8908   114.7812   -20.6609
   117  752  554  -154.8669   114.8161   -20.6611
   118  751  554  -154.8437   114.8481   -20.6626
   119  753  554  -154.8869   114.7884   -20.6598
   120  750  555  -154.8546   114.8362   -20.6606
   121  749  555  -154.8413   114.8554   -20.6615
   122  751  555  -154.8374   114.8561   -20.6616

    1  679  488  -155.1805   114.5749   -20.7366
    2  678  488  -155.1810   114.5764   -20.7367
    3  680  488  -155.1861   114.5656   -20.7363
    4  677  489  -155.1843   114.5745   -20.7352
    5  676  489  -155.1992   114.5577   -20.7344
    6  675  489  -155.1970   114.5628   -20.7346
    7  674  489  -155.1931   114.5699   -20.7348
    8  673  489  -155.2000   114.5633   -20.7345
    9  672  489  -155.1877   114.5811   -20.7352
   10  671  489  -155.1969   114.5716   -20.7348
   11  671  490  -155.2009   114.5665   -20.7332
   12  670  490  -155.1820   114.5926   -20.7343
   13  669  490  -155.1554   114.6285   -20.7357
   14  668  490  -155.1703   114.6117   -20.7350
   15  667  490  -155.0784   114.7303   -20.7399
   16  666  490  -155.2495   114.5160   -20.7310
   17  665  490  -155.2706   114.4914   -20.7299
   18  664  490  -155.2691   114.4955   -20.7300
   19  663  490  -155.2958   114.4640   -20.7286
   20  662  490  -155.1662   114.6300   -20.7355
   21  661  490  -155.1821   114.6121   -20.7347
   22  660  490  -155.2481   114.5309   -20.7313
   23  659  490  -155.2131   114.5772   -20.7332
   24  658  490  -155.2481   114.5352   -20.7314
   25  657  490  -155.2156   114.5785   -20.7332
   26  656  490  -155.2551   114.5308   -20.7311
   27  656  491  -155.2503   114.5368   -20.7300
   28  655  491  -155.2641   114.5215   -20.7293
   29  654  491  -155.3407   114.4270   -20.7253
   30  653  491  -155.2984   114.4826   -20.7276
   31  652  491  -155.3029   114.4791   -20.7274
   32  651  492  -155.3464   114.4264   -20.7237
   33  650  492  -155.3250   114.4556   -20.7249
   34  649  492  -155.3711   114.3996   -20.7225
   35  652  492  -155.2746   114.5148   -20.7275
   36  649  493  -155.2943   114.4965   -20.7252
   37  648  493  -155.3264   114.4583   -20.7236
   40  640  493  -155.2529   114.5684   -20.7278
   41  641  493  -155.3274   114.4724   -20.7238
   42  642  493  -155.3902   114.3910   -20.7204
   43  643  493  -155.2791   114.5288   -20.7262
   44  644  493  -155.3617   114.4226   -20.7218
   46  639  494  -155.2687   114.5507   -20.7257
   47  640  494  -155.3364   114.4632   -20.7220
   48  638  495  -155.4198   114.3625   -20.7162
   49  637  495  -155.2503   114.5782   -20.7254
   50  639  495  -155.2171   114.6157   -20.7271
   51  636  496  -155.3413   114.4658   -20.7192
   52  635  496  -155.2591   114.5715   -20.7237
   53  637  496  -155.4263   114.3566   -20.7145
   54  635  497  -155.3492   114.4581   -20.7174
   55  634  497  -155.3973   114.3997   -20.7148
   56  633  497  -155.3927   114.4076   -20.7152
   57  632  497  -155.3820   114.4233   -20.7159
   58  631  497  -155.3636   114.4487   -20.7169
   59  630  497  -155.3525   114.4649   -20.7176
   60  629  498  -155.3110   114.5192   -20.7185
   61  628  498  -155.3118   114.5204   -20.7185
   62  627  498  -155.3250   114.5060   -20.7179
   63  630  498  -155.3271   114.4968   -20.7176
   64  626  499  -155.3066   114.5314   -20.7176
   65  625  499  -155.2910   114.5531   -20.7184
   66  624  499  -155.2948   114.5506   -20.7183
   67  623  499  -155.2940   114.5537   -20.7184
   68  622  500  -155.2822   114.5707   -20.7177
   69  621  500  -155.2832   114.5716   -20.7177
   70  620  500  -155.2906   114.5646   -20.7174
   71  623  500  -155.2642   114.5912   -20.7186
   72  619  501  -155.2791   114.5812   -20.7167
   73  618  501  -155.2679   114.5974   -20.7174
   74  617  501  -155.2714   114.5952   -20.7173
   75  620  501  -155.2815   114.5760   -20.7165
   76  617  502  -155.2692   114.5980   -20.7160
   77  616  502  -155.2713   114.5975   -20.7160
   78  615  502  -155.2784   114.5908   -20.7156
   79  614  502  -155.2909   114.5772   -20.7150
   80  613  502  -155.2847   114.5873   -20.7154
   81  612  502  -155.2880   114.5853   -20.7153
   82  611  502  -155.2867   114.5890   -20.7154
   83  609  503  -155.2885   114.5911   -20.7140
   84  610  503  -155.2834   114.5954   -20.7143
