; ENVI Output of ROIs (5.4) [Sat Aug 17 21:03:55 2019]
; Number of ROIs: 11
; File Dimension: 1328 x 1184
;
; ROI name: Region #1
; ROI rgb value: {255, 0, 0}
; ROI npts: 66
;
; ROI name: Region #2
; ROI rgb value: {0, 255, 0}
; ROI npts: 107
;
; ROI name: Region #3
; ROI rgb value: {0, 0, 255}
; ROI npts: 83
;
; ROI name: Region #4
; ROI rgb value: {255, 255, 0}
; ROI npts: 103
;
; ROI name: Region #5
; ROI rgb value: {0, 255, 255}
; ROI npts: 94
;
; ROI name: Region #6
; ROI rgb value: {255, 0, 255}
; ROI npts: 61
;
; ROI name: Region #7
; ROI rgb value: {176, 48, 96}
; ROI npts: 45
;
; ROI name: Region #8
; ROI rgb value: {46, 139, 87}
; ROI npts: 130
;
; ROI name: Region #9
; ROI rgb value: {160, 32, 240}
; ROI npts: 41
;
; ROI name: Region #10
; ROI rgb value: {255, 127, 80}
; ROI npts: 49
;
; ROI name: Region #11
; ROI rgb value: {127, 255, 212}
; ROI npts: 100
;  ID    X    Y      B1      B2      B3
    1   42  322  0.1215  0.1402  0.0043
    2   43  322  0.1214  0.1402  0.0043
    3   44  322  0.1214  0.1402  0.0043
    4   41  322  0.1215  0.1402  0.0043
    5   45  323  0.1213  0.1400  0.0043
    6   46  323  0.1214  0.1402  0.0043
    7   47  323  0.1213  0.1401  0.0043
    8   48  323  0.1211  0.1398  0.0043
    9   49  323  0.1209  0.1397  0.0043
   10   50  323  0.1210  0.1398  0.0043
   11   52  324  0.1208  0.1396  0.0043
   12   53  324  0.1209  0.1397  0.0043
   13   54  324  0.1209  0.1397  0.0043
   14   55  324  0.1212  0.1401  0.0044
   15   56  324  0.1211  0.1401  0.0044
   16   51  324  0.1209  0.1397  0.0043
   17   57  325  0.1214  0.1404  0.0044
   18   58  325  0.1213  0.1404  0.0044
   19   59  325  0.1211  0.1401  0.0044
   20   60  325  0.1213  0.1404  0.0044
   21   61  325  0.1209  0.1400  0.0044
   22   62  325  0.1213  0.1404  0.0044
   23   63  325  0.1204  0.1394  0.0043
   24   64  325  0.1201  0.1391  0.0043
   25   65  325  0.1204  0.1394  0.0043
   26   66  325  0.1203  0.1393  0.0043
   27   67  325  0.1199  0.1389  0.0043
   28   68  325  0.1206  0.1397  0.0043
   29   69  325  0.1207  0.1399  0.0044
   30   70  325  0.1201  0.1391  0.0043
   31   71  325  0.1207  0.1399  0.0044
   32   72  325  0.1205  0.1397  0.0043
   33   73  325  0.1202  0.1394  0.0043
   34   74  325  0.1206  0.1398  0.0043
   35   75  325  0.1206  0.1399  0.0044
   36   76  325  0.1208  0.1401  0.0044
   37   78  326  0.1211  0.1405  0.0044
   38   79  326  0.1212  0.1406  0.0044
   39   80  326  0.1210  0.1404  0.0044
   40   77  326  0.1213  0.1407  0.0044
   41   81  327  0.1206  0.1400  0.0044
   42   82  327  0.1207  0.1401  0.0044
   43   83  327  0.1202  0.1396  0.0044
   44   84  327  0.1208  0.1403  0.0044
   45   85  327  0.1207  0.1402  0.0044
   46   87  328  0.1209  0.1405  0.0044
   47   88  328  0.1208  0.1404  0.0044
   48   89  328  0.1267  0.1473  0.0046
   49   86  328  0.1205  0.1400  0.0044
   50   90  329  0.1204  0.1400  0.0044
   51   91  329  0.1212  0.1408  0.0044
   52   92  329  0.1211  0.1408  0.0044
   53   93  329  0.1206  0.1402  0.0044
   54   94  329  0.1206  0.1402  0.0044
   55   95  329  0.1206  0.1403  0.0044
   56   96  329  0.1203  0.1400  0.0044
   57   97  329  0.1203  0.1400  0.0044
   58   98  329  0.1202  0.1398  0.0044
   59   99  329  0.1206  0.1403  0.0044
   60  100  329  0.1205  0.1402  0.0044
   61  101  329  0.1203  0.1400  0.0044
   62  102  329  0.1203  0.1401  0.0044
   63  103  329  0.1203  0.1401  0.0044
   64  104  329  0.1204  0.1403  0.0044
   65  106  330  0.1204  0.1403  0.0044
   66  105  330  0.1205  0.1404  0.0044

     1   54  308  0.1221  0.1411  0.0042
     2   55  308  0.1219  0.1409  0.0042
     3   56  308  0.1221  0.1412  0.0042
     4   57  308  0.1222  0.1413  0.0042
     5   58  308  0.1219  0.1410  0.0042
     6   59  308  0.1217  0.1408  0.0042
     7   60  308  0.1220  0.1412  0.0042
     8   61  308  0.1219  0.1411  0.0042
     9   62  308  0.1221  0.1413  0.0042
    10   63  308  0.1221  0.1413  0.0042
    11   64  308  0.1220  0.1412  0.0042
    12   65  308  0.1219  0.1412  0.0042
    13   66  308  0.1220  0.1413  0.0042
    14   67  308  0.1218  0.1410  0.0042
    15   70  308  0.1215  0.1408  0.0042
    16   69  308  0.1213  0.1406  0.0042
    17   71  308  0.1216  0.1409  0.0042
    18   68  308  0.1214  0.1406  0.0042
    19   53  308  0.1224  0.1415  0.0042
    20   45  308  0.1227  0.1417  0.0042
    21   46  308  0.1223  0.1413  0.0042
    22   47  308  0.1225  0.1415  0.0042
    23   48  308  0.1223  0.1412  0.0042
    24   49  308  0.1221  0.1410  0.0042
    25   50  308  0.1223  0.1413  0.0042
    26   51  308  0.1223  0.1413  0.0042
    27   52  308  0.1225  0.1415  0.0042
    28   43  309  0.1230  0.1419  0.0042
    29   41  309  0.1230  0.1420  0.0042
    30   40  309  0.1231  0.1420  0.0042
    31   42  309  0.1232  0.1422  0.0042
    32   44  309  0.1228  0.1417  0.0042
    33   72  309  0.1214  0.1407  0.0042
    34   73  309  0.1217  0.1411  0.0042
    35   74  309  0.1222  0.1417  0.0042
    36   75  309  0.1225  0.1420  0.0042
    37   76  309  0.1185  0.1375  0.0041
    38   77  309  0.1196  0.1388  0.0041
    39   78  309  0.1204  0.1397  0.0041
    40   79  309  0.1210  0.1404  0.0042
    41   80  309  0.1225  0.1422  0.0042
    42   85  310  0.1220  0.1417  0.0042
    43   81  310  0.1232  0.1430  0.0042
    44   37  310  0.1225  0.1412  0.0042
    45   38  310  0.1226  0.1414  0.0042
    46   82  310  0.1229  0.1426  0.0042
    47   83  310  0.1213  0.1408  0.0042
    48   39  310  0.1227  0.1416  0.0042
    49   84  310  0.1214  0.1410  0.0042
    50   87  311  0.1184  0.1376  0.0041
    51   36  311  0.1228  0.1416  0.0042
    52   34  311  0.1227  0.1414  0.0042
    53   86  311  0.1181  0.1372  0.0041
    54   33  311  0.1226  0.1413  0.0042
    55   32  311  0.1221  0.1407  0.0042
    56   35  311  0.1228  0.1416  0.0042
    57   31  311  0.1221  0.1407  0.0042
    58   30  311  0.1223  0.1409  0.0042
    59   98  312  0.1207  0.1405  0.0042
    60   29  312  0.1220  0.1404  0.0042
    61   93  312  0.1215  0.1412  0.0042
    62   97  312  0.1206  0.1403  0.0042
    63   96  312  0.1207  0.1405  0.0042
    64   94  312  0.1214  0.1412  0.0042
    65   28  312  0.1220  0.1404  0.0042
    66   92  312  0.1208  0.1404  0.0042
    67   88  312  0.1199  0.1394  0.0042
    68   89  312  0.1206  0.1402  0.0042
    69   90  312  0.1205  0.1401  0.0042
    70   95  312  0.1211  0.1408  0.0042
    71   91  312  0.1203  0.1398  0.0042
    72  103  313  0.1208  0.1407  0.0042
    73  102  313  0.1204  0.1401  0.0042
    74  101  313  0.1212  0.1410  0.0042
    75   99  313  0.1207  0.1405  0.0042
    76   26  313  0.1223  0.1407  0.0042
    77   27  313  0.1219  0.1404  0.0042
    78  100  313  0.1207  0.1406  0.0042
    79  104  313  0.1206  0.1404  0.0042
    80  106  314  0.1207  0.1406  0.0042
    81  107  314  0.1201  0.1400  0.0042
    82  108  314  0.1196  0.1395  0.0042
    83  105  314  0.1206  0.1405  0.0042
    84  109  315  0.1197  0.1395  0.0042
    85  110  315  0.1199  0.1398  0.0042
    86  111  315  0.1197  0.1396  0.0042
    87  112  315  0.1195  0.1394  0.0042
    88  113  315  0.1195  0.1394  0.0042
    89  115  316  0.1195  0.1394  0.0042
    90  116  316  0.1192  0.1391  0.0042
    91  117  316  0.1197  0.1397  0.0042
    92  114  316  0.1196  0.1395  0.0042
    93  118  317  0.1190  0.1390  0.0042
    94  119  317  0.1197  0.1398  0.0042
    95  120  317  0.1205  0.1407  0.0043
    96  121  317  0.1195  0.1395  0.0042
    97  122  317  0.1200  0.1402  0.0042
    98  123  317  0.1208  0.1411  0.0043
    99  124  317  0.1211  0.1414  0.0043
   100  125  317  0.1207  0.1410  0.0043
   101  127  318  0.1208  0.1412  0.0043
   102  128  318  0.1204  0.1407  0.0043
   103  129  318  0.1204  0.1408  0.0043
   104  130  318  0.1202  0.1405  0.0043
   105  131  318  0.1203  0.1407  0.0043
   106  132  318  0.1202  0.1406  0.0043
   107  126  318  0.1206  0.1409  0.0043

    1   55  295  0.1234  0.1427  0.0040
    2   56  295  0.1229  0.1422  0.0040
    3   57  295  0.1226  0.1418  0.0040
    4   58  295  0.1219  0.1410  0.0040
    5   59  295  0.1214  0.1405  0.0040
    6   60  295  0.1211  0.1402  0.0040
    7   61  295  0.1214  0.1405  0.0040
    8   62  295  0.1213  0.1404  0.0040
    9   63  295  0.1215  0.1407  0.0040
   10   64  295  0.1213  0.1404  0.0040
   11   65  295  0.1216  0.1408  0.0040
   12   66  296  0.1215  0.1407  0.0040
   13   67  296  0.1217  0.1409  0.0040
   14   68  296  0.1215  0.1408  0.0040
   15   69  296  0.1214  0.1407  0.0040
   16   70  296  0.1215  0.1408  0.0040
   17   71  296  0.1215  0.1408  0.0040
   18   73  297  0.1214  0.1407  0.0040
   19   72  297  0.1215  0.1409  0.0040
   20   75  298  0.1214  0.1408  0.0040
   21   76  298  0.1215  0.1409  0.0040
   22   77  298  0.1218  0.1413  0.0041
   23   78  298  0.1210  0.1404  0.0040
   24   74  298  0.1218  0.1412  0.0041
   25   79  299  0.1211  0.1405  0.0040
   26   80  299  0.1212  0.1406  0.0040
   27   81  299  0.1214  0.1409  0.0041
   28   82  299  0.1214  0.1410  0.0041
   29   83  299  0.1215  0.1410  0.0041
   30   84  299  0.1215  0.1411  0.0041
   31   85  299  0.1216  0.1413  0.0041
   32   86  299  0.1216  0.1413  0.0041
   33   87  299  0.1215  0.1412  0.0041
   34   88  299  0.1216  0.1413  0.0041
   35   89  299  0.1215  0.1412  0.0041
   36  102  299  0.1218  0.1418  0.0041
   37  101  299  0.1206  0.1404  0.0040
   38  100  299  0.1216  0.1415  0.0041
   39   99  299  0.1213  0.1412  0.0040
   40   98  299  0.1216  0.1415  0.0041
   41   97  299  0.1215  0.1414  0.0040
   42   96  299  0.1215  0.1413  0.0040
   43   95  299  0.1216  0.1415  0.0041
   44   94  299  0.1217  0.1415  0.0041
   45   93  299  0.1222  0.1421  0.0041
   46   92  299  0.1220  0.1418  0.0041
   47   91  299  0.1217  0.1415  0.0041
   48   90  299  0.1222  0.1420  0.0041
   49  104  300  0.1207  0.1406  0.0040
   50  105  300  0.1214  0.1414  0.0041
   51  106  300  0.1218  0.1419  0.0041
   52  107  300  0.1213  0.1413  0.0041
   53  108  300  0.1217  0.1418  0.0041
   54  103  300  0.1220  0.1421  0.0041
   55  109  301  0.1213  0.1414  0.0041
   56  110  301  0.1208  0.1408  0.0041
   57  111  301  0.1211  0.1412  0.0041
   58  112  301  0.1217  0.1420  0.0041
   59  113  301  0.1214  0.1416  0.0041
   60  114  301  0.1212  0.1414  0.0041
   61  115  301  0.1211  0.1413  0.0041
   62  116  301  0.1216  0.1419  0.0041
   63  117  301  0.1221  0.1424  0.0041
   64  118  301  0.1221  0.1426  0.0041
   65  119  301  0.1222  0.1427  0.0041
   66  120  301  0.1224  0.1429  0.0041
   67  121  301  0.1219  0.1423  0.0041
   68  122  301  0.1224  0.1430  0.0041
   69  123  301  0.1221  0.1426  0.0041
   70  124  301  0.1221  0.1427  0.0041
   71  125  301  0.1220  0.1426  0.0041
   72  126  301  0.1222  0.1428  0.0041
   73  127  301  0.1220  0.1426  0.0041
   74  128  301  0.1221  0.1428  0.0041
   75  129  301  0.1219  0.1425  0.0041
   76  130  301  0.1219  0.1425  0.0041
   77  131  301  0.1218  0.1424  0.0041
   78  132  301  0.1220  0.1427  0.0041
   79  133  301  0.1217  0.1423  0.0041
   80  134  301  0.1220  0.1428  0.0041
   81  135  301  0.1218  0.1425  0.0041
   82  136  301  0.1216  0.1423  0.0041
   83  137  301  0.1218  0.1426  0.0041

     1   58  283  0.1226  0.1418  0.0039
     2   64  283  0.1223  0.1416  0.0039
     3   63  283  0.1225  0.1418  0.0039
     4   62  283  0.1223  0.1416  0.0039
     5   61  283  0.1227  0.1420  0.0039
     6   60  283  0.1223  0.1415  0.0039
     7   59  283  0.1226  0.1419  0.0039
     8   57  283  0.1229  0.1422  0.0039
     9   56  283  0.1229  0.1422  0.0039
    10   48  283  0.1236  0.1427  0.0039
    11   49  283  0.1236  0.1428  0.0039
    12   50  283  0.1234  0.1426  0.0039
    13   51  283  0.1235  0.1427  0.0039
    14   52  283  0.1233  0.1425  0.0039
    15   53  283  0.1231  0.1423  0.0039
    16   54  283  0.1230  0.1422  0.0039
    17   55  283  0.1233  0.1426  0.0039
    18   65  283  0.1222  0.1415  0.0039
    19   46  284  0.1238  0.1429  0.0039
    20   76  284  0.1213  0.1407  0.0039
    21   45  284  0.1237  0.1428  0.0039
    22   44  284  0.1236  0.1427  0.0039
    23   43  284  0.1233  0.1424  0.0039
    24   42  284  0.1234  0.1424  0.0039
    25   74  284  0.1218  0.1413  0.0039
    26   75  284  0.1218  0.1413  0.0039
    27   47  284  0.1238  0.1430  0.0039
    28   66  284  0.1222  0.1416  0.0039
    29   67  284  0.1224  0.1417  0.0039
    30   68  284  0.1223  0.1416  0.0039
    31   69  284  0.1218  0.1412  0.0039
    32   70  284  0.1220  0.1413  0.0039
    33   71  284  0.1219  0.1412  0.0039
    34   72  284  0.1219  0.1413  0.0039
    35   73  284  0.1219  0.1413  0.0039
    36   40  285  0.1233  0.1422  0.0039
    37   39  285  0.1236  0.1426  0.0039
    38   41  285  0.1233  0.1423  0.0039
    39   77  285  0.1217  0.1411  0.0039
    40   78  285  0.1216  0.1411  0.0039
    41   79  285  0.1220  0.1415  0.0039
    42   80  285  0.1217  0.1412  0.0039
    43   81  285  0.1220  0.1415  0.0039
    44   82  285  0.1219  0.1415  0.0039
    45   83  285  0.1219  0.1416  0.0039
    46   84  285  0.1221  0.1418  0.0039
    47   85  285  0.1219  0.1416  0.0039
    48   86  285  0.1220  0.1417  0.0039
    49   87  285  0.1221  0.1418  0.0039
    50   88  285  0.1222  0.1420  0.0039
    51   89  285  0.1222  0.1420  0.0039
    52   90  285  0.1219  0.1417  0.0039
    53   91  285  0.1223  0.1421  0.0039
    54   92  285  0.1224  0.1423  0.0039
    55   93  285  0.1222  0.1421  0.0039
    56   94  285  0.1220  0.1419  0.0039
    57   95  285  0.1219  0.1418  0.0039
    58   96  285  0.1221  0.1421  0.0039
    59   97  285  0.1223  0.1423  0.0039
    60   98  285  0.1224  0.1425  0.0039
    61   99  285  0.1224  0.1424  0.0039
    62  100  285  0.1222  0.1423  0.0039
    63  101  285  0.1223  0.1423  0.0039
    64  102  286  0.1220  0.1420  0.0039
    65  103  286  0.1221  0.1422  0.0039
    66  104  286  0.1221  0.1423  0.0039
    67  105  286  0.1223  0.1424  0.0039
    68  106  286  0.1221  0.1423  0.0039
    69  107  286  0.1222  0.1424  0.0039
    70  108  286  0.1220  0.1422  0.0039
    71  109  286  0.1222  0.1425  0.0039
    72  110  286  0.1222  0.1424  0.0039
    73  111  286  0.1224  0.1428  0.0039
    74  112  286  0.1225  0.1429  0.0039
    75  113  286  0.1225  0.1428  0.0039
    76  114  286  0.1221  0.1424  0.0039
    77  115  286  0.1223  0.1427  0.0039
    78  116  287  0.1223  0.1427  0.0039
    79  117  287  0.1216  0.1419  0.0039
    80  118  287  0.1212  0.1415  0.0039
    81  119  287  0.1211  0.1413  0.0039
    82  120  287  0.1209  0.1412  0.0039
    83  121  287  0.1210  0.1412  0.0039
    84  122  287  0.1209  0.1412  0.0039
    85  123  287  0.1211  0.1414  0.0039
    86  124  287  0.1212  0.1416  0.0039
    87  125  287  0.1217  0.1422  0.0039
    88  126  287  0.1224  0.1430  0.0039
    89  127  287  0.1227  0.1434  0.0039
    90  128  287  0.1229  0.1436  0.0040
    91  129  288  0.1232  0.1441  0.0040
    92  130  288  0.1227  0.1434  0.0040
    93  131  288  0.1229  0.1438  0.0040
    94  132  288  0.1224  0.1432  0.0040
    95  133  288  0.1219  0.1426  0.0039
    96  134  288  0.1214  0.1420  0.0039
    97  135  288  0.1218  0.1425  0.0039
    98  136  288  0.1215  0.1422  0.0039
    99  137  288  0.1217  0.1425  0.0039
   100  138  288  0.1217  0.1425  0.0039
   101  139  288  0.1216  0.1424  0.0039
   102  140  288  0.1218  0.1426  0.0039
   103  141  288  0.1215  0.1423  0.0039

    1  205  347  0.1171  0.1384  0.0046
    2  206  347  0.1169  0.1382  0.0046
    3  207  347  0.1167  0.1380  0.0046
    4  208  347  0.1166  0.1379  0.0046
    5  209  347  0.1167  0.1381  0.0046
    6  210  347  0.1165  0.1379  0.0046
    7  211  347  0.1164  0.1378  0.0046
    8  212  347  0.1165  0.1379  0.0046
    9  213  347  0.1166  0.1381  0.0046
   10  214  347  0.1161  0.1375  0.0045
   11  215  347  0.1164  0.1378  0.0046
   12  216  347  0.1161  0.1375  0.0045
   13  217  347  0.1161  0.1376  0.0045
   14  218  347  0.1162  0.1376  0.0045
   15  219  347  0.1159  0.1374  0.0045
   16  220  347  0.1160  0.1375  0.0045
   17  221  347  0.1160  0.1374  0.0045
   18  223  348  0.1158  0.1373  0.0045
   19  224  348  0.1157  0.1372  0.0045
   20  225  348  0.1156  0.1371  0.0045
   21  226  348  0.1156  0.1372  0.0045
   22  227  348  0.1157  0.1373  0.0045
   23  228  348  0.1158  0.1374  0.0045
   24  222  348  0.1158  0.1373  0.0045
   25  229  349  0.1157  0.1373  0.0046
   26  230  349  0.1156  0.1373  0.0046
   27  231  349  0.1158  0.1374  0.0046
   28  232  349  0.1158  0.1375  0.0046
   29  233  349  0.1159  0.1377  0.0046
   30  234  349  0.1160  0.1377  0.0046
   31  235  349  0.1161  0.1379  0.0046
   32  236  349  0.1159  0.1377  0.0046
   33  237  349  0.1161  0.1380  0.0046
   34  238  350  0.1162  0.1380  0.0046
   35  239  350  0.1165  0.1385  0.0046
   36  240  350  0.1161  0.1380  0.0046
   37  241  350  0.1161  0.1380  0.0046
   38  242  350  0.1163  0.1384  0.0046
   39  243  350  0.1163  0.1383  0.0046
   40  244  350  0.1161  0.1381  0.0046
   41  245  350  0.1163  0.1383  0.0046
   42  246  350  0.1159  0.1379  0.0046
   43  247  350  0.1163  0.1384  0.0046
   44  248  350  0.1159  0.1380  0.0046
   45  249  350  0.1161  0.1382  0.0046
   46  250  350  0.1161  0.1382  0.0046
   47  251  350  0.1161  0.1383  0.0046
   48  252  350  0.1165  0.1388  0.0046
   49  253  350  0.1163  0.1385  0.0046
   50  254  350  0.1163  0.1386  0.0046
   51  255  350  0.1162  0.1385  0.0046
   52  256  350  0.1161  0.1383  0.0046
   53  258  351  0.1163  0.1386  0.0046
   54  259  351  0.1160  0.1383  0.0046
   55  260  351  0.1161  0.1385  0.0046
   56  261  351  0.1159  0.1382  0.0046
   57  262  351  0.1161  0.1384  0.0046
   58  257  351  0.1160  0.1382  0.0046
   59  263  352  0.1162  0.1386  0.0046
   60  264  352  0.1159  0.1383  0.0046
   61  265  352  0.1160  0.1384  0.0046
   62  266  352  0.1159  0.1383  0.0046
   63  267  352  0.1158  0.1382  0.0046
   64  268  352  0.1161  0.1386  0.0046
   65  270  353  0.1163  0.1389  0.0046
   66  271  353  0.1161  0.1387  0.0046
   67  272  353  0.1161  0.1386  0.0046
   68  273  353  0.1155  0.1380  0.0046
   69  274  353  0.1157  0.1383  0.0046
   70  269  353  0.1161  0.1387  0.0046
   71  275  354  0.1160  0.1386  0.0047
   72  276  354  0.1157  0.1383  0.0046
   73  277  354  0.1156  0.1382  0.0046
   74  278  354  0.1155  0.1380  0.0046
   75  279  354  0.1153  0.1379  0.0046
   76  280  354  0.1152  0.1378  0.0046
   77  281  354  0.1152  0.1378  0.0046
   78  283  355  0.1153  0.1380  0.0046
   79  284  355  0.1152  0.1379  0.0046
   80  285  355  0.1152  0.1379  0.0046
   81  286  355  0.1151  0.1378  0.0046
   82  287  355  0.1151  0.1378  0.0046
   83  288  355  0.1149  0.1376  0.0046
   84  282  355  0.1151  0.1377  0.0046
   85  289  356  0.1147  0.1374  0.0046
   86  290  356  0.1147  0.1374  0.0046
   87  291  356  0.1146  0.1373  0.0046
   88  292  356  0.1147  0.1374  0.0046
   89  293  356  0.1148  0.1375  0.0046
   90  294  356  0.1146  0.1374  0.0046
   91  296  357  0.1146  0.1374  0.0046
   92  297  357  0.1146  0.1374  0.0046
   93  298  357  0.1146  0.1374  0.0046
   94  295  357  0.1145  0.1373  0.0046

    1  197  361  0.1171  0.1383  0.0047
    2  198  361  0.1172  0.1384  0.0047
    3  199  361  0.1170  0.1382  0.0047
    4  200  361  0.1169  0.1382  0.0047
    5  201  361  0.1170  0.1383  0.0047
    6  202  361  0.1169  0.1381  0.0047
    7  203  361  0.1170  0.1383  0.0047
    8  204  361  0.1172  0.1386  0.0047
    9  205  361  0.1168  0.1381  0.0047
   10  206  361  0.1166  0.1379  0.0047
   11  207  361  0.1165  0.1378  0.0047
   12  208  361  0.1164  0.1377  0.0047
   13  209  361  0.1165  0.1378  0.0047
   14  210  361  0.1162  0.1375  0.0047
   15  211  361  0.1160  0.1373  0.0047
   16  212  361  0.1160  0.1373  0.0047
   17  213  361  0.1161  0.1375  0.0047
   18  214  361  0.1163  0.1377  0.0047
   19  215  361  0.1161  0.1375  0.0047
   20  216  361  0.1161  0.1376  0.0047
   21  217  361  0.1161  0.1376  0.0047
   22  218  361  0.1162  0.1377  0.0047
   23  219  362  0.1163  0.1378  0.0047
   24  220  362  0.1162  0.1377  0.0047
   25  221  362  0.1161  0.1376  0.0047
   26  222  362  0.1162  0.1378  0.0047
   27  223  362  0.1162  0.1378  0.0047
   28  224  362  0.1163  0.1379  0.0047
   29  225  362  0.1163  0.1380  0.0047
   30  226  362  0.1161  0.1377  0.0047
   31  227  362  0.1161  0.1378  0.0047
   32  228  362  0.1159  0.1376  0.0047
   33  229  362  0.1160  0.1377  0.0047
   34  230  363  0.1159  0.1376  0.0047
   35  231  363  0.1159  0.1375  0.0047
   36  232  363  0.1156  0.1373  0.0047
   37  233  363  0.1156  0.1373  0.0047
   38  234  363  0.1156  0.1373  0.0047
   39  235  363  0.1157  0.1374  0.0047
   40  236  363  0.1157  0.1374  0.0047
   41  237  363  0.1159  0.1377  0.0047
   42  238  363  0.1155  0.1373  0.0047
   43  239  363  0.1157  0.1375  0.0047
   44  240  364  0.1157  0.1375  0.0047
   45  241  364  0.1156  0.1374  0.0047
   46  242  364  0.1158  0.1377  0.0047
   47  243  364  0.1164  0.1384  0.0048
   48  244  364  0.1159  0.1379  0.0048
   49  245  364  0.1159  0.1378  0.0048
   50  246  364  0.1163  0.1384  0.0048
   51  247  364  0.1161  0.1382  0.0048
   52  248  365  0.1165  0.1386  0.0048
   53  249  365  0.1160  0.1380  0.0048
   54  250  365  0.1158  0.1379  0.0048
   55  251  365  0.1162  0.1384  0.0048
   56  252  365  0.1153  0.1373  0.0047
   57  253  365  0.1155  0.1376  0.0048
   58  255  366  0.1161  0.1384  0.0048
   59  256  366  0.1160  0.1383  0.0048
   60  257  366  0.1155  0.1376  0.0048
   61  254  366  0.1160  0.1382  0.0048

    1  239  295  0.1197  0.1423  0.0040
    2  240  295  0.1197  0.1423  0.0040
    3  241  295  0.1197  0.1423  0.0040
    4  242  295  0.1197  0.1423  0.0040
    5  243  295  0.1196  0.1423  0.0040
    6  244  295  0.1197  0.1424  0.0040
    7  245  295  0.1199  0.1427  0.0040
    8  246  295  0.1200  0.1428  0.0040
    9  247  295  0.1203  0.1431  0.0040
   10  248  295  0.1196  0.1424  0.0040
   11  249  295  0.1198  0.1426  0.0040
   12  250  295  0.1198  0.1427  0.0040
   13  251  295  0.1197  0.1425  0.0040
   14  252  295  0.1198  0.1426  0.0040
   15  253  295  0.1199  0.1428  0.0040
   16  254  295  0.1200  0.1429  0.0040
   17  255  295  0.1200  0.1429  0.0040
   18  256  295  0.1200  0.1430  0.0040
   19  257  295  0.1200  0.1431  0.0040
   20  258  295  0.1200  0.1431  0.0040
   21  259  295  0.1200  0.1430  0.0040
   22  282  295  0.1189  0.1423  0.0040
   23  283  295  0.1188  0.1421  0.0040
   24  281  295  0.1191  0.1425  0.0040
   25  280  295  0.1191  0.1424  0.0040
   26  279  295  0.1191  0.1425  0.0040
   27  278  295  0.1190  0.1423  0.0040
   28  277  295  0.1191  0.1423  0.0040
   29  276  295  0.1192  0.1425  0.0040
   30  275  295  0.1191  0.1423  0.0040
   31  274  295  0.1191  0.1422  0.0040
   32  273  295  0.1190  0.1421  0.0040
   33  272  295  0.1189  0.1420  0.0040
   34  271  296  0.1190  0.1421  0.0040
   35  270  296  0.1190  0.1422  0.0040
   36  269  296  0.1191  0.1422  0.0040
   37  268  296  0.1191  0.1422  0.0040
   38  267  296  0.1192  0.1423  0.0040
   39  266  296  0.1194  0.1424  0.0040
   40  265  296  0.1192  0.1423  0.0040
   41  264  296  0.1194  0.1425  0.0040
   42  263  296  0.1196  0.1426  0.0040
   43  262  296  0.1194  0.1424  0.0040
   44  260  296  0.1194  0.1424  0.0040
   45  261  296  0.1194  0.1424  0.0040

     1  439  259  0.1180  0.1446  0.0035
     2  438  259  0.1179  0.1444  0.0035
     3  437  259  0.1177  0.1442  0.0035
     4  436  259  0.1180  0.1445  0.0036
     5  435  259  0.1184  0.1450  0.0036
     6  434  259  0.1184  0.1450  0.0036
     7  433  259  0.1187  0.1453  0.0036
     8  432  259  0.1191  0.1457  0.0036
     9  431  259  0.1185  0.1450  0.0036
    10  430  259  0.1189  0.1455  0.0036
    11  429  260  0.1182  0.1446  0.0036
    12  428  260  0.1186  0.1451  0.0036
    13  427  260  0.1186  0.1450  0.0036
    14  426  260  0.1189  0.1454  0.0036
    15  425  260  0.1190  0.1455  0.0036
    16  424  260  0.1190  0.1455  0.0036
    17  423  260  0.1189  0.1453  0.0036
    18  422  260  0.1187  0.1451  0.0036
    19  421  260  0.1186  0.1450  0.0036
    20  420  260  0.1184  0.1447  0.0036
    21  419  260  0.1188  0.1451  0.0036
    22  418  260  0.1185  0.1447  0.0036
    23  417  260  0.1188  0.1450  0.0036
    24  416  260  0.1186  0.1448  0.0036
    25  415  260  0.1185  0.1447  0.0036
    26  414  260  0.1186  0.1448  0.0036
    27  413  260  0.1187  0.1449  0.0036
    28  412  260  0.1185  0.1446  0.0036
    29  411  260  0.1183  0.1443  0.0036
    30  410  260  0.1182  0.1442  0.0036
    31  409  260  0.1181  0.1440  0.0036
    32  408  260  0.1181  0.1440  0.0036
    33  407  260  0.1183  0.1442  0.0036
    34  406  260  0.1182  0.1441  0.0036
    35  405  260  0.1185  0.1444  0.0036
    36  404  260  0.1184  0.1443  0.0036
    37  403  260  0.1182  0.1440  0.0036
    38  402  260  0.1182  0.1440  0.0036
    39  401  260  0.1182  0.1440  0.0036
    40  400  260  0.1184  0.1442  0.0036
    41  399  260  0.1186  0.1444  0.0036
    42  398  260  0.1188  0.1447  0.0036
    43  397  260  0.1188  0.1446  0.0036
    44  396  260  0.1189  0.1448  0.0036
    45  395  260  0.1191  0.1449  0.0036
    46  394  260  0.1191  0.1449  0.0036
    47  393  260  0.1191  0.1449  0.0036
    48  392  260  0.1190  0.1448  0.0036
    49  391  260  0.1189  0.1447  0.0036
    50  390  260  0.1189  0.1446  0.0036
    51  389  260  0.1189  0.1446  0.0036
    52  388  260  0.1191  0.1447  0.0036
    53  387  260  0.1191  0.1447  0.0036
    54  386  260  0.1190  0.1447  0.0036
    55  384  261  0.1193  0.1450  0.0036
    56  383  261  0.1192  0.1448  0.0036
    57  382  261  0.1194  0.1450  0.0036
    58  381  261  0.1193  0.1449  0.0036
    59  380  261  0.1191  0.1446  0.0036
    60  379  261  0.1190  0.1445  0.0036
    61  378  261  0.1188  0.1442  0.0036
    62  385  261  0.1190  0.1446  0.0036
    63  377  262  0.1186  0.1440  0.0036
    64  376  262  0.1184  0.1437  0.0036
    65  375  262  0.1185  0.1437  0.0036
    66  374  262  0.1183  0.1435  0.0036
    67  373  262  0.1181  0.1433  0.0036
    68  372  262  0.1182  0.1433  0.0036
    69  371  262  0.1182  0.1433  0.0036
    70  370  262  0.1178  0.1429  0.0036
    71  369  262  0.1182  0.1432  0.0036
    72  368  262  0.1181  0.1432  0.0036
    73  367  262  0.1186  0.1437  0.0036
    74  366  262  0.1182  0.1432  0.0036
    75  365  262  0.1184  0.1434  0.0036
    76  364  262  0.1186  0.1436  0.0036
    77  363  262  0.1184  0.1434  0.0036
    78  362  262  0.1186  0.1437  0.0036
    79  361  262  0.1187  0.1437  0.0036
    80  360  262  0.1189  0.1440  0.0036
    81  359  262  0.1190  0.1441  0.0036
    82  358  262  0.1194  0.1444  0.0036
    83  357  262  0.1197  0.1448  0.0036
    84  356  262  0.1193  0.1444  0.0036
    85  355  262  0.1192  0.1442  0.0036
    86  354  262  0.1186  0.1434  0.0036
    87  353  262  0.1183  0.1431  0.0036
    88  352  262  0.1187  0.1435  0.0036
    89  351  262  0.1185  0.1433  0.0036
    90  350  262  0.1192  0.1441  0.0036
    91  349  262  0.1203  0.1454  0.0036
    92  348  262  0.1203  0.1453  0.0036
    93  347  262  0.1195  0.1444  0.0036
    94  346  262  0.1202  0.1452  0.0036
    95  345  262  0.1200  0.1449  0.0036
    96  344  262  0.1194  0.1442  0.0036
    97  343  262  0.1195  0.1443  0.0036
    98  342  262  0.1195  0.1442  0.0036
    99  341  262  0.1192  0.1439  0.0036
   100  340  262  0.1195  0.1443  0.0036
   101  339  262  0.1198  0.1446  0.0036
   102  338  262  0.1199  0.1446  0.0036
   103  337  262  0.1196  0.1443  0.0036
   104  336  262  0.1196  0.1443  0.0036
   105  335  262  0.1197  0.1443  0.0036
   106  334  262  0.1195  0.1441  0.0036
   107  333  262  0.1193  0.1439  0.0036
   108  332  262  0.1191  0.1435  0.0036
   109  331  262  0.1190  0.1434  0.0036
   110  330  262  0.1195  0.1440  0.0036
   111  329  262  0.1186  0.1429  0.0036
   112  328  262  0.1186  0.1429  0.0036
   113  327  262  0.1190  0.1433  0.0036
   114  326  262  0.1188  0.1431  0.0036
   115  325  262  0.1187  0.1430  0.0036
   116  324  262  0.1189  0.1432  0.0036
   117  323  262  0.1188  0.1430  0.0036
   118  322  262  0.1190  0.1432  0.0036
   119  321  262  0.1191  0.1434  0.0036
   120  320  262  0.1191  0.1433  0.0036
   121  319  262  0.1192  0.1434  0.0036
   122  318  262  0.1192  0.1434  0.0036
   123  316  263  0.1194  0.1435  0.0036
   124  315  263  0.1193  0.1435  0.0036
   125  314  263  0.1193  0.1435  0.0036
   126  313  263  0.1195  0.1436  0.0036
   127  312  263  0.1195  0.1436  0.0036
   128  311  263  0.1194  0.1434  0.0036
   129  310  263  0.1194  0.1435  0.0036
   130  317  263  0.1193  0.1435  0.0036

    1  779  77  0.1265  0.1632  0.0013
    2  778  77  0.1265  0.1631  0.0013
    3  777  77  0.1263  0.1629  0.0013
    4  776  77  0.1264  0.1630  0.0013
    5  775  77  0.1263  0.1629  0.0013
    6  780  77  0.1263  0.1630  0.0013
    7  774  78  0.1261  0.1626  0.0013
    8  773  78  0.1266  0.1632  0.0013
    9  772  78  0.1268  0.1634  0.0013
   10  771  78  0.1269  0.1636  0.0013
   11  770  78  0.1269  0.1636  0.0013
   12  769  78  0.1268  0.1634  0.0013
   13  768  78  0.1269  0.1634  0.0013
   14  767  78  0.1267  0.1632  0.0013
   15  766  78  0.1267  0.1631  0.0013
   16  765  79  0.1266  0.1630  0.0013
   17  764  79  0.1265  0.1628  0.0013
   18  763  79  0.1265  0.1628  0.0013
   19  762  79  0.1265  0.1628  0.0013
   20  761  79  0.1269  0.1633  0.0013
   21  760  79  0.1262  0.1624  0.0013
   22  759  80  0.1262  0.1623  0.0013
   23  758  80  0.1261  0.1622  0.0013
   24  757  80  0.1260  0.1620  0.0013
   25  756  80  0.1258  0.1617  0.0013
   26  755  80  0.1257  0.1615  0.0013
   27  753  81  0.1258  0.1616  0.0013
   28  752  81  0.1259  0.1618  0.0013
   29  751  81  0.1261  0.1620  0.0013
   30  754  81  0.1257  0.1616  0.0013
   31  750  82  0.1259  0.1617  0.0014
   32  749  82  0.1258  0.1616  0.0014
   33  748  82  0.1257  0.1614  0.0014
   34  747  82  0.1258  0.1615  0.0014
   35  746  82  0.1255  0.1612  0.0014
   36  745  82  0.1256  0.1612  0.0014
   37  744  82  0.1253  0.1609  0.0014
   38  743  82  0.1253  0.1607  0.0014
   39  742  82  0.1254  0.1609  0.0014
   40  741  82  0.1255  0.1610  0.0014
   41  740  82  0.1255  0.1609  0.0014

    1  245  277  0.1199  0.1426  0.0038
    2  246  277  0.1201  0.1429  0.0038
    3  247  277  0.1201  0.1429  0.0038
    4  248  277  0.1202  0.1430  0.0038
    5  249  277  0.1203  0.1432  0.0038
    6  250  277  0.1208  0.1438  0.0038
    7  251  277  0.1210  0.1441  0.0038
    8  252  277  0.1209  0.1439  0.0038
    9  253  277  0.1209  0.1440  0.0038
   10  254  277  0.1204  0.1434  0.0038
   11  255  277  0.1205  0.1436  0.0038
   12  256  277  0.1206  0.1437  0.0038
   13  257  277  0.1206  0.1437  0.0038
   14  258  277  0.1203  0.1434  0.0038
   15  259  277  0.1198  0.1428  0.0038
   16  260  277  0.1198  0.1428  0.0038
   17  261  277  0.1196  0.1427  0.0038
   18  262  277  0.1198  0.1429  0.0038
   19  263  277  0.1201  0.1432  0.0038
   20  264  277  0.1200  0.1432  0.0038
   21  265  277  0.1196  0.1427  0.0038
   22  266  277  0.1195  0.1426  0.0038
   23  267  277  0.1195  0.1426  0.0038
   24  268  277  0.1196  0.1428  0.0038
   25  269  277  0.1194  0.1426  0.0038
   26  270  277  0.1193  0.1425  0.0038
   27  271  277  0.1193  0.1425  0.0038
   28  272  277  0.1193  0.1425  0.0038
   29  273  277  0.1192  0.1424  0.0038
   30  274  277  0.1192  0.1425  0.0038
   31  275  277  0.1193  0.1426  0.0038
   32  276  277  0.1191  0.1424  0.0038
   33  277  277  0.1190  0.1422  0.0038
   34  278  277  0.1189  0.1421  0.0038
   35  279  277  0.1190  0.1422  0.0038
   36  280  277  0.1189  0.1422  0.0038
   37  281  277  0.1188  0.1421  0.0038
   38  282  277  0.1186  0.1418  0.0038
   39  283  277  0.1185  0.1418  0.0038
   40  284  277  0.1190  0.1425  0.0038
   41  285  277  0.1191  0.1426  0.0038
   42  286  277  0.1195  0.1430  0.0038
   43  288  278  0.1195  0.1431  0.0038
   44  289  278  0.1196  0.1432  0.0038
   45  290  278  0.1195  0.1431  0.0038
   46  291  278  0.1193  0.1429  0.0038
   47  292  278  0.1187  0.1423  0.0038
   48  293  278  0.1193  0.1429  0.0038
   49  287  278  0.1193  0.1429  0.0038

     1  323  276  0.1185  0.1427  0.0037
     2  321  276  0.1182  0.1423  0.0037
     3  320  276  0.1188  0.1430  0.0038
     4  319  276  0.1188  0.1430  0.0038
     5  318  276  0.1189  0.1430  0.0038
     6  317  276  0.1187  0.1428  0.0038
     7  322  276  0.1183  0.1423  0.0037
     8  305  277  0.1188  0.1426  0.0038
     9  306  277  0.1191  0.1430  0.0038
    10  307  277  0.1190  0.1429  0.0038
    11  308  277  0.1185  0.1424  0.0038
    12  309  277  0.1189  0.1429  0.0038
    13  418  277  0.1190  0.1453  0.0038
    14  311  277  0.1188  0.1428  0.0038
    15  312  277  0.1186  0.1426  0.0038
    16  313  277  0.1188  0.1428  0.0038
    17  314  277  0.1188  0.1428  0.0038
    18  315  277  0.1187  0.1427  0.0038
    19  316  277  0.1186  0.1426  0.0038
    20  419  277  0.1185  0.1447  0.0038
    21  420  277  0.1186  0.1449  0.0038
    22  421  277  0.1186  0.1449  0.0038
    23  422  277  0.1187  0.1450  0.0038
    24  423  277  0.1188  0.1452  0.0038
    25  310  277  0.1188  0.1427  0.0038
    26  425  277  0.1184  0.1448  0.0038
    27  417  277  0.1188  0.1451  0.0038
    28  416  277  0.1187  0.1449  0.0038
    29  415  277  0.1183  0.1445  0.0038
    30  414  277  0.1181  0.1441  0.0038
    31  413  277  0.1175  0.1434  0.0038
    32  412  277  0.1173  0.1432  0.0038
    33  411  277  0.1171  0.1428  0.0038
    34  424  277  0.1184  0.1448  0.0038
    35  366  278  0.1178  0.1427  0.0038
    36  367  278  0.1179  0.1428  0.0038
    37  368  278  0.1181  0.1431  0.0038
    38  369  278  0.1176  0.1426  0.0038
    39  370  278  0.1176  0.1426  0.0038
    40  371  278  0.1177  0.1427  0.0038
    41  372  278  0.1176  0.1426  0.0038
    42  373  278  0.1176  0.1426  0.0038
    43  374  278  0.1175  0.1426  0.0038
    44  375  278  0.1175  0.1426  0.0038
    45  376  278  0.1173  0.1424  0.0038
    46  377  278  0.1175  0.1426  0.0038
    47  365  278  0.1177  0.1426  0.0038
    48  379  278  0.1175  0.1427  0.0038
    49  380  278  0.1178  0.1430  0.0038
    50  381  278  0.1177  0.1430  0.0038
    51  382  278  0.1178  0.1431  0.0038
    52  383  278  0.1177  0.1430  0.0038
    53  384  278  0.1178  0.1431  0.0038
    54  385  278  0.1177  0.1431  0.0038
    55  386  278  0.1176  0.1429  0.0038
    56  387  278  0.1176  0.1430  0.0038
    57  388  278  0.1175  0.1428  0.0038
    58  389  278  0.1179  0.1434  0.0038
    59  390  278  0.1177  0.1431  0.0038
    60  391  278  0.1181  0.1436  0.0038
    61  392  278  0.1180  0.1435  0.0038
    62  393  278  0.1181  0.1437  0.0038
    63  394  278  0.1176  0.1430  0.0038
    64  395  278  0.1179  0.1435  0.0038
    65  396  278  0.1180  0.1437  0.0038
    66  397  278  0.1181  0.1438  0.0038
    67  398  278  0.1182  0.1439  0.0038
    68  399  278  0.1183  0.1440  0.0038
    69  400  278  0.1183  0.1441  0.0038
    70  401  278  0.1181  0.1439  0.0038
    71  402  278  0.1182  0.1440  0.0038
    72  403  278  0.1183  0.1441  0.0038
    73  404  278  0.1183  0.1441  0.0038
    74  405  278  0.1181  0.1439  0.0038
    75  406  278  0.1179  0.1438  0.0038
    76  407  278  0.1183  0.1442  0.0038
    77  408  278  0.1181  0.1440  0.0038
    78  409  278  0.1180  0.1439  0.0038
    79  410  278  0.1178  0.1437  0.0038
    80  364  278  0.1177  0.1426  0.0038
    81  363  278  0.1175  0.1424  0.0038
    82  362  278  0.1175  0.1423  0.0038
    83  361  278  0.1176  0.1424  0.0038
    84  360  278  0.1175  0.1422  0.0038
    85  359  278  0.1175  0.1422  0.0038
    86  358  278  0.1177  0.1424  0.0038
    87  304  278  0.1189  0.1427  0.0038
    88  303  278  0.1189  0.1428  0.0038
    89  302  278  0.1190  0.1427  0.0038
    90  301  278  0.1189  0.1427  0.0038
    91  300  278  0.1190  0.1427  0.0038
    92  299  278  0.1188  0.1425  0.0038
    93  378  278  0.1175  0.1426  0.0038
    94  298  278  0.1190  0.1427  0.0038
    95  426  278  0.1187  0.1452  0.0038
    96  427  278  0.1185  0.1449  0.0038
    97  428  278  0.1183  0.1447  0.0038
    98  429  278  0.1182  0.1446  0.0038
    99  430  278  0.1184  0.1448  0.0038
   100  431  278  0.1183  0.1447  0.0038
