; ENVI Output of ROIs (5.4) [Sat Aug 17 21:03:43 2019]
; Number of ROIs: 11
; File Dimension: 1328 x 1184
;
; ROI name: Region #1
; ROI rgb value: {255, 0, 0}
; ROI npts: 66
;
; ROI name: Region #2
; ROI rgb value: {0, 255, 0}
; ROI npts: 107
;
; ROI name: Region #3
; ROI rgb value: {0, 0, 255}
; ROI npts: 83
;
; ROI name: Region #4
; ROI rgb value: {255, 255, 0}
; ROI npts: 103
;
; ROI name: Region #5
; ROI rgb value: {0, 255, 255}
; ROI npts: 94
;
; ROI name: Region #6
; ROI rgb value: {255, 0, 255}
; ROI npts: 61
;
; ROI name: Region #7
; ROI rgb value: {176, 48, 96}
; ROI npts: 45
;
; ROI name: Region #8
; ROI rgb value: {46, 139, 87}
; ROI npts: 130
;
; ROI name: Region #9
; ROI rgb value: {160, 32, 240}
; ROI npts: 41
;
; ROI name: Region #10
; ROI rgb value: {255, 127, 80}
; ROI npts: 49
;
; ROI name: Region #11
; ROI rgb value: {127, 255, 212}
; ROI npts: 100
;  ID    X    Y         B1         B2         B3
    1   42  322  -156.7205   114.1102   -20.9315
    2   43  322  -156.7191   114.1097   -20.9315
    3   44  322  -156.7169   114.1100   -20.9315
    4   41  322  -156.7234   114.1091   -20.9314
    5   45  323  -156.7123   114.1131   -20.9302
    6   46  323  -156.7193   114.1028   -20.9300
    7   47  323  -156.7164   114.1040   -20.9301
    8   48  323  -156.7026   114.1178   -20.9305
    9   49  323  -156.6988   114.1200   -20.9306
   10   50  323  -156.7001   114.1162   -20.9305
   11   52  324  -156.6911   114.1222   -20.9293
   12   53  324  -156.6949   114.1157   -20.9292
   13   54  324  -156.6933   114.1152   -20.9292
   14   55  324  -156.7132   114.0901   -20.9287
   15   56  324  -156.7028   114.1000   -20.9289
   16   51  324  -156.6959   114.1188   -20.9292
   17   57  325  -156.7171   114.0813   -20.9270
   18   58  325  -156.7130   114.0839   -20.9271
   19   59  325  -156.6989   114.0979   -20.9275
   20   60  325  -156.7073   114.0860   -20.9272
   21   61  325  -156.6862   114.1081   -20.9278
   22   62  325  -156.7069   114.0821   -20.9272
   23   63  325  -156.6539   114.1411   -20.9286
   24   64  325  -156.6366   114.1588   -20.9291
   25   65  325  -156.6527   114.1381   -20.9286
   26   66  325  -156.6426   114.1476   -20.9289
   27   67  325  -156.6255   114.1651   -20.9294
   28   68  325  -156.6643   114.1182   -20.9282
   29   69  325  -156.6704   114.1088   -20.9280
   30   70  325  -156.6306   114.1527   -20.9291
   31   71  325  -156.6653   114.1104   -20.9281
   32   72  325  -156.6546   114.1206   -20.9284
   33   73  325  -156.6387   114.1368   -20.9288
   34   74  325  -156.6579   114.1124   -20.9283
   35   75  325  -156.6583   114.1097   -20.9282
   36   76  325  -156.6695   114.0945   -20.9279
   37   78  326  -156.6830   114.0745   -20.9260
   38   79  326  -156.6836   114.0716   -20.9260
   39   80  326  -156.6779   114.0760   -20.9261
   40   77  326  -156.6948   114.0631   -20.9257
   41   81  327  -156.6554   114.0999   -20.9253
   42   82  327  -156.6554   114.0977   -20.9252
   43   83  327  -156.6281   114.1271   -20.9260
   44   84  327  -156.6596   114.0885   -20.9251
   45   85  327  -156.6572   114.0890   -20.9251
   46   87  328  -156.6721   114.0673   -20.9233
   47   88  328  -156.6714   114.0660   -20.9233
   48   89  328  -156.9774   113.7090   -20.9143
   49   86  328  -156.6484   114.0970   -20.9239
   50   90  329  -156.6395   114.0985   -20.9227
   51   91  329  -156.6788   114.0508   -20.9215
   52   92  329  -156.6758   114.0521   -20.9216
   53   93  329  -156.6456   114.0848   -20.9224
   54   94  329  -156.6433   114.0853   -20.9225
   55   95  329  -156.6435   114.0830   -20.9224
   56   96  329  -156.6315   114.0947   -20.9228
   57   97  329  -156.6277   114.0969   -20.9228
   58   98  329  -156.6167   114.1074   -20.9231
   59   99  329  -156.6391   114.0793   -20.9225
   60  100  329  -156.6365   114.0801   -20.9225
   61  101  329  -156.6217   114.0950   -20.9229
   62  102  329  -156.6212   114.0934   -20.9229
   63  103  329  -156.6268   114.0847   -20.9227
   64  104  329  -156.6291   114.0798   -20.9226
   65  106  330  -156.6277   114.0771   -20.9212
   66  105  330  -156.6331   114.0730   -20.9211

     1   54  308  -156.7483   114.0518   -20.9507
     2   55  308  -156.7376   114.0620   -20.9510
     3   56  308  -156.7502   114.0452   -20.9506
     4   57  308  -156.7520   114.0409   -20.9506
     5   58  308  -156.7347   114.0587   -20.9510
     6   59  308  -156.7316   114.0602   -20.9511
     7   60  308  -156.7448   114.0427   -20.9507
     8   61  308  -156.7390   114.0471   -20.9509
     9   62  308  -156.7459   114.0369   -20.9506
    10   63  308  -156.7430   114.0381   -20.9507
    11   64  308  -156.7388   114.0407   -20.9508
    12   65  308  -156.7344   114.0437   -20.9509
    13   66  308  -156.7336   114.0424   -20.9509
    14   67  308  -156.7218   114.0538   -20.9512
    15   70  308  -156.7094   114.0616   -20.9515
    16   69  308  -156.7026   114.0716   -20.9517
    17   71  308  -156.7101   114.0585   -20.9514
    18   68  308  -156.7031   114.0732   -20.9517
    19   53  308  -156.7633   114.0367   -20.9503
    20   45  308  -156.7871   114.0269   -20.9499
    21   46  308  -156.7697   114.0447   -20.9503
    22   47  308  -156.7751   114.0364   -20.9501
    23   48  308  -156.7639   114.0471   -20.9504
    24   49  308  -156.7513   114.0594   -20.9507
    25   50  308  -156.7630   114.0437   -20.9504
    26   51  308  -156.7603   114.0446   -20.9504
    27   52  308  -156.7674   114.0343   -20.9502
    28   43  309  -156.7981   114.0187   -20.9481
    29   41  309  -156.8017   114.0190   -20.9480
    30   40  309  -156.8051   114.0172   -20.9480
    31   42  309  -156.8116   114.0053   -20.9478
    32   44  309  -156.7906   114.0251   -20.9483
    33   72  309  -156.6996   114.0684   -20.9502
    34   73  309  -156.7170   114.0461   -20.9498
    35   74  309  -156.7486   114.0074   -20.9489
    36   75  309  -156.7694   113.9811   -20.9484
    37   76  309  -156.5294   114.2566   -20.9546
    38   77  309  -156.5930   114.1809   -20.9529
    39   78  309  -156.6379   114.1267   -20.9517
    40   79  309  -156.6695   114.0879   -20.9508
    41   80  309  -156.7656   113.9745   -20.9484
    42   85  310  -156.7162   114.0207   -20.9480
    43   81  310  -156.7984   113.9343   -20.9460
    44   37  310  -156.7782   114.0548   -20.9473
    45   38  310  -156.7803   114.0502   -20.9472
    46   82  310  -156.7828   113.9501   -20.9464
    47   83  310  -156.6831   114.0633   -20.9490
    48   39  310  -156.7866   114.0407   -20.9470
    49   84  310  -156.6908   114.0523   -20.9487
    50   87  311  -156.5089   114.2565   -20.9520
    51   36  311  -156.7878   114.0459   -20.9456
    52   34  311  -156.7867   114.0516   -20.9457
    53   86  311  -156.4845   114.2869   -20.9526
    54   33  311  -156.7840   114.0569   -20.9458
    55   32  311  -156.7637   114.0825   -20.9464
    56   35  311  -156.7924   114.0429   -20.9455
    57   31  311  -156.7682   114.0794   -20.9464
    58   30  311  -156.7763   114.0723   -20.9461
    59   98  312  -156.6422   114.0778   -20.9469
    60   29  312  -156.7604   114.0928   -20.9452
    61   93  312  -156.6892   114.0343   -20.9457
    62   97  312  -156.6329   114.0908   -20.9471
    63   96  312  -156.6409   114.0837   -20.9469
    64   94  312  -156.6824   114.0399   -20.9459
    65   28  312  -156.7592   114.0963   -20.9452
    66   92  312  -156.6516   114.0801   -20.9468
    67   88  312  -156.5958   114.1536   -20.9482
    68   89  312  -156.6399   114.1003   -20.9471
    69   90  312  -156.6380   114.1003   -20.9472
    70   95  312  -156.6637   114.0595   -20.9464
    71   91  312  -156.6256   114.1124   -20.9475
    72  103  313  -156.6422   114.0668   -20.9453
    73  102  313  -156.6221   114.0923   -20.9459
    74  101  313  -156.6650   114.0447   -20.9447
    75   99  313  -156.6443   114.0731   -20.9454
    76   26  313  -156.7745   114.0832   -20.9433
    77   27  313  -156.7612   114.0963   -20.9438
    78  100  313  -156.6434   114.0720   -20.9454
    79  104  313  -156.6293   114.0796   -20.9456
    80  106  314  -156.6331   114.0707   -20.9440
    81  107  314  -156.6025   114.1041   -20.9449
    82  108  314  -156.5757   114.1332   -20.9456
    83  105  314  -156.6282   114.0787   -20.9442
    84  109  315  -156.5788   114.1273   -20.9441
    85  110  315  -156.5904   114.1116   -20.9437
    86  111  315  -156.5821   114.1191   -20.9439
    87  112  315  -156.5697   114.1313   -20.9442
    88  113  315  -156.5681   114.1310   -20.9443
    89  115  316  -156.5663   114.1287   -20.9429
    90  116  316  -156.5506   114.1448   -20.9433
    91  117  316  -156.5816   114.1065   -20.9424
    92  114  316  -156.5699   114.1267   -20.9428
    93  118  317  -156.5404   114.1522   -20.9421
    94  119  317  -156.5795   114.1045   -20.9410
    95  120  317  -156.6225   114.0522   -20.9398
    96  121  317  -156.5643   114.1178   -20.9413
    97  122  317  -156.5941   114.0809   -20.9405
    98  123  317  -156.6348   114.0313   -20.9394
    99  124  317  -156.6507   114.0105   -20.9389
   100  125  317  -156.6281   114.0347   -20.9395
   101  127  318  -156.6340   114.0234   -20.9378
   102  128  318  -156.6100   114.0491   -20.9385
   103  129  318  -156.6129   114.0435   -20.9384
   104  130  318  -156.5958   114.0612   -20.9388
   105  131  318  -156.6042   114.0493   -20.9386
   106  132  318  -156.5960   114.0566   -20.9388
   107  126  318  -156.6211   114.0406   -20.9382

    1   55  295  -156.8186   113.9685   -20.9678
    2   56  295  -156.7918   113.9972   -20.9684
    3   57  295  -156.7755   114.0138   -20.9688
    4   58  295  -156.7429   114.0492   -20.9697
    5   59  295  -156.7184   114.0752   -20.9703
    6   60  295  -156.7032   114.0907   -20.9707
    7   61  295  -156.7148   114.0750   -20.9704
    8   62  295  -156.7091   114.0794   -20.9705
    9   63  295  -156.7201   114.0645   -20.9702
   10   64  295  -156.7083   114.0760   -20.9705
   11   65  295  -156.7251   114.0544   -20.9700
   12   66  296  -156.7154   114.0633   -20.9688
   13   67  296  -156.7215   114.0541   -20.9686
   14   68  296  -156.7162   114.0581   -20.9688
   15   69  296  -156.7122   114.0605   -20.9689
   16   70  296  -156.7164   114.0534   -20.9687
   17   71  296  -156.7137   114.0543   -20.9688
   18   73  297  -156.7081   114.0564   -20.9674
   19   72  297  -156.7128   114.0531   -20.9673
   20   75  298  -156.7083   114.0517   -20.9660
   21   76  298  -156.7100   114.0476   -20.9659
   22   77  298  -156.7315   114.0205   -20.9653
   23   78  298  -156.6856   114.0714   -20.9665
   24   74  298  -156.7306   114.0282   -20.9654
   25   79  299  -156.6870   114.0677   -20.9649
   26   80  299  -156.6902   114.0617   -20.9649
   27   81  299  -156.7021   114.0458   -20.9645
   28   82  299  -156.7024   114.0432   -20.9645
   29   83  299  -156.7023   114.0411   -20.9645
   30   84  299  -156.7048   114.0360   -20.9644
   31   85  299  -156.7097   114.0282   -20.9642
   32   86  299  -156.7059   114.0304   -20.9643
   33   87  299  -156.6999   114.0351   -20.9644
   34   88  299  -156.7030   114.0293   -20.9643
   35   89  299  -156.6951   114.0362   -20.9645
   36  102  299  -156.6942   114.0085   -20.9642
   37  101  299  -156.6281   114.0875   -20.9659
   38  100  299  -156.6819   114.0272   -20.9645
   39   99  299  -156.6680   114.0456   -20.9649
   40   98  299  -156.6823   114.0313   -20.9645
   41   97  299  -156.6805   114.0355   -20.9646
   42   96  299  -156.6798   114.0385   -20.9646
   43   95  299  -156.6928   114.0256   -20.9644
   44   94  299  -156.6960   114.0241   -20.9643
   45   93  299  -156.7271   113.9903   -20.9635
   46   92  299  -156.7155   114.0060   -20.9639
   47   91  299  -156.7038   114.0217   -20.9642
   48   90  299  -156.7312   113.9921   -20.9635
   49  104  300  -156.6318   114.0766   -20.9643
   50  105  300  -156.6724   114.0272   -20.9632
   51  106  300  -156.6911   114.0033   -20.9627
   52  107  300  -156.6639   114.0327   -20.9634
   53  108  300  -156.6851   114.0059   -20.9628
   54  103  300  -156.7030   113.9961   -20.9625
   55  109  301  -156.6628   114.0295   -20.9619
   56  110  301  -156.6347   114.0600   -20.9626
   57  111  301  -156.6529   114.0367   -20.9622
   58  112  301  -156.6873   113.9945   -20.9613
   59  113  301  -156.6688   114.0137   -20.9617
   60  114  301  -156.6609   114.0207   -20.9619
   61  115  301  -156.6524   114.0284   -20.9621
   62  116  301  -156.6814   113.9924   -20.9614
   63  117  301  -156.7043   113.9636   -20.9608
   64  118  301  -156.7080   113.9570   -20.9606
   65  119  301  -156.7132   113.9488   -20.9605
   66  120  301  -156.7192   113.9395   -20.9603
   67  121  301  -156.6957   113.9647   -20.9609
   68  122  301  -156.7224   113.9314   -20.9602
   69  123  301  -156.7058   113.9485   -20.9606
   70  124  301  -156.7068   113.9451   -20.9606
   71  125  301  -156.6981   113.9531   -20.9608
   72  126  301  -156.7070   113.9404   -20.9605
   73  127  301  -156.6960   113.9510   -20.9608
   74  128  301  -156.7018   113.9420   -20.9606
   75  129  301  -156.6883   113.9556   -20.9610
   76  130  301  -156.6897   113.9517   -20.9609
   77  131  301  -156.6822   113.9583   -20.9611
   78  132  301  -156.6952   113.9409   -20.9607
   79  133  301  -156.6759   113.9612   -20.9612
   80  134  301  -156.6925   113.9395   -20.9607
   81  135  301  -156.6815   113.9501   -20.9610
   82  136  301  -156.6691   113.9624   -20.9613
   83  137  301  -156.6775   113.9504   -20.9611

     1   58  283  -156.7734   114.0139   -20.9863
     2   64  283  -156.7545   114.0226   -20.9866
     3   63  283  -156.7654   114.0122   -20.9864
     4   62  283  -156.7612   114.0192   -20.9865
     5   61  283  -156.7790   114.0009   -20.9861
     6   60  283  -156.7598   114.0252   -20.9866
     7   59  283  -156.7735   114.0117   -20.9862
     8   57  283  -156.7907   113.9962   -20.9859
     9   56  283  -156.7915   113.9976   -20.9859
    10   48  283  -156.8295   113.9713   -20.9851
    11   49  283  -156.8296   113.9691   -20.9850
    12   50  283  -156.8190   113.9790   -20.9853
    13   51  283  -156.8215   113.9739   -20.9852
    14   52  283  -156.8130   113.9816   -20.9854
    15   53  283  -156.8049   113.9886   -20.9856
    16   54  283  -156.7959   113.9968   -20.9858
    17   55  283  -156.8103   113.9780   -20.9854
    18   65  283  -156.7479   114.0279   -20.9868
    19   46  284  -156.8387   113.9652   -20.9834
    20   76  284  -156.6936   114.0666   -20.9865
    21   45  284  -156.8353   113.9713   -20.9835
    22   44  284  -156.8318   113.9775   -20.9836
    23   43  284  -156.8234   113.9894   -20.9839
    24   42  284  -156.8283   113.9860   -20.9838
    25   74  284  -156.7198   114.0407   -20.9858
    26   75  284  -156.7185   114.0399   -20.9858
    27   47  284  -156.8406   113.9608   -20.9833
    28   66  284  -156.7510   114.0222   -20.9852
    29   67  284  -156.7558   114.0145   -20.9851
    30   68  284  -156.7489   114.0203   -20.9853
    31   69  284  -156.7259   114.0446   -20.9858
    32   70  284  -156.7328   114.0344   -20.9856
    33   71  284  -156.7275   114.0384   -20.9857
    34   72  284  -156.7280   114.0356   -20.9857
    35   73  284  -156.7229   114.0392   -20.9858
    36   40  285  -156.8256   113.9936   -20.9824
    37   39  285  -156.8421   113.9768   -20.9821
    38   41  285  -156.8250   113.9920   -20.9824
    39   77  285  -156.7084   114.0472   -20.9846
    40   78  285  -156.7049   114.0491   -20.9847
    41   79  285  -156.7264   114.0220   -20.9842
    42   80  285  -156.7084   114.0406   -20.9846
    43   81  285  -156.7197   114.0253   -20.9842
    44   82  285  -156.7168   114.0264   -20.9843
    45   83  285  -156.7182   114.0226   -20.9843
    46   84  285  -156.7249   114.0126   -20.9841
    47   85  285  -156.7201   114.0160   -20.9842
    48   86  285  -156.7201   114.0139   -20.9842
    49   87  285  -156.7261   114.0047   -20.9840
    50   88  285  -156.7329   113.9946   -20.9838
    51   89  285  -156.7335   113.9917   -20.9838
    52   90  285  -156.7137   114.0124   -20.9843
    53   91  285  -156.7316   113.9895   -20.9838
    54   92  285  -156.7356   113.9826   -20.9836
    55   93  285  -156.7267   113.9907   -20.9839
    56   94  285  -156.7143   114.0029   -20.9841
    57   95  285  -156.7092   114.0066   -20.9842
    58   96  285  -156.7179   113.9942   -20.9840
    59   97  285  -156.7288   113.9794   -20.9837
    60   98  285  -156.7381   113.9664   -20.9835
    61   99  285  -156.7330   113.9701   -20.9836
    62  100  285  -156.7262   113.9758   -20.9838
    63  101  285  -156.7277   113.9719   -20.9837
    64  102  286  -156.7116   113.9883   -20.9827
    65  103  286  -156.7161   113.9808   -20.9825
    66  104  286  -156.7198   113.9744   -20.9824
    67  105  286  -156.7255   113.9655   -20.9823
    68  106  286  -156.7175   113.9726   -20.9824
    69  107  286  -156.7227   113.9643   -20.9823
    70  108  286  -156.7131   113.9732   -20.9825
    71  109  286  -156.7192   113.9639   -20.9823
    72  110  286  -156.7205   113.9603   -20.9823
    73  111  286  -156.7335   113.9429   -20.9820
    74  112  286  -156.7372   113.9363   -20.9819
    75  113  286  -156.7322   113.9399   -20.9820
    76  114  286  -156.7127   113.9604   -20.9825
    77  115  286  -156.7254   113.9434   -20.9821
    78  116  287  -156.7250   113.9416   -20.9807
    79  117  287  -156.6823   113.9892   -20.9817
    80  118  287  -156.6612   114.0115   -20.9821
    81  119  287  -156.6513   114.0208   -20.9824
    82  120  287  -156.6433   114.0279   -20.9826
    83  121  287  -156.6465   114.0219   -20.9825
    84  122  287  -156.6428   114.0240   -20.9826
    85  123  287  -156.6498   114.0137   -20.9824
    86  124  287  -156.6541   114.0065   -20.9822
    87  125  287  -156.6822   113.9716   -20.9815
    88  126  287  -156.7200   113.9252   -20.9806
    89  127  287  -156.7333   113.9075   -20.9802
    90  128  287  -156.7419   113.8952   -20.9800
    91  129  288  -156.7634   113.8680   -20.9780
    92  130  288  -156.7299   113.9048   -20.9788
    93  131  288  -156.7429   113.8874   -20.9784
    94  132  288  -156.7151   113.9176   -20.9791
    95  133  288  -156.6878   113.9472   -20.9798
    96  134  288  -156.6601   113.9774   -20.9804
    97  135  288  -156.6768   113.9556   -20.9800
    98  136  288  -156.6621   113.9705   -20.9803
    99  137  288  -156.6730   113.9556   -20.9801
   100  138  288  -156.6723   113.9542   -20.9800
   101  139  288  -156.6696   113.9551   -20.9801
   102  140  288  -156.6796   113.9412   -20.9799
   103  141  288  -156.6574   113.9650   -20.9803

    1  205  347  -156.3878   114.1399   -20.9016
    2  206  347  -156.3815   114.1451   -20.9018
    3  207  347  -156.3728   114.1531   -20.9021
    4  208  347  -156.3691   114.1553   -20.9022
    5  209  347  -156.3761   114.1448   -20.9020
    6  210  347  -156.3675   114.1528   -20.9023
    7  211  347  -156.3637   114.1551   -20.9024
    8  212  347  -156.3679   114.1479   -20.9022
    9  213  347  -156.3714   114.1415   -20.9021
   10  214  347  -156.3450   114.1706   -20.9029
   11  215  347  -156.3578   114.1532   -20.9025
   12  216  347  -156.3406   114.1714   -20.9030
   13  217  347  -156.3430   114.1663   -20.9029
   14  218  347  -156.3414   114.1660   -20.9029
   15  219  347  -156.3260   114.1820   -20.9033
   16  220  347  -156.3282   114.1772   -20.9032
   17  221  347  -156.3257   114.1780   -20.9033
   18  223  348  -156.3130   114.1886   -20.9021
   19  224  348  -156.3034   114.1978   -20.9024
   20  225  348  -156.2987   114.2011   -20.9025
   21  226  348  -156.3008   114.1964   -20.9024
   22  227  348  -156.3055   114.1886   -20.9023
   23  228  348  -156.3148   114.1755   -20.9020
   24  222  348  -156.3158   114.1875   -20.9021
   25  229  349  -156.3060   114.1837   -20.9008
   26  230  349  -156.3049   114.1828   -20.9008
   27  231  349  -156.3142   114.1696   -20.9006
   28  232  349  -156.3062   114.1769   -20.9007
   29  233  349  -156.3142   114.1651   -20.9004
   30  234  349  -156.3163   114.1604   -20.9003
   31  235  349  -156.3177   114.1566   -20.9002
   32  236  349  -156.3016   114.1734   -20.9007
   33  237  349  -156.3143   114.1562   -20.9002
   34  238  350  -156.3174   114.1504   -20.8987
   35  239  350  -156.3359   114.1262   -20.8981
   36  240  350  -156.3183   114.1449   -20.8987
   37  241  350  -156.3176   114.1435   -20.8986
   38  242  350  -156.3320   114.1242   -20.8982
   39  243  350  -156.3293   114.1252   -20.8982
   40  244  350  -156.3196   114.1345   -20.8985
   41  245  350  -156.3259   114.1248   -20.8983
   42  246  350  -156.3020   114.1509   -20.8990
   43  247  350  -156.3241   114.1225   -20.8983
   44  248  350  -156.3022   114.1463   -20.8989
   45  249  350  -156.3090   114.1360   -20.8987
   46  250  350  -156.3078   114.1352   -20.8987
   47  251  350  -156.3113   114.1288   -20.8985
   48  252  350  -156.3288   114.1059   -20.8979
   49  253  350  -156.3142   114.1210   -20.8984
   50  254  350  -156.3176   114.1148   -20.8982
   51  255  350  -156.3120   114.1191   -20.8984
   52  256  350  -156.3020   114.1289   -20.8987
   53  258  351  -156.3163   114.1075   -20.8968
   54  259  351  -156.2978   114.1273   -20.8973
   55  260  351  -156.3042   114.1174   -20.8971
   56  261  351  -156.2928   114.1288   -20.8974
   57  262  351  -156.2993   114.1188   -20.8972
   58  257  351  -156.2986   114.1307   -20.8974
   59  263  352  -156.3097   114.1042   -20.8954
   60  264  352  -156.2920   114.1230   -20.8960
   61  265  352  -156.2962   114.1158   -20.8958
   62  266  352  -156.2896   114.1215   -20.8960
   63  267  352  -156.2824   114.1278   -20.8962
   64  268  352  -156.3020   114.1023   -20.8956
   65  270  353  -156.3123   114.0855   -20.8938
   66  271  353  -156.3030   114.0945   -20.8940
   67  272  353  -156.3019   114.0936   -20.8941
   68  273  353  -156.2736   114.1251   -20.8950
   69  274  353  -156.2849   114.1093   -20.8946
   70  269  353  -156.3055   114.0959   -20.8940
   71  275  354  -156.2977   114.0919   -20.8927
   72  276  354  -156.2812   114.1093   -20.8932
   73  277  354  -156.2714   114.1188   -20.8935
   74  278  354  -156.2647   114.1246   -20.8937
   75  279  354  -156.2531   114.1362   -20.8940
   76  280  354  -156.2483   114.1398   -20.8941
   77  281  354  -156.2419   114.1452   -20.8943
   78  283  355  -156.2489   114.1324   -20.8926
   79  284  355  -156.2432   114.1370   -20.8927
   80  285  355  -156.2395   114.1392   -20.8928
   81  286  355  -156.2375   114.1393   -20.8929
   82  287  355  -156.2332   114.1423   -20.8930
   83  288  355  -156.2228   114.1525   -20.8933
   84  282  355  -156.2357   114.1503   -20.8930
   85  289  356  -156.2090   114.1667   -20.8922
   86  290  356  -156.2044   114.1700   -20.8923
   87  291  356  -156.2004   114.1727   -20.8924
   88  292  356  -156.1991   114.1720   -20.8924
   89  293  356  -156.2021   114.1661   -20.8923
   90  294  356  -156.1950   114.1724   -20.8925
   91  296  357  -156.1921   114.1715   -20.8911
   92  297  357  -156.1943   114.1667   -20.8910
   93  298  357  -156.1926   114.1664   -20.8911
   94  295  357  -156.1890   114.1774   -20.8913

    1  197  361  -156.3967   114.1470   -20.8815
    2  198  361  -156.3989   114.1423   -20.8814
    3  199  361  -156.3878   114.1531   -20.8818
    4  200  361  -156.3861   114.1529   -20.8818
    5  201  361  -156.3882   114.1482   -20.8817
    6  202  361  -156.3792   114.1566   -20.8820
    7  203  361  -156.3852   114.1473   -20.8818
    8  204  361  -156.3989   114.1290   -20.8813
    9  205  361  -156.3755   114.1544   -20.8820
   10  206  361  -156.3652   114.1644   -20.8824
   11  207  361  -156.3585   114.1700   -20.8826
   12  208  361  -156.3522   114.1752   -20.8827
   13  209  361  -156.3573   114.1671   -20.8826
   14  210  361  -156.3392   114.1862   -20.8831
   15  211  361  -156.3327   114.1917   -20.8833
   16  212  361  -156.3302   114.1924   -20.8834
   17  213  361  -156.3350   114.1846   -20.8832
   18  214  361  -156.3430   114.1729   -20.8829
   19  215  361  -156.3329   114.1827   -20.8832
   20  216  361  -156.3352   114.1778   -20.8831
   21  217  361  -156.3320   114.1794   -20.8831
   22  218  361  -156.3343   114.1744   -20.8830
   23  219  362  -156.3405   114.1649   -20.8814
   24  220  362  -156.3363   114.1676   -20.8815
   25  221  362  -156.3275   114.1758   -20.8818
   26  222  362  -156.3346   114.1653   -20.8815
   27  223  362  -156.3349   114.1626   -20.8814
   28  224  362  -156.3392   114.1554   -20.8813
   29  225  362  -156.3402   114.1520   -20.8812
   30  226  362  -156.3289   114.1632   -20.8816
   31  227  362  -156.3277   114.1623   -20.8816
   32  228  362  -156.3167   114.1732   -20.8819
   33  229  362  -156.3220   114.1647   -20.8817
   34  230  363  -156.3160   114.1696   -20.8805
   35  231  363  -156.3120   114.1721   -20.8806
   36  232  363  -156.3002   114.1840   -20.8810
   37  233  363  -156.2987   114.1835   -20.8810
   38  234  363  -156.2972   114.1831   -20.8810
   39  235  363  -156.2980   114.1800   -20.8809
   40  236  363  -156.2992   114.1763   -20.8809
   41  237  363  -156.3117   114.1593   -20.8804
   42  238  363  -156.2905   114.1823   -20.8811
   43  239  363  -156.2989   114.1700   -20.8808
   44  240  364  -156.2970   114.1701   -20.8794
   45  241  364  -156.2924   114.1734   -20.8795
   46  242  364  -156.3045   114.1568   -20.8791
   47  243  364  -156.3363   114.1169   -20.8780
   48  244  364  -156.3106   114.1452   -20.8789
   49  245  364  -156.3073   114.1469   -20.8789
   50  246  364  -156.3330   114.1141   -20.8781
   51  247  364  -156.3208   114.1264   -20.8785
   52  248  365  -156.3440   114.0966   -20.8762
   53  249  365  -156.3094   114.1356   -20.8773
   54  250  365  -156.2976   114.1474   -20.8777
   55  251  365  -156.3228   114.1152   -20.8768
   56  252  365  -156.2612   114.1861   -20.8788
   57  253  365  -156.2794   114.1624   -20.8782
   58  255  366  -156.3168   114.1134   -20.8755
   59  256  366  -156.3169   114.1112   -20.8755
   60  257  366  -156.2706   114.1640   -20.8769
   61  254  366  -156.3147   114.1181   -20.8756

    1  239  295  -156.4860   113.9482   -20.9725
    2  240  295  -156.4838   113.9486   -20.9726
    3  241  295  -156.4833   113.9470   -20.9726
    4  242  295  -156.4864   113.9410   -20.9725
    5  243  295  -156.4941   113.9296   -20.9724
    6  244  295  -156.4956   113.9256   -20.9723
    7  245  295  -156.5073   113.9095   -20.9720
    8  246  295  -156.5126   113.9010   -20.9719
    9  247  295  -156.5231   113.8863   -20.9715
   10  248  295  -156.4910   113.9221   -20.9724
   11  249  295  -156.5003   113.9089   -20.9721
   12  250  295  -156.5004   113.9065   -20.9721
   13  251  295  -156.4935   113.9125   -20.9722
   14  252  295  -156.4956   113.9077   -20.9722
   15  253  295  -156.4976   113.9031   -20.9720
   16  254  295  -156.5026   113.8949   -20.9719
   17  255  295  -156.5002   113.8955   -20.9719
   18  256  295  -156.5030   113.8899   -20.9718
   19  257  295  -156.5007   113.8905   -20.9719
   20  258  295  -156.5010   113.8878   -20.9718
   21  259  295  -156.4957   113.8918   -20.9719
   22  282  295  -156.4255   113.9238   -20.9733
   23  283  295  -156.4177   113.9309   -20.9735
   24  281  295  -156.4356   113.9141   -20.9730
   25  280  295  -156.4331   113.9193   -20.9731
   26  279  295  -156.4357   113.9185   -20.9731
   27  278  295  -156.4314   113.9259   -20.9732
   28  277  295  -156.4336   113.9255   -20.9732
   29  276  295  -156.4390   113.9212   -20.9730
   30  275  295  -156.4372   113.9256   -20.9731
   31  274  295  -156.4364   113.9288   -20.9732
   32  273  295  -156.4307   113.9379   -20.9733
   33  272  295  -156.4258   113.9459   -20.9734
   34  271  296  -156.4336   113.9389   -20.9719
   35  270  296  -156.4392   113.9345   -20.9717
   36  269  296  -156.4413   113.9342   -20.9717
   37  268  296  -156.4464   113.9304   -20.9716
   38  267  296  -156.4522   113.9257   -20.9715
   39  266  296  -156.4580   113.9211   -20.9713
   40  265  296  -156.4527   113.9296   -20.9715
   41  264  296  -156.4633   113.9192   -20.9712
   42  263  296  -156.4723   113.9108   -20.9710
   43  262  296  -156.4658   113.9207   -20.9712
   44  260  296  -156.4706   113.9194   -20.9712
   45  261  296  -156.4697   113.9184   -20.9712

     1  439  259  -156.2660   113.7611   -21.0260
     2  438  259  -156.2604   113.7703   -21.0261
     3  437  259  -156.2534   113.7811   -21.0263
     4  436  259  -156.2711   113.7617   -21.0260
     5  435  259  -156.2916   113.7390   -21.0255
     6  434  259  -156.2938   113.7385   -21.0255
     7  433  259  -156.3049   113.7273   -21.0253
     8  432  259  -156.3258   113.7041   -21.0248
     9  431  259  -156.3016   113.7359   -21.0254
    10  430  259  -156.3214   113.7141   -21.0250
    11  429  260  -156.2901   113.7545   -21.0243
    12  428  260  -156.3075   113.7355   -21.0239
    13  427  260  -156.3053   113.7405   -21.0239
    14  426  260  -156.3254   113.7183   -21.0235
    15  425  260  -156.3309   113.7138   -21.0234
    16  424  260  -156.3317   113.7152   -21.0234
    17  423  260  -156.3260   113.7244   -21.0236
    18  422  260  -156.3160   113.7389   -21.0238
    19  421  260  -156.3153   113.7421   -21.0238
    20  420  260  -156.3058   113.7560   -21.0241
    21  419  260  -156.3236   113.7365   -21.0237
    22  418  260  -156.3125   113.7523   -21.0240
    23  417  260  -156.3235   113.7412   -21.0237
    24  416  260  -156.3182   113.7499   -21.0239
    25  415  260  -156.3140   113.7573   -21.0240
    26  414  260  -156.3199   113.7525   -21.0239
    27  413  260  -156.3253   113.7482   -21.0238
    28  412  260  -156.3167   113.7609   -21.0240
    29  411  260  -156.3107   113.7705   -21.0242
    30  410  260  -156.3062   113.7783   -21.0243
    31  409  260  -156.3015   113.7862   -21.0244
    32  408  260  -156.3012   113.7889   -21.0245
    33  407  260  -156.3116   113.7785   -21.0242
    34  406  260  -156.3099   113.7829   -21.0243
    35  405  260  -156.3227   113.7696   -21.0240
    36  404  260  -156.3177   113.7778   -21.0241
    37  403  260  -156.3097   113.7900   -21.0243
    38  402  260  -156.3089   113.7932   -21.0243
    39  401  260  -156.3087   113.7957   -21.0244
    40  400  260  -156.3217   113.7822   -21.0241
    41  399  260  -156.3325   113.7713   -21.0239
    42  398  260  -156.3417   113.7624   -21.0237
    43  397  260  -156.3434   113.7626   -21.0237
    44  396  260  -156.3499   113.7570   -21.0235
    45  395  260  -156.3561   113.7518   -21.0234
    46  394  260  -156.3571   113.7528   -21.0234
    47  393  260  -156.3587   113.7532   -21.0234
    48  392  260  -156.3564   113.7583   -21.0234
    49  391  260  -156.3516   113.7664   -21.0236
    50  390  260  -156.3486   113.7723   -21.0236
    51  389  260  -156.3489   113.7742   -21.0236
    52  388  260  -156.3566   113.7671   -21.0235
    53  387  260  -156.3596   113.7657   -21.0234
    54  386  260  -156.3579   113.7701   -21.0235
    55  384  261  -156.3746   113.7544   -21.0217
    56  383  261  -156.3656   113.7676   -21.0219
    57  382  261  -156.3771   113.7560   -21.0217
    58  381  261  -156.3733   113.7628   -21.0218
    59  380  261  -156.3608   113.7802   -21.0220
    60  379  261  -156.3568   113.7874   -21.0221
    61  378  261  -156.3508   113.7969   -21.0223
    62  385  261  -156.3563   113.7743   -21.0221
    63  377  262  -156.3386   113.8139   -21.0211
    64  376  262  -156.3296   113.8272   -21.0214
    65  375  262  -156.3337   113.8244   -21.0213
    66  374  262  -156.3250   113.8372   -21.0215
    67  373  262  -156.3168   113.8494   -21.0217
    68  372  262  -156.3202   113.8475   -21.0217
    69  371  262  -156.3213   113.8485   -21.0217
    70  370  262  -156.3049   113.8706   -21.0221
    71  369  262  -156.3228   113.8512   -21.0217
    72  368  262  -156.3254   113.8503   -21.0217
    73  367  262  -156.3498   113.8231   -21.0211
    74  366  262  -156.3331   113.8455   -21.0215
    75  365  262  -156.3407   113.8387   -21.0214
    76  364  262  -156.3532   113.8258   -21.0211
    77  363  262  -156.3444   113.8387   -21.0214
    78  362  262  -156.3604   113.8216   -21.0210
    79  361  262  -156.3639   113.8197   -21.0210
    80  360  262  -156.3764   113.8069   -21.0207
    81  359  262  -156.3810   113.8035   -21.0206
    82  358  262  -156.3988   113.7843   -21.0202
    83  357  262  -156.4162   113.7655   -21.0198
    84  356  262  -156.3976   113.7903   -21.0203
    85  355  262  -156.3921   113.7992   -21.0204
    86  354  262  -156.3604   113.8397   -21.0211
    87  353  262  -156.3483   113.8565   -21.0215
    88  352  262  -156.3679   113.8353   -21.0210
    89  351  262  -156.3620   113.8446   -21.0212
    90  350  262  -156.3948   113.8073   -21.0204
    91  349  262  -156.4499   113.7431   -21.0192
    92  348  262  -156.4490   113.7465   -21.0192
    93  347  262  -156.4125   113.7927   -21.0201
    94  346  262  -156.4457   113.7550   -21.0193
    95  345  262  -156.4329   113.7728   -21.0196
    96  344  262  -156.4121   113.8000   -21.0202
    97  343  262  -156.4157   113.7980   -21.0201
    98  342  262  -156.4164   113.7994   -21.0201
    99  341  262  -156.4065   113.8136   -21.0204
   100  340  262  -156.4209   113.7985   -21.0201
   101  339  262  -156.4342   113.7848   -21.0197
   102  338  262  -156.4346   113.7866   -21.0197
   103  337  262  -156.4230   113.8028   -21.0200
   104  336  262  -156.4244   113.8034   -21.0200
   105  335  262  -156.4300   113.7990   -21.0199
   106  334  262  -156.4200   113.8133   -21.0202
   107  333  262  -156.4154   113.8211   -21.0203
   108  332  262  -156.4043   113.8366   -21.0206
   109  331  262  -156.4016   113.8422   -21.0207
   110  330  262  -156.4268   113.8141   -21.0201
   111  329  262  -156.3821   113.8701   -21.0211
   112  328  262  -156.3864   113.8672   -21.0211
   113  327  262  -156.4040   113.8483   -21.0207
   114  326  262  -156.3991   113.8565   -21.0208
   115  325  262  -156.3951   113.8635   -21.0210
   116  324  262  -156.4052   113.8537   -21.0207
   117  323  262  -156.3994   113.8629   -21.0209
   118  322  262  -156.4071   113.8559   -21.0207
   119  321  262  -156.4153   113.8482   -21.0205
   120  320  262  -156.4162   113.8494   -21.0205
   121  319  262  -156.4185   113.8490   -21.0205
   122  318  262  -156.4204   113.8489   -21.0205
   123  316  263  -156.4276   113.8448   -21.0189
   124  315  263  -156.4271   113.8476   -21.0189
   125  314  263  -156.4260   113.8513   -21.0189
   126  313  263  -156.4359   113.8416   -21.0187
   127  312  263  -156.4377   113.8417   -21.0187
   128  311  263  -156.4332   113.8494   -21.0188
   129  310  263  -156.4357   113.8486   -21.0188
   130  317  263  -156.4267   113.8437   -21.0189

    1  779  77  -156.4478   112.7270   -21.2899
    2  778  77  -156.4489   112.7280   -21.2899
    3  777  77  -156.4413   112.7403   -21.2899
    4  776  77  -156.4454   112.7375   -21.2899
    5  775  77  -156.4417   112.7447   -21.2899
    6  780  77  -156.4362   112.7395   -21.2899
    7  774  78  -156.4399   112.7494   -21.2884
    8  773  78  -156.4621   112.7234   -21.2884
    9  772  78  -156.4669   112.7197   -21.2883
   10  771  78  -156.4742   112.7127   -21.2883
   11  770  78  -156.4766   112.7121   -21.2883
   12  769  78  -156.4730   112.7192   -21.2884
   13  768  78  -156.4762   112.7176   -21.2883
   14  767  78  -156.4653   112.7340   -21.2883
   15  766  78  -156.4696   112.7309   -21.2884
   16  765  79  -156.4696   112.7334   -21.2869
   17  764  79  -156.4629   112.7444   -21.2869
   18  763  79  -156.4636   112.7460   -21.2869
   19  762  79  -156.4671   112.7440   -21.2869
   20  761  79  -156.4847   112.7239   -21.2869
   21  760  79  -156.4530   112.7670   -21.2869
   22  759  80  -156.4558   112.7659   -21.2854
   23  758  80  -156.4458   112.7812   -21.2853
   24  757  80  -156.4417   112.7890   -21.2854
   25  756  80  -156.4303   112.8061   -21.2854
   26  755  80  -156.4256   112.8145   -21.2854
   27  753  81  -156.4327   112.8102   -21.2838
   28  752  81  -156.4417   112.8011   -21.2838
   29  751  81  -156.4498   112.7932   -21.2838
   30  754  81  -156.4305   112.8106   -21.2838
   31  750  82  -156.4366   112.8126   -21.2823
   32  749  82  -156.4347   112.8175   -21.2823
   33  748  82  -156.4320   112.8234   -21.2823
   34  747  82  -156.4364   112.8203   -21.2823
   35  746  82  -156.4276   112.8339   -21.2823
   36  745  82  -156.4335   112.8288   -21.2823
   37  744  82  -156.4229   112.8448   -21.2824
   38  743  82  -156.4162   112.8558   -21.2824
   39  742  82  -156.4281   112.8430   -21.2824
   40  741  82  -156.4318   112.8407   -21.2824
   41  740  82  -156.4326   112.8422   -21.2824

    1  245  277  -156.5218   113.8923   -20.9979
    2  246  277  -156.5274   113.8834   -20.9977
    3  247  277  -156.5232   113.8861   -20.9977
    4  248  277  -156.5227   113.8845   -20.9977
    5  249  277  -156.5287   113.8752   -20.9975
    6  250  277  -156.5517   113.8456   -20.9969
    7  251  277  -156.5638   113.8289   -20.9966
    8  252  277  -156.5540   113.8384   -20.9968
    9  253  277  -156.5534   113.8368   -20.9968
   10  254  277  -156.5238   113.8697   -20.9975
   11  255  277  -156.5319   113.8578   -20.9973
   12  256  277  -156.5310   113.8566   -20.9972
   13  257  277  -156.5294   113.8563   -20.9972
   14  258  277  -156.5113   113.8755   -20.9976
   15  259  277  -156.4891   113.8997   -20.9982
   16  260  277  -156.4875   113.8994   -20.9982
   17  261  277  -156.4783   113.9081   -20.9984
   18  262  277  -156.4891   113.8930   -20.9982
   19  263  277  -156.5029   113.8743   -20.9978
   20  264  277  -156.5000   113.8755   -20.9979
   21  265  277  -156.4744   113.9037   -20.9985
   22  266  277  -156.4694   113.9075   -20.9985
   23  267  277  -156.4690   113.9057   -20.9985
   24  268  277  -156.4752   113.8961   -20.9984
   25  269  277  -156.4676   113.9029   -20.9986
   26  270  277  -156.4581   113.9120   -20.9988
   27  271  277  -156.4601   113.9073   -20.9987
   28  272  277  -156.4567   113.9091   -20.9987
   29  273  277  -156.4478   113.9174   -20.9989
   30  274  277  -156.4502   113.9123   -20.9989
   31  275  277  -156.4519   113.9081   -20.9988
   32  276  277  -156.4425   113.9170   -20.9990
   33  277  277  -156.4342   113.9248   -20.9992
   34  278  277  -156.4271   113.9310   -20.9993
   35  279  277  -156.4295   113.9258   -20.9992
   36  280  277  -156.4269   113.9266   -20.9993
   37  281  277  -156.4215   113.9309   -20.9994
   38  282  277  -156.4095   113.9430   -20.9997
   39  283  277  -156.4055   113.9455   -20.9998
   40  284  277  -156.4339   113.9094   -20.9991
   41  285  277  -156.4383   113.9018   -20.9990
   42  286  277  -156.4502   113.8854   -20.9986
   43  288  278  -156.4521   113.8787   -20.9971
   44  289  278  -156.4510   113.8776   -20.9970
   45  290  278  -156.4472   113.8800   -20.9971
   46  291  278  -156.4360   113.8911   -20.9974
   47  292  278  -156.4097   113.9203   -20.9980
   48  293  278  -156.4340   113.8890   -20.9974
   49  287  278  -156.4449   113.8895   -20.9973

     1  323  276  -156.3747   113.8925   -21.0011
     2  321  276  -156.3635   113.9104   -21.0015
     3  320  276  -156.3926   113.8778   -21.0008
     4  319  276  -156.3973   113.8744   -21.0007
     5  318  276  -156.3985   113.8752   -21.0007
     6  317  276  -156.3930   113.8840   -21.0008
     7  322  276  -156.3666   113.9045   -21.0014
     8  305  277  -156.4039   113.8980   -20.9993
     9  306  277  -156.4150   113.8825   -20.9991
    10  307  277  -156.4133   113.8823   -20.9991
    11  308  277  -156.3875   113.9109   -20.9997
    12  309  277  -156.4048   113.8879   -20.9992
    13  418  277  -156.3303   113.7306   -20.9988
    14  311  277  -156.3981   113.8915   -20.9993
    15  312  277  -156.3882   113.9011   -20.9996
    16  313  277  -156.3952   113.8904   -20.9994
    17  314  277  -156.3927   113.8912   -20.9994
    18  315  277  -156.3897   113.8926   -20.9995
    19  316  277  -156.3813   113.9004   -20.9996
    20  419  277  -156.3057   113.7582   -20.9994
    21  420  277  -156.3130   113.7471   -20.9992
    22  421  277  -156.3090   113.7497   -20.9993
    23  422  277  -156.3110   113.7450   -20.9992
    24  423  277  -156.3155   113.7373   -20.9991
    25  310  277  -156.3969   113.8952   -20.9994
    26  425  277  -156.2957   113.7568   -20.9995
    27  417  277  -156.3238   113.7408   -20.9990
    28  416  277  -156.3162   113.7523   -20.9992
    29  415  277  -156.3015   113.7725   -20.9996
    30  414  277  -156.2916   113.7869   -20.9999
    31  413  277  -156.2648   113.8218   -21.0006
    32  412  277  -156.2578   113.8325   -21.0008
    33  411  277  -156.2443   113.8512   -21.0012
    34  424  277  -156.2992   113.7547   -20.9995
    35  366  278  -156.3060   113.8783   -20.9991
    36  367  278  -156.3131   113.8674   -20.9989
    37  368  278  -156.3213   113.8553   -20.9987
    38  369  278  -156.2997   113.8791   -20.9992
    39  370  278  -156.3007   113.8756   -20.9992
    40  371  278  -156.3041   113.8692   -20.9991
    41  372  278  -156.2965   113.8762   -20.9992
    42  373  278  -156.3011   113.8684   -20.9991
    43  374  278  -156.2963   113.8719   -20.9992
    44  375  278  -156.2949   113.8713   -20.9993
    45  376  278  -156.2898   113.8753   -20.9994
    46  377  278  -156.2989   113.8620   -20.9992
    47  365  278  -156.3044   113.8825   -20.9991
    48  379  278  -156.2981   113.8584   -20.9992
    49  380  278  -156.3109   113.8406   -20.9988
    50  381  278  -156.3038   113.8470   -20.9989
    51  382  278  -156.3113   113.8356   -20.9988
    52  383  278  -156.3041   113.8420   -20.9989
    53  384  278  -156.3102   113.8325   -20.9988
    54  385  278  -156.3098   113.8306   -20.9988
    55  386  278  -156.3028   113.8369   -20.9989
    56  387  278  -156.3034   113.8339   -20.9989
    57  388  278  -156.2974   113.8389   -20.9991
    58  389  278  -156.3162   113.8138   -20.9985
    59  390  278  -156.3009   113.8300   -20.9989
    60  391  278  -156.3167   113.8086   -20.9984
    61  392  278  -156.3123   113.8117   -20.9985
    62  393  278  -156.3184   113.8021   -20.9984
    63  394  278  -156.2898   113.8344   -20.9991
    64  395  278  -156.3078   113.8104   -20.9986
    65  396  278  -156.3116   113.8035   -20.9985
    66  397  278  -156.3134   113.7990   -20.9984
    67  398  278  -156.3165   113.7930   -20.9983
    68  399  278  -156.3212   113.7850   -20.9982
    69  400  278  -156.3217   113.7821   -20.9981
    70  401  278  -156.3107   113.7932   -20.9984
    71  402  278  -156.3148   113.7859   -20.9982
    72  403  278  -156.3145   113.7840   -20.9982
    73  404  278  -156.3139   113.7825   -20.9982
    74  405  278  -156.3019   113.7948   -20.9985
    75  406  278  -156.2955   113.8003   -20.9986
    76  407  278  -156.3112   113.7789   -20.9982
    77  408  278  -156.3003   113.7900   -20.9984
    78  409  278  -156.2955   113.7934   -20.9985
    79  410  278  -156.2818   113.8078   -20.9988
    80  364  278  -156.3042   113.8850   -20.9991
    81  363  278  -156.2955   113.8978   -20.9994
    82  362  278  -156.2974   113.8977   -20.9994
    83  361  278  -156.2999   113.8969   -20.9993
    84  360  278  -156.2956   113.9044   -20.9994
    85  359  278  -156.2946   113.9079   -20.9995
    86  358  278  -156.3046   113.8980   -20.9992
    87  304  278  -156.4042   113.8999   -20.9979
    88  303  278  -156.4084   113.8971   -20.9978
    89  302  278  -156.4089   113.8988   -20.9978
    90  301  278  -156.4098   113.9000   -20.9978
    91  300  278  -156.4112   113.9006   -20.9978
    92  299  278  -156.4052   113.9100   -20.9980
    93  378  278  -156.2971   113.8619   -20.9992
    94  298  278  -156.4146   113.9009   -20.9977
    95  426  278  -156.3117   113.7350   -20.9977
    96  427  278  -156.2975   113.7500   -20.9980
    97  428  278  -156.2861   113.7617   -20.9983
    98  429  278  -156.2835   113.7626   -20.9983
    99  430  278  -156.2900   113.7523   -20.9981
   100  431  278  -156.2855   113.7556   -20.9982
