; ENVI Output of ROIs (5.4) [Tue Aug 06 11:41:10 2019]
; Number of ROIs: 13
; File Dimension: 1328 x 1184
;
; ROI name: Region #1
; ROI rgb value: {255, 0, 0}
; ROI npts: 74
;
; ROI name: Region #2
; ROI rgb value: {0, 255, 0}
; ROI npts: 71
;
; ROI name: Region #3
; ROI rgb value: {0, 0, 255}
; ROI npts: 56
;
; ROI name: Region #4
; ROI rgb value: {255, 255, 0}
; ROI npts: 55
;
; ROI name: Region #5
; ROI rgb value: {0, 255, 255}
; ROI npts: 50
;
; ROI name: Region #6
; ROI rgb value: {255, 0, 255}
; ROI npts: 61
;
; ROI name: Region #7
; ROI rgb value: {176, 48, 96}
; ROI npts: 51
;
; ROI name: Region #8
; ROI rgb value: {46, 139, 87}
; ROI npts: 55
;
; ROI name: Region #9
; ROI rgb value: {160, 32, 240}
; ROI npts: 34
;
; ROI name: Region #10
; ROI rgb value: {255, 127, 80}
; ROI npts: 50
;
; ROI name: Region #11
; ROI rgb value: {127, 255, 212}
; ROI npts: 158
;
; ROI name: Region #12
; ROI rgb value: {218, 112, 214}
; ROI npts: 169
;
; ROI name: Region #13
; ROI rgb value: {160, 82, 45}
; ROI npts: 131
;  ID    X    Y         B1         B2         B3
    1  660  498  -133.7239   112.5929   -19.4481
    2  661  498  -133.7243   112.5925   -19.4481
    3  661  499  -133.7235   112.5922   -19.4476
    4  662  499  -133.7230   112.5915   -19.4477
    5  667  500  -133.7252   112.5895   -19.4471
    6  669  500  -133.7236   112.5878   -19.4472
    7  666  500  -133.7249   112.5899   -19.4471
    8  664  500  -133.7241   112.5908   -19.4471
    9  663  500  -133.7250   112.5917   -19.4470
   10  665  500  -133.7255   112.5908   -19.4470
   11  668  500  -133.7247   112.5888   -19.4471
   12  669  501  -133.7223   112.5872   -19.4468
   13  670  501  -133.7206   112.5860   -19.4469
   14  675  502  -133.7171   112.5818   -19.4467
   15  677  502  -133.7199   112.5818   -19.4466
   16  678  502  -133.7211   112.5817   -19.4465
   17  679  502  -133.7224   112.5817   -19.4464
   18  676  502  -133.7181   112.5817   -19.4467
   19  674  502  -133.7171   112.5824   -19.4467
   20  673  502  -133.7197   112.5840   -19.4465
   21  672  502  -133.7204   112.5848   -19.4464
   22  671  502  -133.7211   112.5856   -19.4464
   23  679  503  -133.7197   112.5806   -19.4461
   24  681  503  -133.7221   112.5804   -19.4460
   25  682  503  -133.7222   112.5799   -19.4460
   26  683  503  -133.7197   112.5784   -19.4462
   27  684  503  -133.7218   112.5786   -19.4461
   28  680  503  -133.7213   112.5807   -19.4460
   29  684  504  -133.7208   112.5782   -19.4456
   30  686  504  -133.7183   112.5761   -19.4458
   31  685  504  -133.7211   112.5778   -19.4456
   32  718  505  -133.7342   112.5644   -19.4446
   33  717  505  -133.7348   112.5652   -19.4446
   34  716  505  -133.7339   112.5654   -19.4446
   35  711  505  -133.7305   112.5668   -19.4448
   36  693  505  -133.7209   112.5732   -19.4452
   37  719  505  -133.7347   112.5640   -19.4446
   38  691  505  -133.7215   112.5746   -19.4451
   39  690  505  -133.7198   112.5744   -19.4452
   40  689  505  -133.7184   112.5745   -19.4453
   41  688  505  -133.7183   112.5750   -19.4453
   42  687  505  -133.7182   112.5755   -19.4453
   43  686  505  -133.7179   112.5760   -19.4453
   44  727  505  -133.7325   112.5587   -19.4449
   45  725  505  -133.7360   112.5611   -19.4447
   46  726  505  -133.7338   112.5597   -19.4448
   47  724  505  -133.7369   112.5620   -19.4446
   48  723  505  -133.7360   112.5622   -19.4446
   49  722  505  -133.7369   112.5632   -19.4445
   50  721  505  -133.7330   112.5622   -19.4448
   51  692  505  -133.7211   112.5739   -19.4452
   52  720  505  -133.7347   112.5634   -19.4447
   53  712  505  -133.7307   112.5664   -19.4448
   54  713  505  -133.7314   112.5661   -19.4448
   55  714  505  -133.7326   112.5660   -19.4447
   56  694  505  -133.7212   112.5728   -19.4452
   57  715  505  -133.7320   112.5652   -19.4448
   58  728  505  -133.7335   112.5585   -19.4449
   59  696  506  -133.7211   112.5716   -19.4447
   60  697  506  -133.7207   112.5709   -19.4448
   61  698  506  -133.7161   112.5685   -19.4452
   62  699  506  -133.7207   112.5698   -19.4448
   63  700  506  -133.7219   112.5697   -19.4447
   64  701  506  -133.7218   112.5691   -19.4448
   65  702  506  -133.7213   112.5683   -19.4448
   66  704  506  -133.7246   112.5685   -19.4446
   67  705  506  -133.7276   112.5691   -19.4444
   68  706  506  -133.7268   112.5682   -19.4445
   69  707  506  -133.7262   112.5674   -19.4445
   70  708  506  -133.7262   112.5669   -19.4446
   71  709  506  -133.7281   112.5670   -19.4444
   72  710  506  -133.7286   112.5667   -19.4444
   73  711  506  -133.7269   112.5654   -19.4446
   74  695  506  -133.7207   112.5720   -19.4447

    1  659  492  -133.7278   112.5951   -19.4509
    2  658  492  -133.7273   112.5954   -19.4509
    3  660  493  -133.7268   112.5941   -19.4505
    4  659  493  -133.7270   112.5947   -19.4504
    5  661  494  -133.7269   112.5935   -19.4500
    6  662  494  -133.7276   112.5933   -19.4499
    7  660  494  -133.7274   112.5943   -19.4499
    8  662  495  -133.7294   112.5940   -19.4493
    9  663  495  -133.7292   112.5934   -19.4493
   10  664  495  -133.7307   112.5934   -19.4492
   11  665  495  -133.7293   112.5922   -19.4494
   12  666  495  -133.7292   112.5916   -19.4494
   13  667  495  -133.7278   112.5905   -19.4495
   14  668  496  -133.7271   112.5897   -19.4490
   15  667  496  -133.7286   112.5909   -19.4489
   16  669  497  -133.7254   112.5885   -19.4487
   17  670  497  -133.7223   112.5867   -19.4489
   18  671  497  -133.7214   112.5858   -19.4490
   19  672  497  -133.7213   112.5852   -19.4490
   20  673  497  -133.7230   112.5853   -19.4489
   21  674  498  -133.7192   112.5832   -19.4487
   22  675  498  -133.7212   112.5835   -19.4486
   23  676  498  -133.7204   112.5826   -19.4486
   24  677  498  -133.7216   112.5825   -19.4486
   25  678  498  -133.7200   112.5813   -19.4487
   26  679  498  -133.7212   112.5812   -19.4487
   27  680  498  -133.7213   112.5807   -19.4487
   28  681  498  -133.7213   112.5801   -19.4487
   29  682  498  -133.7205   112.5792   -19.4488
   30  683  498  -133.7218   112.5792   -19.4487
   31  684  498  -133.7218   112.5786   -19.4487
   32  685  499  -133.7204   112.5775   -19.4483
   33  686  499  -133.7202   112.5769   -19.4483
   34  691  499  -133.7224   112.5749   -19.4482
   35  690  499  -133.7217   112.5752   -19.4483
   36  689  499  -133.7209   112.5755   -19.4483
   37  688  499  -133.7199   112.5756   -19.4484
   38  687  499  -133.7211   112.5767   -19.4483
   39  691  500  -133.7234   112.5753   -19.4476
   40  692  500  -133.7237   112.5749   -19.4476
   41  693  500  -133.7248   112.5748   -19.4476
   42  694  500  -133.7249   112.5742   -19.4476
   43  695  500  -133.7230   112.5729   -19.4477
   44  696  500  -133.7241   112.5728   -19.4477
   45  697  500  -133.7211   112.5711   -19.4479
   46  698  500  -133.7239   112.5716   -19.4477
   47  699  500  -133.7262   112.5719   -19.4476
   48  700  500  -133.7267   112.5716   -19.4475
   49  701  500  -133.7276   112.5713   -19.4475
   50  702  500  -133.7246   112.5696   -19.4477
   51  703  500  -133.7278   112.5703   -19.4475
   52  704  500  -133.7239   112.5682   -19.4478
   53  705  500  -133.7315   112.5706   -19.4473
   54  706  500  -133.7301   112.5695   -19.4474
   55  707  500  -133.7333   112.5702   -19.4471
   56  708  500  -133.7323   112.5693   -19.4472
   57  708  501  -133.7310   112.5687   -19.4468
   58  709  501  -133.7325   112.5688   -19.4467
   59  710  501  -133.7308   112.5675   -19.4469
   60  711  501  -133.7300   112.5667   -19.4470
   61  712  501  -133.7298   112.5661   -19.4470
   62  713  501  -133.7289   112.5651   -19.4471
   63  714  501  -133.7285   112.5644   -19.4472
   64  715  501  -133.7329   112.5655   -19.4468
   65  716  501  -133.7316   112.5645   -19.4469
   66  717  501  -133.7316   112.5639   -19.4470
   67  718  501  -133.7334   112.5641   -19.4468
   68  719  501  -133.7326   112.5632   -19.4469
   69  720  501  -133.7352   112.5637   -19.4467
   70  721  501  -133.7350   112.5630   -19.4468
   71  722  501  -133.7336   112.5619   -19.4469

    1  603  487  -133.7388   112.6310   -19.4516
    2  604  487  -133.7386   112.6303   -19.4517
    3  602  487  -133.7378   112.6312   -19.4517
    4  604  488  -133.7387   112.6304   -19.4512
    5  605  488  -133.7393   112.6301   -19.4511
    6  606  488  -133.7386   112.6292   -19.4512
    7  607  488  -133.7391   112.6289   -19.4512
    8  608  489  -133.7396   112.6285   -19.4506
    9  609  489  -133.7392   112.6278   -19.4507
   10  610  489  -133.7398   112.6274   -19.4507
   11  611  489  -133.7401   112.6270   -19.4507
   12  612  489  -133.7430   112.6276   -19.4505
   13  607  489  -133.7387   112.6287   -19.4507
   14  612  490  -133.7405   112.6266   -19.4501
   15  640  490  -133.7346   112.6084   -19.4511
   16  639  490  -133.7336   112.6086   -19.4512
   17  638  490  -133.7313   112.6083   -19.4513
   18  637  490  -133.7323   112.6092   -19.4512
   19  636  490  -133.7297   112.6087   -19.4514
   20  635  490  -133.7329   112.6106   -19.4511
   21  634  490  -133.7317   112.6107   -19.4512
   22  633  490  -133.7293   112.6103   -19.4514
   23  632  490  -133.7297   112.6110   -19.4513
   24  631  490  -133.7289   112.6112   -19.4514
   25  630  490  -133.7286   112.6117   -19.4514
   26  629  490  -133.7282   112.6121   -19.4514
   27  628  490  -133.7284   112.6128   -19.4514
   28  627  490  -133.7287   112.6134   -19.4513
   29  626  490  -133.7321   112.6153   -19.4510
   30  625  490  -133.7338   112.6166   -19.4509
   31  624  490  -133.7338   112.6172   -19.4509
   32  623  490  -133.7354   112.6183   -19.4507
   33  622  490  -133.7370   112.6195   -19.4506
   34  621  490  -133.7368   112.6200   -19.4506
   35  620  490  -133.7357   112.6201   -19.4507
   36  619  490  -133.7423   112.6234   -19.4501
   37  618  490  -133.7386   112.6224   -19.4504
   38  617  490  -133.7388   112.6231   -19.4504
   39  616  490  -133.7402   112.6242   -19.4502
   40  615  490  -133.7403   112.6248   -19.4502
   41  614  490  -133.7388   112.6248   -19.4503
   42  613  490  -133.7404   112.6260   -19.4502
   43  640  491  -133.7347   112.6085   -19.4505
   44  641  491  -133.7332   112.6073   -19.4507
   45  642  491  -133.7339   112.6070   -19.4507
   46  643  491  -133.7330   112.6061   -19.4507
   47  644  491  -133.7315   112.6049   -19.4509
   48  645  491  -133.7313   112.6043   -19.4509
   49  646  491  -133.7314   112.6038   -19.4509
   50  647  491  -133.7295   112.6025   -19.4511
   51  648  491  -133.7281   112.6014   -19.4512
   52  649  491  -133.7301   112.6016   -19.4511
   53  650  491  -133.7288   112.6005   -19.4512
   54  651  491  -133.7291   112.6001   -19.4512
   55  652  491  -133.7263   112.5984   -19.4514
   56  653  491  -133.7259   112.5977   -19.4515

    1  163  583  -133.6044   112.8237   -19.4040
    2  164  584  -133.6041   112.8231   -19.4035
    3  165  584  -133.6022   112.8217   -19.4037
    4  163  584  -133.6035   112.8233   -19.4035
    5  166  585  -133.5962   112.8185   -19.4037
    6  167  585  -133.5956   112.8176   -19.4038
    7  168  585  -133.5951   112.8168   -19.4038
    8  170  585  -133.5915   112.8141   -19.4042
    9  171  586  -133.5927   112.8141   -19.4036
   10  170  586  -133.5952   112.8157   -19.4034
   11  172  587  -133.5918   112.8131   -19.4032
   12  173  587  -133.5879   112.8109   -19.4035
   13  174  587  -133.5872   112.8100   -19.4036
   14  175  587  -133.5895   112.8104   -19.4034
   15  176  587  -133.5910   112.8105   -19.4033
   16  177  587  -133.5920   112.8104   -19.4033
   17  178  587  -133.5914   112.8096   -19.4033
   18  179  587  -133.5894   112.8081   -19.4035
   19  180  587  -133.5874   112.8067   -19.4037
   20  181  587  -133.5889   112.8068   -19.4036
   21  182  587  -133.5913   112.8073   -19.4034
   22  183  587  -133.5913   112.8067   -19.4034
   23  184  587  -133.5909   112.8060   -19.4035
   24  185  587  -133.5918   112.8058   -19.4034
   25  186  587  -133.5888   112.8039   -19.4037
   26  191  587  -133.5768   112.7959   -19.4048
   27  190  587  -133.5786   112.7972   -19.4046
   28  189  587  -133.5768   112.7970   -19.4047
   29  188  587  -133.5830   112.8003   -19.4042
   30  187  587  -133.5911   112.8044   -19.4035
   31  193  588  -133.5791   112.7958   -19.4041
   32  192  588  -133.5758   112.7949   -19.4044
   33  193  589  -133.5847   112.7982   -19.4031
   34  194  589  -133.5848   112.7977   -19.4031
   35  195  589  -133.5860   112.7976   -19.4030
   36  196  589  -133.5906   112.7991   -19.4027
   37  197  589  -133.5909   112.7986   -19.4027
   38  198  589  -133.5925   112.7988   -19.4025
   39  199  589  -133.5908   112.7975   -19.4027
   40  200  590  -133.5982   112.8001   -19.4016
   41  201  590  -133.5959   112.7986   -19.4018
   42  199  590  -133.5962   112.7998   -19.4017
   43  201  591  -133.6003   112.8005   -19.4009
   44  202  591  -133.5981   112.7989   -19.4011
   45  203  591  -133.6051   112.8014   -19.4006
   46  204  591  -133.6036   112.8002   -19.4007
   47  205  591  -133.6004   112.7983   -19.4010
   48  206  591  -133.6009   112.7979   -19.4010
   49  207  591  -133.6000   112.7969   -19.4011
   50  208  591  -133.6033   112.7978   -19.4008
   51  209  591  -133.6012   112.7963   -19.4010
   52  210  591  -133.6003   112.7954   -19.4011
   53  211  591  -133.5993   112.7944   -19.4012
   54  212  591  -133.6001   112.7942   -19.4012
   55  213  591  -133.5984   112.7929   -19.4014

    1  153  587  -133.6008   112.8278   -19.4020
    2  154  588  -133.5981   112.8261   -19.4018
    3  153  588  -133.5977   112.8264   -19.4018
    4  155  589  -133.5935   112.8235   -19.4017
    5  156  589  -133.5942   112.8232   -19.4017
    6  157  589  -133.5934   112.8223   -19.4017
    7  158  590  -133.5895   112.8200   -19.4016
    8  159  590  -133.5902   112.8198   -19.4015
    9  160  590  -133.5864   112.8175   -19.4018
   10  161  590  -133.5891   112.8182   -19.4016
   11  157  590  -133.5911   112.8213   -19.4014
   12  161  591  -133.5890   112.8181   -19.4011
   13  162  591  -133.5913   112.8186   -19.4009
   14  163  591  -133.5869   112.8161   -19.4013
   15  165  592  -133.5881   112.8155   -19.4008
   16  166  592  -133.5868   112.8143   -19.4009
   17  167  592  -133.5871   112.8139   -19.4009
   18  168  592  -133.5872   112.8134   -19.4009
   19  169  592  -133.5877   112.8130   -19.4009
   20  170  592  -133.5860   112.8117   -19.4010
   21  171  592  -133.5844   112.8105   -19.4012
   22  163  592  -133.5919   112.8183   -19.4004
   23  171  593  -133.5827   112.8097   -19.4008
   24  173  593  -133.5812   112.8080   -19.4009
   25  174  593  -133.5797   112.8067   -19.4011
   26  175  593  -133.5808   112.8067   -19.4010
   27  176  593  -133.5807   112.8061   -19.4010
   28  177  593  -133.5819   112.8060   -19.4010
   29  178  593  -133.5796   112.8044   -19.4012
   30  179  593  -133.5835   112.8056   -19.4009
   31  180  593  -133.5843   112.8053   -19.4008
   32  181  593  -133.5847   112.8049   -19.4008
   33  182  593  -133.5848   112.8045   -19.4008
   34  183  593  -133.5855   112.8042   -19.4008
   35  184  593  -133.5869   112.8042   -19.4007
   36  185  593  -133.5896   112.8048   -19.4005
   37  186  593  -133.5880   112.8036   -19.4006
   38  187  593  -133.5943   112.8057   -19.4001
   39  188  593  -133.5969   112.8063   -19.3999
   40  189  594  -133.5930   112.8041   -19.3997
   41  190  594  -133.5949   112.8043   -19.3996
   42  191  594  -133.5935   112.8031   -19.3997
   43  192  594  -133.5938   112.8027   -19.3997
   44  188  594  -133.5900   112.8033   -19.4000
   45  193  595  -133.5866   112.7990   -19.3999
   46  194  595  -133.5851   112.7978   -19.4000
   47  195  595  -133.5928   112.8006   -19.3994
   48  196  595  -133.5915   112.7994   -19.3995
   49  197  595  -133.5928   112.7995   -19.3994
   50  198  595  -133.5999   112.8020   -19.3988

    1  214  689  -133.4941   112.7470   -19.3601
    2  213  689  -133.4940   112.7475   -19.3601
    3  216  690  -133.4923   112.7451   -19.3598
    4  215  690  -133.4932   112.7460   -19.3597
    5  216  691  -133.4917   112.7448   -19.3594
    6  217  691  -133.4918   112.7443   -19.3594
    7  218  691  -133.4915   112.7437   -19.3594
    8  219  691  -133.4915   112.7431   -19.3595
    9  220  691  -133.4918   112.7427   -19.3595
   10  222  691  -133.4924   112.7418   -19.3595
   11  223  691  -133.4935   112.7417   -19.3594
   12  224  691  -133.4930   112.7410   -19.3595
   13  226  692  -133.4927   112.7397   -19.3590
   14  227  692  -133.4936   112.7395   -19.3589
   15  225  692  -133.4956   112.7415   -19.3587
   16  228  693  -133.4965   112.7403   -19.3582
   17  229  693  -133.4961   112.7395   -19.3582
   18  230  693  -133.4948   112.7384   -19.3584
   19  231  693  -133.4934   112.7372   -19.3585
   20  232  693  -133.4940   112.7370   -19.3585
   21  234  694  -133.4948   112.7362   -19.3580
   22  235  694  -133.4963   112.7363   -19.3579
   23  232  694  -133.4946   112.7372   -19.3579
   24  235  695  -133.4925   112.7347   -19.3577
   25  236  695  -133.4928   112.7342   -19.3577
   26  237  695  -133.4935   112.7340   -19.3576
   27  238  695  -133.4953   112.7342   -19.3575
   28  239  695  -133.4985   112.7350   -19.3572
   29  240  695  -133.4996   112.7349   -19.3571
   30  241  695  -133.5015   112.7352   -19.3570
   31  242  695  -133.4986   112.7334   -19.3573
   32  243  695  -133.5039   112.7351   -19.3568
   33  244  695  -133.5058   112.7354   -19.3566
   34  245  695  -133.5038   112.7339   -19.3569
   35  246  695  -133.5098   112.7360   -19.3563
   36  247  695  -133.5055   112.7336   -19.3567
   37  248  695  -133.5072   112.7337   -19.3566
   38  249  695  -133.4982   112.7293   -19.3574
   39  250  695  -133.4958   112.7277   -19.3577
   40  251  696  -133.4916   112.7254   -19.3576
   41  252  696  -133.4936   112.7257   -19.3574
   42  253  696  -133.4972   112.7267   -19.3571
   43  250  696  -133.4911   112.7257   -19.3576
   44  255  697  -133.4891   112.7221   -19.3574
   45  257  698  -133.4831   112.7184   -19.3575
   46  258  698  -133.4852   112.7188   -19.3573
   47  256  698  -133.4882   112.7212   -19.3570
   48  258  699  -133.4858   112.7190   -19.3567
   49  259  699  -133.4850   112.7181   -19.3568
   50  260  699  -133.4850   112.7176   -19.3568
   51  261  699  -133.4854   112.7172   -19.3568
   52  262  699  -133.4840   112.7160   -19.3570
   53  263  699  -133.4836   112.7153   -19.3570
   54  264  699  -133.4844   112.7151   -19.3570
   55  265  699  -133.4849   112.7148   -19.3569
   56  266  699  -133.4859   112.7146   -19.3569
   57  267  700  -133.4855   112.7139   -19.3564
   58  268  700  -133.4863   112.7137   -19.3564
   59  269  700  -133.4868   112.7134   -19.3563
   60  270  700  -133.4869   112.7128   -19.3564
   61  266  700  -133.4857   112.7146   -19.3564

    1  150  399  -133.7770   112.9069   -19.4873
    2  149  399  -133.7798   112.9087   -19.4871
    3  151  400  -133.7738   112.9049   -19.4870
    4  150  400  -133.7749   112.9060   -19.4869
    5  152  401  -133.7707   112.9030   -19.4868
    6  153  401  -133.7715   112.9027   -19.4867
    7  154  401  -133.7715   112.9021   -19.4867
    8  155  401  -133.7716   112.9016   -19.4867
    9  156  402  -133.7687   112.8998   -19.4864
   10  157  402  -133.7690   112.8993   -19.4864
   11  158  402  -133.7699   112.8992   -19.4864
   12  159  402  -133.7678   112.8977   -19.4865
   13  160  402  -133.7675   112.8969   -19.4866
   14  155  402  -133.7694   112.9007   -19.4864
   15  161  403  -133.7663   112.8958   -19.4861
   16  162  403  -133.7685   112.8962   -19.4860
   17  163  403  -133.7671   112.8950   -19.4861
   18  180  403  -133.7692   112.8861   -19.4863
   19  179  403  -133.7702   112.8871   -19.4862
   20  178  403  -133.7693   112.8873   -19.4863
   21  177  403  -133.7697   112.8880   -19.4862
   22  176  403  -133.7715   112.8894   -19.4861
   23  175  403  -133.7688   112.8888   -19.4862
   24  174  403  -133.7665   112.8884   -19.4864
   25  173  403  -133.7652   112.8884   -19.4864
   26  172  403  -133.7653   112.8890   -19.4864
   27  171  403  -133.7644   112.8892   -19.4864
   28  170  403  -133.7668   112.8908   -19.4862
   29  169  403  -133.7677   112.8918   -19.4862
   30  168  403  -133.7670   112.8921   -19.4862
   31  167  403  -133.7653   112.8919   -19.4863
   32  166  403  -133.7652   112.8925   -19.4863
   33  165  403  -133.7681   112.8943   -19.4861
   34  164  403  -133.7675   112.8946   -19.4861
   35  181  404  -133.7694   112.8856   -19.4858
   36  182  404  -133.7689   112.8848   -19.4858
   37  180  404  -133.7707   112.8867   -19.4857
   38  183  405  -133.7693   112.8844   -19.4853
   39  184  405  -133.7700   112.8841   -19.4852
   40  185  405  -133.7641   112.8810   -19.4857
   41  186  405  -133.7735   112.8845   -19.4851
   42  187  405  -133.7715   112.8830   -19.4852
   43  188  405  -133.7731   112.8832   -19.4851
   44  189  405  -133.7750   112.8834   -19.4850
   45  190  405  -133.7710   112.8811   -19.4853
   46  191  405  -133.7674   112.8789   -19.4855
   47  192  405  -133.7698   112.8794   -19.4854
   48  194  405  -133.7688   112.8778   -19.4856
   49  196  406  -133.7697   112.8770   -19.4850
   50  197  406  -133.7702   112.8767   -19.4850
   51  194  406  -133.7690   112.8779   -19.4850

    1  143  403  -133.7705   112.9081   -19.4856
    2  143  404  -133.7725   112.9090   -19.4849
    3  145  404  -133.7706   112.9070   -19.4851
    4  146  404  -133.7730   112.9075   -19.4849
    5  147  404  -133.7748   112.9077   -19.4848
    6  148  405  -133.7720   112.9059   -19.4845
    7  149  405  -133.7738   112.9061   -19.4844
    8  150  405  -133.7693   112.9035   -19.4847
    9  147  405  -133.7729   112.9068   -19.4845
   10  150  406  -133.7701   112.9039   -19.4841
   11  151  406  -133.7690   112.9028   -19.4842
   12  152  406  -133.7680   112.9018   -19.4843
   13  153  406  -133.7678   112.9011   -19.4844
   14  154  406  -133.7679   112.9006   -19.4844
   15  155  406  -133.7686   112.9003   -19.4843
   16  156  406  -133.7681   112.8995   -19.4844
   17  157  406  -133.7682   112.8990   -19.4844
   18  158  406  -133.7666   112.8977   -19.4845
   19  159  406  -133.7673   112.8974   -19.4845
   20  162  407  -133.7651   112.8947   -19.4841
   21  163  407  -133.7651   112.8942   -19.4842
   22  161  407  -133.7655   112.8955   -19.4841
   23  164  408  -133.7622   112.8923   -19.4839
   24  165  408  -133.7616   112.8914   -19.4839
   25  166  408  -133.7615   112.8908   -19.4840
   26  167  408  -133.7611   112.8901   -19.4840
   27  168  408  -133.7619   112.8899   -19.4840
   28  169  408  -133.7616   112.8892   -19.4840
   29  170  408  -133.7619   112.8887   -19.4840
   30  171  408  -133.7621   112.8882   -19.4840
   31  173  408  -133.7626   112.8873   -19.4840
   32  174  408  -133.7645   112.8875   -19.4839
   33  175  408  -133.7645   112.8869   -19.4839
   34  176  408  -133.7648   112.8865   -19.4839
   35  177  408  -133.7637   112.8854   -19.4840
   36  178  409  -133.7629   112.8845   -19.4835
   37  179  409  -133.7635   112.8842   -19.4835
   38  180  409  -133.7639   112.8838   -19.4835
   39  177  409  -133.7634   112.8853   -19.4835
   40  181  410  -133.7637   112.8831   -19.4829
   41  182  410  -133.7627   112.8821   -19.4830
   42  197  410  -133.7663   112.8750   -19.4831
   43  184  411  -133.7650   112.8819   -19.4824
   44  185  411  -133.7638   112.8808   -19.4825
   45  186  411  -133.7622   112.8796   -19.4826
   46  183  411  -133.7618   112.8811   -19.4826
   47  188  411  -133.7610   112.8779   -19.4828
   48  189  411  -133.7631   112.8782   -19.4826
   49  190  411  -133.7615   112.8769   -19.4827
   50  191  411  -133.7639   112.8774   -19.4826
   51  192  411  -133.7644   112.8771   -19.4826
   52  193  411  -133.7648   112.8767   -19.4826
   53  194  411  -133.7647   112.8760   -19.4826
   54  196  411  -133.7651   112.8750   -19.4827
   55  187  411  -133.7609   112.8784   -19.4827

    1  144  432  -133.7600   112.9029   -19.4709
    2  145  433  -133.7604   112.9025   -19.4704
    3  146  433  -133.7599   112.9017   -19.4704
    4  147  433  -133.7605   112.9014   -19.4704
    5  144  433  -133.7599   112.9029   -19.4704
    6  147  434  -133.7599   112.9011   -19.4699
    7  148  434  -133.7606   112.9009   -19.4699
    8  149  434  -133.7597   112.8999   -19.4699
    9  150  434  -133.7602   112.8995   -19.4699
   10  151  434  -133.7597   112.8987   -19.4700
   11  152  434  -133.7598   112.8982   -19.4700
   12  153  434  -133.7592   112.8974   -19.4700
   13  153  435  -133.7602   112.8978   -19.4694
   14  154  435  -133.7602   112.8972   -19.4694
   15  155  435  -133.7585   112.8959   -19.4695
   16  156  435  -133.7591   112.8956   -19.4695
   17  157  435  -133.7584   112.8947   -19.4696
   18  158  435  -133.7583   112.8940   -19.4696
   19  159  435  -133.7573   112.8931   -19.4697
   20  159  436  -133.7564   112.8927   -19.4692
   21  160  436  -133.7559   112.8918   -19.4692
   22  161  436  -133.7556   112.8912   -19.4693
   23  162  436  -133.7554   112.8905   -19.4693
   24  163  436  -133.7554   112.8899   -19.4694
   25  164  436  -133.7554   112.8893   -19.4694
   26  165  436  -133.7561   112.8890   -19.4694
   27  166  436  -133.7570   112.8889   -19.4693
   28  167  436  -133.7525   112.8863   -19.4696
   29  168  436  -133.7518   112.8854   -19.4697
   30  169  436  -133.7513   112.8846   -19.4698
   31  170  436  -133.7534   112.8850   -19.4696
   32  171  436  -133.7527   112.8841   -19.4697
   33  172  436  -133.7524   112.8834   -19.4697
   34  173  436  -133.7531   112.8831   -19.4697

    1  147  439  -133.7576   112.9001   -19.4673
    2  148  439  -133.7597   112.9005   -19.4672
    3  149  439  -133.7585   112.8993   -19.4673
    4  146  439  -133.7595   112.9016   -19.4671
    5  149  440  -133.7588   112.8995   -19.4667
    6  150  440  -133.7597   112.8993   -19.4667
    7  151  440  -133.7593   112.8986   -19.4667
    8  152  440  -133.7595   112.8981   -19.4668
    9  153  440  -133.7610   112.8981   -19.4666
   10  154  440  -133.7583   112.8964   -19.4669
   11  155  440  -133.7584   112.8958   -19.4669
   12  156  440  -133.7580   112.8951   -19.4669
   13  157  441  -133.7554   112.8933   -19.4667
   14  158  441  -133.7573   112.8936   -19.4665
   15  159  441  -133.7588   112.8937   -19.4664
   16  160  441  -133.7607   112.8939   -19.4663
   17  156  441  -133.7597   112.8958   -19.4663
   18  160  442  -133.7553   112.8916   -19.4662
   19  161  442  -133.7575   112.8920   -19.4660
   20  162  442  -133.7576   112.8914   -19.4661
   21  163  442  -133.7552   112.8898   -19.4662
   22  164  442  -133.7559   112.8895   -19.4662
   23  165  442  -133.7541   112.8882   -19.4664
   24  166  443  -133.7561   112.8884   -19.4657
   25  167  443  -133.7568   112.8882   -19.4657
   26  168  443  -133.7558   112.8872   -19.4658
   27  169  443  -133.7538   112.8857   -19.4659
   28  170  443  -133.7550   112.8857   -19.4659
   29  171  443  -133.7557   112.8854   -19.4658
   30  172  443  -133.7549   112.8845   -19.4659
   31  173  443  -133.7547   112.8838   -19.4659
   32  174  444  -133.7562   112.8839   -19.4653
   33  175  444  -133.7565   112.8834   -19.4653
   34  173  444  -133.7560   112.8844   -19.4653
   35  175  445  -133.7572   112.8837   -19.4647
   36  176  445  -133.7572   112.8831   -19.4648
   37  177  445  -133.7585   112.8831   -19.4647
   38  178  445  -133.7577   112.8822   -19.4648
   39  180  445  -133.7563   112.8804   -19.4649
   40  181  445  -133.7542   112.8789   -19.4650
   41  182  445  -133.7554   112.8789   -19.4649
   42  183  445  -133.7558   112.8785   -19.4649
   43  184  445  -133.7560   112.8780   -19.4649
   44  185  445  -133.7568   112.8778   -19.4649
   45  186  445  -133.7561   112.8769   -19.4649
   46  188  446  -133.7543   112.8750   -19.4646
   47  189  446  -133.7551   112.8747   -19.4645
   48  190  446  -133.7552   112.8742   -19.4645
   49  191  446  -133.7530   112.8727   -19.4647
   50  187  446  -133.7537   112.8753   -19.4646

     1  430  832  -133.3458   112.5659   -19.3073
     2  432  833  -133.3438   112.5640   -19.3070
     3  431  833  -133.3444   112.5648   -19.3069
     4  434  834  -133.3424   112.5624   -19.3067
     5  433  834  -133.3433   112.5633   -19.3066
     6  436  835  -133.3423   112.5612   -19.3063
     7  437  835  -133.3423   112.5607   -19.3063
     8  435  835  -133.3426   112.5619   -19.3062
     9  437  836  -133.3408   112.5601   -19.3060
    10  438  836  -133.3409   112.5596   -19.3060
    11  439  836  -133.3408   112.5590   -19.3060
    12  441  837  -133.3356   112.5558   -19.3061
    13  442  838  -133.3335   112.5544   -19.3058
    14  441  838  -133.3351   112.5556   -19.3057
    15  443  839  -133.3348   112.5544   -19.3052
    16  444  840  -133.3341   112.5536   -19.3048
    17  445  841  -133.3360   112.5538   -19.3042
    18  446  841  -133.3371   112.5537   -19.3041
    19  447  841  -133.3342   112.5520   -19.3044
    20  449  842  -133.3289   112.5487   -19.3045
    21  448  842  -133.3293   112.5494   -19.3044
    22  450  843  -133.3285   112.5480   -19.3041
    23  451  843  -133.3269   112.5468   -19.3042
    24  449  843  -133.3294   112.5489   -19.3039
    25  451  844  -133.3271   112.5469   -19.3037
    26  459  847  -133.3222   112.5406   -19.3030
    27  458  847  -133.3231   112.5415   -19.3028
    28  459  848  -133.3222   112.5406   -19.3025
    29  460  848  -133.3214   112.5398   -19.3026
    30  461  848  -133.3206   112.5389   -19.3027
    31  462  849  -133.3219   112.5389   -19.3021
    32  463  849  -133.3217   112.5383   -19.3021
    33  461  849  -133.3221   112.5395   -19.3020
    34  463  850  -133.3227   112.5387   -19.3015
    35  465  851  -133.3185   112.5359   -19.3015
    36  466  851  -133.3167   112.5346   -19.3017
    37  464  851  -133.3198   112.5370   -19.3013
    38  466  852  -133.3192   112.5356   -19.3010
    39  467  852  -133.3169   112.5341   -19.3012
    40  468  852  -133.3180   112.5341   -19.3011
    41  469  853  -133.3169   112.5331   -19.3008
    42  468  853  -133.3175   112.5339   -19.3007
    43  469  854  -133.3180   112.5335   -19.3002
    44  470  854  -133.3185   112.5332   -19.3001
    45  471  854  -133.3188   112.5328   -19.3001
    46  472  854  -133.3197   112.5326   -19.3001
    47  473  855  -133.3194   112.5319   -19.2996
    48  474  855  -133.3200   112.5317   -19.2996
    49  472  855  -133.3177   112.5318   -19.2998
    50  474  856  -133.3207   112.5320   -19.2990
    51  475  856  -133.3184   112.5305   -19.2993
    52  476  856  -133.3175   112.5296   -19.2994
    53  479  858  -133.3165   112.5276   -19.2986
    54  480  858  -133.3132   112.5257   -19.2990
    55  478  858  -133.3167   112.5282   -19.2985
    56  481  859  -133.3111   112.5243   -19.2987
    57  482  859  -133.3114   112.5239   -19.2987
    58  480  859  -133.3172   112.5273   -19.2980
    59  482  860  -133.3134   112.5247   -19.2980
    60  483  860  -133.3106   112.5230   -19.2983
    61  485  860  -133.3116   112.5224   -19.2983
    62  486  861  -133.3111   112.5216   -19.2979
    63  487  861  -133.3088   112.5202   -19.2981
    64  488  861  -133.3061   112.5185   -19.2985
    65  489  861  -133.3064   112.5181   -19.2985
    66  491  861  -133.3047   112.5163   -19.2987
    67  492  861  -133.3044   112.5157   -19.2987
    68  485  861  -133.3123   112.5226   -19.2977
    69  492  862  -133.3040   112.5155   -19.2983
    70  493  862  -133.3065   112.5160   -19.2980
    71  493  863  -133.3053   112.5155   -19.2977
    72  495  864  -133.3058   112.5147   -19.2972
    73  496  864  -133.3031   112.5130   -19.2975
    74  494  864  -133.3068   112.5156   -19.2971
    75  496  865  -133.3026   112.5128   -19.2970
    76  498  866  -133.2997   112.5106   -19.2968
    77  499  866  -133.2984   112.5095   -19.2970
    78  497  866  -133.3012   112.5117   -19.2967
    79  501  868  -133.2953   112.5072   -19.2964
    80  500  868  -133.2965   112.5082   -19.2963
    81  502  869  -133.2947   112.5064   -19.2960
    82  503  869  -133.2928   112.5051   -19.2962
    83  501  869  -133.2950   112.5071   -19.2959
    84  504  870  -133.2939   112.5050   -19.2957
    85  505  870  -133.2915   112.5035   -19.2959
    86  506  870  -133.2930   112.5036   -19.2958
    87  503  870  -133.2924   112.5049   -19.2958
    88  506  871  -133.2919   112.5031   -19.2954
    89  507  871  -133.2891   112.5015   -19.2957
    90  508  871  -133.2883   112.5006   -19.2958
    91  509  871  -133.2911   112.5012   -19.2956
    92  510  871  -133.2894   112.5000   -19.2957
    93  511  871  -133.2940   112.5013   -19.2953
    94  512  872  -133.2920   112.5000   -19.2951
    95  513  872  -133.2935   112.5001   -19.2949
    96  514  872  -133.2899   112.4981   -19.2953
    97  511  872  -133.2934   112.5011   -19.2949
    98  514  873  -133.2913   112.4986   -19.2947
    99  515  873  -133.2904   112.4978   -19.2948
   100  516  873  -133.2864   112.4956   -19.2953
   101  518  874  -133.2871   112.4948   -19.2948
   102  519  874  -133.2879   112.4946   -19.2947
   103  517  874  -133.2882   112.4958   -19.2946
   104  521  875  -133.2858   112.4927   -19.2945
   105  520  875  -133.2859   112.4933   -19.2944
   106  523  876  -133.2831   112.4906   -19.2943
   107  524  876  -133.2824   112.4897   -19.2944
   108  522  876  -133.2850   112.4918   -19.2941
   109  524  877  -133.2814   112.4893   -19.2940
   110  525  877  -133.2802   112.4883   -19.2942
   111  526  877  -133.2796   112.4875   -19.2942
   112  527  877  -133.2802   112.4872   -19.2942
   113  528  877  -133.2798   112.4865   -19.2943
   114  529  878  -133.2817   112.4868   -19.2936
   115  530  878  -133.2798   112.4855   -19.2938
   116  528  878  -133.2762   112.4851   -19.2941
   117  531  879  -133.2784   112.4844   -19.2935
   118  530  879  -133.2796   112.4854   -19.2934
   119  531  880  -133.2778   112.4841   -19.2931
   120  532  880  -133.2777   112.4836   -19.2931
   121  533  880  -133.2764   112.4825   -19.2933
   122  534  880  -133.2764   112.4820   -19.2932
   123  535  880  -133.2790   112.4825   -19.2930
   124  536  880  -133.2776   112.4814   -19.2932
   125  537  881  -133.2747   112.4797   -19.2930
   126  538  881  -133.2773   112.4803   -19.2928
   127  536  881  -133.2776   112.4814   -19.2927
   128  540  882  -133.2748   112.4782   -19.2926
   129  538  882  -133.2764   112.4799   -19.2924
   130  540  883  -133.2752   112.4783   -19.2921
   131  541  883  -133.2753   112.4779   -19.2921
   132  542  884  -133.2753   112.4773   -19.2916
   133  543  884  -133.2759   112.4770   -19.2916
   134  541  884  -133.2746   112.4776   -19.2917
   135  543  885  -133.2756   112.4769   -19.2911
   136  545  885  -133.2752   112.4757   -19.2912
   137  546  885  -133.2746   112.4749   -19.2913
   138  548  885  -133.2764   112.4746   -19.2912
   139  549  885  -133.2752   112.4736   -19.2913
   140  550  885  -133.2741   112.4726   -19.2914
   141  551  885  -133.2750   112.4724   -19.2914
   142  552  885  -133.2755   112.4721   -19.2914
   143  553  885  -133.2754   112.4716   -19.2914
   144  554  885  -133.2757   112.4712   -19.2914
   145  555  885  -133.2755   112.4705   -19.2914
   146  556  886  -133.2771   112.4706   -19.2908
   147  557  886  -133.2781   112.4705   -19.2907
   148  558  886  -133.2780   112.4700   -19.2907
   149  559  886  -133.2771   112.4691   -19.2908
   150  555  886  -133.2779   112.4715   -19.2907
   151  560  887  -133.2775   112.4687   -19.2903
   152  561  887  -133.2757   112.4674   -19.2905
   153  563  888  -133.2760   112.4665   -19.2901
   154  564  888  -133.2758   112.4659   -19.2901
   155  562  888  -133.2768   112.4673   -19.2900
   156  566  889  -133.2766   112.4652   -19.2896
   157  567  889  -133.2778   112.4651   -19.2895
   158  565  889  -133.2753   112.4652   -19.2897

     1  438  829  -133.3491   112.5630   -19.3087
     2  437  829  -133.3488   112.5634   -19.3086
     3  439  830  -133.3474   112.5617   -19.3083
     4  440  830  -133.3455   112.5604   -19.3085
     5  441  830  -133.3455   112.5599   -19.3086
     6  438  830  -133.3481   112.5626   -19.3082
     7  442  831  -133.3462   112.5596   -19.3080
     8  441  831  -133.3474   112.5607   -19.3079
     9  443  832  -133.3450   112.5586   -19.3076
    10  444  832  -133.3422   112.5569   -19.3079
    11  445  832  -133.3391   112.5551   -19.3082
    12  446  832  -133.3387   112.5544   -19.3083
    13  448  833  -133.3358   112.5522   -19.3081
    14  447  833  -133.3392   112.5541   -19.3078
    15  449  834  -133.3373   112.5522   -19.3075
    16  450  834  -133.3319   112.5495   -19.3081
    17  451  834  -133.3314   112.5487   -19.3082
    18  452  834  -133.3290   112.5472   -19.3084
    19  448  834  -133.3370   112.5526   -19.3075
    20  452  835  -133.3251   112.5456   -19.3083
    21  453  835  -133.3269   112.5458   -19.3082
    22  455  835  -133.3279   112.5451   -19.3082
    23  456  835  -133.3290   112.5451   -19.3081
    24  461  838  -133.3302   112.5428   -19.3066
    25  463  839  -133.3264   112.5402   -19.3065
    26  462  839  -133.3279   112.5414   -19.3064
    27  464  840  -133.3209   112.5374   -19.3066
    28  465  840  -133.3194   112.5363   -19.3068
    29  463  840  -133.3220   112.5384   -19.3065
    30  466  841  -133.3210   112.5364   -19.3061
    31  465  841  -133.3147   112.5343   -19.3068
    32  466  842  -133.3139   112.5335   -19.3064
    33  467  842  -133.3185   112.5349   -19.3059
    34  469  843  -133.3158   112.5327   -19.3057
    35  470  843  -133.3183   112.5332   -19.3055
    36  468  843  -133.3158   112.5332   -19.3057
    37  471  844  -133.3193   112.5330   -19.3050
    38  470  844  -133.3177   112.5329   -19.3051
    39  472  845  -133.3203   112.5329   -19.3044
    40  472  846  -133.3181   112.5320   -19.3041
    41  473  846  -133.3185   112.5316   -19.3041
    42  474  846  -133.3185   112.5311   -19.3042
    43  475  846  -133.3159   112.5295   -19.3044
    44  477  847  -133.3159   112.5284   -19.3040
    45  476  847  -133.3159   112.5290   -19.3040
    46  478  848  -133.3156   112.5277   -19.3036
    47  479  849  -133.3136   112.5264   -19.3033
    48  480  849  -133.3139   112.5260   -19.3033
    49  478  849  -133.3148   112.5274   -19.3032
    50  480  850  -133.3145   112.5263   -19.3028
    51  481  850  -133.3147   112.5258   -19.3028
    52  482  850  -133.3139   112.5249   -19.3029
    53  483  850  -133.3158   112.5252   -19.3027
    54  484  851  -133.3153   112.5244   -19.3023
    55  485  851  -133.3148   112.5237   -19.3024
    56  483  851  -133.3155   112.5250   -19.3023
    57  486  852  -133.3173   112.5242   -19.3016
    58  487  852  -133.3164   112.5233   -19.3017
    59  485  852  -133.3165   112.5244   -19.3017
    60  489  853  -133.3123   112.5205   -19.3017
    61  488  853  -133.3132   112.5214   -19.3016
    62  490  854  -133.3123   112.5200   -19.3013
    63  491  854  -133.3112   112.5190   -19.3014
    64  492  854  -133.3110   112.5184   -19.3015
    65  493  854  -133.3107   112.5178   -19.3015
    66  494  855  -133.3107   112.5172   -19.3010
    67  495  855  -133.3103   112.5165   -19.3011
    68  496  855  -133.3099   112.5158   -19.3012
    69  497  855  -133.3100   112.5153   -19.3012
    70  498  855  -133.3110   112.5152   -19.3011
    71  493  855  -133.3097   112.5173   -19.3011
    72  499  856  -133.3099   112.5142   -19.3007
    73  500  856  -133.3092   112.5134   -19.3008
    74  501  856  -133.3093   112.5129   -19.3008
    75  503  857  -133.3073   112.5110   -19.3006
    76  504  857  -133.3072   112.5104   -19.3006
    77  505  857  -133.3064   112.5096   -19.3007
    78  502  857  -133.3081   112.5119   -19.3005
    79  507  859  -133.3038   112.5075   -19.3000
    80  509  860  -133.3012   112.5054   -19.2999
    81  513  861  -133.3027   112.5039   -19.2993
    82  512  861  -133.3024   112.5042   -19.2993
    83  520  868  -133.2973   112.4979   -19.2967
    84  521  868  -133.2993   112.4982   -19.2965
    85  522  868  -133.2990   112.4975   -19.2965
    86  524  869  -133.2916   112.4935   -19.2968
    87  525  869  -133.2923   112.4932   -19.2968
    88  523  869  -133.2943   112.4951   -19.2965
    89  526  870  -133.2885   112.4911   -19.2967
    90  525  870  -133.2887   112.4918   -19.2967
    91  527  871  -133.2833   112.4885   -19.2968
    92  528  871  -133.2739   112.4842   -19.2978
    93  529  871  -133.2747   112.4840   -19.2977
    94  530  871  -133.2847   112.4875   -19.2967
    95  531  872  -133.2730   112.4822   -19.2975
    96  530  872  -133.2740   112.4832   -19.2973
    97  532  873  -133.2721   112.4813   -19.2971
    98  533  873  -133.2733   112.4813   -19.2970
    99  531  873  -133.2745   112.4828   -19.2969
   100  535  874  -133.2778   112.4820   -19.2961
   101  536  874  -133.2765   112.4810   -19.2963
   102  534  874  -133.2767   112.4822   -19.2962
   103  536  875  -133.2765   112.4810   -19.2958
   104  537  875  -133.2768   112.4806   -19.2958
   105  538  875  -133.2761   112.4798   -19.2959
   106  539  875  -133.2761   112.4793   -19.2959
   107  540  876  -133.2760   112.4787   -19.2955
   108  541  876  -133.2770   112.4785   -19.2954
   109  542  876  -133.2772   112.4781   -19.2954
   110  539  876  -133.2762   112.4793   -19.2954
   111  544  877  -133.2763   112.4767   -19.2951
   112  546  877  -133.2778   112.4762   -19.2949
   113  547  877  -133.2778   112.4757   -19.2950
   114  559  878  -133.2741   112.4679   -19.2951
   115  558  878  -133.2754   112.4689   -19.2950
   116  559  879  -133.2745   112.4680   -19.2946
   117  560  879  -133.2756   112.4679   -19.2945
   118  561  879  -133.2765   112.4678   -19.2944
   119  562  879  -133.2755   112.4669   -19.2946
   120  563  879  -133.2765   112.4667   -19.2945
   121  564  879  -133.2756   112.4659   -19.2946
   122  565  879  -133.2770   112.4659   -19.2945
   123  566  880  -133.2800   112.4666   -19.2937
   124  565  880  -133.2772   112.4660   -19.2940
   125  566  881  -133.2824   112.4675   -19.2929
   126  567  881  -133.2847   112.4679   -19.2927
   127  568  881  -133.2819   112.4662   -19.2931
   128  569  881  -133.2835   112.4664   -19.2929
   129  570  881  -133.2850   112.4665   -19.2928
   130  571  881  -133.2838   112.4654   -19.2929
   131  572  882  -133.2811   112.4638   -19.2927
   132  573  882  -133.2829   112.4640   -19.2926
   133  575  882  -133.2811   112.4622   -19.2928
   134  571  882  -133.2805   112.4641   -19.2928
   135  576  883  -133.2807   112.4615   -19.2924
   136  577  883  -133.2810   112.4612   -19.2923
   137  575  883  -133.2796   112.4616   -19.2924
   138  577  884  -133.2810   112.4611   -19.2918
   139  578  884  -133.2804   112.4604   -19.2919
   140  579  884  -133.2812   112.4602   -19.2919
   141  580  884  -133.2782   112.4585   -19.2922
   142  581  884  -133.2792   112.4583   -19.2921
   143  582  884  -133.2792   112.4578   -19.2921
   144  583  884  -133.2776   112.4566   -19.2923
   145  584  884  -133.2776   112.4561   -19.2923
   146  585  884  -133.2747   112.4544   -19.2927
   147  585  885  -133.2751   112.4546   -19.2921
   148  586  885  -133.2728   112.4531   -19.2924
   149  587  885  -133.2737   112.4530   -19.2923
   150  588  885  -133.2732   112.4522   -19.2924
   151  589  885  -133.2766   112.4530   -19.2921
   152  592  886  -133.2670   112.4476   -19.2927
   153  593  886  -133.2691   112.4479   -19.2925
   154  590  886  -133.2679   112.4490   -19.2925
   155  595  887  -133.2720   112.4481   -19.2917
   156  594  887  -133.2705   112.4480   -19.2918
   157  597  888  -133.2722   112.4471   -19.2912
   158  598  888  -133.2727   112.4468   -19.2912
   159  596  888  -133.2728   112.4478   -19.2911
   160  598  889  -133.2700   112.4457   -19.2910
   161  599  889  -133.2695   112.4450   -19.2911
   162  600  889  -133.2710   112.4450   -19.2910
   163  601  889  -133.2711   112.4445   -19.2910
   164  602  889  -133.2725   112.4446   -19.2908
   165  603  889  -133.2719   112.4438   -19.2909
   166  604  889  -133.2726   112.4436   -19.2908
   167  605  889  -133.2742   112.4437   -19.2907
   168  606  889  -133.2742   112.4431   -19.2907
   169  607  889  -133.2755   112.4431   -19.2906

     1  314  360  -133.8261   112.8328   -19.5077
     2  315  360  -133.8216   112.8304   -19.5081
     3  316  360  -133.8257   112.8315   -19.5078
     4  313  360  -133.8262   112.8334   -19.5077
     5  316  361  -133.8267   112.8319   -19.5072
     6  317  361  -133.8269   112.8314   -19.5072
     7  318  361  -133.8279   112.8313   -19.5072
     8  319  361  -133.8284   112.8309   -19.5072
     9  320  361  -133.8279   112.8301   -19.5072
    10  321  361  -133.8300   112.8304   -19.5071
    11  322  361  -133.8298   112.8298   -19.5071
    12  323  361  -133.8295   112.8291   -19.5072
    13  324  361  -133.8292   112.8284   -19.5072
    14  325  361  -133.8288   112.8276   -19.5072
    15  326  361  -133.8297   112.8274   -19.5072
    16  327  361  -133.8290   112.8265   -19.5072
    17  328  361  -133.8322   112.8273   -19.5071
    18  329  361  -133.8336   112.8273   -19.5070
    19  330  361  -133.8340   112.8269   -19.5070
    20  331  361  -133.8313   112.8251   -19.5071
    21  332  361  -133.8301   112.8241   -19.5072
    22  333  361  -133.8298   112.8234   -19.5073
    23  436  361  -133.8461   112.7705   -19.5079
    24  435  361  -133.8462   112.7710   -19.5079
    25  434  361  -133.8452   112.7712   -19.5079
    26  433  361  -133.8445   112.7715   -19.5080
    27  432  361  -133.8450   112.7723   -19.5079
    28  431  361  -133.8444   112.7726   -19.5079
    29  437  361  -133.8450   112.7694   -19.5080
    30  426  362  -133.8403   112.7738   -19.5076
    31  428  362  -133.8422   112.7735   -19.5075
    32  429  362  -133.8422   112.7729   -19.5075
    33  430  362  -133.8435   112.7728   -19.5074
    34  431  362  -133.8436   112.7723   -19.5074
    35  338  362  -133.8282   112.8198   -19.5069
    36  337  362  -133.8278   112.8202   -19.5069
    37  336  362  -133.8280   112.8209   -19.5069
    38  335  362  -133.8272   112.8211   -19.5069
    39  334  362  -133.8279   112.8220   -19.5068
    40  427  362  -133.8406   112.7734   -19.5076
    41  373  362  -133.8258   112.7985   -19.5077
    42  372  362  -133.8283   112.8001   -19.5075
    43  371  362  -133.8282   112.8007   -19.5075
    44  370  362  -133.8289   112.8015   -19.5075
    45  369  362  -133.8285   112.8019   -19.5075
    46  368  362  -133.8322   112.8040   -19.5073
    47  367  362  -133.8310   112.8041   -19.5073
    48  366  362  -133.8314   112.8049   -19.5073
    49  365  362  -133.8314   112.8055   -19.5073
    50  364  362  -133.8303   112.8056   -19.5073
    51  363  362  -133.8297   112.8059   -19.5074
    52  362  363  -133.8295   112.8064   -19.5068
    53  361  363  -133.8283   112.8065   -19.5068
    54  360  363  -133.8279   112.8069   -19.5069
    55  359  363  -133.8275   112.8073   -19.5069
    56  358  363  -133.8271   112.8077   -19.5069
    57  357  363  -133.8274   112.8084   -19.5069
    58  356  363  -133.8282   112.8093   -19.5068
    59  355  363  -133.8275   112.8096   -19.5068
    60  354  363  -133.8282   112.8105   -19.5068
    61  353  363  -133.8282   112.8111   -19.5068
    62  373  363  -133.8279   112.7994   -19.5070
    63  352  363  -133.8286   112.8118   -19.5067
    64  375  363  -133.8313   112.7996   -19.5069
    65  376  363  -133.8316   112.7992   -19.5069
    66  340  363  -133.8282   112.8186   -19.5064
    67  378  363  -133.8339   112.7990   -19.5067
    68  351  363  -133.8302   112.8131   -19.5066
    69  350  363  -133.8309   112.8140   -19.5065
    70  349  363  -133.8321   112.8150   -19.5064
    71  348  363  -133.8313   112.8153   -19.5064
    72  347  363  -133.8309   112.8157   -19.5064
    73  339  363  -133.8286   112.8194   -19.5064
    74  346  363  -133.8318   112.8167   -19.5063
    75  345  363  -133.8293   112.8162   -19.5065
    76  344  363  -133.8287   112.8165   -19.5065
    77  342  363  -133.8273   112.8171   -19.5066
    78  387  363  -133.8312   112.7926   -19.5071
    79  388  363  -133.8309   112.7919   -19.5071
    80  389  363  -133.8228   112.7880   -19.5076
    81  390  363  -133.8255   112.7885   -19.5075
    82  391  363  -133.8264   112.7883   -19.5074
    83  392  363  -133.8303   112.7894   -19.5072
    84  393  363  -133.8307   112.7889   -19.5072
    85  394  363  -133.8336   112.7896   -19.5071
    86  395  363  -133.8357   112.7899   -19.5069
    87  396  363  -133.8385   112.7904   -19.5068
    88  397  363  -133.8395   112.7903   -19.5067
    89  398  363  -133.8418   112.7907   -19.5066
    90  399  363  -133.8408   112.7897   -19.5067
    91  400  363  -133.8397   112.7886   -19.5068
    92  401  363  -133.8362   112.7866   -19.5070
    93  402  363  -133.8326   112.7845   -19.5071
    94  403  363  -133.8311   112.7833   -19.5073
    95  404  363  -133.8320   112.7831   -19.5073
    96  374  363  -133.8279   112.7988   -19.5071
    97  341  363  -133.8293   112.8185   -19.5064
    98  426  363  -133.8400   112.7737   -19.5071
    99  425  363  -133.8389   112.7738   -19.5072
   100  424  363  -133.8389   112.7744   -19.5071
   101  423  363  -133.8382   112.7747   -19.5072
   102  422  363  -133.8364   112.7745   -19.5073
   103  421  363  -133.8358   112.7749   -19.5073
   104  420  363  -133.8363   112.7756   -19.5072
   105  419  363  -133.8345   112.7755   -19.5073
   106  377  363  -133.8312   112.7984   -19.5069
   107  415  364  -133.8352   112.7781   -19.5067
   108  416  364  -133.8358   112.7777   -19.5067
   109  417  364  -133.8344   112.7766   -19.5068
   110  418  364  -133.8348   112.7762   -19.5067
   111  413  364  -133.8384   112.7806   -19.5065
   112  412  364  -133.8385   112.7812   -19.5065
   113  411  364  -133.8376   112.7814   -19.5065
   114  410  364  -133.8394   112.7827   -19.5064
   115  409  364  -133.8356   112.7817   -19.5066
   116  408  364  -133.8349   112.7820   -19.5066
   117  407  364  -133.8346   112.7825   -19.5066
   118  406  364  -133.8331   112.7824   -19.5067
   119  405  364  -133.8324   112.7827   -19.5067
   120  404  364  -133.8327   112.7834   -19.5066
   121  387  364  -133.8308   112.7925   -19.5066
   122  386  364  -133.8300   112.7927   -19.5066
   123  385  364  -133.8293   112.7930   -19.5066
   124  384  364  -133.8300   112.7939   -19.5066
   125  383  364  -133.8307   112.7948   -19.5065
   126  382  364  -133.8306   112.7953   -19.5065
   127  381  364  -133.8309   112.7960   -19.5065
   128  380  364  -133.8311   112.7966   -19.5064
   129  379  364  -133.8315   112.7974   -19.5064
   130  378  364  -133.8320   112.7982   -19.5063
   131  414  364  -133.8376   112.7797   -19.5066
