; ENVI Output of ROIs (5.4) [Tue Aug 06 11:41:23 2019]
; Number of ROIs: 13
; File Dimension: 1328 x 1184
;
; ROI name: Region #1
; ROI rgb value: {255, 0, 0}
; ROI npts: 74
;
; ROI name: Region #2
; ROI rgb value: {0, 255, 0}
; ROI npts: 71
;
; ROI name: Region #3
; ROI rgb value: {0, 0, 255}
; ROI npts: 56
;
; ROI name: Region #4
; ROI rgb value: {255, 255, 0}
; ROI npts: 55
;
; ROI name: Region #5
; ROI rgb value: {0, 255, 255}
; ROI npts: 50
;
; ROI name: Region #6
; ROI rgb value: {255, 0, 255}
; ROI npts: 61
;
; ROI name: Region #7
; ROI rgb value: {176, 48, 96}
; ROI npts: 51
;
; ROI name: Region #8
; ROI rgb value: {46, 139, 87}
; ROI npts: 55
;
; ROI name: Region #9
; ROI rgb value: {160, 32, 240}
; ROI npts: 34
;
; ROI name: Region #10
; ROI rgb value: {255, 127, 80}
; ROI npts: 50
;
; ROI name: Region #11
; ROI rgb value: {127, 255, 212}
; ROI npts: 158
;
; ROI name: Region #12
; ROI rgb value: {218, 112, 214}
; ROI npts: 169
;
; ROI name: Region #13
; ROI rgb value: {160, 82, 45}
; ROI npts: 131
;  ID    X    Y      B1      B2      B3
    1  660  498  0.0226  0.0088  0.0022
    2  661  498  0.0226  0.0088  0.0022
    3  661  499  0.0226  0.0088  0.0022
    4  662  499  0.0226  0.0088  0.0022
    5  667  500  0.0226  0.0088  0.0022
    6  669  500  0.0227  0.0088  0.0022
    7  666  500  0.0227  0.0088  0.0022
    8  664  500  0.0227  0.0088  0.0022
    9  663  500  0.0226  0.0088  0.0022
   10  665  500  0.0227  0.0088  0.0022
   11  668  500  0.0226  0.0088  0.0022
   12  669  501  0.0226  0.0088  0.0022
   13  670  501  0.0226  0.0088  0.0022
   14  675  502  0.0226  0.0088  0.0022
   15  677  502  0.0226  0.0088  0.0022
   16  678  502  0.0226  0.0088  0.0022
   17  679  502  0.0226  0.0088  0.0022
   18  676  502  0.0226  0.0088  0.0022
   19  674  502  0.0226  0.0088  0.0022
   20  673  502  0.0226  0.0088  0.0022
   21  672  502  0.0226  0.0088  0.0022
   22  671  502  0.0226  0.0088  0.0022
   23  679  503  0.0226  0.0088  0.0022
   24  681  503  0.0226  0.0088  0.0022
   25  682  503  0.0226  0.0088  0.0022
   26  683  503  0.0226  0.0088  0.0022
   27  684  503  0.0226  0.0088  0.0022
   28  680  503  0.0226  0.0088  0.0022
   29  684  504  0.0226  0.0088  0.0022
   30  686  504  0.0226  0.0088  0.0022
   31  685  504  0.0226  0.0088  0.0022
   32  718  505  0.0227  0.0088  0.0022
   33  717  505  0.0227  0.0088  0.0022
   34  716  505  0.0227  0.0088  0.0022
   35  711  505  0.0227  0.0088  0.0022
   36  693  505  0.0226  0.0088  0.0022
   37  719  505  0.0227  0.0088  0.0022
   38  691  505  0.0226  0.0088  0.0022
   39  690  505  0.0226  0.0088  0.0022
   40  689  505  0.0226  0.0088  0.0022
   41  688  505  0.0226  0.0088  0.0022
   42  687  505  0.0226  0.0088  0.0022
   43  686  505  0.0226  0.0088  0.0022
   44  727  505  0.0227  0.0087  0.0022
   45  725  505  0.0227  0.0088  0.0022
   46  726  505  0.0227  0.0087  0.0022
   47  724  505  0.0227  0.0088  0.0022
   48  723  505  0.0227  0.0088  0.0022
   49  722  505  0.0227  0.0088  0.0022
   50  721  505  0.0227  0.0088  0.0022
   51  692  505  0.0226  0.0088  0.0022
   52  720  505  0.0227  0.0088  0.0022
   53  712  505  0.0227  0.0088  0.0022
   54  713  505  0.0227  0.0088  0.0022
   55  714  505  0.0227  0.0088  0.0022
   56  694  505  0.0226  0.0088  0.0022
   57  715  505  0.0227  0.0088  0.0022
   58  728  505  0.0227  0.0087  0.0022
   59  696  506  0.0226  0.0088  0.0022
   60  697  506  0.0226  0.0088  0.0022
   61  698  506  0.0226  0.0088  0.0022
   62  699  506  0.0226  0.0088  0.0022
   63  700  506  0.0226  0.0088  0.0022
   64  701  506  0.0226  0.0088  0.0022
   65  702  506  0.0226  0.0088  0.0022
   66  704  506  0.0227  0.0088  0.0022
   67  705  506  0.0227  0.0088  0.0022
   68  706  506  0.0227  0.0088  0.0022
   69  707  506  0.0227  0.0088  0.0022
   70  708  506  0.0227  0.0088  0.0022
   71  709  506  0.0227  0.0088  0.0022
   72  710  506  0.0227  0.0088  0.0022
   73  711  506  0.0227  0.0088  0.0022
   74  695  506  0.0226  0.0088  0.0022

    1  659  492  0.0227  0.0089  0.0022
    2  658  492  0.0227  0.0089  0.0022
    3  660  493  0.0227  0.0089  0.0022
    4  659  493  0.0227  0.0089  0.0022
    5  661  494  0.0227  0.0089  0.0022
    6  662  494  0.0227  0.0089  0.0022
    7  660  494  0.0227  0.0089  0.0022
    8  662  495  0.0227  0.0089  0.0022
    9  663  495  0.0227  0.0089  0.0022
   10  664  495  0.0227  0.0089  0.0022
   11  665  495  0.0227  0.0089  0.0022
   12  666  495  0.0227  0.0088  0.0022
   13  667  495  0.0227  0.0088  0.0022
   14  668  496  0.0227  0.0088  0.0022
   15  667  496  0.0227  0.0088  0.0022
   16  669  497  0.0226  0.0088  0.0022
   17  670  497  0.0226  0.0088  0.0022
   18  671  497  0.0226  0.0088  0.0022
   19  672  497  0.0226  0.0088  0.0022
   20  673  497  0.0226  0.0088  0.0022
   21  674  498  0.0226  0.0088  0.0022
   22  675  498  0.0226  0.0088  0.0022
   23  676  498  0.0226  0.0088  0.0022
   24  677  498  0.0226  0.0088  0.0022
   25  678  498  0.0226  0.0088  0.0022
   26  679  498  0.0226  0.0088  0.0022
   27  680  498  0.0226  0.0088  0.0022
   28  681  498  0.0226  0.0088  0.0022
   29  682  498  0.0226  0.0088  0.0022
   30  683  498  0.0226  0.0088  0.0022
   31  684  498  0.0226  0.0088  0.0022
   32  685  499  0.0226  0.0088  0.0022
   33  686  499  0.0226  0.0088  0.0022
   34  691  499  0.0226  0.0088  0.0022
   35  690  499  0.0226  0.0088  0.0022
   36  689  499  0.0226  0.0088  0.0022
   37  688  499  0.0226  0.0088  0.0022
   38  687  499  0.0226  0.0088  0.0022
   39  691  500  0.0226  0.0088  0.0022
   40  692  500  0.0226  0.0088  0.0022
   41  693  500  0.0226  0.0088  0.0022
   42  694  500  0.0226  0.0088  0.0022
   43  695  500  0.0226  0.0088  0.0022
   44  696  500  0.0226  0.0088  0.0022
   45  697  500  0.0226  0.0088  0.0022
   46  698  500  0.0226  0.0088  0.0022
   47  699  500  0.0227  0.0088  0.0022
   48  700  500  0.0227  0.0088  0.0022
   49  701  500  0.0227  0.0088  0.0022
   50  702  500  0.0226  0.0088  0.0022
   51  703  500  0.0227  0.0088  0.0022
   52  704  500  0.0226  0.0088  0.0022
   53  705  500  0.0227  0.0088  0.0022
   54  706  500  0.0227  0.0088  0.0022
   55  707  500  0.0227  0.0088  0.0022
   56  708  500  0.0227  0.0088  0.0022
   57  708  501  0.0227  0.0088  0.0022
   58  709  501  0.0227  0.0088  0.0022
   59  710  501  0.0227  0.0088  0.0022
   60  711  501  0.0227  0.0088  0.0022
   61  712  501  0.0227  0.0088  0.0022
   62  713  501  0.0227  0.0088  0.0022
   63  714  501  0.0227  0.0088  0.0022
   64  715  501  0.0227  0.0088  0.0022
   65  716  501  0.0227  0.0088  0.0022
   66  717  501  0.0227  0.0088  0.0022
   67  718  501  0.0227  0.0088  0.0022
   68  719  501  0.0227  0.0088  0.0022
   69  720  501  0.0227  0.0088  0.0022
   70  721  501  0.0227  0.0087  0.0022
   71  722  501  0.0227  0.0087  0.0022

    1  603  487  0.0227  0.0090  0.0022
    2  604  487  0.0227  0.0090  0.0022
    3  602  487  0.0228  0.0090  0.0022
    4  604  488  0.0227  0.0090  0.0022
    5  605  488  0.0228  0.0090  0.0022
    6  606  488  0.0227  0.0090  0.0022
    7  607  488  0.0227  0.0090  0.0022
    8  608  489  0.0227  0.0090  0.0022
    9  609  489  0.0227  0.0090  0.0022
   10  610  489  0.0227  0.0090  0.0022
   11  611  489  0.0227  0.0090  0.0022
   12  612  489  0.0228  0.0090  0.0022
   13  607  489  0.0227  0.0090  0.0022
   14  612  490  0.0227  0.0090  0.0022
   15  640  490  0.0227  0.0089  0.0022
   16  639  490  0.0227  0.0089  0.0022
   17  638  490  0.0227  0.0089  0.0022
   18  637  490  0.0227  0.0089  0.0022
   19  636  490  0.0227  0.0089  0.0022
   20  635  490  0.0227  0.0089  0.0022
   21  634  490  0.0227  0.0089  0.0022
   22  633  490  0.0227  0.0089  0.0022
   23  632  490  0.0227  0.0089  0.0022
   24  631  490  0.0227  0.0089  0.0022
   25  630  490  0.0227  0.0089  0.0022
   26  629  490  0.0227  0.0089  0.0022
   27  628  490  0.0227  0.0089  0.0022
   28  627  490  0.0227  0.0089  0.0022
   29  626  490  0.0227  0.0089  0.0022
   30  625  490  0.0227  0.0089  0.0022
   31  624  490  0.0227  0.0089  0.0022
   32  623  490  0.0227  0.0090  0.0022
   33  622  490  0.0227  0.0090  0.0022
   34  621  490  0.0227  0.0090  0.0022
   35  620  490  0.0227  0.0090  0.0022
   36  619  490  0.0228  0.0090  0.0022
   37  618  490  0.0227  0.0090  0.0022
   38  617  490  0.0227  0.0090  0.0022
   39  616  490  0.0227  0.0090  0.0022
   40  615  490  0.0227  0.0090  0.0022
   41  614  490  0.0227  0.0090  0.0022
   42  613  490  0.0228  0.0090  0.0022
   43  640  491  0.0227  0.0089  0.0022
   44  641  491  0.0227  0.0089  0.0022
   45  642  491  0.0227  0.0089  0.0022
   46  643  491  0.0227  0.0089  0.0022
   47  644  491  0.0227  0.0089  0.0022
   48  645  491  0.0227  0.0089  0.0022
   49  646  491  0.0227  0.0089  0.0022
   50  647  491  0.0227  0.0089  0.0022
   51  648  491  0.0227  0.0089  0.0022
   52  649  491  0.0227  0.0089  0.0022
   53  650  491  0.0227  0.0089  0.0022
   54  651  491  0.0227  0.0089  0.0022
   55  652  491  0.0227  0.0089  0.0022
   56  653  491  0.0226  0.0089  0.0022

    1  163  583  0.0218  0.0095  0.0023
    2  164  584  0.0218  0.0095  0.0023
    3  165  584  0.0218  0.0095  0.0023
    4  163  584  0.0218  0.0095  0.0023
    5  166  585  0.0218  0.0094  0.0023
    6  167  585  0.0218  0.0094  0.0023
    7  168  585  0.0217  0.0094  0.0023
    8  170  585  0.0217  0.0094  0.0023
    9  171  586  0.0217  0.0094  0.0023
   10  170  586  0.0217  0.0094  0.0023
   11  172  587  0.0217  0.0094  0.0023
   12  173  587  0.0217  0.0094  0.0023
   13  174  587  0.0217  0.0094  0.0023
   14  175  587  0.0217  0.0094  0.0023
   15  176  587  0.0217  0.0094  0.0023
   16  177  587  0.0217  0.0094  0.0023
   17  178  587  0.0217  0.0094  0.0023
   18  179  587  0.0217  0.0094  0.0023
   19  180  587  0.0217  0.0094  0.0023
   20  181  587  0.0217  0.0094  0.0023
   21  182  587  0.0217  0.0094  0.0023
   22  183  587  0.0217  0.0094  0.0023
   23  184  587  0.0217  0.0094  0.0023
   24  185  587  0.0217  0.0094  0.0023
   25  186  587  0.0217  0.0094  0.0023
   26  191  587  0.0217  0.0094  0.0023
   27  190  587  0.0217  0.0094  0.0023
   28  189  587  0.0217  0.0094  0.0023
   29  188  587  0.0217  0.0094  0.0023
   30  187  587  0.0217  0.0094  0.0023
   31  193  588  0.0217  0.0093  0.0023
   32  192  588  0.0217  0.0093  0.0023
   33  193  589  0.0217  0.0094  0.0023
   34  194  589  0.0217  0.0094  0.0023
   35  195  589  0.0217  0.0094  0.0023
   36  196  589  0.0217  0.0094  0.0023
   37  197  589  0.0217  0.0094  0.0023
   38  198  589  0.0217  0.0094  0.0023
   39  199  589  0.0217  0.0094  0.0023
   40  200  590  0.0218  0.0094  0.0023
   41  201  590  0.0218  0.0094  0.0023
   42  199  590  0.0218  0.0094  0.0023
   43  201  591  0.0218  0.0094  0.0023
   44  202  591  0.0218  0.0094  0.0023
   45  203  591  0.0218  0.0094  0.0023
   46  204  591  0.0218  0.0094  0.0023
   47  205  591  0.0218  0.0094  0.0023
   48  206  591  0.0218  0.0094  0.0023
   49  207  591  0.0218  0.0094  0.0023
   50  208  591  0.0218  0.0094  0.0023
   51  209  591  0.0218  0.0094  0.0023
   52  210  591  0.0218  0.0094  0.0023
   53  211  591  0.0218  0.0094  0.0023
   54  212  591  0.0218  0.0094  0.0023
   55  213  591  0.0218  0.0094  0.0023

    1  153  587  0.0218  0.0095  0.0023
    2  154  588  0.0218  0.0095  0.0023
    3  153  588  0.0217  0.0095  0.0023
    4  155  589  0.0217  0.0094  0.0023
    5  156  589  0.0217  0.0094  0.0023
    6  157  589  0.0217  0.0094  0.0023
    7  158  590  0.0217  0.0094  0.0023
    8  159  590  0.0217  0.0094  0.0023
    9  160  590  0.0217  0.0094  0.0023
   10  161  590  0.0217  0.0094  0.0023
   11  157  590  0.0217  0.0094  0.0023
   12  161  591  0.0217  0.0094  0.0023
   13  162  591  0.0217  0.0094  0.0023
   14  163  591  0.0217  0.0094  0.0023
   15  165  592  0.0217  0.0094  0.0023
   16  166  592  0.0217  0.0094  0.0023
   17  167  592  0.0217  0.0094  0.0023
   18  168  592  0.0217  0.0094  0.0023
   19  169  592  0.0217  0.0094  0.0023
   20  170  592  0.0217  0.0094  0.0023
   21  171  592  0.0217  0.0094  0.0023
   22  163  592  0.0217  0.0094  0.0023
   23  171  593  0.0217  0.0094  0.0023
   24  173  593  0.0217  0.0094  0.0023
   25  174  593  0.0217  0.0094  0.0023
   26  175  593  0.0217  0.0094  0.0023
   27  176  593  0.0217  0.0094  0.0023
   28  177  593  0.0217  0.0094  0.0023
   29  178  593  0.0217  0.0094  0.0023
   30  179  593  0.0217  0.0094  0.0023
   31  180  593  0.0217  0.0094  0.0023
   32  181  593  0.0217  0.0094  0.0023
   33  182  593  0.0217  0.0094  0.0023
   34  183  593  0.0217  0.0094  0.0023
   35  184  593  0.0217  0.0094  0.0023
   36  185  593  0.0217  0.0094  0.0023
   37  186  593  0.0217  0.0094  0.0023
   38  187  593  0.0217  0.0094  0.0023
   39  188  593  0.0218  0.0094  0.0023
   40  189  594  0.0217  0.0094  0.0023
   41  190  594  0.0218  0.0094  0.0023
   42  191  594  0.0217  0.0094  0.0023
   43  192  594  0.0217  0.0094  0.0023
   44  188  594  0.0217  0.0094  0.0023
   45  193  595  0.0217  0.0094  0.0023
   46  194  595  0.0217  0.0094  0.0023
   47  195  595  0.0217  0.0094  0.0023
   48  196  595  0.0217  0.0094  0.0023
   49  197  595  0.0217  0.0094  0.0023
   50  198  595  0.0218  0.0094  0.0023

    1  214  689  0.0211  0.0091  0.0024
    2  213  689  0.0211  0.0090  0.0024
    3  216  690  0.0210  0.0090  0.0024
    4  215  690  0.0211  0.0090  0.0024
    5  216  691  0.0210  0.0090  0.0024
    6  217  691  0.0211  0.0090  0.0024
    7  218  691  0.0210  0.0090  0.0024
    8  219  691  0.0210  0.0090  0.0024
    9  220  691  0.0211  0.0090  0.0024
   10  222  691  0.0210  0.0090  0.0024
   11  223  691  0.0210  0.0090  0.0024
   12  224  691  0.0211  0.0090  0.0024
   13  226  692  0.0210  0.0090  0.0024
   14  227  692  0.0211  0.0090  0.0024
   15  225  692  0.0211  0.0090  0.0024
   16  228  693  0.0211  0.0090  0.0024
   17  229  693  0.0211  0.0090  0.0024
   18  230  693  0.0211  0.0090  0.0024
   19  231  693  0.0210  0.0090  0.0024
   20  232  693  0.0211  0.0090  0.0024
   21  234  694  0.0211  0.0090  0.0024
   22  235  694  0.0211  0.0090  0.0024
   23  232  694  0.0211  0.0090  0.0024
   24  235  695  0.0210  0.0090  0.0024
   25  236  695  0.0210  0.0090  0.0024
   26  237  695  0.0211  0.0090  0.0024
   27  238  695  0.0211  0.0090  0.0024
   28  239  695  0.0211  0.0090  0.0024
   29  240  695  0.0211  0.0090  0.0024
   30  241  695  0.0211  0.0090  0.0024
   31  242  695  0.0211  0.0090  0.0024
   32  243  695  0.0211  0.0090  0.0024
   33  244  695  0.0211  0.0090  0.0024
   34  245  695  0.0211  0.0090  0.0024
   35  246  695  0.0211  0.0090  0.0024
   36  247  695  0.0211  0.0090  0.0024
   37  248  695  0.0211  0.0090  0.0024
   38  249  695  0.0211  0.0090  0.0024
   39  250  695  0.0211  0.0090  0.0024
   40  251  696  0.0210  0.0090  0.0024
   41  252  696  0.0211  0.0090  0.0024
   42  253  696  0.0211  0.0090  0.0024
   43  250  696  0.0210  0.0090  0.0024
   44  255  697  0.0210  0.0090  0.0024
   45  257  698  0.0210  0.0089  0.0024
   46  258  698  0.0210  0.0089  0.0024
   47  256  698  0.0210  0.0090  0.0024
   48  258  699  0.0210  0.0089  0.0024
   49  259  699  0.0210  0.0089  0.0024
   50  260  699  0.0210  0.0089  0.0024
   51  261  699  0.0210  0.0089  0.0024
   52  262  699  0.0210  0.0089  0.0024
   53  263  699  0.0210  0.0089  0.0024
   54  264  699  0.0210  0.0089  0.0024
   55  265  699  0.0210  0.0089  0.0024
   56  266  699  0.0210  0.0089  0.0024
   57  267  700  0.0210  0.0089  0.0024
   58  268  700  0.0210  0.0089  0.0024
   59  269  700  0.0210  0.0089  0.0024
   60  270  700  0.0210  0.0089  0.0024
   61  266  700  0.0210  0.0089  0.0024

    1  150  399  0.0230  0.0100  0.0020
    2  149  399  0.0230  0.0100  0.0020
    3  151  400  0.0230  0.0100  0.0020
    4  150  400  0.0230  0.0100  0.0020
    5  152  401  0.0230  0.0100  0.0020
    6  153  401  0.0230  0.0100  0.0020
    7  154  401  0.0230  0.0100  0.0020
    8  155  401  0.0230  0.0100  0.0020
    9  156  402  0.0230  0.0100  0.0020
   10  157  402  0.0230  0.0100  0.0020
   11  158  402  0.0230  0.0100  0.0020
   12  159  402  0.0230  0.0100  0.0020
   13  160  402  0.0230  0.0100  0.0020
   14  155  402  0.0230  0.0100  0.0020
   15  161  403  0.0230  0.0100  0.0020
   16  162  403  0.0230  0.0100  0.0020
   17  163  403  0.0230  0.0100  0.0020
   18  180  403  0.0230  0.0099  0.0020
   19  179  403  0.0230  0.0099  0.0020
   20  178  403  0.0230  0.0099  0.0020
   21  177  403  0.0230  0.0099  0.0020
   22  176  403  0.0230  0.0100  0.0020
   23  175  403  0.0230  0.0100  0.0020
   24  174  403  0.0230  0.0099  0.0020
   25  173  403  0.0230  0.0099  0.0020
   26  172  403  0.0230  0.0100  0.0020
   27  171  403  0.0230  0.0100  0.0020
   28  170  403  0.0230  0.0100  0.0020
   29  169  403  0.0230  0.0100  0.0020
   30  168  403  0.0230  0.0100  0.0020
   31  167  403  0.0230  0.0100  0.0020
   32  166  403  0.0230  0.0100  0.0020
   33  165  403  0.0230  0.0100  0.0020
   34  164  403  0.0230  0.0100  0.0020
   35  181  404  0.0230  0.0099  0.0020
   36  182  404  0.0230  0.0099  0.0020
   37  180  404  0.0230  0.0099  0.0020
   38  183  405  0.0230  0.0099  0.0020
   39  184  405  0.0230  0.0099  0.0020
   40  185  405  0.0229  0.0099  0.0020
   41  186  405  0.0230  0.0099  0.0020
   42  187  405  0.0230  0.0099  0.0020
   43  188  405  0.0230  0.0099  0.0020
   44  189  405  0.0230  0.0099  0.0020
   45  190  405  0.0230  0.0099  0.0020
   46  191  405  0.0230  0.0099  0.0020
   47  192  405  0.0230  0.0099  0.0020
   48  194  405  0.0230  0.0099  0.0020
   49  196  406  0.0230  0.0099  0.0020
   50  197  406  0.0229  0.0099  0.0020
   51  194  406  0.0230  0.0099  0.0020

    1  143  403  0.0230  0.0100  0.0020
    2  143  404  0.0230  0.0100  0.0020
    3  145  404  0.0230  0.0100  0.0020
    4  146  404  0.0230  0.0100  0.0020
    5  147  404  0.0230  0.0100  0.0020
    6  148  405  0.0230  0.0100  0.0020
    7  149  405  0.0230  0.0100  0.0020
    8  150  405  0.0230  0.0100  0.0020
    9  147  405  0.0230  0.0100  0.0021
   10  150  406  0.0230  0.0100  0.0020
   11  151  406  0.0230  0.0100  0.0020
   12  152  406  0.0230  0.0100  0.0020
   13  153  406  0.0230  0.0100  0.0020
   14  154  406  0.0229  0.0100  0.0020
   15  155  406  0.0230  0.0100  0.0020
   16  156  406  0.0230  0.0100  0.0020
   17  157  406  0.0230  0.0100  0.0020
   18  158  406  0.0230  0.0100  0.0020
   19  159  406  0.0230  0.0100  0.0020
   20  162  407  0.0229  0.0100  0.0020
   21  163  407  0.0229  0.0100  0.0020
   22  161  407  0.0229  0.0100  0.0020
   23  164  408  0.0229  0.0099  0.0020
   24  165  408  0.0229  0.0099  0.0020
   25  166  408  0.0229  0.0099  0.0020
   26  167  408  0.0229  0.0099  0.0020
   27  168  408  0.0229  0.0099  0.0020
   28  169  408  0.0229  0.0099  0.0020
   29  170  408  0.0229  0.0099  0.0020
   30  171  408  0.0229  0.0099  0.0020
   31  173  408  0.0229  0.0099  0.0020
   32  174  408  0.0229  0.0099  0.0020
   33  175  408  0.0229  0.0099  0.0020
   34  176  408  0.0229  0.0099  0.0020
   35  177  408  0.0229  0.0099  0.0020
   36  178  409  0.0229  0.0099  0.0020
   37  179  409  0.0229  0.0099  0.0020
   38  180  409  0.0229  0.0099  0.0020
   39  177  409  0.0229  0.0099  0.0020
   40  181  410  0.0229  0.0099  0.0020
   41  182  410  0.0229  0.0099  0.0020
   42  197  410  0.0229  0.0099  0.0021
   43  184  411  0.0229  0.0099  0.0021
   44  185  411  0.0229  0.0099  0.0021
   45  186  411  0.0229  0.0099  0.0021
   46  183  411  0.0229  0.0099  0.0021
   47  188  411  0.0229  0.0099  0.0020
   48  189  411  0.0229  0.0099  0.0020
   49  190  411  0.0229  0.0099  0.0020
   50  191  411  0.0230  0.0099  0.0020
   51  192  411  0.0229  0.0099  0.0021
   52  193  411  0.0230  0.0099  0.0021
   53  194  411  0.0229  0.0099  0.0021
   54  196  411  0.0229  0.0099  0.0021
   55  187  411  0.0229  0.0099  0.0020

    1  144  432  0.0229  0.0100  0.0021
    2  145  433  0.0229  0.0100  0.0021
    3  146  433  0.0229  0.0100  0.0021
    4  147  433  0.0229  0.0100  0.0021
    5  144  433  0.0229  0.0100  0.0021
    6  147  434  0.0229  0.0100  0.0021
    7  148  434  0.0229  0.0100  0.0021
    8  149  434  0.0229  0.0100  0.0021
    9  150  434  0.0229  0.0100  0.0021
   10  151  434  0.0229  0.0100  0.0021
   11  152  434  0.0229  0.0100  0.0021
   12  153  434  0.0229  0.0100  0.0021
   13  153  435  0.0229  0.0100  0.0021
   14  154  435  0.0229  0.0100  0.0021
   15  155  435  0.0229  0.0100  0.0021
   16  156  435  0.0229  0.0100  0.0021
   17  157  435  0.0229  0.0099  0.0021
   18  158  435  0.0229  0.0100  0.0021
   19  159  435  0.0229  0.0099  0.0021
   20  159  436  0.0229  0.0099  0.0021
   21  160  436  0.0229  0.0099  0.0021
   22  161  436  0.0229  0.0099  0.0021
   23  162  436  0.0229  0.0099  0.0021
   24  163  436  0.0229  0.0099  0.0021
   25  164  436  0.0229  0.0099  0.0021
   26  165  436  0.0229  0.0099  0.0021
   27  166  436  0.0229  0.0099  0.0021
   28  167  436  0.0229  0.0099  0.0021
   29  168  436  0.0229  0.0099  0.0021
   30  169  436  0.0229  0.0099  0.0021
   31  170  436  0.0229  0.0099  0.0021
   32  171  436  0.0229  0.0099  0.0021
   33  172  436  0.0229  0.0099  0.0021
   34  173  436  0.0229  0.0099  0.0021

    1  147  439  0.0229  0.0100  0.0021
    2  148  439  0.0229  0.0100  0.0021
    3  149  439  0.0229  0.0100  0.0021
    4  146  439  0.0229  0.0100  0.0021
    5  149  440  0.0229  0.0100  0.0021
    6  150  440  0.0229  0.0100  0.0021
    7  151  440  0.0229  0.0100  0.0021
    8  152  440  0.0229  0.0100  0.0021
    9  153  440  0.0229  0.0100  0.0021
   10  154  440  0.0229  0.0100  0.0021
   11  155  440  0.0229  0.0099  0.0021
   12  156  440  0.0229  0.0100  0.0021
   13  157  441  0.0229  0.0099  0.0021
   14  158  441  0.0229  0.0099  0.0021
   15  159  441  0.0229  0.0099  0.0021
   16  160  441  0.0229  0.0099  0.0021
   17  156  441  0.0229  0.0100  0.0021
   18  160  442  0.0228  0.0099  0.0021
   19  161  442  0.0229  0.0099  0.0021
   20  162  442  0.0229  0.0099  0.0021
   21  163  442  0.0228  0.0099  0.0021
   22  164  442  0.0229  0.0099  0.0021
   23  165  442  0.0228  0.0099  0.0021
   24  166  443  0.0229  0.0099  0.0021
   25  167  443  0.0228  0.0099  0.0021
   26  168  443  0.0228  0.0099  0.0021
   27  169  443  0.0228  0.0099  0.0021
   28  170  443  0.0228  0.0099  0.0021
   29  171  443  0.0229  0.0099  0.0021
   30  172  443  0.0229  0.0099  0.0021
   31  173  443  0.0229  0.0099  0.0021
   32  174  444  0.0228  0.0099  0.0021
   33  175  444  0.0229  0.0099  0.0021
   34  173  444  0.0228  0.0099  0.0021
   35  175  445  0.0228  0.0099  0.0021
   36  176  445  0.0228  0.0099  0.0021
   37  177  445  0.0229  0.0099  0.0021
   38  178  445  0.0229  0.0099  0.0021
   39  180  445  0.0229  0.0099  0.0021
   40  181  445  0.0229  0.0099  0.0021
   41  182  445  0.0229  0.0099  0.0021
   42  183  445  0.0229  0.0099  0.0021
   43  184  445  0.0229  0.0099  0.0021
   44  185  445  0.0229  0.0099  0.0021
   45  186  445  0.0229  0.0099  0.0021
   46  188  446  0.0229  0.0099  0.0021
   47  189  446  0.0229  0.0099  0.0021
   48  190  446  0.0229  0.0099  0.0021
   49  191  446  0.0229  0.0099  0.0021
   50  187  446  0.0229  0.0099  0.0021

     1  430  832  0.0201  0.0082  0.0025
     2  432  833  0.0201  0.0082  0.0025
     3  431  833  0.0201  0.0082  0.0025
     4  434  834  0.0201  0.0082  0.0025
     5  433  834  0.0201  0.0082  0.0025
     6  436  835  0.0201  0.0082  0.0025
     7  437  835  0.0200  0.0082  0.0025
     8  435  835  0.0201  0.0082  0.0025
     9  437  836  0.0200  0.0082  0.0025
    10  438  836  0.0200  0.0082  0.0025
    11  439  836  0.0200  0.0082  0.0025
    12  441  837  0.0200  0.0082  0.0025
    13  442  838  0.0200  0.0082  0.0025
    14  441  838  0.0200  0.0082  0.0025
    15  443  839  0.0200  0.0082  0.0025
    16  444  840  0.0200  0.0082  0.0025
    17  445  841  0.0200  0.0082  0.0025
    18  446  841  0.0200  0.0082  0.0025
    19  447  841  0.0200  0.0082  0.0025
    20  449  842  0.0200  0.0082  0.0025
    21  448  842  0.0200  0.0082  0.0025
    22  450  843  0.0200  0.0082  0.0025
    23  451  843  0.0200  0.0082  0.0025
    24  449  843  0.0200  0.0082  0.0025
    25  451  844  0.0200  0.0082  0.0025
    26  459  847  0.0199  0.0081  0.0025
    27  458  847  0.0199  0.0081  0.0025
    28  459  848  0.0199  0.0081  0.0025
    29  460  848  0.0199  0.0081  0.0025
    30  461  848  0.0199  0.0081  0.0025
    31  462  849  0.0199  0.0081  0.0025
    32  463  849  0.0199  0.0081  0.0025
    33  461  849  0.0199  0.0081  0.0025
    34  463  850  0.0199  0.0081  0.0025
    35  465  851  0.0199  0.0081  0.0025
    36  466  851  0.0199  0.0081  0.0025
    37  464  851  0.0199  0.0081  0.0025
    38  466  852  0.0199  0.0081  0.0025
    39  467  852  0.0199  0.0081  0.0025
    40  468  852  0.0199  0.0081  0.0025
    41  469  853  0.0199  0.0081  0.0025
    42  468  853  0.0199  0.0081  0.0025
    43  469  854  0.0199  0.0081  0.0025
    44  470  854  0.0199  0.0081  0.0025
    45  471  854  0.0199  0.0081  0.0025
    46  472  854  0.0199  0.0081  0.0025
    47  473  855  0.0199  0.0081  0.0025
    48  474  855  0.0199  0.0081  0.0025
    49  472  855  0.0199  0.0081  0.0025
    50  474  856  0.0199  0.0081  0.0025
    51  475  856  0.0199  0.0081  0.0025
    52  476  856  0.0199  0.0081  0.0025
    53  479  858  0.0199  0.0081  0.0025
    54  480  858  0.0199  0.0081  0.0025
    55  478  858  0.0199  0.0081  0.0025
    56  481  859  0.0199  0.0081  0.0025
    57  482  859  0.0199  0.0081  0.0025
    58  480  859  0.0199  0.0081  0.0025
    59  482  860  0.0199  0.0081  0.0025
    60  483  860  0.0198  0.0081  0.0025
    61  485  860  0.0198  0.0081  0.0025
    62  486  861  0.0198  0.0080  0.0025
    63  487  861  0.0198  0.0080  0.0025
    64  488  861  0.0198  0.0080  0.0025
    65  489  861  0.0198  0.0080  0.0025
    66  491  861  0.0198  0.0080  0.0025
    67  492  861  0.0198  0.0080  0.0025
    68  485  861  0.0198  0.0081  0.0025
    69  492  862  0.0198  0.0080  0.0025
    70  493  862  0.0198  0.0080  0.0025
    71  493  863  0.0198  0.0080  0.0025
    72  495  864  0.0198  0.0080  0.0025
    73  496  864  0.0198  0.0080  0.0025
    74  494  864  0.0198  0.0080  0.0025
    75  496  865  0.0198  0.0080  0.0025
    76  498  866  0.0198  0.0080  0.0025
    77  499  866  0.0198  0.0080  0.0025
    78  497  866  0.0198  0.0080  0.0025
    79  501  868  0.0198  0.0080  0.0025
    80  500  868  0.0198  0.0080  0.0025
    81  502  869  0.0197  0.0080  0.0025
    82  503  869  0.0197  0.0080  0.0025
    83  501  869  0.0198  0.0080  0.0025
    84  504  870  0.0197  0.0080  0.0025
    85  505  870  0.0197  0.0080  0.0025
    86  506  870  0.0197  0.0080  0.0025
    87  503  870  0.0197  0.0080  0.0025
    88  506  871  0.0197  0.0080  0.0025
    89  507  871  0.0197  0.0080  0.0025
    90  508  871  0.0197  0.0080  0.0025
    91  509  871  0.0197  0.0080  0.0025
    92  510  871  0.0197  0.0080  0.0025
    93  511  871  0.0197  0.0080  0.0025
    94  512  872  0.0197  0.0080  0.0025
    95  513  872  0.0197  0.0080  0.0025
    96  514  872  0.0197  0.0079  0.0025
    97  511  872  0.0197  0.0080  0.0025
    98  514  873  0.0197  0.0079  0.0025
    99  515  873  0.0197  0.0079  0.0025
   100  516  873  0.0197  0.0079  0.0025
   101  518  874  0.0197  0.0079  0.0025
   102  519  874  0.0197  0.0079  0.0025
   103  517  874  0.0197  0.0079  0.0025
   104  521  875  0.0197  0.0079  0.0025
   105  520  875  0.0197  0.0079  0.0025
   106  523  876  0.0197  0.0079  0.0025
   107  524  876  0.0197  0.0079  0.0025
   108  522  876  0.0197  0.0079  0.0025
   109  524  877  0.0197  0.0079  0.0025
   110  525  877  0.0197  0.0079  0.0025
   111  526  877  0.0196  0.0079  0.0025
   112  527  877  0.0196  0.0079  0.0025
   113  528  877  0.0197  0.0079  0.0025
   114  529  878  0.0197  0.0079  0.0025
   115  530  878  0.0196  0.0079  0.0025
   116  528  878  0.0196  0.0079  0.0025
   117  531  879  0.0197  0.0079  0.0025
   118  530  879  0.0197  0.0079  0.0025
   119  531  880  0.0196  0.0079  0.0025
   120  532  880  0.0196  0.0079  0.0025
   121  533  880  0.0196  0.0079  0.0025
   122  534  880  0.0196  0.0079  0.0025
   123  535  880  0.0197  0.0079  0.0025
   124  536  880  0.0196  0.0079  0.0025
   125  537  881  0.0196  0.0079  0.0025
   126  538  881  0.0196  0.0079  0.0025
   127  536  881  0.0196  0.0079  0.0025
   128  540  882  0.0196  0.0079  0.0025
   129  538  882  0.0196  0.0079  0.0025
   130  540  883  0.0196  0.0079  0.0025
   131  541  883  0.0196  0.0079  0.0025
   132  542  884  0.0196  0.0079  0.0025
   133  543  884  0.0196  0.0079  0.0025
   134  541  884  0.0196  0.0079  0.0025
   135  543  885  0.0196  0.0079  0.0025
   136  545  885  0.0196  0.0079  0.0025
   137  546  885  0.0196  0.0079  0.0025
   138  548  885  0.0196  0.0079  0.0025
   139  549  885  0.0196  0.0079  0.0025
   140  550  885  0.0196  0.0078  0.0025
   141  551  885  0.0196  0.0079  0.0025
   142  552  885  0.0196  0.0078  0.0025
   143  553  885  0.0196  0.0078  0.0025
   144  554  885  0.0196  0.0078  0.0025
   145  555  885  0.0196  0.0078  0.0025
   146  556  886  0.0196  0.0078  0.0025
   147  557  886  0.0196  0.0078  0.0025
   148  558  886  0.0196  0.0078  0.0025
   149  559  886  0.0196  0.0078  0.0025
   150  555  886  0.0196  0.0078  0.0025
   151  560  887  0.0196  0.0078  0.0025
   152  561  887  0.0196  0.0078  0.0025
   153  563  888  0.0196  0.0078  0.0025
   154  564  888  0.0196  0.0078  0.0025
   155  562  888  0.0196  0.0078  0.0025
   156  566  889  0.0196  0.0078  0.0025
   157  567  889  0.0196  0.0078  0.0025
   158  565  889  0.0196  0.0078  0.0025

     1  438  829  0.0201  0.0082  0.0025
     2  437  829  0.0201  0.0082  0.0025
     3  439  830  0.0201  0.0082  0.0025
     4  440  830  0.0201  0.0082  0.0025
     5  441  830  0.0201  0.0082  0.0025
     6  438  830  0.0201  0.0082  0.0025
     7  442  831  0.0201  0.0082  0.0025
     8  441  831  0.0201  0.0082  0.0025
     9  443  832  0.0201  0.0082  0.0025
    10  444  832  0.0201  0.0082  0.0025
    11  445  832  0.0201  0.0082  0.0025
    12  446  832  0.0201  0.0082  0.0025
    13  448  833  0.0200  0.0082  0.0025
    14  447  833  0.0201  0.0082  0.0025
    15  449  834  0.0201  0.0082  0.0025
    16  450  834  0.0200  0.0082  0.0025
    17  451  834  0.0200  0.0082  0.0025
    18  452  834  0.0200  0.0082  0.0025
    19  448  834  0.0200  0.0082  0.0025
    20  452  835  0.0200  0.0082  0.0025
    21  453  835  0.0200  0.0082  0.0025
    22  455  835  0.0200  0.0082  0.0025
    23  456  835  0.0200  0.0082  0.0025
    24  461  838  0.0200  0.0082  0.0025
    25  463  839  0.0200  0.0081  0.0025
    26  462  839  0.0200  0.0081  0.0025
    27  464  840  0.0199  0.0081  0.0025
    28  465  840  0.0199  0.0081  0.0025
    29  463  840  0.0199  0.0081  0.0025
    30  466  841  0.0199  0.0081  0.0025
    31  465  841  0.0199  0.0081  0.0025
    32  466  842  0.0199  0.0081  0.0025
    33  467  842  0.0199  0.0081  0.0025
    34  469  843  0.0199  0.0081  0.0025
    35  470  843  0.0199  0.0081  0.0025
    36  468  843  0.0199  0.0081  0.0025
    37  471  844  0.0199  0.0081  0.0025
    38  470  844  0.0199  0.0081  0.0025
    39  472  845  0.0199  0.0081  0.0025
    40  472  846  0.0199  0.0081  0.0025
    41  473  846  0.0199  0.0081  0.0025
    42  474  846  0.0199  0.0081  0.0025
    43  475  846  0.0199  0.0081  0.0025
    44  477  847  0.0199  0.0081  0.0025
    45  476  847  0.0199  0.0081  0.0025
    46  478  848  0.0199  0.0081  0.0025
    47  479  849  0.0199  0.0081  0.0025
    48  480  849  0.0199  0.0081  0.0025
    49  478  849  0.0199  0.0081  0.0025
    50  480  850  0.0199  0.0081  0.0025
    51  481  850  0.0199  0.0081  0.0025
    52  482  850  0.0199  0.0081  0.0025
    53  483  850  0.0199  0.0081  0.0025
    54  484  851  0.0199  0.0081  0.0025
    55  485  851  0.0199  0.0081  0.0025
    56  483  851  0.0199  0.0081  0.0025
    57  486  852  0.0199  0.0081  0.0025
    58  487  852  0.0199  0.0081  0.0025
    59  485  852  0.0199  0.0081  0.0025
    60  489  853  0.0199  0.0081  0.0025
    61  488  853  0.0199  0.0081  0.0025
    62  490  854  0.0199  0.0080  0.0025
    63  491  854  0.0198  0.0080  0.0025
    64  492  854  0.0198  0.0080  0.0025
    65  493  854  0.0198  0.0080  0.0025
    66  494  855  0.0198  0.0080  0.0025
    67  495  855  0.0198  0.0080  0.0025
    68  496  855  0.0198  0.0080  0.0025
    69  497  855  0.0198  0.0080  0.0025
    70  498  855  0.0198  0.0080  0.0025
    71  493  855  0.0198  0.0080  0.0025
    72  499  856  0.0198  0.0080  0.0025
    73  500  856  0.0198  0.0080  0.0025
    74  501  856  0.0198  0.0080  0.0025
    75  503  857  0.0198  0.0080  0.0025
    76  504  857  0.0198  0.0080  0.0025
    77  505  857  0.0198  0.0080  0.0025
    78  502  857  0.0198  0.0080  0.0025
    79  507  859  0.0198  0.0080  0.0025
    80  509  860  0.0198  0.0080  0.0025
    81  513  861  0.0198  0.0080  0.0025
    82  512  861  0.0198  0.0080  0.0025
    83  520  868  0.0198  0.0080  0.0025
    84  521  868  0.0198  0.0080  0.0025
    85  522  868  0.0197  0.0080  0.0025
    86  524  869  0.0197  0.0079  0.0025
    87  525  869  0.0197  0.0079  0.0025
    88  523  869  0.0197  0.0079  0.0025
    89  526  870  0.0197  0.0079  0.0025
    90  525  870  0.0197  0.0079  0.0025
    91  527  871  0.0197  0.0079  0.0025
    92  528  871  0.0196  0.0079  0.0025
    93  529  871  0.0196  0.0079  0.0025
    94  530  871  0.0197  0.0079  0.0025
    95  531  872  0.0196  0.0079  0.0025
    96  530  872  0.0196  0.0079  0.0025
    97  532  873  0.0196  0.0079  0.0025
    98  533  873  0.0196  0.0079  0.0025
    99  531  873  0.0196  0.0079  0.0025
   100  535  874  0.0196  0.0079  0.0025
   101  536  874  0.0196  0.0079  0.0025
   102  534  874  0.0196  0.0079  0.0025
   103  536  875  0.0196  0.0079  0.0025
   104  537  875  0.0196  0.0079  0.0025
   105  538  875  0.0196  0.0079  0.0025
   106  539  875  0.0196  0.0079  0.0025
   107  540  876  0.0196  0.0079  0.0025
   108  541  876  0.0196  0.0079  0.0025
   109  542  876  0.0196  0.0079  0.0025
   110  539  876  0.0196  0.0079  0.0025
   111  544  877  0.0196  0.0079  0.0025
   112  546  877  0.0196  0.0079  0.0025
   113  547  877  0.0196  0.0079  0.0025
   114  559  878  0.0196  0.0078  0.0025
   115  558  878  0.0196  0.0078  0.0025
   116  559  879  0.0196  0.0078  0.0025
   117  560  879  0.0196  0.0078  0.0025
   118  561  879  0.0196  0.0078  0.0025
   119  562  879  0.0196  0.0078  0.0025
   120  563  879  0.0196  0.0078  0.0025
   121  564  879  0.0196  0.0078  0.0025
   122  565  879  0.0196  0.0078  0.0025
   123  566  880  0.0196  0.0078  0.0025
   124  565  880  0.0196  0.0078  0.0025
   125  566  881  0.0196  0.0078  0.0025
   126  567  881  0.0197  0.0078  0.0025
   127  568  881  0.0196  0.0078  0.0025
   128  569  881  0.0196  0.0078  0.0025
   129  570  881  0.0197  0.0078  0.0025
   130  571  881  0.0196  0.0078  0.0025
   131  572  882  0.0196  0.0078  0.0025
   132  573  882  0.0196  0.0078  0.0025
   133  575  882  0.0196  0.0078  0.0025
   134  571  882  0.0196  0.0078  0.0025
   135  576  883  0.0196  0.0078  0.0025
   136  577  883  0.0196  0.0078  0.0025
   137  575  883  0.0196  0.0078  0.0025
   138  577  884  0.0196  0.0078  0.0025
   139  578  884  0.0196  0.0078  0.0025
   140  579  884  0.0197  0.0078  0.0025
   141  580  884  0.0196  0.0078  0.0025
   142  581  884  0.0196  0.0078  0.0025
   143  582  884  0.0196  0.0078  0.0025
   144  583  884  0.0196  0.0078  0.0025
   145  584  884  0.0196  0.0078  0.0025
   146  585  884  0.0196  0.0078  0.0025
   147  585  885  0.0196  0.0078  0.0025
   148  586  885  0.0196  0.0078  0.0025
   149  587  885  0.0196  0.0078  0.0025
   150  588  885  0.0196  0.0078  0.0025
   151  589  885  0.0196  0.0078  0.0025
   152  592  886  0.0196  0.0078  0.0025
   153  593  886  0.0196  0.0078  0.0025
   154  590  886  0.0196  0.0078  0.0025
   155  595  887  0.0196  0.0078  0.0025
   156  594  887  0.0196  0.0078  0.0025
   157  597  888  0.0196  0.0078  0.0025
   158  598  888  0.0196  0.0078  0.0025
   159  596  888  0.0196  0.0078  0.0025
   160  598  889  0.0196  0.0078  0.0025
   161  599  889  0.0196  0.0078  0.0025
   162  600  889  0.0196  0.0078  0.0025
   163  601  889  0.0196  0.0078  0.0025
   164  602  889  0.0196  0.0078  0.0025
   165  603  889  0.0196  0.0078  0.0025
   166  604  889  0.0196  0.0078  0.0025
   167  605  889  0.0196  0.0078  0.0025
   168  606  889  0.0196  0.0078  0.0025
   169  607  889  0.0196  0.0078  0.0025

     1  314  360  0.0234  0.0098  0.0020
     2  315  360  0.0233  0.0098  0.0020
     3  316  360  0.0234  0.0098  0.0020
     4  313  360  0.0234  0.0098  0.0020
     5  316  361  0.0234  0.0098  0.0020
     6  317  361  0.0234  0.0098  0.0020
     7  318  361  0.0234  0.0098  0.0020
     8  319  361  0.0234  0.0098  0.0020
     9  320  361  0.0234  0.0098  0.0020
    10  321  361  0.0234  0.0098  0.0020
    11  322  361  0.0234  0.0098  0.0020
    12  323  361  0.0234  0.0098  0.0020
    13  324  361  0.0234  0.0098  0.0020
    14  325  361  0.0234  0.0098  0.0020
    15  326  361  0.0234  0.0098  0.0020
    16  327  361  0.0234  0.0098  0.0020
    17  328  361  0.0234  0.0098  0.0020
    18  329  361  0.0234  0.0098  0.0020
    19  330  361  0.0234  0.0098  0.0020
    20  331  361  0.0234  0.0098  0.0020
    21  332  361  0.0234  0.0098  0.0020
    22  333  361  0.0234  0.0098  0.0020
    23  436  361  0.0235  0.0096  0.0020
    24  435  361  0.0235  0.0096  0.0020
    25  434  361  0.0235  0.0096  0.0020
    26  433  361  0.0235  0.0097  0.0020
    27  432  361  0.0235  0.0096  0.0020
    28  431  361  0.0235  0.0096  0.0020
    29  437  361  0.0235  0.0096  0.0020
    30  426  362  0.0235  0.0097  0.0020
    31  428  362  0.0235  0.0096  0.0020
    32  429  362  0.0235  0.0096  0.0020
    33  430  362  0.0235  0.0097  0.0020
    34  431  362  0.0235  0.0097  0.0020
    35  338  362  0.0234  0.0098  0.0020
    36  337  362  0.0234  0.0098  0.0020
    37  336  362  0.0234  0.0098  0.0020
    38  335  362  0.0234  0.0098  0.0020
    39  334  362  0.0234  0.0098  0.0020
    40  427  362  0.0235  0.0097  0.0020
    41  373  362  0.0234  0.0097  0.0020
    42  372  362  0.0234  0.0097  0.0020
    43  371  362  0.0234  0.0097  0.0020
    44  370  362  0.0234  0.0097  0.0020
    45  369  362  0.0234  0.0097  0.0020
    46  368  362  0.0234  0.0097  0.0020
    47  367  362  0.0234  0.0097  0.0020
    48  366  362  0.0234  0.0097  0.0020
    49  365  362  0.0234  0.0097  0.0020
    50  364  362  0.0234  0.0097  0.0020
    51  363  362  0.0234  0.0097  0.0020
    52  362  363  0.0234  0.0097  0.0020
    53  361  363  0.0234  0.0097  0.0020
    54  360  363  0.0234  0.0097  0.0020
    55  359  363  0.0233  0.0097  0.0020
    56  358  363  0.0233  0.0097  0.0020
    57  357  363  0.0233  0.0097  0.0020
    58  356  363  0.0233  0.0097  0.0020
    59  355  363  0.0233  0.0097  0.0020
    60  354  363  0.0233  0.0097  0.0020
    61  353  363  0.0233  0.0097  0.0020
    62  373  363  0.0234  0.0097  0.0020
    63  352  363  0.0234  0.0098  0.0020
    64  375  363  0.0234  0.0097  0.0020
    65  376  363  0.0234  0.0097  0.0020
    66  340  363  0.0234  0.0098  0.0020
    67  378  363  0.0234  0.0097  0.0020
    68  351  363  0.0234  0.0098  0.0020
    69  350  363  0.0234  0.0098  0.0020
    70  349  363  0.0234  0.0098  0.0020
    71  348  363  0.0234  0.0098  0.0020
    72  347  363  0.0234  0.0098  0.0020
    73  339  363  0.0234  0.0098  0.0020
    74  346  363  0.0234  0.0098  0.0020
    75  345  363  0.0234  0.0098  0.0020
    76  344  363  0.0234  0.0098  0.0020
    77  342  363  0.0234  0.0098  0.0020
    78  387  363  0.0234  0.0097  0.0020
    79  388  363  0.0234  0.0097  0.0020
    80  389  363  0.0234  0.0097  0.0020
    81  390  363  0.0234  0.0097  0.0020
    82  391  363  0.0234  0.0097  0.0020
    83  392  363  0.0234  0.0097  0.0020
    84  393  363  0.0234  0.0097  0.0020
    85  394  363  0.0234  0.0097  0.0020
    86  395  363  0.0234  0.0097  0.0020
    87  396  363  0.0234  0.0097  0.0020
    88  397  363  0.0234  0.0097  0.0020
    89  398  363  0.0234  0.0097  0.0020
    90  399  363  0.0234  0.0097  0.0020
    91  400  363  0.0234  0.0097  0.0020
    92  401  363  0.0234  0.0097  0.0020
    93  402  363  0.0234  0.0097  0.0020
    94  403  363  0.0234  0.0097  0.0020
    95  404  363  0.0234  0.0097  0.0020
    96  374  363  0.0234  0.0097  0.0020
    97  341  363  0.0234  0.0098  0.0020
    98  426  363  0.0235  0.0096  0.0020
    99  425  363  0.0235  0.0096  0.0020
   100  424  363  0.0235  0.0096  0.0020
   101  423  363  0.0235  0.0096  0.0020
   102  422  363  0.0234  0.0096  0.0020
   103  421  363  0.0234  0.0096  0.0020
   104  420  363  0.0234  0.0097  0.0020
   105  419  363  0.0234  0.0096  0.0020
   106  377  363  0.0234  0.0097  0.0020
   107  415  364  0.0234  0.0096  0.0020
   108  416  364  0.0234  0.0097  0.0020
   109  417  364  0.0234  0.0097  0.0020
   110  418  364  0.0234  0.0097  0.0020
   111  413  364  0.0234  0.0097  0.0020
   112  412  364  0.0234  0.0097  0.0020
   113  411  364  0.0234  0.0097  0.0020
   114  410  364  0.0234  0.0097  0.0020
   115  409  364  0.0234  0.0097  0.0020
   116  408  364  0.0234  0.0097  0.0020
   117  407  364  0.0234  0.0097  0.0020
   118  406  364  0.0234  0.0097  0.0020
   119  405  364  0.0234  0.0097  0.0020
   120  404  364  0.0234  0.0097  0.0020
   121  387  364  0.0234  0.0097  0.0020
   122  386  364  0.0234  0.0097  0.0020
   123  385  364  0.0234  0.0097  0.0020
   124  384  364  0.0234  0.0097  0.0020
   125  383  364  0.0234  0.0097  0.0020
   126  382  364  0.0234  0.0097  0.0020
   127  381  364  0.0234  0.0097  0.0020
   128  380  364  0.0234  0.0097  0.0020
   129  379  364  0.0234  0.0097  0.0020
   130  378  364  0.0234  0.0097  0.0020
   131  414  364  0.0234  0.0097  0.0020
