; ENVI Output of ROIs (5.4) [Tue Aug 06 11:50:51 2019]
; Number of ROIs: 13
; File Dimension: 1328 x 1184
;
; ROI name: Region #1
; ROI rgb value: {255, 0, 0}
; ROI npts: 32
;
; ROI name: Region #2
; ROI rgb value: {0, 255, 0}
; ROI npts: 36
;
; ROI name: Region #3
; ROI rgb value: {0, 0, 255}
; ROI npts: 42
;
; ROI name: Region #4
; ROI rgb value: {255, 255, 0}
; ROI npts: 44
;
; ROI name: Region #6
; ROI rgb value: {255, 0, 255}
; ROI npts: 44
;
; ROI name: Region #7
; ROI rgb value: {176, 48, 96}
; ROI npts: 28
;
; ROI name: Region #8
; ROI rgb value: {46, 139, 87}
; ROI npts: 68
;
; ROI name: Region #9
; ROI rgb value: {160, 32, 240}
; ROI npts: 73
;
; ROI name: Region #10
; ROI rgb value: {255, 127, 80}
; ROI npts: 76
;
; ROI name: Region #5
; ROI rgb value: {0, 255, 255}
; ROI npts: 59
;
; ROI name: Region #11
; ROI rgb value: {127, 255, 212}
; ROI npts: 77
;
; ROI name: Region #12
; ROI rgb value: {218, 112, 214}
; ROI npts: 78
;
; ROI name: Region #13
; ROI rgb value: {160, 82, 45}
; ROI npts: 72
;  ID    X    Y      B1      B2      B3
    1  774  335  0.0237  0.0113  0.0020
    2  775  335  0.0237  0.0113  0.0020
    3  776  335  0.0237  0.0113  0.0020
    4  777  335  0.0237  0.0113  0.0020
    5  778  335  0.0237  0.0113  0.0020
    6  779  335  0.0237  0.0113  0.0020
    7  780  335  0.0237  0.0113  0.0020
    8  781  335  0.0237  0.0113  0.0020
    9  782  335  0.0237  0.0113  0.0020
   10  783  335  0.0237  0.0113  0.0020
   11  784  335  0.0237  0.0113  0.0020
   12  785  335  0.0237  0.0113  0.0020
   13  786  335  0.0237  0.0113  0.0020
   14  786  336  0.0237  0.0113  0.0020
   15  787  336  0.0237  0.0113  0.0020
   16  788  336  0.0237  0.0113  0.0020
   17  789  336  0.0237  0.0113  0.0020
   18  790  336  0.0236  0.0113  0.0020
   19  791  336  0.0237  0.0113  0.0020
   20  792  336  0.0237  0.0113  0.0020
   21  792  337  0.0236  0.0112  0.0020
   22  793  337  0.0236  0.0112  0.0020
   23  794  337  0.0237  0.0112  0.0020
   24  795  337  0.0236  0.0112  0.0020
   25  796  337  0.0236  0.0112  0.0020
   26  797  337  0.0236  0.0112  0.0020
   27  798  337  0.0236  0.0112  0.0020
   28  799  337  0.0236  0.0112  0.0020
   29  800  337  0.0236  0.0112  0.0020
   30  801  337  0.0236  0.0112  0.0020
   31  802  337  0.0236  0.0112  0.0020
   32  802  338  0.0236  0.0112  0.0020

    1  765  340  0.0237  0.0113  0.0020
    2  766  340  0.0237  0.0113  0.0020
    3  767  340  0.0237  0.0113  0.0020
    4  768  340  0.0237  0.0113  0.0020
    5  770  340  0.0237  0.0113  0.0020
    6  771  340  0.0237  0.0113  0.0020
    7  772  340  0.0237  0.0113  0.0020
    8  773  340  0.0237  0.0113  0.0020
    9  774  340  0.0237  0.0113  0.0020
   10  775  340  0.0237  0.0113  0.0020
   11  776  340  0.0237  0.0113  0.0020
   12  777  340  0.0237  0.0113  0.0020
   13  778  340  0.0237  0.0113  0.0020
   14  779  340  0.0237  0.0113  0.0020
   15  780  340  0.0237  0.0113  0.0020
   16  781  340  0.0237  0.0113  0.0020
   17  782  340  0.0237  0.0113  0.0020
   18  782  341  0.0236  0.0113  0.0020
   19  783  341  0.0236  0.0113  0.0020
   20  784  341  0.0236  0.0113  0.0020
   21  785  341  0.0236  0.0113  0.0020
   22  786  341  0.0236  0.0112  0.0020
   23  787  341  0.0236  0.0112  0.0020
   24  788  341  0.0236  0.0112  0.0020
   25  789  342  0.0236  0.0112  0.0020
   26  788  342  0.0236  0.0112  0.0020
   27  789  343  0.0236  0.0112  0.0020
   28  790  343  0.0235  0.0112  0.0020
   29  791  343  0.0235  0.0112  0.0020
   30  792  343  0.0235  0.0112  0.0020
   31  793  343  0.0235  0.0112  0.0020
   32  794  343  0.0235  0.0112  0.0020
   33  795  344  0.0235  0.0112  0.0020
   34  796  344  0.0236  0.0112  0.0020
   35  797  344  0.0235  0.0112  0.0020
   36  794  344  0.0235  0.0112  0.0020

    1  1237  405  0.0233  0.0101  0.0021
    2  1236  405  0.0233  0.0101  0.0021
    3  1238  406  0.0233  0.0101  0.0021
    4  1239  406  0.0233  0.0101  0.0021
    5  1240  406  0.0233  0.0101  0.0021
    6  1237  406  0.0233  0.0101  0.0021
    7  1240  407  0.0233  0.0101  0.0021
    8  1241  407  0.0233  0.0101  0.0021
    9  1242  407  0.0233  0.0101  0.0021
   10  1243  407  0.0233  0.0101  0.0021
   11  1244  407  0.0233  0.0101  0.0021
   12  1245  407  0.0233  0.0101  0.0021
   13  1246  407  0.0233  0.0101  0.0021
   14  1247  407  0.0233  0.0101  0.0021
   15  1248  407  0.0233  0.0101  0.0021
   16  1249  407  0.0233  0.0101  0.0021
   17  1250  407  0.0233  0.0101  0.0021
   18  1251  407  0.0233  0.0101  0.0021
   19  1252  407  0.0233  0.0101  0.0021
   20  1253  407  0.0233  0.0101  0.0021
   21  1254  407  0.0233  0.0101  0.0021
   22  1255  407  0.0232  0.0101  0.0021
   23  1256  407  0.0233  0.0101  0.0021
   24  1257  407  0.0233  0.0101  0.0021
   25  1258  407  0.0233  0.0101  0.0021
   26  1259  408  0.0233  0.0101  0.0021
   27  1260  408  0.0233  0.0101  0.0021
   28  1261  408  0.0233  0.0101  0.0021
   29  1262  408  0.0233  0.0101  0.0021
   30  1263  408  0.0232  0.0101  0.0021
   31  1265  408  0.0232  0.0101  0.0021
   32  1266  408  0.0232  0.0101  0.0021
   33  1264  408  0.0232  0.0101  0.0021
   34  1267  408  0.0232  0.0100  0.0021
   35  1269  408  0.0232  0.0100  0.0021
   36  1268  408  0.0232  0.0101  0.0021
   37  1271  409  0.0232  0.0100  0.0021
   38  1272  409  0.0232  0.0100  0.0021
   39  1270  409  0.0232  0.0100  0.0021
   40  1269  409  0.0232  0.0100  0.0021
   41  1263  409  0.0232  0.0101  0.0021
   42  1262  409  0.0232  0.0101  0.0021

    1  1229  410  0.0233  0.0101  0.0021
    2  1230  411  0.0232  0.0101  0.0021
    3  1231  411  0.0232  0.0101  0.0021
    4  1232  411  0.0232  0.0101  0.0021
    5  1233  411  0.0232  0.0101  0.0021
    6  1234  411  0.0232  0.0101  0.0021
    7  1229  411  0.0232  0.0101  0.0021
    8  1234  412  0.0232  0.0101  0.0021
    9  1235  412  0.0232  0.0101  0.0021
   10  1236  412  0.0232  0.0101  0.0021
   11  1237  412  0.0232  0.0101  0.0021
   12  1238  412  0.0232  0.0101  0.0021
   13  1239  412  0.0232  0.0101  0.0021
   14  1240  412  0.0232  0.0101  0.0021
   15  1240  413  0.0232  0.0101  0.0021
   16  1241  413  0.0232  0.0101  0.0021
   17  1242  413  0.0232  0.0101  0.0021
   18  1243  413  0.0232  0.0101  0.0021
   19  1244  413  0.0232  0.0101  0.0021
   20  1245  413  0.0232  0.0101  0.0021
   21  1246  413  0.0232  0.0101  0.0021
   22  1247  413  0.0232  0.0101  0.0021
   23  1248  413  0.0232  0.0101  0.0021
   24  1249  413  0.0232  0.0101  0.0021
   25  1250  413  0.0232  0.0101  0.0021
   26  1251  413  0.0232  0.0101  0.0021
   27  1252  413  0.0233  0.0101  0.0021
   28  1253  413  0.0232  0.0101  0.0021
   29  1254  413  0.0232  0.0101  0.0021
   30  1255  414  0.0232  0.0101  0.0021
   31  1256  414  0.0232  0.0101  0.0021
   32  1268  414  0.0232  0.0100  0.0021
   33  1266  414  0.0232  0.0100  0.0021
   34  1269  414  0.0232  0.0100  0.0021
   35  1260  415  0.0232  0.0100  0.0021
   36  1261  415  0.0232  0.0100  0.0021
   37  1259  415  0.0232  0.0100  0.0021
   38  1263  415  0.0232  0.0100  0.0021
   39  1264  415  0.0231  0.0100  0.0021
   40  1265  415  0.0231  0.0100  0.0021
   41  1266  415  0.0232  0.0100  0.0021
   42  1258  415  0.0232  0.0101  0.0021
   43  1257  415  0.0232  0.0101  0.0021
   44  1262  415  0.0231  0.0100  0.0021

    1  1239  593  0.0220  0.0096  0.0023
    2  1240  594  0.0219  0.0095  0.0023
    3  1239  594  0.0219  0.0095  0.0023
    4  1242  595  0.0219  0.0095  0.0023
    5  1243  595  0.0219  0.0095  0.0023
    6  1241  595  0.0219  0.0095  0.0023
    7  1244  596  0.0219  0.0095  0.0023
    8  1245  596  0.0219  0.0095  0.0023
    9  1247  596  0.0219  0.0095  0.0023
   10  1248  596  0.0219  0.0095  0.0023
   11  1249  597  0.0219  0.0095  0.0023
   12  1250  597  0.0219  0.0095  0.0023
   13  1251  597  0.0219  0.0095  0.0023
   14  1252  597  0.0219  0.0095  0.0023
   15  1253  597  0.0219  0.0095  0.0023
   16  1254  597  0.0219  0.0095  0.0023
   17  1256  597  0.0219  0.0095  0.0023
   18  1257  597  0.0219  0.0095  0.0023
   19  1258  597  0.0219  0.0095  0.0023
   20  1259  598  0.0219  0.0095  0.0023
   21  1260  598  0.0219  0.0095  0.0023
   22  1261  598  0.0219  0.0095  0.0023
   23  1262  598  0.0219  0.0095  0.0023
   24  1263  598  0.0219  0.0095  0.0023
   25  1264  598  0.0218  0.0095  0.0023
   26  1265  598  0.0218  0.0094  0.0023
   27  1266  598  0.0218  0.0094  0.0023
   28  1267  598  0.0218  0.0094  0.0023
   29  1268  599  0.0218  0.0094  0.0023
   30  1271  600  0.0219  0.0094  0.0023
   31  1272  600  0.0219  0.0095  0.0023
   32  1273  600  0.0219  0.0095  0.0023
   33  1270  600  0.0219  0.0094  0.0023
   34  1274  601  0.0219  0.0095  0.0023
   35  1275  601  0.0219  0.0095  0.0023
   36  1277  601  0.0219  0.0095  0.0023
   37  1278  601  0.0219  0.0095  0.0023
   38  1279  601  0.0219  0.0095  0.0023
   39  1280  601  0.0219  0.0095  0.0023
   40  1281  601  0.0219  0.0094  0.0023
   41  1283  602  0.0219  0.0095  0.0023
   42  1284  602  0.0219  0.0095  0.0023
   43  1285  602  0.0219  0.0095  0.0023
   44  1282  602  0.0219  0.0095  0.0023

   1  19  804  0.0197  0.0108  0.0025
   17  21  805  0.0197  0.0108  0.0025
   18  22  805  0.0197  0.0108  0.0025
   19  23  805  0.0197  0.0108  0.0025
   20  24  805  0.0197  0.0108  0.0025
   21  25  805  0.0197  0.0108  0.0025
   22  26  805  0.0197  0.0108  0.0025
   23  27  805  0.0197  0.0108  0.0025
   24  28  805  0.0197  0.0108  0.0025
   25  29  805  0.0197  0.0108  0.0025
   26  30  805  0.0197  0.0108  0.0025
   27  31  805  0.0197  0.0108  0.0025
   28  32  805  0.0197  0.0107  0.0025

   1  67  801  0.0197  0.0107  0.0025
   14  66  801  0.0197  0.0107  0.0025
   15  65  801  0.0197  0.0107  0.0025
   16  68  801  0.0197  0.0107  0.0025
   19  19  801  0.0197  0.0108  0.0025
   20  20  801  0.0197  0.0108  0.0025
   21  21  801  0.0197  0.0108  0.0025
   22  22  801  0.0197  0.0108  0.0025
   23  23  801  0.0197  0.0108  0.0025
   24  24  801  0.0197  0.0108  0.0025
   25  47  801  0.0197  0.0107  0.0025
   26  46  801  0.0197  0.0107  0.0025
   27  45  801  0.0197  0.0107  0.0025
   28  44  801  0.0197  0.0107  0.0025
   29  43  801  0.0197  0.0107  0.0025
   30  42  801  0.0197  0.0107  0.0025
   31  41  801  0.0197  0.0107  0.0025
   32  40  801  0.0196  0.0107  0.0025
   33  39  801  0.0196  0.0107  0.0025
   34  38  801  0.0197  0.0107  0.0025
   35  37  801  0.0197  0.0107  0.0025
   36  25  801  0.0197  0.0108  0.0025
   37  69  801  0.0197  0.0107  0.0025
   38  35  802  0.0197  0.0107  0.0025
   39  34  802  0.0197  0.0108  0.0025
   40  33  802  0.0197  0.0108  0.0025
   41  32  802  0.0197  0.0108  0.0025
   42  31  802  0.0197  0.0108  0.0025
   43  30  802  0.0197  0.0108  0.0025
   44  29  802  0.0197  0.0108  0.0025
   45  28  802  0.0197  0.0108  0.0025
   46  27  802  0.0197  0.0108  0.0025
   47  26  802  0.0197  0.0108  0.0025
   48  37  802  0.0197  0.0107  0.0025
   49  47  802  0.0197  0.0107  0.0025
   50  48  802  0.0197  0.0107  0.0025
   51  49  802  0.0197  0.0107  0.0025
   52  50  802  0.0197  0.0107  0.0025
   53  51  802  0.0197  0.0107  0.0025
   54  52  802  0.0197  0.0107  0.0025
   55  53  802  0.0197  0.0107  0.0025
   56  54  802  0.0197  0.0107  0.0025
   57  55  802  0.0197  0.0107  0.0025
   58  56  802  0.0197  0.0107  0.0025
   59  57  802  0.0197  0.0107  0.0025
   60  58  802  0.0197  0.0107  0.0025
   61  59  802  0.0197  0.0107  0.0025
   62  60  802  0.0197  0.0107  0.0025
   63  61  802  0.0197  0.0107  0.0025
   64  62  802  0.0197  0.0107  0.0025
   65  63  802  0.0197  0.0107  0.0025
   66  64  802  0.0197  0.0107  0.0025
   67  65  802  0.0197  0.0107  0.0025
   68  36  802  0.0197  0.0107  0.0025

   1  21  788  0.0197  0.0108  0.0025
   17  22  788  0.0195  0.0107  0.0025
   18  23  788  0.0197  0.0108  0.0025
   19  24  788  0.0196  0.0108  0.0025
   20  25  789  0.0197  0.0108  0.0025
   21  26  789  0.0197  0.0108  0.0025
   22  24  789  0.0197  0.0108  0.0025
   23  27  790  0.0197  0.0108  0.0025
   24  26  790  0.0197  0.0108  0.0025
   25  27  791  0.0197  0.0108  0.0025
   26  28  791  0.0197  0.0108  0.0025
   27  29  791  0.0197  0.0108  0.0025
   28  30  791  0.0197  0.0108  0.0025
   29  31  791  0.0197  0.0108  0.0025
   30  32  791  0.0197  0.0108  0.0025
   31  33  791  0.0197  0.0108  0.0025
   32  44  791  0.0196  0.0107  0.0025
   33  43  791  0.0196  0.0107  0.0025
   34  42  791  0.0196  0.0107  0.0025
   35  41  791  0.0197  0.0107  0.0025
   36  40  791  0.0197  0.0107  0.0025
   37  39  791  0.0197  0.0108  0.0025
   38  38  791  0.0197  0.0108  0.0025
   39  37  791  0.0197  0.0107  0.0025
   40  36  791  0.0197  0.0108  0.0025
   41  35  791  0.0197  0.0108  0.0025
   42  34  791  0.0197  0.0108  0.0025
   43  45  792  0.0196  0.0107  0.0025
   44  46  792  0.0196  0.0107  0.0025
   45  47  792  0.0196  0.0107  0.0025
   46  48  792  0.0196  0.0107  0.0025
   47  49  792  0.0196  0.0107  0.0025
   48  50  792  0.0196  0.0107  0.0025
   49  51  792  0.0196  0.0107  0.0025
   50  52  792  0.0196  0.0107  0.0025
   51  53  792  0.0197  0.0107  0.0025
   52  54  793  0.0196  0.0107  0.0025
   53  55  793  0.0197  0.0107  0.0025
   54  56  793  0.0197  0.0107  0.0025
   55  57  793  0.0197  0.0107  0.0025
   56  58  793  0.0196  0.0107  0.0025
   57  60  793  0.0196  0.0107  0.0025
   58  73  793  0.0197  0.0107  0.0025
   59  72  793  0.0197  0.0107  0.0025
   60  62  794  0.0197  0.0107  0.0025
   61  63  794  0.0197  0.0107  0.0025
   62  64  794  0.0197  0.0107  0.0025
   63  65  794  0.0197  0.0107  0.0025
   64  61  794  0.0197  0.0107  0.0025
   65  72  794  0.0197  0.0107  0.0025
   66  71  794  0.0197  0.0107  0.0025
   67  60  794  0.0196  0.0107  0.0025
   68  70  794  0.0197  0.0107  0.0025
   69  68  795  0.0197  0.0107  0.0025
   70  67  795  0.0197  0.0107  0.0025
   71  66  795  0.0197  0.0107  0.0025
   72  69  795  0.0197  0.0107  0.0025
   73  70  795  0.0197  0.0107  0.0025

   1  22  784  0.0198  0.0108  0.0025
   22  23  784  0.0198  0.0108  0.0025
   23  23  785  0.0000  0.0000  0.0000
   24  24  785  0.0198  0.0108  0.0025
   25  25  785  0.0197  0.0108  0.0025
   26  26  785  0.0198  0.0108  0.0025
   27  26  786  0.0197  0.0108  0.0025
   28  28  786  0.0197  0.0108  0.0025
   29  27  786  0.0197  0.0108  0.0025
   30  35  787  0.0196  0.0107  0.0025
   31  29  787  0.0197  0.0108  0.0025
   32  30  787  0.0197  0.0107  0.0025
   33  31  787  0.0197  0.0108  0.0025
   34  32  787  0.0197  0.0107  0.0025
   35  33  787  0.0197  0.0107  0.0025
   36  34  787  0.0197  0.0107  0.0025
   37  28  787  0.0197  0.0108  0.0025
   38  46  788  0.0196  0.0107  0.0025
   39  38  788  0.0197  0.0108  0.0025
   40  45  788  0.0196  0.0107  0.0025
   41  39  788  0.0197  0.0108  0.0025
   42  40  788  0.0197  0.0108  0.0025
   43  41  788  0.0197  0.0107  0.0025
   44  42  788  0.0197  0.0107  0.0025
   45  43  788  0.0197  0.0107  0.0025
   46  44  788  0.0196  0.0107  0.0025
   47  36  788  0.0197  0.0108  0.0025
   48  47  788  0.0196  0.0107  0.0025
   49  37  788  0.0197  0.0108  0.0025
   50  48  789  0.0196  0.0107  0.0025
   51  49  789  0.0196  0.0107  0.0025
   52  50  789  0.0196  0.0107  0.0025
   53  51  789  0.0196  0.0107  0.0025
   54  52  789  0.0196  0.0107  0.0025
   55  53  789  0.0196  0.0107  0.0025
   56  54  789  0.0196  0.0107  0.0025
   57  55  789  0.0197  0.0107  0.0025
   58  56  789  0.0196  0.0107  0.0025
   59  57  789  0.0196  0.0107  0.0025
   60  58  789  0.0195  0.0106  0.0025
   61  59  789  0.0195  0.0106  0.0025
   62  59  790  0.0196  0.0107  0.0025
   63  60  790  0.0196  0.0106  0.0025
   64  61  790  0.0196  0.0107  0.0025
   65  72  790  0.0197  0.0107  0.0025
   66  71  790  0.0197  0.0107  0.0025
   67  64  790  0.0196  0.0107  0.0025
   68  65  790  0.0196  0.0107  0.0025
   69  66  790  0.0197  0.0107  0.0025
   70  67  790  0.0197  0.0107  0.0025
   71  68  790  0.0197  0.0107  0.0025
   72  69  790  0.0197  0.0107  0.0025
   73  70  790  0.0197  0.0107  0.0025
   74  73  790  0.0197  0.0107  0.0025
   75  62  791  0.0196  0.0107  0.0025
   76  64  791  0.0196  0.0107  0.0025

    1  1219  414  0.0232  0.0102  0.0021
    2  1220  414  0.0232  0.0102  0.0021
    3  1221  414  0.0232  0.0101  0.0021
    4  1222  414  0.0232  0.0102  0.0021
    5  1223  414  0.0232  0.0101  0.0021
    6  1224  414  0.0232  0.0101  0.0021
    7  1225  415  0.0232  0.0101  0.0021
    8  1226  415  0.0232  0.0101  0.0021
    9  1224  415  0.0232  0.0101  0.0021
   10  1226  416  0.0232  0.0101  0.0021
   11  1227  416  0.0232  0.0101  0.0021
   12  1228  416  0.0232  0.0101  0.0021
   13  1229  416  0.0232  0.0101  0.0021
   14  1230  416  0.0232  0.0101  0.0021
   15  1231  416  0.0232  0.0101  0.0021
   16  1232  416  0.0232  0.0101  0.0021
   17  1233  416  0.0232  0.0101  0.0021
   18  1234  416  0.0232  0.0101  0.0021
   19  1235  416  0.0232  0.0101  0.0021
   20  1236  416  0.0232  0.0101  0.0021
   21  1237  416  0.0232  0.0101  0.0021
   22  1238  417  0.0232  0.0101  0.0021
   23  1239  417  0.0232  0.0101  0.0021
   24  1240  417  0.0232  0.0101  0.0021
   25  1241  417  0.0232  0.0101  0.0021
   26  1243  417  0.0232  0.0101  0.0021
   27  1244  417  0.0232  0.0101  0.0021
   28  1245  417  0.0232  0.0101  0.0021
   29  1246  417  0.0232  0.0101  0.0021
   30  1247  417  0.0232  0.0101  0.0021
   31  1248  417  0.0232  0.0101  0.0021
   32  1249  417  0.0232  0.0101  0.0021
   33  1250  418  0.0232  0.0101  0.0021
   34  1251  418  0.0232  0.0101  0.0021
   35  1252  418  0.0232  0.0101  0.0021
   36  1249  418  0.0231  0.0101  0.0021
   37  1252  419  0.0232  0.0101  0.0021
   38  1253  419  0.0232  0.0101  0.0021
   39  1254  419  0.0232  0.0101  0.0021
   40  1255  419  0.0232  0.0101  0.0021
   41  1256  419  0.0232  0.0101  0.0021
   42  1257  419  0.0232  0.0101  0.0021
   43  1258  419  0.0232  0.0101  0.0021
   44  1258  420  0.0232  0.0100  0.0021
   45  1259  420  0.0232  0.0100  0.0021
   46  1260  420  0.0231  0.0100  0.0021
   47  1261  420  0.0231  0.0100  0.0021
   48  1262  420  0.0231  0.0100  0.0021
   49  1263  420  0.0231  0.0100  0.0021
   50  1264  420  0.0231  0.0100  0.0021
   51  1265  420  0.0231  0.0100  0.0021
   52  1266  421  0.0231  0.0100  0.0021
   53  1267  421  0.0231  0.0100  0.0021
   54  1268  421  0.0231  0.0100  0.0021
   55  1269  421  0.0231  0.0100  0.0021
   56  1270  421  0.0231  0.0100  0.0021
   57  1271  421  0.0231  0.0100  0.0021
   58  1272  421  0.0231  0.0100  0.0021
   59  1265  421  0.0231  0.0100  0.0021

    1  912  469  0.0228  0.0106  0.0022
    2  913  469  0.0228  0.0106  0.0022
    3  914  469  0.0228  0.0106  0.0022
    4  915  469  0.0228  0.0106  0.0022
    5  911  469  0.0228  0.0106  0.0022
    6  915  470  0.0228  0.0106  0.0022
    7  916  470  0.0228  0.0106  0.0022
    8  917  470  0.0228  0.0106  0.0022
    9  918  470  0.0228  0.0106  0.0022
   10  919  470  0.0228  0.0106  0.0022
   11  920  470  0.0227  0.0105  0.0022
   12  921  470  0.0227  0.0105  0.0022
   13  922  470  0.0227  0.0105  0.0022
   14  923  470  0.0227  0.0105  0.0022
   15  924  470  0.0227  0.0105  0.0022
   16  925  470  0.0227  0.0105  0.0022
   17  926  470  0.0227  0.0105  0.0022
   18  927  470  0.0228  0.0105  0.0022
   19  928  470  0.0228  0.0105  0.0022
   20  929  470  0.0227  0.0105  0.0022
   21  930  470  0.0227  0.0105  0.0022
   22  931  470  0.0228  0.0105  0.0022
   23  932  470  0.0228  0.0105  0.0022
   24  933  470  0.0228  0.0105  0.0022
   25  934  470  0.0228  0.0105  0.0022
   26  935  470  0.0227  0.0105  0.0022
   27  976  470  0.0228  0.0104  0.0022
   28  975  470  0.0228  0.0105  0.0022
   29  974  470  0.0228  0.0104  0.0022
   30  977  470  0.0228  0.0104  0.0022
   31  939  471  0.0228  0.0105  0.0022
   32  940  471  0.0228  0.0105  0.0022
   33  938  471  0.0228  0.0105  0.0022
   34  942  471  0.0228  0.0105  0.0022
   35  943  471  0.0228  0.0105  0.0022
   36  944  471  0.0228  0.0105  0.0022
   37  945  471  0.0228  0.0105  0.0022
   38  946  471  0.0228  0.0105  0.0022
   39  947  471  0.0228  0.0105  0.0022
   40  948  471  0.0227  0.0105  0.0022
   41  949  471  0.0227  0.0105  0.0022
   42  950  471  0.0227  0.0105  0.0022
   43  951  471  0.0227  0.0105  0.0022
   44  952  471  0.0227  0.0105  0.0022
   45  953  471  0.0227  0.0105  0.0022
   46  954  471  0.0227  0.0105  0.0022
   47  955  471  0.0227  0.0105  0.0022
   48  956  471  0.0227  0.0105  0.0022
   49  959  471  0.0227  0.0105  0.0022
   50  960  471  0.0227  0.0105  0.0022
   51  961  471  0.0227  0.0105  0.0022
   52  962  471  0.0227  0.0105  0.0022
   53  963  471  0.0227  0.0105  0.0022
   54  964  471  0.0227  0.0105  0.0022
   55  965  471  0.0228  0.0105  0.0022
   56  966  471  0.0227  0.0105  0.0022
   57  967  471  0.0227  0.0105  0.0022
   58  968  471  0.0228  0.0105  0.0022
   59  969  471  0.0228  0.0105  0.0022
   60  970  471  0.0228  0.0105  0.0022
   61  937  471  0.0228  0.0105  0.0022
   62  936  471  0.0227  0.0105  0.0022
   63  935  471  0.0227  0.0105  0.0022
   64  941  471  0.0228  0.0105  0.0022
   65  977  471  0.0228  0.0104  0.0022
   66  978  471  0.0228  0.0104  0.0022
   67  979  471  0.0228  0.0104  0.0022
   68  980  471  0.0228  0.0104  0.0022
   69  981  471  0.0228  0.0104  0.0022
   70  982  471  0.0228  0.0104  0.0022
   71  983  471  0.0228  0.0104  0.0022
   72  984  471  0.0228  0.0104  0.0022
   73  985  471  0.0228  0.0104  0.0022
   74  986  471  0.0228  0.0104  0.0022
   75  987  471  0.0228  0.0104  0.0022
   76  988  471  0.0228  0.0104  0.0022
   77  989  471  0.0228  0.0104  0.0022

    1  560  303  0.0240  0.0120  0.0020
    2  561  303  0.0241  0.0120  0.0020
    3  562  303  0.0241  0.0120  0.0020
    4  563  303  0.0241  0.0120  0.0020
    5  564  303  0.0241  0.0120  0.0020
    6  565  303  0.0241  0.0120  0.0020
    7  559  303  0.0240  0.0120  0.0020
    8  565  304  0.0241  0.0120  0.0020
    9  566  304  0.0241  0.0120  0.0020
   10  567  304  0.0241  0.0120  0.0020
   11  568  305  0.0241  0.0120  0.0020
   12  569  305  0.0241  0.0119  0.0020
   13  570  305  0.0241  0.0120  0.0020
   14  571  305  0.0241  0.0119  0.0020
   15  567  305  0.0241  0.0120  0.0020
   16  573  306  0.0241  0.0119  0.0020
   17  574  306  0.0241  0.0119  0.0020
   18  572  306  0.0241  0.0119  0.0020
   19  574  307  0.0241  0.0119  0.0020
   20  575  307  0.0241  0.0119  0.0020
   21  576  307  0.0241  0.0119  0.0020
   22  577  307  0.0241  0.0119  0.0020
   23  578  307  0.0241  0.0119  0.0020
   24  579  308  0.0240  0.0119  0.0020
   25  580  308  0.0240  0.0119  0.0020
   26  578  308  0.0241  0.0119  0.0020
   27  581  309  0.0240  0.0119  0.0020
   28  582  309  0.0241  0.0119  0.0020
   29  583  309  0.0241  0.0119  0.0020
   30  584  309  0.0240  0.0119  0.0020
   31  585  309  0.0240  0.0119  0.0020
   32  587  309  0.0240  0.0119  0.0020
   33  588  309  0.0240  0.0119  0.0020
   34  588  310  0.0240  0.0119  0.0020
   35  589  310  0.0240  0.0119  0.0020
   36  591  310  0.0240  0.0119  0.0020
   37  590  310  0.0240  0.0119  0.0020
   38  592  311  0.0240  0.0119  0.0020
   39  594  313  0.0240  0.0118  0.0020
   40  595  313  0.0240  0.0118  0.0020
   41  598  313  0.0240  0.0118  0.0020
   42  596  313  0.0240  0.0118  0.0020
   43  597  313  0.0240  0.0118  0.0020
   44  598  314  0.0240  0.0118  0.0020
   45  599  314  0.0240  0.0118  0.0020
   46  632  314  0.0240  0.0118  0.0020
   47  631  314  0.0240  0.0118  0.0020
   48  630  314  0.0240  0.0118  0.0020
   49  629  314  0.0240  0.0118  0.0020
   50  628  314  0.0240  0.0118  0.0020
   51  627  314  0.0240  0.0118  0.0020
   52  633  314  0.0240  0.0118  0.0020
   53  622  315  0.0240  0.0118  0.0020
   54  600  315  0.0240  0.0118  0.0020
   55  627  315  0.0240  0.0118  0.0020
   56  626  315  0.0240  0.0118  0.0020
   57  612  315  0.0240  0.0118  0.0020
   58  613  315  0.0240  0.0118  0.0020
   59  614  315  0.0240  0.0118  0.0020
   60  615  315  0.0240  0.0118  0.0020
   61  625  315  0.0240  0.0118  0.0020
   62  617  315  0.0240  0.0118  0.0020
   63  618  315  0.0240  0.0118  0.0020
   64  620  315  0.0240  0.0118  0.0020
   65  621  315  0.0240  0.0118  0.0020
   66  616  315  0.0240  0.0118  0.0020
   67  623  315  0.0240  0.0118  0.0020
   68  624  315  0.0240  0.0118  0.0020
   69  607  316  0.0240  0.0118  0.0020
   70  611  316  0.0240  0.0118  0.0020
   71  610  316  0.0240  0.0118  0.0020
   72  606  316  0.0240  0.0118  0.0020
   73  605  316  0.0240  0.0118  0.0020
   74  604  316  0.0240  0.0118  0.0020
   75  603  316  0.0240  0.0118  0.0020
   76  602  316  0.0240  0.0118  0.0020
   77  609  316  0.0240  0.0118  0.0020
   78  608  316  0.0240  0.0118  0.0020

    1  562  310  0.0240  0.0119  0.0020
    2  561  310  0.0240  0.0119  0.0020
    3  564  311  0.0240  0.0119  0.0020
    4  565  311  0.0240  0.0119  0.0020
    5  563  311  0.0240  0.0119  0.0020
    6  566  312  0.0240  0.0119  0.0020
    7  567  312  0.0240  0.0119  0.0020
    8  568  312  0.0240  0.0119  0.0020
    9  569  313  0.0240  0.0119  0.0020
   10  570  313  0.0240  0.0119  0.0020
   11  568  313  0.0240  0.0119  0.0020
   12  572  314  0.0240  0.0119  0.0020
   13  573  314  0.0240  0.0119  0.0020
   14  574  314  0.0240  0.0119  0.0020
   15  571  314  0.0240  0.0119  0.0020
   16  575  315  0.0239  0.0119  0.0020
   17  576  315  0.0239  0.0119  0.0020
   18  577  316  0.0240  0.0119  0.0020
   19  578  316  0.0240  0.0119  0.0020
   20  579  316  0.0240  0.0119  0.0020
   21  576  316  0.0240  0.0119  0.0020
   22  579  317  0.0240  0.0119  0.0020
   23  580  317  0.0240  0.0119  0.0020
   24  581  317  0.0240  0.0119  0.0020
   25  582  317  0.0240  0.0119  0.0020
   26  583  317  0.0240  0.0119  0.0020
   27  584  317  0.0240  0.0119  0.0020
   28  585  317  0.0240  0.0119  0.0020
   29  586  317  0.0240  0.0119  0.0020
   30  587  317  0.0240  0.0118  0.0020
   31  588  317  0.0240  0.0118  0.0020
   32  589  317  0.0240  0.0118  0.0020
   33  591  318  0.0240  0.0118  0.0020
   34  592  318  0.0239  0.0118  0.0020
   35  593  318  0.0240  0.0118  0.0020
   36  594  318  0.0240  0.0118  0.0020
   37  596  319  0.0239  0.0118  0.0020
   38  597  319  0.0240  0.0118  0.0020
   39  630  319  0.0240  0.0118  0.0020
   40  629  319  0.0240  0.0118  0.0020
   41  628  319  0.0240  0.0118  0.0020
   42  627  319  0.0240  0.0118  0.0020
   43  626  319  0.0240  0.0118  0.0020
   44  631  319  0.0240  0.0118  0.0020
   45  605  320  0.0239  0.0118  0.0020
   46  606  320  0.0239  0.0118  0.0020
   47  607  320  0.0240  0.0118  0.0020
   48  608  320  0.0240  0.0118  0.0020
   49  609  320  0.0240  0.0118  0.0020
   50  610  320  0.0240  0.0118  0.0020
   51  611  320  0.0240  0.0118  0.0020
   52  612  320  0.0240  0.0118  0.0020
   53  613  320  0.0240  0.0118  0.0020
   54  614  320  0.0240  0.0118  0.0020
   55  604  320  0.0239  0.0118  0.0020
   56  616  320  0.0240  0.0118  0.0020
   57  617  320  0.0240  0.0118  0.0020
   58  618  320  0.0240  0.0118  0.0020
   59  619  320  0.0240  0.0118  0.0020
   60  620  320  0.0240  0.0118  0.0020
   61  621  320  0.0240  0.0118  0.0020
   62  622  320  0.0240  0.0118  0.0020
   63  623  320  0.0240  0.0118  0.0020
   64  624  320  0.0240  0.0118  0.0020
   65  625  320  0.0240  0.0118  0.0020
   66  626  320  0.0240  0.0118  0.0020
   67  603  320  0.0239  0.0118  0.0020
   68  602  320  0.0240  0.0118  0.0020
   69  601  320  0.0239  0.0118  0.0020
   70  600  320  0.0240  0.0118  0.0020
   71  598  320  0.0240  0.0118  0.0020
   72  615  320  0.0240  0.0118  0.0020
