; ENVI Output of ROIs (5.4) [Tue Aug 06 11:50:40 2019]
; Number of ROIs: 13
; File Dimension: 1328 x 1184
;
; ROI name: Region #1
; ROI rgb value: {255, 0, 0}
; ROI npts: 32
;
; ROI name: Region #2
; ROI rgb value: {0, 255, 0}
; ROI npts: 36
;
; ROI name: Region #3
; ROI rgb value: {0, 0, 255}
; ROI npts: 42
;
; ROI name: Region #4
; ROI rgb value: {255, 255, 0}
; ROI npts: 44
;
; ROI name: Region #6
; ROI rgb value: {255, 0, 255}
; ROI npts: 44
;
; ROI name: Region #7
; ROI rgb value: {176, 48, 96}
; ROI npts: 28
;
; ROI name: Region #8
; ROI rgb value: {46, 139, 87}
; ROI npts: 68
;
; ROI name: Region #9
; ROI rgb value: {160, 32, 240}
; ROI npts: 73
;
; ROI name: Region #10
; ROI rgb value: {255, 127, 80}
; ROI npts: 76
;
; ROI name: Region #5
; ROI rgb value: {0, 255, 255}
; ROI npts: 59
;
; ROI name: Region #11
; ROI rgb value: {127, 255, 212}
; ROI npts: 77
;
; ROI name: Region #12
; ROI rgb value: {218, 112, 214}
; ROI npts: 78
;
; ROI name: Region #13
; ROI rgb value: {160, 82, 45}
; ROI npts: 72
;  ID    X    Y         B1         B2         B3
    1  774  335  -133.7474   113.1730   -19.5178
    2  775  335  -133.7485   113.1729   -19.5178
    3  776  335  -133.7511   113.1735   -19.5177
    4  777  335  -133.7534   113.1740   -19.5175
    5  778  335  -133.7471   113.1704   -19.5180
    6  779  335  -133.7495   113.1710   -19.5179
    7  780  335  -133.7464   113.1689   -19.5181
    8  781  335  -133.7518   113.1709   -19.5177
    9  782  335  -133.7492   113.1690   -19.5179
   10  783  335  -133.7492   113.1684   -19.5179
   11  784  335  -133.7521   113.1692   -19.5178
   12  785  335  -133.7509   113.1681   -19.5179
   13  786  335  -133.7530   113.1685   -19.5178
   14  786  336  -133.7519   113.1679   -19.5173
   15  787  336  -133.7459   113.1644   -19.5177
   16  788  336  -133.7466   113.1642   -19.5177
   17  789  336  -133.7450   113.1628   -19.5179
   18  790  336  -133.7422   113.1609   -19.5181
   19  791  336  -133.7437   113.1610   -19.5180
   20  792  336  -133.7450   113.1610   -19.5179
   21  792  337  -133.7442   113.1606   -19.5175
   22  793  337  -133.7430   113.1595   -19.5176
   23  794  337  -133.7448   113.1597   -19.5175
   24  795  337  -133.7444   113.1589   -19.5175
   25  796  337  -133.7405   113.1565   -19.5178
   26  797  337  -133.7419   113.1566   -19.5178
   27  798  337  -133.7415   113.1557   -19.5178
   28  799  337  -133.7418   113.1553   -19.5178
   29  800  337  -133.7403   113.1540   -19.5180
   30  801  337  -133.7399   113.1532   -19.5180
   31  802  337  -133.7399   113.1526   -19.5180
   32  802  338  -133.7383   113.1518   -19.5177

    1  765  340  -133.7482   113.1787   -19.5149
    2  766  340  -133.7512   113.1796   -19.5147
    3  767  340  -133.7475   113.1772   -19.5150
    4  768  340  -133.7492   113.1774   -19.5149
    5  770  340  -133.7470   113.1751   -19.5151
    6  771  340  -133.7493   113.1756   -19.5149
    7  772  340  -133.7488   113.1748   -19.5150
    8  773  340  -133.7482   113.1739   -19.5150
    9  774  340  -133.7496   113.1740   -19.5149
   10  775  340  -133.7491   113.1731   -19.5150
   11  776  340  -133.7467   113.1714   -19.5152
   12  777  340  -133.7464   113.1707   -19.5152
   13  778  340  -133.7486   113.1711   -19.5151
   14  779  340  -133.7443   113.1684   -19.5154
   15  780  340  -133.7451   113.1682   -19.5154
   16  781  340  -133.7451   113.1676   -19.5154
   17  782  340  -133.7424   113.1657   -19.5157
   18  782  341  -133.7393   113.1642   -19.5154
   19  783  341  -133.7404   113.1642   -19.5153
   20  784  341  -133.7375   113.1622   -19.5155
   21  785  341  -133.7417   113.1636   -19.5153
   22  786  341  -133.7385   113.1615   -19.5155
   23  787  341  -133.7374   113.1603   -19.5156
   24  788  341  -133.7376   113.1599   -19.5157
   25  789  342  -133.7339   113.1575   -19.5154
   26  788  342  -133.7341   113.1582   -19.5154
   27  789  343  -133.7333   113.1572   -19.5149
   28  790  343  -133.7310   113.1554   -19.5151
   29  791  343  -133.7307   113.1547   -19.5152
   30  792  343  -133.7298   113.1537   -19.5153
   31  793  343  -133.7294   113.1529   -19.5153
   32  794  343  -133.7307   113.1529   -19.5153
   33  795  344  -133.7317   113.1528   -19.5147
   34  796  344  -133.7328   113.1528   -19.5146
   35  797  344  -133.7315   113.1515   -19.5147
   36  794  344  -133.7318   113.1535   -19.5147

    1  1237  405  -133.7043   112.8813   -19.4943
    2  1236  405  -133.7042   112.8819   -19.4942
    3  1238  406  -133.7050   112.8811   -19.4937
    4  1239  406  -133.7061   112.8810   -19.4937
    5  1240  406  -133.7019   112.8786   -19.4940
    6  1237  406  -133.7042   112.8813   -19.4937
    7  1240  407  -133.7074   112.8810   -19.4931
    8  1241  407  -133.7039   112.8789   -19.4933
    9  1242  407  -133.7062   112.8793   -19.4932
   10  1243  407  -133.7040   112.8778   -19.4934
   11  1244  407  -133.7047   112.8775   -19.4934
   12  1245  407  -133.7036   112.8764   -19.4935
   13  1246  407  -133.7055   112.8767   -19.4934
   14  1247  407  -133.7081   112.8773   -19.4932
   15  1248  407  -133.7085   112.8769   -19.4932
   16  1249  407  -133.7072   112.8758   -19.4933
   17  1250  407  -133.7076   112.8754   -19.4933
   18  1251  407  -133.7092   112.8755   -19.4932
   19  1252  407  -133.7094   112.8750   -19.4933
   20  1253  407  -133.7103   112.8748   -19.4932
   21  1254  407  -133.7071   112.8728   -19.4935
   22  1255  407  -133.7058   112.8717   -19.4936
   23  1256  407  -133.7092   112.8726   -19.4934
   24  1257  407  -133.7109   112.8728   -19.4933
   25  1258  407  -133.7087   112.8713   -19.4934
   26  1259  408  -133.7085   112.8706   -19.4929
   27  1260  408  -133.7069   112.8693   -19.4931
   28  1261  408  -133.7061   112.8684   -19.4931
   29  1262  408  -133.7057   112.8677   -19.4932
   30  1263  408  -133.7026   112.8657   -19.4934
   31  1265  408  -133.7027   112.8646   -19.4935
   32  1266  408  -133.7014   112.8635   -19.4936
   33  1264  408  -133.7024   112.8651   -19.4935
   34  1267  408  -133.7007   112.8626   -19.4937
   35  1269  408  -133.6952   112.8591   -19.4941
   36  1268  408  -133.6984   112.8611   -19.4938
   37  1271  409  -133.6959   112.8583   -19.4936
   38  1272  409  -133.6946   112.8571   -19.4937
   39  1270  409  -133.6942   112.8581   -19.4937
   40  1269  409  -133.6962   112.8596   -19.4935
   41  1263  409  -133.7015   112.8652   -19.4930
   42  1262  409  -133.7047   112.8672   -19.4928

    1  1229  410  -133.6998   112.8839   -19.4917
    2  1230  411  -133.6985   112.8828   -19.4913
    3  1231  411  -133.6981   112.8820   -19.4914
    4  1232  411  -133.6998   112.8822   -19.4913
    5  1233  411  -133.6983   112.8809   -19.4914
    6  1234  411  -133.7006   112.8814   -19.4913
    7  1229  411  -133.6987   112.8834   -19.4913
    8  1234  412  -133.6975   112.8800   -19.4910
    9  1235  412  -133.6975   112.8794   -19.4910
   10  1236  412  -133.6959   112.8782   -19.4911
   11  1237  412  -133.6962   112.8777   -19.4911
   12  1238  412  -133.6953   112.8768   -19.4912
   13  1239  412  -133.6944   112.8758   -19.4913
   14  1240  412  -133.6942   112.8751   -19.4914
   15  1240  413  -133.6939   112.8750   -19.4908
   16  1241  413  -133.6936   112.8743   -19.4909
   17  1242  413  -133.6948   112.8742   -19.4908
   18  1243  413  -133.6931   112.8729   -19.4910
   19  1244  413  -133.6939   112.8727   -19.4909
   20  1245  413  -133.6945   112.8724   -19.4909
   21  1246  413  -133.6942   112.8717   -19.4910
   22  1247  413  -133.6957   112.8718   -19.4909
   23  1248  413  -133.6965   112.8716   -19.4908
   24  1249  413  -133.6956   112.8706   -19.4909
   25  1250  413  -133.6989   112.8715   -19.4907
   26  1251  413  -133.6985   112.8708   -19.4908
   27  1252  413  -133.7012   112.8714   -19.4906
   28  1253  413  -133.7020   112.8711   -19.4906
   29  1254  413  -133.6998   112.8696   -19.4908
   30  1255  414  -133.6958   112.8673   -19.4906
   31  1256  414  -133.6984   112.8679   -19.4904
   32  1268  414  -133.6930   112.8586   -19.4911
   33  1266  414  -133.6953   112.8608   -19.4909
   34  1269  414  -133.6917   112.8575   -19.4912
   35  1260  415  -133.6944   112.8638   -19.4903
   36  1261  415  -133.6947   112.8634   -19.4903
   37  1259  415  -133.6937   112.8641   -19.4904
   38  1263  415  -133.6940   112.8619   -19.4904
   39  1264  415  -133.6926   112.8607   -19.4905
   40  1265  415  -133.6912   112.8595   -19.4907
   41  1266  415  -133.6918   112.8592   -19.4906
   42  1258  415  -133.6951   112.8652   -19.4902
   43  1257  415  -133.6917   112.8643   -19.4904
   44  1262  415  -133.6921   112.8617   -19.4905

    1  1239  593  -133.5242   112.7994   -19.4107
    2  1240  594  -133.5158   112.7951   -19.4109
    3  1239  594  -133.5174   112.7964   -19.4107
    4  1242  595  -133.5129   112.7927   -19.4106
    5  1243  595  -133.5124   112.7920   -19.4107
    6  1241  595  -133.5151   112.7942   -19.4104
    7  1244  596  -133.5112   112.7909   -19.4104
    8  1245  596  -133.5090   112.7894   -19.4106
    9  1247  596  -133.5105   112.7889   -19.4105
   10  1248  596  -133.5098   112.7880   -19.4106
   11  1249  597  -133.5068   112.7862   -19.4104
   12  1250  597  -133.5071   112.7857   -19.4104
   13  1251  597  -133.5081   112.7856   -19.4103
   14  1252  597  -133.5095   112.7857   -19.4102
   15  1253  597  -133.5110   112.7858   -19.4101
   16  1254  597  -133.5104   112.7850   -19.4102
   17  1256  597  -133.5125   112.7848   -19.4101
   18  1257  597  -133.5122   112.7841   -19.4101
   19  1258  597  -133.5137   112.7842   -19.4100
   20  1259  598  -133.5092   112.7816   -19.4099
   21  1260  598  -133.5088   112.7809   -19.4099
   22  1261  598  -133.5118   112.7817   -19.4097
   23  1262  598  -133.5081   112.7795   -19.4101
   24  1263  598  -133.5091   112.7794   -19.4100
   25  1264  598  -133.4990   112.7744   -19.4109
   26  1265  598  -133.4982   112.7736   -19.4110
   27  1266  598  -133.4978   112.7728   -19.4110
   28  1267  598  -133.4998   112.7732   -19.4109
   29  1268  599  -133.5002   112.7728   -19.4104
   30  1271  600  -133.5033   112.7725   -19.4096
   31  1272  600  -133.5060   112.7730   -19.4094
   32  1273  600  -133.5060   112.7725   -19.4094
   33  1270  600  -133.5022   112.7725   -19.4097
   34  1274  601  -133.5087   112.7731   -19.4088
   35  1275  601  -133.5099   112.7731   -19.4087
   36  1277  601  -133.5142   112.7739   -19.4084
   37  1278  601  -133.5170   112.7745   -19.4081
   38  1279  601  -133.5157   112.7734   -19.4083
   39  1280  601  -133.5147   112.7724   -19.4084
   40  1281  601  -133.5120   112.7707   -19.4087
   41  1283  602  -133.5181   112.7722   -19.4077
   42  1284  602  -133.5179   112.7716   -19.4077
   43  1285  602  -133.5177   112.7709   -19.4078
   44  1282  602  -133.5187   112.7730   -19.4076

   1  19  804  -133.1674   113.3150   -19.3021
   17  21  805  -133.1639   113.3119   -19.3020
   18  22  805  -133.1632   113.3109   -19.3021
   19  23  805  -133.1717   113.3151   -19.3012
   20  24  805  -133.1730   113.3152   -19.3011
   21  25  805  -133.1627   113.3090   -19.3023
   22  26  805  -133.1625   113.3083   -19.3024
   23  27  805  -133.1617   113.3073   -19.3025
   24  28  805  -133.1616   113.3066   -19.3025
   25  29  805  -133.1615   113.3060   -19.3026
   26  30  805  -133.1611   113.3052   -19.3026
   27  31  805  -133.1622   113.3053   -19.3025
   28  32  805  -133.1612   113.3041   -19.3027

   1  67  801  -133.1647   113.2860   -19.3054
   14  66  801  -133.1646   113.2865   -19.3054
   15  65  801  -133.1653   113.2875   -19.3053
   16  68  801  -133.1646   113.2854   -19.3055
   19  19  801  -133.1693   113.3161   -19.3034
   20  20  801  -133.1709   113.3164   -19.3033
   21  21  801  -133.1648   113.3125   -19.3039
   22  22  801  -133.1663   113.3127   -19.3038
   23  23  801  -133.1676   113.3128   -19.3037
   24  24  801  -133.1723   113.3148   -19.3032
   25  47  801  -133.1605   113.2951   -19.3052
   26  46  801  -133.1604   113.2957   -19.3052
   27  45  801  -133.1598   113.2959   -19.3053
   28  44  801  -133.1603   113.2968   -19.3052
   29  43  801  -133.1590   113.2967   -19.3053
   30  42  801  -133.1606   113.2981   -19.3051
   31  41  801  -133.1602   113.2984   -19.3051
   32  40  801  -133.1587   113.2982   -19.3052
   33  39  801  -133.1565   113.2975   -19.3054
   34  38  801  -133.1615   113.3009   -19.3048
   35  37  801  -133.1621   113.3018   -19.3047
   36  25  801  -133.1670   113.3113   -19.3038
   37  69  801  -133.1651   113.2851   -19.3055
   38  35  802  -133.1611   113.3024   -19.3043
   39  34  802  -133.1628   113.3039   -19.3040
   40  33  802  -133.1634   113.3048   -19.3040
   41  32  802  -133.1634   113.3054   -19.3039
   42  31  802  -133.1638   113.3062   -19.3038
   43  30  802  -133.1631   113.3063   -19.3039
   44  29  802  -133.1651   113.3080   -19.3036
   45  28  802  -133.1631   113.3075   -19.3038
   46  27  802  -133.1637   113.3084   -19.3037
   47  26  802  -133.1630   113.3086   -19.3038
   48  37  802  -133.1612   113.3013   -19.3043
   49  47  802  -133.1600   113.2949   -19.3048
   50  48  802  -133.1614   113.2951   -19.3047
   51  49  802  -133.1611   113.2943   -19.3047
   52  50  802  -133.1598   113.2931   -19.3049
   53  51  802  -133.1593   113.2922   -19.3050
   54  52  802  -133.1602   113.2922   -19.3049
   55  53  802  -133.1608   113.2919   -19.3049
   56  54  802  -133.1616   113.2917   -19.3048
   57  55  802  -133.1623   113.2916   -19.3048
   58  56  802  -133.1624   113.2910   -19.3048
   59  57  802  -133.1622   113.2903   -19.3049
   60  58  802  -133.1624   113.2899   -19.3049
   61  59  802  -133.1630   113.2897   -19.3048
   62  60  802  -133.1631   113.2891   -19.3049
   63  61  802  -133.1634   113.2887   -19.3048
   64  62  802  -133.1633   113.2881   -19.3049
   65  63  802  -133.1649   113.2884   -19.3047
   66  64  802  -133.1651   113.2879   -19.3048
   67  65  802  -133.1647   113.2871   -19.3048
   68  36  802  -133.1585   113.3003   -19.3046

   1  21  788  -133.1685   113.3145   -19.3104
   17  22  788  -133.1582   113.3083   -19.3118
   18  23  788  -133.1714   113.3150   -19.3102
   19  24  788  -133.1703   113.3138   -19.3103
   20  25  789  -133.1684   113.3122   -19.3099
   21  26  789  -133.1699   113.3124   -19.3097
   22  24  789  -133.1741   113.3159   -19.3092
   23  27  790  -133.1695   113.3117   -19.3093
   24  26  790  -133.1690   113.3119   -19.3093
   25  27  791  -133.1713   113.3126   -19.3086
   26  28  791  -133.1647   113.3084   -19.3093
   27  29  791  -133.1612   113.3059   -19.3097
   28  30  791  -133.1642   113.3070   -19.3094
   29  31  791  -133.1672   113.3081   -19.3091
   30  32  791  -133.1665   113.3071   -19.3092
   31  33  791  -133.1658   113.3062   -19.3094
   32  44  791  -133.1583   113.2958   -19.3105
   33  43  791  -133.1627   113.2987   -19.3101
   34  42  791  -133.1617   113.2987   -19.3101
   35  41  791  -133.1640   113.3006   -19.3098
   36  40  791  -133.1675   113.3031   -19.3094
   37  39  791  -133.1701   113.3051   -19.3091
   38  38  791  -133.1688   113.3049   -19.3092
   39  37  791  -133.1634   113.3025   -19.3098
   40  36  791  -133.1670   113.3051   -19.3093
   41  35  791  -133.1660   113.3051   -19.3094
   42  34  791  -133.1661   113.3058   -19.3094
   43  45  792  -133.1583   113.2952   -19.3101
   44  46  792  -133.1575   113.2941   -19.3102
   45  47  792  -133.1563   113.2929   -19.3104
   46  48  792  -133.1598   113.2943   -19.3100
   47  49  792  -133.1606   113.2941   -19.3100
   48  50  792  -133.1606   113.2936   -19.3100
   49  51  792  -133.1602   113.2928   -19.3101
   50  52  792  -133.1609   113.2925   -19.3100
   51  53  792  -133.1613   113.2922   -19.3100
   52  54  793  -133.1603   113.2911   -19.3096
   53  55  793  -133.1626   113.2918   -19.3094
   54  56  793  -133.1656   113.2928   -19.3091
   55  57  793  -133.1623   113.2905   -19.3095
   56  58  793  -133.1604   113.2889   -19.3097
   57  60  793  -133.1602   113.2876   -19.3098
   58  73  793  -133.1696   113.2853   -19.3092
   59  72  793  -133.1679   113.2849   -19.3093
   60  62  794  -133.1639   113.2885   -19.3089
   61  63  794  -133.1631   113.2875   -19.3090
   62  64  794  -133.1642   113.2875   -19.3090
   63  65  794  -133.1649   113.2873   -19.3089
   64  61  794  -133.1610   113.2875   -19.3092
   65  72  794  -133.1655   113.2836   -19.3091
   66  71  794  -133.1673   113.2852   -19.3088
   67  60  794  -133.1596   113.2873   -19.3093
   68  70  794  -133.1648   113.2844   -19.3091
   69  68  795  -133.1660   113.2862   -19.3084
   70  67  795  -133.1669   113.2872   -19.3083
   71  66  795  -133.1666   113.2877   -19.3083
   72  69  795  -133.1668   113.2860   -19.3083
   73  70  795  -133.1658   113.2849   -19.3085

   1  22  784  -133.1762   113.3183   -19.3114
   22  23  784  -133.1779   113.3186   -19.3113
   24  24  785  -133.1779   113.3180   -19.3109
   25  25  785  -133.1756   113.3162   -19.3111
   26  26  785  -133.1756   113.3156   -19.3111
   27  26  786  -133.1688   113.3119   -19.3115
   28  28  786  -133.1746   113.3139   -19.3109
   29  27  786  -133.1738   113.3141   -19.3109
   30  35  787  -133.1622   113.3031   -19.3119
   31  29  787  -133.1713   113.3115   -19.3107
   32  30  787  -133.1646   113.3073   -19.3115
   33  31  787  -133.1657   113.3073   -19.3114
   34  32  787  -133.1646   113.3061   -19.3115
   35  33  787  -133.1647   113.3056   -19.3116
   36  34  787  -133.1656   113.3055   -19.3115
   37  28  787  -133.1744   113.3138   -19.3104
   38  46  788  -133.1619   113.2966   -19.3118
   39  38  788  -133.1781   113.3101   -19.3098
   40  45  788  -133.1624   113.2975   -19.3118
   41  39  788  -133.1798   113.3104   -19.3096
   42  40  788  -133.1786   113.3092   -19.3098
   43  41  788  -133.1688   113.3032   -19.3109
   44  42  788  -133.1686   113.3026   -19.3110
   45  43  788  -133.1706   113.3031   -19.3108
   46  44  788  -133.1634   113.2986   -19.3116
   47  36  788  -133.1711   113.3074   -19.3105
   48  47  788  -133.1589   113.2944   -19.3122
   49  37  788  -133.1777   113.3104   -19.3098
   50  48  789  -133.1608   113.2949   -19.3115
   51  49  789  -133.1587   113.2931   -19.3118
   52  50  789  -133.1615   113.2940   -19.3115
   53  51  789  -133.1624   113.2940   -19.3115
   54  52  789  -133.1651   113.2949   -19.3111
   55  53  789  -133.1600   113.2915   -19.3118
   56  54  789  -133.1660   113.2942   -19.3111
   57  55  789  -133.1693   113.2955   -19.3108
   58  56  789  -133.1610   113.2904   -19.3117
   59  57  789  -133.1607   113.2896   -19.3118
   60  58  789  -133.1494   113.2829   -19.3132
   61  59  789  -133.1487   113.2819   -19.3132
   62  59  790  -133.1530   113.2842   -19.3122
   63  60  790  -133.1528   113.2836   -19.3122
   64  61  790  -133.1563   113.2849   -19.3118
   65  72  790  -133.1696   113.2859   -19.3106
   66  71  790  -133.1659   113.2845   -19.3110
   67  64  790  -133.1606   113.2855   -19.3115
   68  65  790  -133.1615   113.2855   -19.3114
   69  66  790  -133.1630   113.2857   -19.3112
   70  67  790  -133.1653   113.2864   -19.3110
   71  68  790  -133.1658   113.2861   -19.3110
   72  69  790  -133.1652   113.2852   -19.3111
   73  70  790  -133.1665   113.2853   -19.3110
   74  73  790  -133.1709   113.2860   -19.3105
   75  62  791  -133.1607   113.2868   -19.3108
   76  64  791  -133.1619   113.2863   -19.3108

    1  1219  414  -133.6966   112.8882   -19.4896
    2  1220  414  -133.6959   112.8873   -19.4897
    3  1221  414  -133.6947   112.8862   -19.4898
    4  1222  414  -133.6954   112.8859   -19.4898
    5  1223  414  -133.6955   112.8854   -19.4898
    6  1224  414  -133.6949   112.8845   -19.4898
    7  1225  415  -133.6932   112.8832   -19.4895
    8  1226  415  -133.6963   112.8840   -19.4893
    9  1224  415  -133.6953   112.8847   -19.4894
   10  1226  416  -133.6938   112.8829   -19.4890
   11  1227  416  -133.6930   112.8820   -19.4890
   12  1228  416  -133.6938   112.8818   -19.4890
   13  1229  416  -133.6932   112.8809   -19.4891
   14  1230  416  -133.6931   112.8803   -19.4891
   15  1231  416  -133.6946   112.8804   -19.4891
   16  1232  416  -133.6937   112.8795   -19.4891
   17  1233  416  -133.6943   112.8791   -19.4891
   18  1234  416  -133.6946   112.8787   -19.4891
   19  1235  416  -133.6936   112.8777   -19.4892
   20  1236  416  -133.6936   112.8771   -19.4892
   21  1237  416  -133.6938   112.8767   -19.4892
   22  1238  417  -133.6939   112.8761   -19.4888
   23  1239  417  -133.6925   112.8749   -19.4889
   24  1240  417  -133.6924   112.8743   -19.4889
   25  1241  417  -133.6921   112.8736   -19.4890
   26  1243  417  -133.6910   112.8720   -19.4891
   27  1244  417  -133.6902   112.8710   -19.4892
   28  1245  417  -133.6916   112.8711   -19.4891
   29  1246  417  -133.6901   112.8699   -19.4892
   30  1247  417  -133.6904   112.8694   -19.4892
   31  1248  417  -133.6889   112.8682   -19.4893
   32  1249  417  -133.6889   112.8677   -19.4894
   33  1250  418  -133.6914   112.8681   -19.4887
   34  1251  418  -133.6917   112.8677   -19.4887
   35  1252  418  -133.6928   112.8676   -19.4887
   36  1249  418  -133.6882   112.8673   -19.4889
   37  1252  419  -133.6937   112.8680   -19.4880
   38  1253  419  -133.6939   112.8675   -19.4881
   39  1254  419  -133.6945   112.8672   -19.4881
   40  1255  419  -133.6980   112.8682   -19.4878
   41  1256  419  -133.6970   112.8672   -19.4879
   42  1257  419  -133.6966   112.8664   -19.4880
   43  1258  419  -133.6965   112.8658   -19.4880
   44  1258  420  -133.6943   112.8649   -19.4876
   45  1259  420  -133.6940   112.8641   -19.4877
   46  1260  420  -133.6920   112.8627   -19.4879
   47  1261  420  -133.6903   112.8614   -19.4881
   48  1262  420  -133.6884   112.8600   -19.4882
   49  1263  420  -133.6886   112.8595   -19.4882
   50  1264  420  -133.6898   112.8595   -19.4881
   51  1265  420  -133.6887   112.8584   -19.4882
   52  1266  421  -133.6870   112.8571   -19.4878
   53  1267  421  -133.6875   112.8567   -19.4878
   54  1268  421  -133.6870   112.8559   -19.4879
   55  1269  421  -133.6876   112.8557   -19.4878
   56  1270  421  -133.6882   112.8554   -19.4878
   57  1271  421  -133.6874   112.8544   -19.4879
   58  1272  421  -133.6871   112.8538   -19.4879
   59  1265  421  -133.6893   112.8587   -19.4877

    1  912  469  -133.6299   113.0345   -19.4581
    2  913  469  -133.6290   113.0335   -19.4582
    3  914  469  -133.6329   113.0348   -19.4580
    4  915  469  -133.6323   113.0339   -19.4580
    5  911  469  -133.6299   113.0351   -19.4581
    6  915  470  -133.6299   113.0328   -19.4577
    7  916  470  -133.6307   113.0326   -19.4577
    8  917  470  -133.6314   113.0323   -19.4576
    9  918  470  -133.6318   113.0319   -19.4576
   10  919  470  -133.6306   113.0308   -19.4578
   11  920  470  -133.6230   113.0266   -19.4584
   12  921  470  -133.6206   113.0249   -19.4586
   13  922  470  -133.6197   113.0239   -19.4587
   14  923  470  -133.6224   113.0246   -19.4585
   15  924  470  -133.6223   113.0240   -19.4585
   16  925  470  -133.6237   113.0241   -19.4585
   17  926  470  -133.6266   113.0248   -19.4583
   18  927  470  -133.6302   113.0259   -19.4580
   19  928  470  -133.6260   113.0234   -19.4584
   20  929  470  -133.6260   113.0228   -19.4584
   21  930  470  -133.6256   113.0220   -19.4584
   22  931  470  -133.6268   113.0220   -19.4584
   23  932  470  -133.6276   113.0218   -19.4584
   24  933  470  -133.6279   113.0214   -19.4584
   25  934  470  -133.6280   113.0208   -19.4584
   26  935  470  -133.6277   113.0201   -19.4584
   27  976  470  -133.6289   112.9969   -19.4593
   28  975  470  -133.6298   112.9979   -19.4592
   29  974  470  -133.6281   112.9977   -19.4593
   30  977  470  -133.6303   112.9970   -19.4592
   31  939  471  -133.6302   113.0189   -19.4578
   32  940  471  -133.6324   113.0194   -19.4577
   33  938  471  -133.6309   113.0198   -19.4577
   34  942  471  -133.6339   113.0189   -19.4576
   35  943  471  -133.6328   113.0178   -19.4577
   36  944  471  -133.6347   113.0181   -19.4576
   37  945  471  -133.6350   113.0177   -19.4576
   38  946  471  -133.6320   113.0157   -19.4579
   39  947  471  -133.6297   113.0141   -19.4581
   40  948  471  -133.6249   113.0112   -19.4585
   41  949  471  -133.6212   113.0090   -19.4588
   42  950  471  -133.6189   113.0073   -19.4590
   43  951  471  -133.6193   113.0069   -19.4590
   44  952  471  -133.6192   113.0063   -19.4590
   45  953  471  -133.6208   113.0064   -19.4589
   46  954  471  -133.6234   113.0071   -19.4587
   47  955  471  -133.6207   113.0052   -19.4590
   48  956  471  -133.6202   113.0044   -19.4590
   49  959  471  -133.6247   113.0048   -19.4587
   50  960  471  -133.6258   113.0047   -19.4587
   51  961  471  -133.6268   113.0046   -19.4586
   52  962  471  -133.6272   113.0042   -19.4586
   53  963  471  -133.6266   113.0033   -19.4587
   54  964  471  -133.6274   113.0032   -19.4586
   55  965  471  -133.6275   113.0026   -19.4587
   56  966  471  -133.6262   113.0014   -19.4588
   57  967  471  -133.6262   113.0008   -19.4588
   58  968  471  -133.6280   113.0011   -19.4587
   59  969  471  -133.6284   113.0007   -19.4587
   60  970  471  -133.6279   112.9999   -19.4587
   61  937  471  -133.6297   113.0199   -19.4578
   62  936  471  -133.6283   113.0198   -19.4579
   63  935  471  -133.6269   113.0197   -19.4580
   64  941  471  -133.6325   113.0188   -19.4577
   65  977  471  -133.6283   112.9960   -19.4588
   66  978  471  -133.6277   112.9951   -19.4589
   67  979  471  -133.6273   112.9944   -19.4589
   68  980  471  -133.6262   112.9933   -19.4590
   69  981  471  -133.6289   112.9940   -19.4589
   70  982  471  -133.6278   112.9929   -19.4590
   71  983  471  -133.6292   112.9929   -19.4589
   72  984  471  -133.6324   112.9939   -19.4587
   73  985  471  -133.6316   112.9929   -19.4587
   74  986  471  -133.6338   112.9934   -19.4586
   75  987  471  -133.6344   112.9930   -19.4586
   76  988  471  -133.6340   112.9923   -19.4587
   77  989  471  -133.6345   112.9919   -19.4587

    1  560  303  -133.7920   113.3248   -19.5272
    2  561  303  -133.7925   113.3245   -19.5272
    3  562  303  -133.7940   113.3246   -19.5271
    4  563  303  -133.7915   113.3228   -19.5273
    5  564  303  -133.7935   113.3231   -19.5272
    6  565  303  -133.7946   113.3231   -19.5271
    7  559  303  -133.7907   113.3248   -19.5273
    8  565  304  -133.7954   113.3235   -19.5265
    9  566  304  -133.7977   113.3240   -19.5264
   10  567  304  -133.7961   113.3226   -19.5265
   11  568  305  -133.7942   113.3210   -19.5261
   12  569  305  -133.7932   113.3199   -19.5262
   13  570  305  -133.7934   113.3194   -19.5262
   14  571  305  -133.7903   113.3172   -19.5264
   15  567  305  -133.7968   113.3230   -19.5259
   16  573  306  -133.7926   113.3171   -19.5258
   17  574  306  -133.7954   113.3179   -19.5256
   18  572  306  -133.7907   113.3168   -19.5259
   19  574  307  -133.7925   113.3165   -19.5253
   20  575  307  -133.7933   113.3162   -19.5253
   21  576  307  -133.7910   113.3145   -19.5254
   22  577  307  -133.7913   113.3140   -19.5254
   23  578  307  -133.7908   113.3132   -19.5255
   24  579  308  -133.7863   113.3103   -19.5252
   25  580  308  -133.7879   113.3105   -19.5252
   26  578  308  -133.7920   113.3138   -19.5248
   27  581  309  -133.7876   113.3097   -19.5247
   28  582  309  -133.7887   113.3097   -19.5246
   29  583  309  -133.7880   113.3087   -19.5246
   30  584  309  -133.7856   113.3069   -19.5248
   31  585  309  -133.7837   113.3054   -19.5250
   32  587  309  -133.7831   113.3038   -19.5251
   33  588  309  -133.7837   113.3035   -19.5251
   34  588  310  -133.7815   113.3024   -19.5247
   35  589  310  -133.7802   113.3011   -19.5248
   36  591  310  -133.7809   113.3003   -19.5248
   37  590  310  -133.7808   113.3008   -19.5248
   38  592  311  -133.7786   113.2985   -19.5244
   39  594  313  -133.7757   113.2958   -19.5235
   40  595  313  -133.7758   113.2953   -19.5235
   41  598  313  -133.7770   113.2941   -19.5235
   42  596  313  -133.7752   113.2944   -19.5236
   43  597  313  -133.7775   113.2949   -19.5235
   44  598  314  -133.7782   113.2947   -19.5229
   45  599  314  -133.7802   113.2950   -19.5228
   46  632  314  -133.7902   113.2798   -19.5231
   47  631  314  -133.7882   113.2795   -19.5232
   48  630  314  -133.7879   113.2799   -19.5231
   49  629  314  -133.7896   113.2813   -19.5230
   50  628  314  -133.7901   113.2822   -19.5229
   51  627  314  -133.7920   113.2838   -19.5228
   52  633  314  -133.7867   113.2775   -19.5233
   53  622  315  -133.7885   113.2851   -19.5223
   54  600  315  -133.7785   113.2936   -19.5225
   55  627  315  -133.7862   113.2809   -19.5226
   56  626  315  -133.7890   113.2829   -19.5224
   57  612  315  -133.7867   113.2903   -19.5222
   58  613  315  -133.7862   113.2894   -19.5223
   59  614  315  -133.7878   113.2896   -19.5222
   60  615  315  -133.7887   113.2895   -19.5222
   61  625  315  -133.7893   113.2836   -19.5224
   62  617  315  -133.7862   113.2870   -19.5224
   63  618  315  -133.7874   113.2870   -19.5223
   64  620  315  -133.7887   113.2864   -19.5223
   65  621  315  -133.7881   113.2855   -19.5223
   66  616  315  -133.7883   113.2887   -19.5222
   67  623  315  -133.7868   113.2837   -19.5225
   68  624  315  -133.7894   113.2843   -19.5223
   69  607  316  -133.7810   113.2905   -19.5219
   70  611  316  -133.7843   113.2897   -19.5218
   71  610  316  -133.7817   113.2890   -19.5219
   72  606  316  -133.7825   113.2919   -19.5218
   73  605  316  -133.7804   113.2915   -19.5219
   74  604  316  -133.7823   113.2930   -19.5218
   75  603  316  -133.7835   113.2942   -19.5217
   76  602  316  -133.7823   113.2942   -19.5217
   77  609  316  -133.7820   113.2898   -19.5219
   78  608  316  -133.7820   113.2904   -19.5219

    1  562  310  -133.7868   113.3210   -19.5238
    2  561  310  -133.7863   113.3213   -19.5238
    3  564  311  -133.7850   113.3188   -19.5235
    4  565  311  -133.7848   113.3181   -19.5235
    5  563  311  -133.7844   113.3192   -19.5235
    6  566  312  -133.7867   113.3184   -19.5228
    7  567  312  -133.7865   113.3177   -19.5228
    8  568  312  -133.7869   113.3173   -19.5228
    9  569  313  -133.7856   113.3161   -19.5224
   10  570  313  -133.7866   113.3159   -19.5224
   11  568  313  -133.7864   113.3171   -19.5223
   12  572  314  -133.7814   113.3121   -19.5222
   13  573  314  -133.7824   113.3120   -19.5222
   14  574  314  -133.7820   113.3112   -19.5222
   15  571  314  -133.7855   113.3148   -19.5219
   16  575  315  -133.7836   113.3114   -19.5217
   17  576  315  -133.7848   113.3113   -19.5216
   18  577  316  -133.7842   113.3104   -19.5211
   19  578  316  -133.7854   113.3104   -19.5211
   20  579  316  -133.7856   113.3099   -19.5210
   21  576  316  -133.7856   113.3118   -19.5210
   22  579  317  -133.7850   113.3096   -19.5206
   23  580  317  -133.7856   113.3093   -19.5205
   24  581  317  -133.7856   113.3087   -19.5206
   25  582  317  -133.7856   113.3081   -19.5206
   26  583  317  -133.7850   113.3071   -19.5206
   27  584  317  -133.7844   113.3063   -19.5207
   28  585  317  -133.7845   113.3057   -19.5207
   29  586  317  -133.7831   113.3044   -19.5208
   30  587  317  -133.7822   113.3033   -19.5209
   31  588  317  -133.7822   113.3027   -19.5209
   32  589  317  -133.7822   113.3021   -19.5209
   33  591  318  -133.7830   113.3013   -19.5204
   34  592  318  -133.7820   113.3001   -19.5205
   35  593  318  -133.7813   113.2992   -19.5205
   36  594  318  -133.7813   113.2986   -19.5206
   37  596  319  -133.7800   113.2967   -19.5201
   38  597  319  -133.7804   113.2963   -19.5201
   39  630  319  -133.7845   113.2782   -19.5206
   40  629  319  -133.7824   113.2778   -19.5207
   41  628  319  -133.7833   113.2788   -19.5206
   42  627  319  -133.7846   113.2801   -19.5205
   43  626  319  -133.7838   113.2803   -19.5205
   44  631  319  -133.7863   113.2785   -19.5205
   45  605  320  -133.7790   113.2907   -19.5198
   46  606  320  -133.7778   113.2895   -19.5199
   47  607  320  -133.7789   113.2894   -19.5199
   48  608  320  -133.7782   113.2885   -19.5200
   49  609  320  -133.7781   113.2878   -19.5200
   50  610  320  -133.7812   113.2888   -19.5198
   51  611  320  -133.7817   113.2884   -19.5198
   52  612  320  -133.7794   113.2866   -19.5200
   53  613  320  -133.7810   113.2868   -19.5199
   54  614  320  -133.7809   113.2862   -19.5199
   55  604  320  -133.7784   113.2910   -19.5199
   56  616  320  -133.7816   113.2853   -19.5199
   57  617  320  -133.7839   113.2858   -19.5198
   58  618  320  -133.7844   113.2855   -19.5198
   59  619  320  -133.7857   113.2855   -19.5197
   60  620  320  -133.7872   113.2857   -19.5196
   61  621  320  -133.7868   113.2848   -19.5197
   62  622  320  -133.7860   113.2838   -19.5198
   63  623  320  -133.7855   113.2829   -19.5199
   64  624  320  -133.7859   113.2825   -19.5198
   65  625  320  -133.7850   113.2815   -19.5199
   66  626  320  -133.7845   113.2806   -19.5200
   67  603  320  -133.7787   113.2918   -19.5198
   68  602  320  -133.7810   113.2936   -19.5196
   69  601  320  -133.7799   113.2936   -19.5197
   70  600  320  -133.7800   113.2943   -19.5197
   71  598  320  -133.7801   113.2956   -19.5196
   72  615  320  -133.7816   113.2859   -19.5199
