; ENVI Output of ROIs (5.4) [Tue Aug 06 11:31:30 2019]
; Number of ROIs: 11
; File Dimension: 1328 x 1184
;
; ROI name: Region #1
; ROI rgb value: {255, 0, 0}
; ROI npts: 140
;
; ROI name: Region #2
; ROI rgb value: {0, 255, 0}
; ROI npts: 144
;
; ROI name: Region #3
; ROI rgb value: {0, 0, 255}
; ROI npts: 65
;
; ROI name: Region #4
; ROI rgb value: {255, 255, 0}
; ROI npts: 46
;
; ROI name: Region #5
; ROI rgb value: {0, 255, 255}
; ROI npts: 53
;
; ROI name: Region #6
; ROI rgb value: {255, 0, 255}
; ROI npts: 49
;
; ROI name: Region #7
; ROI rgb value: {176, 48, 96}
; ROI npts: 101
;
; ROI name: Region #8
; ROI rgb value: {46, 139, 87}
; ROI npts: 73
;
; ROI name: Region #9
; ROI rgb value: {160, 32, 240}
; ROI npts: 86
;
; ROI name: Region #10
; ROI rgb value: {255, 127, 80}
; ROI npts: 52
;
; ROI name: Region #11
; ROI rgb value: {127, 255, 212}
; ROI npts: 51
;   ID    X    Y      B1      B2      B3
     1  484  341  0.0077  0.0127  0.0033
     2  483  341  0.0077  0.0127  0.0033
     3  482  341  0.0077  0.0127  0.0033
     4  481  341  0.0077  0.0127  0.0033
     5  480  341  0.0076  0.0127  0.0033
     6  479  341  0.0077  0.0127  0.0033
     7  478  341  0.0077  0.0127  0.0033
     8  477  341  0.0076  0.0127  0.0033
     9  476  341  0.0076  0.0127  0.0033
    10  475  341  0.0076  0.0127  0.0033
    11  474  341  0.0076  0.0127  0.0033
    12  473  341  0.0076  0.0127  0.0033
    13  472  341  0.0076  0.0127  0.0033
    14  472  342  0.0076  0.0127  0.0033
    15  471  342  0.0076  0.0127  0.0033
    16  471  343  0.0076  0.0127  0.0033
    17  470  343  0.0076  0.0127  0.0033
    18  469  343  0.0076  0.0127  0.0033
    19  468  343  0.0076  0.0127  0.0033
    20  467  343  0.0076  0.0127  0.0033
    21  466  343  0.0076  0.0127  0.0033
    22  465  343  0.0076  0.0127  0.0033
    23  464  343  0.0076  0.0126  0.0033
    24  463  344  0.0076  0.0127  0.0033
    25  464  344  0.0076  0.0127  0.0033
    26  461  345  0.0076  0.0127  0.0033
    27  460  345  0.0076  0.0127  0.0033
    28  459  345  0.0076  0.0127  0.0033
    29  462  345  0.0076  0.0127  0.0033
    30  458  346  0.0076  0.0127  0.0033
    31  457  346  0.0076  0.0126  0.0033
    32  456  346  0.0076  0.0127  0.0033
    33  455  346  0.0076  0.0126  0.0033
    34  454  347  0.0076  0.0126  0.0033
    35  453  347  0.0076  0.0126  0.0033
    36  452  347  0.0076  0.0126  0.0033
    37  451  347  0.0076  0.0126  0.0033
    38  450  347  0.0076  0.0126  0.0033
    39  449  347  0.0076  0.0126  0.0033
    40  448  347  0.0076  0.0126  0.0033
    41  447  347  0.0076  0.0126  0.0033
    42  446  347  0.0076  0.0126  0.0033
    43  445  347  0.0076  0.0126  0.0033
    44  444  347  0.0076  0.0126  0.0033
    45  443  347  0.0076  0.0126  0.0033
    46  442  347  0.0076  0.0126  0.0033
    47  441  347  0.0076  0.0126  0.0033
    48  440  347  0.0076  0.0126  0.0033
    49  439  347  0.0076  0.0126  0.0033
    50  438  347  0.0076  0.0126  0.0033
    51  437  347  0.0076  0.0126  0.0033
    52  436  347  0.0076  0.0126  0.0033
    53  435  347  0.0076  0.0126  0.0033
    54  434  347  0.0076  0.0126  0.0033
    55  432  348  0.0076  0.0126  0.0033
    56  431  348  0.0076  0.0126  0.0033
    57  430  348  0.0076  0.0126  0.0033
    58  433  348  0.0076  0.0126  0.0033
    59  430  349  0.0075  0.0126  0.0033
    60  429  349  0.0076  0.0126  0.0033
    61  428  349  0.0075  0.0126  0.0033
    62  338  349  0.0075  0.0127  0.0033
    63  339  349  0.0075  0.0127  0.0033
    64  340  349  0.0075  0.0127  0.0033
    65  341  349  0.0075  0.0127  0.0033
    66  342  349  0.0075  0.0127  0.0033
    67  343  349  0.0075  0.0127  0.0033
    68  344  349  0.0075  0.0127  0.0033
    69  345  349  0.0075  0.0127  0.0033
    70  346  349  0.0075  0.0127  0.0033
    71  337  349  0.0075  0.0127  0.0033
    72  347  349  0.0075  0.0127  0.0033
    73  348  349  0.0075  0.0127  0.0033
    74  349  349  0.0075  0.0126  0.0033
    75  351  350  0.0075  0.0127  0.0033
    76  428  350  0.0075  0.0126  0.0033
    77  427  350  0.0075  0.0126  0.0033
    78  426  350  0.0075  0.0126  0.0033
    79  425  350  0.0076  0.0126  0.0033
    80  349  350  0.0075  0.0126  0.0033
    81  350  350  0.0075  0.0126  0.0033
    82  421  351  0.0076  0.0126  0.0033
    83  420  351  0.0076  0.0127  0.0033
    84  371  351  0.0075  0.0126  0.0033
    85  374  351  0.0075  0.0126  0.0033
    86  425  351  0.0076  0.0126  0.0033
    87  422  351  0.0076  0.0127  0.0033
    88  424  351  0.0076  0.0126  0.0033
    89  373  351  0.0075  0.0126  0.0033
    90  351  351  0.0075  0.0126  0.0033
    91  352  351  0.0075  0.0127  0.0033
    92  353  351  0.0075  0.0126  0.0033
    93  354  351  0.0075  0.0126  0.0033
    94  355  351  0.0075  0.0127  0.0033
    95  356  351  0.0075  0.0127  0.0033
    96  357  351  0.0075  0.0127  0.0033
    97  358  351  0.0075  0.0126  0.0033
    98  359  351  0.0075  0.0126  0.0033
    99  360  351  0.0075  0.0126  0.0033
   100  366  351  0.0075  0.0126  0.0033
   101  367  351  0.0075  0.0126  0.0033
   102  368  351  0.0075  0.0126  0.0033
   103  369  351  0.0075  0.0127  0.0033
   104  375  351  0.0075  0.0126  0.0033
   105  370  351  0.0075  0.0127  0.0033
   106  418  352  0.0076  0.0126  0.0033
   107  420  352  0.0076  0.0127  0.0033
   108  419  352  0.0076  0.0126  0.0033
   109  377  352  0.0075  0.0126  0.0033
   110  376  352  0.0075  0.0126  0.0033
   111  388  353  0.0075  0.0126  0.0033
   112  389  353  0.0075  0.0126  0.0033
   113  390  353  0.0075  0.0126  0.0033
   114  391  353  0.0075  0.0126  0.0033
   115  393  353  0.0075  0.0126  0.0033
   116  394  353  0.0075  0.0126  0.0033
   117  395  353  0.0075  0.0126  0.0033
   118  396  353  0.0075  0.0126  0.0033
   119  397  353  0.0075  0.0126  0.0033
   120  398  353  0.0075  0.0126  0.0033
   121  399  353  0.0075  0.0126  0.0033
   122  400  353  0.0075  0.0126  0.0033
   123  401  353  0.0075  0.0126  0.0033
   124  402  353  0.0075  0.0126  0.0033
   125  403  353  0.0076  0.0127  0.0033
   126  404  353  0.0075  0.0126  0.0033
   127  405  353  0.0075  0.0126  0.0033
   128  418  353  0.0075  0.0126  0.0033
   129  406  353  0.0076  0.0128  0.0033
   130  407  353  0.0076  0.0128  0.0033
   131  408  353  0.0076  0.0127  0.0033
   132  409  353  0.0075  0.0126  0.0033
   133  410  353  0.0075  0.0126  0.0033
   134  411  353  0.0076  0.0127  0.0033
   135  412  353  0.0075  0.0126  0.0033
   136  413  353  0.0076  0.0128  0.0033
   137  414  353  0.0076  0.0127  0.0033
   138  415  353  0.0075  0.0126  0.0033
   139  416  353  0.0075  0.0126  0.0033
   140  417  353  0.0075  0.0126  0.0033

     1  468  349  0.0076  0.0126  0.0033
     2  466  350  0.0076  0.0127  0.0033
     3  467  350  0.0076  0.0126  0.0033
     4  465  351  0.0076  0.0127  0.0033
     5  464  351  0.0076  0.0126  0.0033
     6  466  351  0.0076  0.0126  0.0033
     7  463  352  0.0076  0.0127  0.0033
     8  462  352  0.0076  0.0127  0.0033
     9  461  352  0.0076  0.0126  0.0033
    10  460  352  0.0076  0.0126  0.0033
    11  459  352  0.0076  0.0126  0.0033
    12  458  352  0.0076  0.0126  0.0033
    13  457  352  0.0076  0.0126  0.0033
    14  456  352  0.0076  0.0126  0.0033
    15  454  353  0.0076  0.0126  0.0033
    16  455  353  0.0076  0.0126  0.0033
    17  453  354  0.0076  0.0126  0.0033
    18  452  354  0.0076  0.0126  0.0033
    19  450  354  0.0076  0.0126  0.0033
    20  449  354  0.0076  0.0126  0.0033
    21  448  354  0.0076  0.0126  0.0033
    22  447  354  0.0076  0.0126  0.0033
    23  445  354  0.0076  0.0126  0.0033
    24  444  354  0.0076  0.0126  0.0033
    25  443  354  0.0076  0.0126  0.0033
    26  442  354  0.0076  0.0126  0.0033
    27  439  355  0.0076  0.0127  0.0033
    28  438  355  0.0076  0.0127  0.0033
    29  441  355  0.0076  0.0126  0.0033
    30  437  356  0.0076  0.0127  0.0033
    31  436  356  0.0076  0.0127  0.0033
    32  435  356  0.0076  0.0127  0.0033
    33  434  356  0.0076  0.0126  0.0033
    34  433  356  0.0075  0.0126  0.0033
    35  432  356  0.0076  0.0127  0.0033
    36  431  356  0.0076  0.0127  0.0033
    37  430  357  0.0076  0.0127  0.0033
    38  315  357  0.0075  0.0127  0.0033
    39  343  358  0.0075  0.0127  0.0033
    40  425  358  0.0076  0.0127  0.0033
    41  426  358  0.0076  0.0127  0.0033
    42  427  358  0.0076  0.0126  0.0033
    43  428  358  0.0076  0.0127  0.0033
    44  429  358  0.0076  0.0126  0.0033
    45  318  358  0.0075  0.0127  0.0033
    46  317  358  0.0075  0.0127  0.0033
    47  316  358  0.0075  0.0127  0.0033
    48  344  358  0.0075  0.0127  0.0033
    49  329  358  0.0075  0.0127  0.0033
    50  330  358  0.0075  0.0127  0.0033
    51  331  358  0.0075  0.0127  0.0033
    52  332  358  0.0075  0.0127  0.0033
    53  333  358  0.0075  0.0127  0.0033
    54  334  358  0.0075  0.0127  0.0033
    55  335  358  0.0075  0.0127  0.0033
    56  336  358  0.0075  0.0127  0.0033
    57  337  358  0.0075  0.0127  0.0033
    58  338  358  0.0075  0.0127  0.0033
    59  339  358  0.0075  0.0127  0.0033
    60  340  358  0.0075  0.0127  0.0033
    61  341  358  0.0075  0.0127  0.0033
    62  342  358  0.0075  0.0127  0.0033
    63  424  358  0.0076  0.0127  0.0033
    64  328  359  0.0075  0.0127  0.0033
    65  345  359  0.0075  0.0127  0.0033
    66  346  359  0.0075  0.0127  0.0033
    67  347  359  0.0075  0.0127  0.0033
    68  348  359  0.0075  0.0127  0.0033
    69  349  359  0.0075  0.0127  0.0033
    70  350  359  0.0075  0.0127  0.0033
    71  327  359  0.0075  0.0127  0.0033
    72  325  359  0.0075  0.0127  0.0033
    73  352  359  0.0075  0.0127  0.0033
    74  324  359  0.0075  0.0127  0.0033
    75  318  359  0.0075  0.0127  0.0033
    76  319  359  0.0075  0.0127  0.0033
    77  320  359  0.0075  0.0127  0.0033
    78  321  359  0.0075  0.0127  0.0033
    79  322  359  0.0075  0.0127  0.0033
    80  351  359  0.0075  0.0127  0.0033
    81  358  359  0.0075  0.0127  0.0033
    82  357  359  0.0075  0.0126  0.0033
    83  356  359  0.0075  0.0126  0.0033
    84  355  359  0.0075  0.0126  0.0033
    85  354  359  0.0075  0.0127  0.0033
    86  353  359  0.0075  0.0127  0.0033
    87  323  359  0.0075  0.0127  0.0033
    88  423  359  0.0076  0.0127  0.0033
    89  422  359  0.0075  0.0126  0.0033
    90  360  360  0.0075  0.0126  0.0033
    91  361  360  0.0075  0.0126  0.0033
    92  362  360  0.0075  0.0126  0.0033
    93  363  360  0.0075  0.0126  0.0033
    94  364  360  0.0075  0.0126  0.0033
    95  376  360  0.0075  0.0126  0.0033
    96  375  360  0.0075  0.0126  0.0033
    97  374  360  0.0075  0.0126  0.0033
    98  410  360  0.0077  0.0129  0.0033
    99  411  360  0.0075  0.0126  0.0033
   100  365  360  0.0075  0.0126  0.0033
   101  366  360  0.0075  0.0126  0.0033
   102  367  360  0.0075  0.0126  0.0033
   103  368  360  0.0075  0.0126  0.0033
   104  369  360  0.0075  0.0126  0.0033
   105  370  360  0.0075  0.0126  0.0033
   106  371  360  0.0075  0.0126  0.0033
   107  372  360  0.0075  0.0126  0.0033
   108  373  360  0.0075  0.0126  0.0033
   109  377  360  0.0075  0.0126  0.0033
   110  408  361  0.0077  0.0129  0.0033
   111  382  361  0.0075  0.0126  0.0033
   112  409  361  0.0077  0.0129  0.0033
   113  410  361  0.0077  0.0128  0.0033
   114  380  361  0.0075  0.0126  0.0033
   115  379  361  0.0075  0.0126  0.0033
   116  377  361  0.0075  0.0126  0.0033
   117  381  361  0.0075  0.0126  0.0033
   118  382  362  0.0075  0.0126  0.0033
   119  383  362  0.0075  0.0126  0.0033
   120  384  362  0.0075  0.0126  0.0033
   121  392  362  0.0075  0.0126  0.0033
   122  394  362  0.0075  0.0126  0.0033
   123  395  362  0.0075  0.0126  0.0033
   124  396  362  0.0075  0.0126  0.0033
   125  397  362  0.0075  0.0126  0.0033
   126  398  362  0.0075  0.0126  0.0033
   127  399  362  0.0075  0.0126  0.0033
   128  401  362  0.0075  0.0126  0.0033
   129  402  362  0.0075  0.0127  0.0033
   130  407  362  0.0077  0.0128  0.0033
   131  406  362  0.0076  0.0128  0.0033
   132  405  362  0.0077  0.0128  0.0033
   133  404  362  0.0076  0.0128  0.0033
   134  403  362  0.0076  0.0128  0.0033
   135  400  362  0.0075  0.0127  0.0033
   136  391  363  0.0075  0.0126  0.0033
   137  390  363  0.0075  0.0126  0.0033
   138  384  363  0.0075  0.0126  0.0033
   139  386  363  0.0075  0.0126  0.0033
   140  392  363  0.0075  0.0126  0.0033
   141  388  364  0.0075  0.0126  0.0033
   142  389  364  0.0075  0.0126  0.0033
   143  390  364  0.0075  0.0126  0.0033
   144  387  364  0.0075  0.0126  0.0033

    1  515  361  0.0077  0.0127  0.0033
    2  514  361  0.0077  0.0127  0.0033
    3  513  361  0.0077  0.0127  0.0033
    4  512  361  0.0077  0.0127  0.0033
    5  511  361  0.0077  0.0127  0.0033
    6  510  361  0.0077  0.0126  0.0033
    7  509  361  0.0077  0.0126  0.0033
    8  508  361  0.0077  0.0126  0.0033
    9  507  361  0.0077  0.0127  0.0033
   10  506  361  0.0077  0.0126  0.0033
   11  505  361  0.0077  0.0126  0.0033
   12  504  362  0.0077  0.0126  0.0033
   13  503  362  0.0077  0.0126  0.0033
   14  502  362  0.0077  0.0126  0.0033
   15  505  362  0.0077  0.0126  0.0033
   16  501  363  0.0077  0.0126  0.0033
   17  500  363  0.0077  0.0126  0.0033
   18  499  363  0.0076  0.0126  0.0033
   19  498  363  0.0076  0.0126  0.0033
   20  497  364  0.0076  0.0126  0.0033
   21  496  364  0.0076  0.0126  0.0033
   22  495  364  0.0076  0.0126  0.0033
   23  498  364  0.0076  0.0126  0.0033
   24  495  365  0.0076  0.0126  0.0033
   25  494  365  0.0076  0.0126  0.0033
   26  492  366  0.0076  0.0126  0.0033
   27  491  367  0.0076  0.0126  0.0033
   28  492  367  0.0076  0.0126  0.0033
   29  489  368  0.0076  0.0126  0.0033
   30  490  368  0.0076  0.0126  0.0033
   31  489  369  0.0076  0.0126  0.0033
   32  488  369  0.0076  0.0126  0.0033
   33  487  369  0.0076  0.0126  0.0033
   34  485  370  0.0076  0.0126  0.0033
   35  484  370  0.0076  0.0126  0.0033
   36  483  370  0.0076  0.0126  0.0033
   37  482  370  0.0076  0.0126  0.0033
   38  481  370  0.0076  0.0126  0.0033
   39  480  370  0.0076  0.0126  0.0033
   40  486  370  0.0076  0.0126  0.0033
   41  479  371  0.0076  0.0126  0.0033
   42  478  371  0.0076  0.0126  0.0033
   43  476  372  0.0076  0.0126  0.0033
   44  475  372  0.0076  0.0126  0.0033
   45  477  372  0.0076  0.0126  0.0033
   46  473  373  0.0076  0.0126  0.0033
   47  472  373  0.0076  0.0126  0.0033
   48  474  373  0.0076  0.0126  0.0033
   49  471  374  0.0076  0.0126  0.0033
   50  470  374  0.0076  0.0126  0.0033
   51  469  374  0.0076  0.0126  0.0033
   52  468  374  0.0076  0.0126  0.0033
   53  467  374  0.0076  0.0126  0.0033
   54  466  374  0.0076  0.0126  0.0033
   55  465  374  0.0076  0.0126  0.0033
   56  464  374  0.0076  0.0126  0.0033
   57  463  374  0.0076  0.0126  0.0033
   58  462  374  0.0076  0.0126  0.0033
   59  461  374  0.0076  0.0126  0.0033
   60  460  374  0.0076  0.0126  0.0033
   61  459  374  0.0076  0.0126  0.0033
   62  458  374  0.0076  0.0126  0.0033
   63  457  374  0.0076  0.0126  0.0033
   64  456  374  0.0076  0.0126  0.0033
   65  455  374  0.0076  0.0126  0.0033

    1  227  367  0.0073  0.0127  0.0033
    2  227  368  0.0073  0.0127  0.0033
    3  228  368  0.0073  0.0127  0.0033
    4  229  368  0.0073  0.0127  0.0033
    5  230  368  0.0074  0.0127  0.0033
    6  266  368  0.0074  0.0127  0.0033
    7  268  368  0.0074  0.0127  0.0033
    8  232  369  0.0074  0.0127  0.0033
    9  266  369  0.0074  0.0127  0.0033
   10  265  369  0.0074  0.0127  0.0033
   11  230  369  0.0073  0.0127  0.0033
   12  231  369  0.0074  0.0127  0.0033
   13  236  370  0.0074  0.0127  0.0033
   14  237  370  0.0074  0.0127  0.0033
   15  238  370  0.0074  0.0127  0.0033
   16  239  370  0.0073  0.0127  0.0033
   17  240  370  0.0073  0.0127  0.0033
   18  241  370  0.0074  0.0127  0.0033
   19  242  370  0.0074  0.0127  0.0033
   20  232  370  0.0074  0.0127  0.0033
   21  233  370  0.0073  0.0127  0.0033
   22  264  370  0.0074  0.0127  0.0033
   23  263  370  0.0074  0.0127  0.0033
   24  235  370  0.0073  0.0127  0.0033
   25  262  370  0.0074  0.0127  0.0033
   26  261  370  0.0074  0.0127  0.0033
   27  234  370  0.0073  0.0127  0.0033
   28  250  370  0.0074  0.0127  0.0033
   29  251  370  0.0074  0.0127  0.0033
   30  252  370  0.0074  0.0127  0.0033
   31  253  370  0.0074  0.0127  0.0033
   32  254  370  0.0074  0.0127  0.0033
   33  255  370  0.0074  0.0127  0.0033
   34  256  370  0.0074  0.0127  0.0033
   35  257  370  0.0074  0.0127  0.0033
   36  258  370  0.0074  0.0127  0.0033
   37  259  370  0.0074  0.0127  0.0033
   38  260  370  0.0074  0.0127  0.0033
   39  247  371  0.0074  0.0127  0.0033
   40  245  371  0.0074  0.0127  0.0033
   41  244  371  0.0074  0.0127  0.0033
   42  243  371  0.0074  0.0127  0.0033
   43  242  371  0.0074  0.0127  0.0033
   44  249  371  0.0074  0.0127  0.0033
   45  248  371  0.0074  0.0127  0.0033
   46  246  371  0.0074  0.0127  0.0033

    1  284  376  0.0074  0.0127  0.0033
    2  285  376  0.0074  0.0127  0.0033
    3  283  377  0.0074  0.0127  0.0033
    4  282  377  0.0074  0.0127  0.0033
    5  281  377  0.0074  0.0127  0.0033
    6  280  377  0.0074  0.0127  0.0033
    7  279  377  0.0074  0.0127  0.0033
    8  266  377  0.0074  0.0127  0.0033
    9  267  377  0.0074  0.0127  0.0033
   10  268  377  0.0074  0.0127  0.0033
   11  269  377  0.0074  0.0127  0.0033
   12  265  377  0.0074  0.0127  0.0033
   13  270  377  0.0074  0.0127  0.0033
   14  272  378  0.0074  0.0127  0.0033
   15  271  378  0.0074  0.0127  0.0033
   16  270  378  0.0074  0.0127  0.0033
   17  273  378  0.0074  0.0127  0.0033
   18  275  378  0.0074  0.0127  0.0033
   19  276  378  0.0074  0.0127  0.0033
   20  277  378  0.0074  0.0127  0.0033
   21  278  378  0.0074  0.0127  0.0033
   22  274  378  0.0074  0.0127  0.0033
   23  264  378  0.0074  0.0127  0.0033
   24  263  378  0.0074  0.0127  0.0033
   25  262  378  0.0074  0.0127  0.0033
   26  262  379  0.0074  0.0127  0.0033
   27  261  379  0.0074  0.0127  0.0033
   28  260  379  0.0074  0.0127  0.0033
   29  258  379  0.0074  0.0127  0.0033
   30  257  379  0.0074  0.0127  0.0033
   31  256  379  0.0074  0.0127  0.0033
   32  255  379  0.0074  0.0127  0.0033
   33  254  379  0.0074  0.0127  0.0033
   34  253  379  0.0074  0.0127  0.0033
   35  252  379  0.0074  0.0127  0.0033
   36  251  379  0.0074  0.0127  0.0033
   37  250  379  0.0074  0.0127  0.0033
   38  249  379  0.0074  0.0127  0.0033
   39  248  379  0.0074  0.0127  0.0033
   40  247  379  0.0074  0.0127  0.0033
   41  246  379  0.0073  0.0127  0.0033
   42  246  380  0.0074  0.0127  0.0033
   43  245  380  0.0073  0.0127  0.0033
   44  244  380  0.0073  0.0127  0.0033
   45  243  380  0.0073  0.0127  0.0033
   46  242  380  0.0073  0.0126  0.0033
   47  241  380  0.0073  0.0126  0.0033
   48  240  380  0.0073  0.0126  0.0033
   49  239  380  0.0073  0.0126  0.0033
   50  238  380  0.0073  0.0126  0.0033
   51  237  380  0.0073  0.0126  0.0033
   52  236  380  0.0073  0.0127  0.0033
   53  235  380  0.0073  0.0126  0.0033

    1  218  391  0.0073  0.0126  0.0033
    2  219  391  0.0073  0.0126  0.0033
    3  220  391  0.0073  0.0126  0.0033
    4  222  391  0.0073  0.0126  0.0033
    5  223  391  0.0073  0.0126  0.0033
    6  224  391  0.0073  0.0126  0.0033
    7  225  391  0.0073  0.0127  0.0033
    8  226  391  0.0073  0.0126  0.0033
    9  227  391  0.0073  0.0126  0.0033
   10  228  391  0.0073  0.0126  0.0033
   11  229  391  0.0073  0.0126  0.0033
   12  230  391  0.0073  0.0126  0.0033
   13  231  391  0.0073  0.0126  0.0033
   14  231  392  0.0073  0.0126  0.0033
   15  232  392  0.0073  0.0126  0.0033
   16  265  392  0.0074  0.0126  0.0033
   17  234  393  0.0073  0.0126  0.0033
   18  235  393  0.0073  0.0126  0.0033
   19  236  393  0.0073  0.0126  0.0033
   20  237  393  0.0073  0.0126  0.0033
   21  238  393  0.0073  0.0126  0.0033
   22  239  393  0.0073  0.0126  0.0033
   23  265  393  0.0074  0.0126  0.0033
   24  252  393  0.0073  0.0126  0.0033
   25  233  393  0.0073  0.0126  0.0033
   26  251  393  0.0073  0.0126  0.0033
   27  250  393  0.0073  0.0126  0.0033
   28  249  393  0.0073  0.0126  0.0033
   29  247  393  0.0073  0.0126  0.0033
   30  247  394  0.0073  0.0126  0.0033
   31  245  394  0.0073  0.0126  0.0033
   32  244  394  0.0073  0.0126  0.0033
   33  243  394  0.0073  0.0126  0.0033
   34  241  394  0.0073  0.0126  0.0033
   35  252  394  0.0073  0.0126  0.0033
   36  254  394  0.0073  0.0126  0.0033
   37  255  394  0.0073  0.0126  0.0033
   38  256  394  0.0073  0.0126  0.0033
   39  257  394  0.0073  0.0126  0.0033
   40  258  394  0.0074  0.0126  0.0033
   41  259  394  0.0074  0.0126  0.0033
   42  260  394  0.0074  0.0126  0.0033
   43  261  394  0.0074  0.0126  0.0033
   44  262  394  0.0074  0.0126  0.0033
   45  263  394  0.0074  0.0126  0.0033
   46  264  394  0.0074  0.0126  0.0033
   47  265  394  0.0074  0.0127  0.0033
   48  240  394  0.0073  0.0126  0.0033
   49  242  394  0.0073  0.0126  0.0033

     1  448  391  0.0076  0.0126  0.0033
     2  447  391  0.0076  0.0126  0.0033
     3  446  391  0.0075  0.0126  0.0033
     4  445  391  0.0075  0.0126  0.0033
     5  444  391  0.0075  0.0126  0.0033
     6  449  391  0.0076  0.0126  0.0033
     7  444  392  0.0075  0.0126  0.0033
     8  443  392  0.0076  0.0126  0.0033
     9  442  392  0.0075  0.0126  0.0033
    10  441  392  0.0076  0.0126  0.0033
    11  440  392  0.0076  0.0126  0.0033
    12  439  392  0.0075  0.0126  0.0033
    13  438  392  0.0075  0.0126  0.0033
    14  437  392  0.0075  0.0126  0.0033
    15  435  392  0.0075  0.0126  0.0033
    16  434  392  0.0075  0.0126  0.0033
    17  433  392  0.0075  0.0126  0.0033
    18  433  393  0.0075  0.0126  0.0033
    19  432  393  0.0075  0.0126  0.0033
    20  431  393  0.0075  0.0126  0.0033
    21  430  393  0.0075  0.0126  0.0033
    22  429  393  0.0075  0.0126  0.0033
    23  428  393  0.0075  0.0126  0.0033
    24  427  393  0.0075  0.0126  0.0033
    25  426  393  0.0075  0.0126  0.0033
    26  425  393  0.0075  0.0125  0.0033
    27  424  393  0.0075  0.0125  0.0033
    28  423  393  0.0075  0.0125  0.0033
    29  422  394  0.0075  0.0125  0.0033
    30  421  394  0.0075  0.0126  0.0033
    31  420  394  0.0075  0.0126  0.0033
    32  419  394  0.0075  0.0125  0.0033
    33  418  394  0.0075  0.0125  0.0033
    34  417  394  0.0075  0.0126  0.0033
    35  423  394  0.0075  0.0126  0.0033
    36  417  395  0.0075  0.0125  0.0033
    37  416  395  0.0075  0.0125  0.0033
    38  415  395  0.0075  0.0125  0.0033
    39  414  395  0.0075  0.0125  0.0033
    40  413  395  0.0075  0.0125  0.0033
    41  412  395  0.0075  0.0125  0.0033
    42  410  396  0.0075  0.0125  0.0033
    43  409  396  0.0075  0.0125  0.0033
    44  408  396  0.0075  0.0125  0.0033
    45  407  396  0.0075  0.0125  0.0033
    46  411  396  0.0075  0.0125  0.0033
    47  407  397  0.0075  0.0125  0.0033
    48  405  397  0.0075  0.0125  0.0033
    49  404  397  0.0075  0.0125  0.0033
    50  403  397  0.0075  0.0125  0.0033
    51  341  397  0.0074  0.0125  0.0033
    52  342  397  0.0074  0.0125  0.0033
    53  343  397  0.0074  0.0125  0.0033
    54  364  397  0.0074  0.0125  0.0033
    55  398  398  0.0075  0.0125  0.0033
    56  397  398  0.0075  0.0125  0.0033
    57  396  398  0.0075  0.0125  0.0033
    58  395  398  0.0075  0.0125  0.0033
    59  394  398  0.0075  0.0125  0.0033
    60  393  398  0.0075  0.0125  0.0033
    61  392  398  0.0075  0.0125  0.0033
    62  391  398  0.0075  0.0125  0.0033
    63  390  398  0.0075  0.0125  0.0033
    64  389  398  0.0075  0.0125  0.0033
    65  388  398  0.0075  0.0125  0.0033
    66  387  398  0.0075  0.0126  0.0033
    67  386  398  0.0075  0.0126  0.0033
    68  385  398  0.0075  0.0126  0.0033
    69  384  398  0.0075  0.0126  0.0033
    70  383  398  0.0075  0.0126  0.0033
    71  382  398  0.0075  0.0126  0.0033
    72  381  398  0.0075  0.0125  0.0033
    73  380  398  0.0074  0.0125  0.0033
    74  379  398  0.0074  0.0125  0.0033
    75  399  398  0.0075  0.0125  0.0033
    76  363  398  0.0074  0.0125  0.0033
    77  362  398  0.0074  0.0125  0.0033
    78  361  398  0.0074  0.0125  0.0033
    79  360  398  0.0074  0.0125  0.0033
    80  359  398  0.0074  0.0125  0.0033
    81  358  398  0.0074  0.0125  0.0033
    82  401  398  0.0075  0.0125  0.0033
    83  400  398  0.0075  0.0125  0.0033
    84  343  398  0.0074  0.0125  0.0033
    85  402  398  0.0075  0.0125  0.0033
    86  354  399  0.0074  0.0125  0.0033
    87  353  399  0.0074  0.0125  0.0033
    88  352  399  0.0074  0.0125  0.0033
    89  351  399  0.0074  0.0125  0.0033
    90  350  399  0.0074  0.0125  0.0033
    91  349  399  0.0074  0.0125  0.0033
    92  348  399  0.0074  0.0125  0.0033
    93  347  399  0.0074  0.0125  0.0033
    94  346  399  0.0074  0.0125  0.0033
    95  345  399  0.0074  0.0125  0.0033
    96  344  399  0.0074  0.0125  0.0033
    97  343  399  0.0074  0.0125  0.0033
    98  356  399  0.0074  0.0125  0.0033
    99  357  399  0.0074  0.0125  0.0033
   100  358  399  0.0074  0.0125  0.0033
   101  355  399  0.0074  0.0125  0.0033

    1  315  388  0.0074  0.0126  0.0033
    2  316  388  0.0074  0.0126  0.0033
    3  317  388  0.0074  0.0126  0.0033
    4  314  388  0.0074  0.0126  0.0033
    5  318  389  0.0074  0.0126  0.0033
    6  319  389  0.0074  0.0126  0.0033
    7  320  389  0.0074  0.0126  0.0033
    8  317  389  0.0074  0.0126  0.0033
    9  320  390  0.0074  0.0126  0.0033
   10  321  390  0.0074  0.0126  0.0033
   11  322  390  0.0074  0.0126  0.0033
   12  337  390  0.0074  0.0125  0.0033
   13  338  390  0.0074  0.0125  0.0033
   14  324  391  0.0074  0.0126  0.0033
   15  323  391  0.0074  0.0126  0.0033
   16  326  391  0.0074  0.0126  0.0033
   17  327  391  0.0074  0.0126  0.0033
   18  328  391  0.0074  0.0126  0.0033
   19  329  391  0.0074  0.0126  0.0033
   20  330  391  0.0074  0.0126  0.0033
   21  331  391  0.0074  0.0126  0.0033
   22  332  391  0.0074  0.0126  0.0033
   23  333  391  0.0074  0.0126  0.0033
   24  334  391  0.0074  0.0126  0.0033
   25  335  391  0.0074  0.0125  0.0033
   26  336  391  0.0074  0.0125  0.0033
   27  337  391  0.0074  0.0125  0.0033
   28  322  391  0.0074  0.0126  0.0033
   29  325  391  0.0074  0.0126  0.0033
   30  338  391  0.0074  0.0125  0.0033
   31  339  391  0.0074  0.0125  0.0033
   32  340  391  0.0074  0.0126  0.0033
   33  377  391  0.0074  0.0125  0.0033
   34  341  392  0.0074  0.0126  0.0033
   35  342  392  0.0074  0.0125  0.0033
   36  372  392  0.0074  0.0125  0.0033
   37  340  392  0.0074  0.0125  0.0033
   38  377  392  0.0074  0.0125  0.0033
   39  376  392  0.0074  0.0125  0.0033
   40  375  392  0.0074  0.0125  0.0033
   41  374  392  0.0074  0.0125  0.0033
   42  373  392  0.0074  0.0125  0.0033
   43  371  392  0.0074  0.0125  0.0033
   44  343  393  0.0074  0.0125  0.0033
   45  371  393  0.0074  0.0125  0.0033
   46  370  393  0.0074  0.0125  0.0033
   47  369  393  0.0074  0.0125  0.0033
   48  368  393  0.0074  0.0125  0.0033
   49  367  393  0.0074  0.0125  0.0033
   50  344  393  0.0074  0.0125  0.0033
   51  360  394  0.0074  0.0125  0.0033
   52  358  394  0.0074  0.0125  0.0033
   53  359  394  0.0074  0.0125  0.0033
   54  346  394  0.0074  0.0125  0.0033
   55  361  394  0.0074  0.0125  0.0033
   56  362  394  0.0074  0.0125  0.0033
   57  364  394  0.0074  0.0125  0.0033
   58  365  394  0.0074  0.0125  0.0033
   59  366  394  0.0074  0.0125  0.0033
   60  367  394  0.0074  0.0125  0.0033
   61  347  394  0.0074  0.0125  0.0033
   62  345  394  0.0074  0.0125  0.0033
   63  348  394  0.0074  0.0125  0.0033
   64  349  394  0.0074  0.0125  0.0033
   65  350  395  0.0074  0.0125  0.0033
   66  349  395  0.0074  0.0125  0.0033
   67  352  395  0.0074  0.0125  0.0033
   68  353  395  0.0074  0.0125  0.0033
   69  355  395  0.0074  0.0125  0.0033
   70  356  395  0.0074  0.0125  0.0033
   71  354  395  0.0074  0.0125  0.0033
   72  351  395  0.0074  0.0125  0.0033
   73  358  395  0.0074  0.0125  0.0033

    1  451  399  0.0075  0.0125  0.0033
    2  451  400  0.0075  0.0125  0.0033
    3  450  400  0.0075  0.0125  0.0033
    4  449  400  0.0075  0.0125  0.0033
    5  448  400  0.0076  0.0126  0.0033
    6  447  400  0.0075  0.0125  0.0033
    7  446  400  0.0075  0.0125  0.0033
    8  445  400  0.0075  0.0125  0.0033
    9  444  400  0.0075  0.0125  0.0033
   10  443  400  0.0075  0.0125  0.0033
   11  441  401  0.0075  0.0125  0.0033
   12  440  401  0.0075  0.0125  0.0033
   13  439  401  0.0075  0.0125  0.0033
   14  442  401  0.0075  0.0125  0.0033
   15  439  402  0.0075  0.0125  0.0033
   16  438  402  0.0075  0.0125  0.0033
   17  437  402  0.0075  0.0125  0.0033
   18  436  402  0.0075  0.0125  0.0033
   19  435  402  0.0075  0.0125  0.0033
   20  434  402  0.0075  0.0125  0.0033
   21  433  402  0.0075  0.0125  0.0033
   22  432  402  0.0075  0.0125  0.0033
   23  431  402  0.0075  0.0125  0.0033
   24  430  402  0.0075  0.0125  0.0033
   25  429  402  0.0075  0.0125  0.0033
   26  428  402  0.0075  0.0125  0.0033
   27  427  402  0.0075  0.0125  0.0033
   28  426  402  0.0075  0.0125  0.0033
   29  425  402  0.0075  0.0125  0.0033
   30  424  402  0.0075  0.0125  0.0033
   31  423  402  0.0075  0.0125  0.0033
   32  422  402  0.0075  0.0125  0.0033
   33  421  402  0.0075  0.0125  0.0033
   34  420  402  0.0075  0.0125  0.0033
   35  419  402  0.0075  0.0125  0.0033
   36  418  402  0.0075  0.0125  0.0033
   37  417  402  0.0075  0.0125  0.0033
   38  416  403  0.0075  0.0125  0.0033
   39  414  403  0.0075  0.0125  0.0033
   40  413  403  0.0075  0.0125  0.0033
   41  412  403  0.0075  0.0125  0.0033
   42  415  403  0.0075  0.0125  0.0033
   43  411  404  0.0075  0.0125  0.0033
   44  408  404  0.0075  0.0125  0.0033
   45  407  404  0.0075  0.0125  0.0033
   46  406  404  0.0075  0.0125  0.0033
   47  410  404  0.0075  0.0125  0.0033
   48  409  404  0.0075  0.0125  0.0033
   49  404  405  0.0075  0.0125  0.0033
   50  403  405  0.0075  0.0125  0.0033
   51  405  405  0.0075  0.0125  0.0033
   52  403  406  0.0075  0.0125  0.0033
   53  402  406  0.0075  0.0125  0.0033
   54  401  406  0.0075  0.0125  0.0033
   55  400  406  0.0075  0.0125  0.0033
   56  399  406  0.0075  0.0125  0.0033
   57  398  406  0.0075  0.0125  0.0033
   58  397  406  0.0075  0.0125  0.0033
   59  396  406  0.0075  0.0125  0.0033
   60  395  406  0.0075  0.0125  0.0033
   61  394  406  0.0075  0.0125  0.0033
   62  393  406  0.0075  0.0125  0.0033
   63  392  406  0.0075  0.0125  0.0033
   64  390  406  0.0074  0.0125  0.0033
   65  389  406  0.0074  0.0125  0.0033
   66  388  406  0.0074  0.0125  0.0033
   67  387  406  0.0074  0.0125  0.0033
   68  386  406  0.0074  0.0125  0.0033
   69  385  406  0.0074  0.0125  0.0033
   70  384  406  0.0074  0.0125  0.0033
   71  383  406  0.0074  0.0125  0.0033
   72  382  406  0.0074  0.0125  0.0033
   73  381  407  0.0074  0.0125  0.0033
   74  380  407  0.0074  0.0125  0.0033
   75  382  407  0.0074  0.0125  0.0033
   76  379  408  0.0074  0.0125  0.0033
   77  380  408  0.0074  0.0125  0.0033
   78  378  409  0.0074  0.0125  0.0033
   79  377  409  0.0074  0.0125  0.0033
   80  372  409  0.0074  0.0125  0.0033
   81  373  409  0.0074  0.0125  0.0033
   82  374  410  0.0074  0.0125  0.0033
   83  373  410  0.0074  0.0125  0.0033
   84  376  410  0.0074  0.0125  0.0033
   85  377  410  0.0074  0.0125  0.0033
   86  375  410  0.0074  0.0125  0.0033

    1  355  95  0.0081  0.0138  0.0032
    2  352  95  0.0081  0.0138  0.0032
    3  353  95  0.0081  0.0138  0.0032
    4  354  95  0.0081  0.0138  0.0032
    5  349  96  0.0081  0.0138  0.0032
    6  352  96  0.0081  0.0138  0.0032
    7  351  96  0.0081  0.0138  0.0032
    8  350  96  0.0081  0.0138  0.0032
    9  348  96  0.0081  0.0138  0.0032
   10  308  97  0.0080  0.0137  0.0032
   11  309  97  0.0080  0.0137  0.0032
   12  347  97  0.0081  0.0138  0.0032
   13  346  97  0.0081  0.0138  0.0032
   14  307  97  0.0080  0.0137  0.0032
   15  310  98  0.0081  0.0137  0.0032
   16  312  98  0.0081  0.0138  0.0032
   17  313  98  0.0081  0.0137  0.0032
   18  314  98  0.0081  0.0137  0.0032
   19  346  98  0.0081  0.0138  0.0032
   20  345  98  0.0081  0.0138  0.0032
   21  311  98  0.0080  0.0137  0.0032
   22  315  99  0.0081  0.0138  0.0032
   23  317  99  0.0081  0.0138  0.0032
   24  318  99  0.0081  0.0137  0.0032
   25  344  99  0.0081  0.0138  0.0032
   26  343  99  0.0081  0.0138  0.0032
   27  342  99  0.0081  0.0138  0.0032
   28  316  99  0.0081  0.0138  0.0032
   29  334 100  0.0081  0.0138  0.0032
   30  335 100  0.0081  0.0138  0.0032
   31  336 100  0.0081  0.0138  0.0032
   32  337 100  0.0081  0.0138  0.0032
   33  326 100  0.0081  0.0138  0.0032
   34  333 100  0.0081  0.0138  0.0032
   35  340 100  0.0081  0.0138  0.0032
   36  341 100  0.0081  0.0138  0.0032
   37  319 100  0.0081  0.0137  0.0032
   38  331 100  0.0081  0.0138  0.0032
   39  330 100  0.0081  0.0138  0.0032
   40  325 100  0.0081  0.0138  0.0032
   41  324 100  0.0081  0.0138  0.0032
   42  318 100  0.0080  0.0137  0.0032
   43  329 100  0.0081  0.0138  0.0032
   44  328 100  0.0081  0.0138  0.0032
   45  339 100  0.0081  0.0138  0.0032
   46  327 100  0.0081  0.0138  0.0032
   47  323 100  0.0081  0.0138  0.0032
   48  322 100  0.0081  0.0137  0.0032
   49  321 100  0.0081  0.0137  0.0032
   50  338 100  0.0081  0.0138  0.0032
   51  320 100  0.0081  0.0137  0.0032
   52  332 100  0.0081  0.0138  0.0032

    1  355  102  0.0081  0.0138  0.0032
    2  354  102  0.0081  0.0138  0.0032
    3  356  102  0.0081  0.0138  0.0032
    4  354  103  0.0081  0.0138  0.0032
    5  354  104  0.0081  0.0138  0.0032
    6  353  104  0.0081  0.0138  0.0032
    7  352  104  0.0081  0.0138  0.0032
    8  318  105  0.0080  0.0137  0.0032
    9  315  105  0.0080  0.0137  0.0032
   10  314  105  0.0081  0.0137  0.0032
   11  313  105  0.0081  0.0137  0.0032
   12  312  105  0.0080  0.0137  0.0032
   13  311  105  0.0080  0.0137  0.0032
   14  317  105  0.0081  0.0137  0.0032
   15  316  105  0.0080  0.0137  0.0032
   16  352  105  0.0081  0.0137  0.0032
   17  351  105  0.0081  0.0138  0.0032
   18  350  105  0.0081  0.0138  0.0032
   19  349  105  0.0081  0.0138  0.0032
   20  348  105  0.0081  0.0138  0.0032
   21  347  105  0.0081  0.0138  0.0032
   22  346  105  0.0081  0.0138  0.0032
   23  345  105  0.0081  0.0137  0.0032
   24  344  105  0.0081  0.0137  0.0032
   25  310  105  0.0080  0.0137  0.0032
   26  318  106  0.0080  0.0137  0.0032
   27  319  106  0.0080  0.0137  0.0032
   28  341  106  0.0081  0.0137  0.0032
   29  340  106  0.0081  0.0137  0.0032
   30  339  106  0.0081  0.0138  0.0032
   31  320  106  0.0080  0.0137  0.0032
   32  335  107  0.0081  0.0137  0.0032
   33  334  107  0.0081  0.0137  0.0032
   34  333  107  0.0081  0.0137  0.0032
   35  332  107  0.0081  0.0137  0.0032
   36  337  107  0.0081  0.0137  0.0032
   37  336  107  0.0081  0.0137  0.0032
   38  331  107  0.0081  0.0137  0.0032
   39  320  107  0.0080  0.0137  0.0032
   40  321  107  0.0080  0.0137  0.0032
   41  322  107  0.0080  0.0137  0.0032
   42  323  107  0.0080  0.0137  0.0032
   43  324  107  0.0080  0.0137  0.0032
   44  325  108  0.0081  0.0137  0.0032
   45  326  108  0.0081  0.0137  0.0032
   46  327  108  0.0080  0.0137  0.0032
   47  329  108  0.0081  0.0137  0.0032
   48  330  108  0.0081  0.0137  0.0032
   49  328  108  0.0081  0.0137  0.0032
   50  324  108  0.0080  0.0137  0.0032
   51  331  108  0.0081  0.0137  0.0032
