; ENVI Output of ROIs (5.4) [Tue Aug 06 11:31:15 2019]
; Number of ROIs: 11
; File Dimension: 1328 x 1184
;
; ROI name: Region #1
; ROI rgb value: {255, 0, 0}
; ROI npts: 140
;
; ROI name: Region #2
; ROI rgb value: {0, 255, 0}
; ROI npts: 144
;
; ROI name: Region #3
; ROI rgb value: {0, 0, 255}
; ROI npts: 65
;
; ROI name: Region #4
; ROI rgb value: {255, 255, 0}
; ROI npts: 46
;
; ROI name: Region #5
; ROI rgb value: {0, 255, 255}
; ROI npts: 53
;
; ROI name: Region #6
; ROI rgb value: {255, 0, 255}
; ROI npts: 49
;
; ROI name: Region #7
; ROI rgb value: {176, 48, 96}
; ROI npts: 101
;
; ROI name: Region #8
; ROI rgb value: {46, 139, 87}
; ROI npts: 73
;
; ROI name: Region #9
; ROI rgb value: {160, 32, 240}
; ROI npts: 86
;
; ROI name: Region #10
; ROI rgb value: {255, 127, 80}
; ROI npts: 52
;
; ROI name: Region #11
; ROI rgb value: {127, 255, 212}
; ROI npts: 51
;   ID    X    Y         B1         B2         B3
     1  484  341  -130.0459   114.7590   -18.8402
     2  483  341  -130.0453   114.7588   -18.8403
     3  482  341  -130.0451   114.7592   -18.8402
     4  481  341  -130.0445   114.7590   -18.8403
     5  480  341  -130.0439   114.7589   -18.8403
     6  479  341  -130.0430   114.7581   -18.8406
     7  478  341  -130.0441   114.7607   -18.8400
     8  477  341  -130.0424   114.7588   -18.8404
     9  476  341  -130.0418   114.7585   -18.8405
    10  475  341  -130.0411   114.7582   -18.8406
    11  474  341  -130.0407   114.7583   -18.8406
    12  473  341  -130.0400   114.7580   -18.8407
    13  472  341  -130.0402   114.7590   -18.8405
    14  472  342  -130.0405   114.7596   -18.8399
    15  471  342  -130.0399   114.7593   -18.8400
    16  471  343  -130.0397   114.7589   -18.8397
    17  470  343  -130.0396   114.7595   -18.8396
    18  469  343  -130.0389   114.7592   -18.8397
    19  468  343  -130.0387   114.7597   -18.8396
    20  467  343  -130.0381   114.7594   -18.8397
    21  466  343  -130.0378   114.7597   -18.8396
    22  465  343  -130.0378   114.7605   -18.8395
    23  464  343  -130.0361   114.7585   -18.8400
    24  463  344  -130.0376   114.7618   -18.8388
    25  464  344  -130.0384   114.7624   -18.8386
    26  461  345  -130.0377   114.7634   -18.8380
    27  460  345  -130.0367   114.7626   -18.8382
    28  459  345  -130.0370   114.7640   -18.8379
    29  462  345  -130.0378   114.7628   -18.8381
    30  458  346  -130.0356   114.7623   -18.8379
    31  457  346  -130.0318   114.7568   -18.8393
    32  456  346  -130.0340   114.7612   -18.8383
    33  455  346  -130.0311   114.7572   -18.8393
    34  454  347  -130.0314   114.7584   -18.8386
    35  453  347  -130.0315   114.7594   -18.8384
    36  452  347  -130.0311   114.7595   -18.8384
    37  451  347  -130.0274   114.7542   -18.8397
    38  450  347  -130.0277   114.7554   -18.8394
    39  449  347  -130.0281   114.7570   -18.8391
    40  448  347  -130.0278   114.7572   -18.8391
    41  447  347  -130.0280   114.7584   -18.8388
    42  446  347  -130.0279   114.7590   -18.8387
    43  445  347  -130.0274   114.7590   -18.8387
    44  444  347  -130.0272   114.7594   -18.8386
    45  443  347  -130.0268   114.7595   -18.8386
    46  442  347  -130.0268   114.7604   -18.8384
    47  441  347  -130.0267   114.7611   -18.8382
    48  440  347  -130.0270   114.7622   -18.8380
    49  439  347  -130.0263   114.7619   -18.8381
    50  438  347  -130.0254   114.7613   -18.8383
    51  437  347  -130.0252   114.7616   -18.8382
    52  436  347  -130.0238   114.7602   -18.8386
    53  435  347  -130.0245   114.7621   -18.8381
    54  434  347  -130.0243   114.7625   -18.8381
    55  432  348  -130.0244   114.7644   -18.8373
    56  431  348  -130.0223   114.7616   -18.8380
    57  430  348  -130.0220   114.7619   -18.8379
    58  433  348  -130.0213   114.7583   -18.8388
    59  430  349  -130.0198   114.7582   -18.8384
    60  429  349  -130.0205   114.7601   -18.8380
    61  428  349  -130.0199   114.7600   -18.8380
    62  338  349  -129.9947   114.7898   -18.8331
    63  339  349  -129.9951   114.7897   -18.8331
    64  340  349  -129.9945   114.7880   -18.8335
    65  341  349  -129.9950   114.7879   -18.8335
    66  342  349  -129.9955   114.7881   -18.8334
    67  343  349  -129.9962   114.7884   -18.8333
    68  344  349  -129.9972   114.7893   -18.8331
    69  345  349  -129.9984   114.7906   -18.8327
    70  346  349  -129.9969   114.7871   -18.8335
    71  337  349  -129.9945   114.7903   -18.8330
    72  347  349  -129.9963   114.7853   -18.8339
    73  348  349  -129.9962   114.7843   -18.8341
    74  349  349  -129.9960   114.7831   -18.8344
    75  351  350  -129.9974   114.7839   -18.8338
    76  428  350  -130.0190   114.7584   -18.8380
    77  427  350  -130.0203   114.7614   -18.8373
    78  426  350  -130.0181   114.7584   -18.8381
    79  425  350  -130.0190   114.7607   -18.8375
    80  349  350  -129.9965   114.7839   -18.8339
    81  350  350  -129.9970   114.7840   -18.8338
    82  421  351  -130.0197   114.7651   -18.8361
    83  420  351  -130.0241   114.7732   -18.8340
    84  371  351  -130.0023   114.7760   -18.8347
    85  374  351  -130.0025   114.7740   -18.8351
    86  425  351  -130.0195   114.7616   -18.8369
    87  422  351  -130.0234   114.7705   -18.8346
    88  424  351  -130.0194   114.7622   -18.8368
    89  373  351  -130.0028   114.7752   -18.8348
    90  351  351  -129.9959   114.7814   -18.8340
    91  352  351  -129.9977   114.7836   -18.8334
    92  353  351  -129.9970   114.7816   -18.8338
    93  354  351  -129.9973   114.7813   -18.8339
    94  355  351  -129.9986   114.7827   -18.8335
    95  356  351  -129.9996   114.7836   -18.8333
    96  357  351  -129.9988   114.7814   -18.8338
    97  358  351  -129.9988   114.7806   -18.8339
    98  359  351  -129.9994   114.7807   -18.8339
    99  360  351  -129.9986   114.7786   -18.8344
   100  366  351  -130.0011   114.7781   -18.8344
   101  367  351  -130.0013   114.7776   -18.8344
   102  368  351  -130.0028   114.7792   -18.8340
   103  369  351  -130.0033   114.7793   -18.8340
   104  375  351  -130.0028   114.7737   -18.8352
   105  370  351  -130.0028   114.7776   -18.8343
   106  418  352  -130.0169   114.7628   -18.8362
   107  420  352  -130.0215   114.7689   -18.8347
   108  419  352  -130.0185   114.7647   -18.8358
   109  377  352  -130.0037   114.7735   -18.8347
   110  376  352  -130.0035   114.7739   -18.8347
   111  388  353  -130.0041   114.7652   -18.8361
   112  389  353  -130.0052   114.7662   -18.8358
   113  390  353  -130.0058   114.7665   -18.8357
   114  391  353  -130.0063   114.7665   -18.8356
   115  393  353  -130.0056   114.7637   -18.8363
   116  394  353  -130.0055   114.7628   -18.8365
   117  395  353  -130.0081   114.7664   -18.8356
   118  396  353  -130.0086   114.7665   -18.8355
   119  397  353  -130.0063   114.7617   -18.8367
   120  398  353  -130.0065   114.7612   -18.8368
   121  399  353  -130.0050   114.7578   -18.8376
   122  400  353  -130.0101   114.7657   -18.8356
   123  401  353  -130.0094   114.7637   -18.8361
   124  402  353  -130.0135   114.7699   -18.8345
   125  403  353  -130.0191   114.7785   -18.8323
   126  404  353  -130.0128   114.7671   -18.8352
   127  405  353  -130.0121   114.7650   -18.8357
   128  418  353  -130.0164   114.7619   -18.8361
   129  406  353  -130.0242   114.7846   -18.8308
   130  407  353  -130.0284   114.7909   -18.8291
   131  408  353  -130.0164   114.7700   -18.8343
   132  409  353  -130.0126   114.7627   -18.8361
   133  410  353  -130.0112   114.7596   -18.8368
   134  411  353  -130.0199   114.7734   -18.8334
   135  412  353  -130.0132   114.7613   -18.8364
   136  413  353  -130.0263   114.7826   -18.8310
   137  414  353  -130.0190   114.7695   -18.8343
   138  415  353  -130.0122   114.7572   -18.8373
   139  416  353  -130.0119   114.7559   -18.8376
   140  417  353  -130.0161   114.7622   -18.8360

     1  468  349  -130.0374   114.7572   -18.8377
     2  466  350  -130.0372   114.7584   -18.8370
     3  467  350  -130.0370   114.7573   -18.8372
     4  465  351  -130.0377   114.7600   -18.8362
     5  464  351  -130.0367   114.7592   -18.8364
     6  466  351  -130.0366   114.7573   -18.8368
     7  463  352  -130.0365   114.7595   -18.8360
     8  462  352  -130.0360   114.7594   -18.8360
     9  461  352  -130.0344   114.7577   -18.8365
    10  460  352  -130.0342   114.7580   -18.8364
    11  459  352  -130.0322   114.7556   -18.8370
    12  458  352  -130.0330   114.7577   -18.8365
    13  457  352  -130.0317   114.7564   -18.8369
    14  456  352  -130.0298   114.7539   -18.8375
    15  454  353  -130.0299   114.7557   -18.8367
    16  455  353  -130.0293   114.7539   -18.8371
    17  453  354  -130.0305   114.7574   -18.8359
    18  452  354  -130.0282   114.7544   -18.8367
    19  450  354  -130.0283   114.7561   -18.8363
    20  449  354  -130.0275   114.7557   -18.8364
    21  448  354  -130.0265   114.7547   -18.8367
    22  447  354  -130.0267   114.7560   -18.8364
    23  445  354  -130.0275   114.7589   -18.8357
    24  444  354  -130.0277   114.7599   -18.8355
    25  443  354  -130.0277   114.7608   -18.8353
    26  442  354  -130.0271   114.7605   -18.8354
    27  439  355  -130.0346   114.7755   -18.8314
    28  438  355  -130.0315   114.7710   -18.8325
    29  441  355  -130.0290   114.7645   -18.8340
    30  437  356  -130.0310   114.7710   -18.8322
    31  436  356  -130.0290   114.7685   -18.8328
    32  435  356  -130.0306   114.7719   -18.8320
    33  434  356  -130.0232   114.7603   -18.8348
    34  433  356  -130.0180   114.7523   -18.8368
    35  432  356  -130.0303   114.7738   -18.8315
    36  431  356  -130.0300   114.7741   -18.8315
    37  430  357  -130.0294   114.7739   -18.8311
    38  315  357  -129.9878   114.7964   -18.8286
    39  343  358  -129.9991   114.7929   -18.8284
    40  425  358  -130.0257   114.7716   -18.8314
    41  426  358  -130.0237   114.7674   -18.8324
    42  427  358  -130.0195   114.7596   -18.8343
    43  428  358  -130.0252   114.7684   -18.8321
    44  429  358  -130.0202   114.7592   -18.8343
    45  318  358  -129.9886   114.7953   -18.8284
    46  317  358  -129.9880   114.7951   -18.8284
    47  316  358  -129.9880   114.7958   -18.8283
    48  344  358  -129.9983   114.7908   -18.8289
    49  329  358  -129.9916   114.7914   -18.8291
    50  330  358  -129.9924   114.7920   -18.8289
    51  331  358  -129.9922   114.7909   -18.8292
    52  332  358  -129.9925   114.7906   -18.8292
    53  333  358  -129.9932   114.7910   -18.8291
    54  334  358  -129.9941   114.7917   -18.8289
    55  335  358  -129.9941   114.7909   -18.8291
    56  336  358  -129.9951   114.7919   -18.8288
    57  337  358  -129.9954   114.7914   -18.8289
    58  338  358  -129.9963   114.7923   -18.8287
    59  339  358  -129.9965   114.7917   -18.8288
    60  340  358  -129.9957   114.7895   -18.8293
    61  341  358  -129.9956   114.7886   -18.8295
    62  342  358  -129.9988   114.7932   -18.8284
    63  424  358  -130.0248   114.7710   -18.8315
    64  328  359  -129.9908   114.7908   -18.8288
    65  345  359  -129.9975   114.7885   -18.8290
    66  346  359  -129.9975   114.7878   -18.8291
    67  347  359  -129.9966   114.7853   -18.8297
    68  348  359  -129.9969   114.7851   -18.8297
    69  349  359  -129.9968   114.7840   -18.8300
    70  350  359  -129.9980   114.7854   -18.8296
    71  327  359  -129.9910   114.7920   -18.8285
    72  325  359  -129.9907   114.7931   -18.8283
    73  352  359  -129.9988   114.7851   -18.8297
    74  324  359  -129.9900   114.7928   -18.8284
    75  318  359  -129.9877   114.7937   -18.8283
    76  319  359  -129.9879   114.7932   -18.8284
    77  320  359  -129.9892   114.7946   -18.8281
    78  321  359  -129.9895   114.7944   -18.8281
    79  322  359  -129.9899   114.7943   -18.8281
    80  351  359  -129.9990   114.7862   -18.8294
    81  358  359  -129.9993   114.7810   -18.8305
    82  357  359  -129.9988   114.7810   -18.8305
    83  356  359  -129.9976   114.7798   -18.8308
    84  355  359  -129.9971   114.7798   -18.8309
    85  354  359  -130.0000   114.7856   -18.8295
    86  353  359  -129.9985   114.7837   -18.8300
    87  323  359  -129.9899   114.7933   -18.8283
    88  423  359  -130.0227   114.7681   -18.8319
    89  422  359  -130.0150   114.7561   -18.8349
    90  360  360  -129.9971   114.7756   -18.8313
    91  361  360  -129.9971   114.7749   -18.8315
    92  362  360  -129.9984   114.7762   -18.8311
    93  363  360  -129.9972   114.7733   -18.8318
    94  364  360  -129.9981   114.7741   -18.8316
    95  376  360  -130.0005   114.7685   -18.8326
    96  375  360  -130.0006   114.7695   -18.8324
    97  374  360  -130.0008   114.7707   -18.8321
    98  410  360  -130.0349   114.7992   -18.8240
    99  411  360  -130.0165   114.7674   -18.8320
   100  365  360  -129.9995   114.7757   -18.8312
   101  366  360  -129.9999   114.7756   -18.8312
   102  367  360  -129.9996   114.7742   -18.8315
   103  368  360  -130.0006   114.7750   -18.8312
   104  369  360  -130.0001   114.7735   -18.8316
   105  370  360  -130.0007   114.7736   -18.8315
   106  371  360  -130.0011   114.7735   -18.8315
   107  372  360  -130.0006   114.7719   -18.8319
   108  373  360  -130.0016   114.7727   -18.8317
   109  377  360  -130.0011   114.7687   -18.8325
   110  408  361  -130.0317   114.7953   -18.8245
   111  382  361  -130.0008   114.7641   -18.8331
   112  409  361  -130.0330   114.7966   -18.8242
   113  410  361  -130.0329   114.7957   -18.8244
   114  380  361  -130.0012   114.7664   -18.8326
   115  379  361  -130.0006   114.7662   -18.8327
   116  377  361  -130.0004   114.7675   -18.8324
   117  381  361  -130.0007   114.7647   -18.8330
   118  382  362  -130.0008   114.7641   -18.8326
   119  383  362  -130.0016   114.7647   -18.8325
   120  384  362  -130.0016   114.7638   -18.8327
   121  392  362  -130.0038   114.7611   -18.8332
   122  394  362  -130.0068   114.7645   -18.8322
   123  395  362  -130.0053   114.7612   -18.8331
   124  396  362  -130.0074   114.7639   -18.8323
   125  397  362  -130.0068   114.7621   -18.8328
   126  398  362  -130.0071   114.7619   -18.8328
   127  399  362  -130.0079   114.7623   -18.8327
   128  401  362  -130.0109   114.7658   -18.8317
   129  402  362  -130.0131   114.7688   -18.8309
   130  407  362  -130.0303   114.7937   -18.8245
   131  406  362  -130.0275   114.7898   -18.8255
   132  405  362  -130.0296   114.7941   -18.8244
   133  404  362  -130.0262   114.7893   -18.8257
   134  403  362  -130.0245   114.7871   -18.8262
   135  400  362  -130.0124   114.7692   -18.8309
   136  391  363  -130.0056   114.7648   -18.8318
   137  390  363  -130.0050   114.7647   -18.8319
   138  384  363  -130.0021   114.7645   -18.8321
   139  386  363  -130.0026   114.7638   -18.8322
   140  392  363  -130.0069   114.7663   -18.8314
   141  388  364  -130.0029   114.7627   -18.8320
   142  389  364  -130.0038   114.7634   -18.8318
   143  390  364  -130.0050   114.7647   -18.8314
   144  387  364  -130.0035   114.7645   -18.8316

    1  515  361  -130.0558   114.7497   -18.8332
    2  514  361  -130.0551   114.7494   -18.8333
    3  513  361  -130.0548   114.7497   -18.8332
    4  512  361  -130.0543   114.7497   -18.8333
    5  511  361  -130.0542   114.7502   -18.8332
    6  510  361  -130.0535   114.7498   -18.8333
    7  509  361  -130.0522   114.7486   -18.8336
    8  508  361  -130.0523   114.7495   -18.8334
    9  507  361  -130.0524   114.7505   -18.8332
   10  506  361  -130.0517   114.7500   -18.8333
   11  505  361  -130.0508   114.7494   -18.8335
   12  504  362  -130.0498   114.7486   -18.8333
   13  503  362  -130.0493   114.7484   -18.8334
   14  502  362  -130.0492   114.7491   -18.8333
   15  505  362  -130.0505   114.7489   -18.8332
   16  501  363  -130.0479   114.7477   -18.8332
   17  500  363  -130.0471   114.7472   -18.8333
   18  499  363  -130.0459   114.7460   -18.8337
   19  498  363  -130.0448   114.7449   -18.8340
   20  497  364  -130.0442   114.7447   -18.8336
   21  496  364  -130.0426   114.7428   -18.8341
   22  495  364  -130.0435   114.7451   -18.8336
   23  498  364  -130.0450   114.7453   -18.8334
   24  495  365  -130.0420   114.7426   -18.8338
   25  494  365  -130.0423   114.7439   -18.8335
   26  492  366  -130.0413   114.7438   -18.8331
   27  491  367  -130.0413   114.7444   -18.8326
   28  492  367  -130.0416   114.7441   -18.8326
   29  489  368  -130.0398   114.7435   -18.8324
   30  490  368  -130.0403   114.7436   -18.8324
   31  489  369  -130.0399   114.7436   -18.8320
   32  488  369  -130.0400   114.7446   -18.8318
   33  487  369  -130.0403   114.7459   -18.8315
   34  485  370  -130.0389   114.7452   -18.8312
   35  484  370  -130.0379   114.7443   -18.8315
   36  483  370  -130.0378   114.7449   -18.8314
   37  482  370  -130.0368   114.7439   -18.8316
   38  481  370  -130.0360   114.7435   -18.8318
   39  480  370  -130.0356   114.7437   -18.8318
   40  486  370  -130.0395   114.7453   -18.8312
   41  479  371  -130.0352   114.7438   -18.8314
   42  478  371  -130.0347   114.7437   -18.8314
   43  476  372  -130.0343   114.7445   -18.8308
   44  475  372  -130.0339   114.7447   -18.8308
   45  477  372  -130.0349   114.7447   -18.8307
   46  473  373  -130.0321   114.7433   -18.8308
   47  472  373  -130.0315   114.7430   -18.8309
   48  474  373  -130.0329   114.7437   -18.8306
   49  471  374  -130.0307   114.7425   -18.8306
   50  470  374  -130.0309   114.7436   -18.8303
   51  469  374  -130.0309   114.7444   -18.8302
   52  468  374  -130.0302   114.7439   -18.8303
   53  467  374  -130.0300   114.7444   -18.8302
   54  466  374  -130.0294   114.7443   -18.8303
   55  465  374  -130.0289   114.7442   -18.8303
   56  464  374  -130.0287   114.7446   -18.8303
   57  463  374  -130.0283   114.7448   -18.8303
   58  462  374  -130.0278   114.7447   -18.8303
   59  461  374  -130.0278   114.7456   -18.8301
   60  460  374  -130.0274   114.7458   -18.8301
   61  459  374  -130.0269   114.7457   -18.8302
   62  458  374  -130.0265   114.7458   -18.8302
   63  457  374  -130.0260   114.7458   -18.8302
   64  456  374  -130.0271   114.7484   -18.8296
   65  455  374  -130.0263   114.7479   -18.8297

    1  227  367  -129.9551   114.8115   -18.8229
    2  227  368  -129.9541   114.8098   -18.8228
    3  228  368  -129.9558   114.8119   -18.8223
    4  229  368  -129.9569   114.8130   -18.8220
    5  230  368  -129.9574   114.8131   -18.8219
    6  266  368  -129.9657   114.7979   -18.8248
    7  268  368  -129.9673   114.7991   -18.8244
    8  232  369  -129.9575   114.8114   -18.8218
    9  266  369  -129.9660   114.7984   -18.8242
   10  265  369  -129.9656   114.7985   -18.8242
   11  230  369  -129.9534   114.8061   -18.8232
   12  231  369  -129.9563   114.8103   -18.8222
   13  236  370  -129.9567   114.8068   -18.8224
   14  237  370  -129.9566   114.8059   -18.8226
   15  238  370  -129.9569   114.8055   -18.8227
   16  239  370  -129.9569   114.8047   -18.8229
   17  240  370  -129.9570   114.8041   -18.8230
   18  241  370  -129.9574   114.8039   -18.8230
   19  242  370  -129.9582   114.8045   -18.8228
   20  232  370  -129.9570   114.8106   -18.8216
   21  233  370  -129.9553   114.8068   -18.8225
   22  264  370  -129.9664   114.8007   -18.8232
   23  263  370  -129.9655   114.7999   -18.8234
   24  235  370  -129.9549   114.8046   -18.8230
   25  262  370  -129.9655   114.8008   -18.8233
   26  261  370  -129.9650   114.8008   -18.8233
   27  234  370  -129.9551   114.8056   -18.8228
   28  250  370  -129.9629   114.8061   -18.8222
   29  251  370  -129.9628   114.8051   -18.8224
   30  252  370  -129.9632   114.8050   -18.8224
   31  253  370  -129.9633   114.8043   -18.8226
   32  254  370  -129.9635   114.8038   -18.8226
   33  255  370  -129.9641   114.8040   -18.8226
   34  256  370  -129.9641   114.8032   -18.8228
   35  257  370  -129.9637   114.8017   -18.8231
   36  258  370  -129.9637   114.8009   -18.8233
   37  259  370  -129.9644   114.8014   -18.8232
   38  260  370  -129.9649   114.8013   -18.8231
   39  247  371  -129.9604   114.8042   -18.8223
   40  245  371  -129.9590   114.8033   -18.8226
   41  244  371  -129.9584   114.8031   -18.8227
   42  243  371  -129.9577   114.8027   -18.8228
   43  242  371  -129.9574   114.8030   -18.8228
   44  249  371  -129.9616   114.8045   -18.8222
   45  248  371  -129.9609   114.8042   -18.8223
   46  246  371  -129.9599   114.8040   -18.8224

    1  284  376  -129.9725   114.7946   -18.8217
    2  285  376  -129.9725   114.7938   -18.8219
    3  283  377  -129.9720   114.7944   -18.8214
    4  282  377  -129.9719   114.7952   -18.8212
    5  281  377  -129.9715   114.7953   -18.8212
    6  280  377  -129.9711   114.7954   -18.8212
    7  279  377  -129.9709   114.7959   -18.8211
    8  266  377  -129.9643   114.7950   -18.8216
    9  267  377  -129.9656   114.7965   -18.8212
   10  268  377  -129.9666   114.7973   -18.8210
   11  269  377  -129.9671   114.7974   -18.8210
   12  265  377  -129.9650   114.7971   -18.8211
   13  270  377  -129.9674   114.7971   -18.8210
   14  272  378  -129.9676   114.7958   -18.8209
   15  271  378  -129.9672   114.7960   -18.8209
   16  270  378  -129.9673   114.7969   -18.8207
   17  273  378  -129.9682   114.7961   -18.8208
   18  275  378  -129.9690   114.7958   -18.8208
   19  276  378  -129.9695   114.7958   -18.8208
   20  277  378  -129.9699   114.7957   -18.8208
   21  278  378  -129.9699   114.7948   -18.8210
   22  274  378  -129.9686   114.7959   -18.8208
   23  264  378  -129.9638   114.7958   -18.8210
   24  263  378  -129.9637   114.7965   -18.8209
   25  262  378  -129.9635   114.7969   -18.8208
   26  262  379  -129.9629   114.7959   -18.8206
   27  261  379  -129.9625   114.7959   -18.8206
   28  260  379  -129.9621   114.7961   -18.8206
   29  258  379  -129.9607   114.7952   -18.8209
   30  257  379  -129.9606   114.7959   -18.8207
   31  256  379  -129.9606   114.7967   -18.8205
   32  255  379  -129.9604   114.7972   -18.8204
   33  254  379  -129.9601   114.7975   -18.8204
   34  253  379  -129.9595   114.7973   -18.8204
   35  252  379  -129.9590   114.7972   -18.8205
   36  251  379  -129.9585   114.7973   -18.8205
   37  250  379  -129.9581   114.7973   -18.8205
   38  249  379  -129.9578   114.7977   -18.8205
   39  248  379  -129.9575   114.7979   -18.8204
   40  247  379  -129.9568   114.7975   -18.8206
   41  246  379  -129.9561   114.7971   -18.8207
   42  246  380  -129.9560   114.7969   -18.8203
   43  245  380  -129.9554   114.7967   -18.8204
   44  244  380  -129.9548   114.7966   -18.8204
   45  243  380  -129.9544   114.7965   -18.8205
   46  242  380  -129.9537   114.7963   -18.8206
   47  241  380  -129.9531   114.7960   -18.8207
   48  240  380  -129.9524   114.7956   -18.8208
   49  239  380  -129.9523   114.7962   -18.8207
   50  238  380  -129.9520   114.7966   -18.8206
   51  237  380  -129.9520   114.7973   -18.8205
   52  236  380  -129.9518   114.7979   -18.8203
   53  235  380  -129.9518   114.7987   -18.8202

    1  218  391  -129.9471   114.8039   -18.8148
    2  219  391  -129.9482   114.8050   -18.8145
    3  220  391  -129.9480   114.8039   -18.8147
    4  222  391  -129.9493   114.8045   -18.8146
    5  223  391  -129.9497   114.8044   -18.8146
    6  224  391  -129.9513   114.8064   -18.8141
    7  225  391  -129.9520   114.8068   -18.8140
    8  226  391  -129.9516   114.8052   -18.8143
    9  227  391  -129.9509   114.8031   -18.8148
   10  228  391  -129.9495   114.7999   -18.8155
   11  229  391  -129.9510   114.8018   -18.8151
   12  230  391  -129.9521   114.8028   -18.8148
   13  231  391  -129.9521   114.8020   -18.8150
   14  231  392  -129.9523   114.8023   -18.8144
   15  232  392  -129.9517   114.8004   -18.8149
   16  265  392  -129.9639   114.7946   -18.8154
   17  234  393  -129.9507   114.7970   -18.8152
   18  235  393  -129.9502   114.7952   -18.8156
   19  236  393  -129.9509   114.7957   -18.8155
   20  237  393  -129.9499   114.7931   -18.8161
   21  238  393  -129.9508   114.7940   -18.8159
   22  239  393  -129.9520   114.7952   -18.8155
   23  265  393  -129.9638   114.7943   -18.8151
   24  252  393  -129.9554   114.7904   -18.8164
   25  233  393  -129.9505   114.7975   -18.8151
   26  251  393  -129.9553   114.7911   -18.8162
   27  250  393  -129.9552   114.7916   -18.8162
   28  249  393  -129.9547   114.7917   -18.8162
   29  247  393  -129.9544   114.7928   -18.8159
   30  247  394  -129.9545   114.7929   -18.8155
   31  245  394  -129.9541   114.7938   -18.8153
   32  244  394  -129.9535   114.7935   -18.8154
   33  243  394  -129.9523   114.7924   -18.8157
   34  241  394  -129.9516   114.7928   -18.8156
   35  252  394  -129.9556   114.7907   -18.8159
   36  254  394  -129.9570   114.7915   -18.8156
   37  255  394  -129.9571   114.7908   -18.8158
   38  256  394  -129.9577   114.7911   -18.8157
   39  257  394  -129.9588   114.7921   -18.8154
   40  258  394  -129.9598   114.7931   -18.8152
   41  259  394  -129.9606   114.7936   -18.8150
   42  260  394  -129.9612   114.7939   -18.8149
   43  261  394  -129.9610   114.7926   -18.8152
   44  262  394  -129.9622   114.7939   -18.8148
   45  263  394  -129.9623   114.7933   -18.8149
   46  264  394  -129.9631   114.7938   -18.8148
   47  265  394  -129.9640   114.7946   -18.8145
   48  240  394  -129.9510   114.7925   -18.8157
   49  242  394  -129.9513   114.7914   -18.8159

     1  448  391  -130.0214   114.7444   -18.8235
     2  447  391  -130.0206   114.7439   -18.8236
     3  446  391  -130.0191   114.7422   -18.8241
     4  445  391  -130.0190   114.7428   -18.8240
     5  444  391  -130.0193   114.7442   -18.8236
     6  449  391  -130.0219   114.7444   -18.8235
     7  444  392  -130.0196   114.7445   -18.8231
     8  443  392  -130.0201   114.7462   -18.8227
     9  442  392  -130.0197   114.7463   -18.8227
    10  441  392  -130.0191   114.7461   -18.8228
    11  440  392  -130.0193   114.7473   -18.8225
    12  439  392  -130.0179   114.7456   -18.8230
    13  438  392  -130.0163   114.7437   -18.8235
    14  437  392  -130.0167   114.7453   -18.8231
    15  435  392  -130.0170   114.7475   -18.8226
    16  434  392  -130.0167   114.7477   -18.8226
    17  433  392  -130.0161   114.7475   -18.8227
    18  433  393  -130.0159   114.7470   -18.8224
    19  432  393  -130.0158   114.7477   -18.8222
    20  431  393  -130.0150   114.7473   -18.8224
    21  430  393  -130.0146   114.7472   -18.8224
    22  429  393  -130.0143   114.7476   -18.8223
    23  428  393  -130.0140   114.7479   -18.8223
    24  427  393  -130.0125   114.7461   -18.8227
    25  426  393  -130.0121   114.7464   -18.8227
    26  425  393  -130.0098   114.7432   -18.8235
    27  424  393  -130.0078   114.7407   -18.8242
    28  423  393  -130.0070   114.7401   -18.8244
    29  422  394  -130.0082   114.7429   -18.8233
    30  421  394  -130.0108   114.7481   -18.8220
    31  420  394  -130.0110   114.7492   -18.8218
    32  419  394  -130.0076   114.7444   -18.8230
    33  418  394  -130.0078   114.7454   -18.8228
    34  417  394  -130.0099   114.7499   -18.8217
    35  423  394  -130.0118   114.7482   -18.8219
    36  417  395  -130.0076   114.7459   -18.8223
    37  416  395  -130.0073   114.7462   -18.8222
    38  415  395  -130.0059   114.7446   -18.8226
    39  414  395  -130.0059   114.7454   -18.8224
    40  413  395  -130.0052   114.7450   -18.8226
    41  412  395  -130.0052   114.7459   -18.8224
    42  410  396  -130.0044   114.7460   -18.8220
    43  409  396  -130.0037   114.7456   -18.8221
    44  408  396  -130.0034   114.7459   -18.8221
    45  407  396  -130.0033   114.7466   -18.8220
    46  411  396  -130.0052   114.7466   -18.8218
    47  407  397  -130.0008   114.7424   -18.8226
    48  405  397  -130.0001   114.7427   -18.8225
    49  404  397  -130.0008   114.7448   -18.8221
    50  403  397  -130.0014   114.7466   -18.8216
    51  341  397  -129.9795   114.7592   -18.8201
    52  342  397  -129.9790   114.7576   -18.8205
    53  343  397  -129.9789   114.7566   -18.8207
    54  364  397  -129.9850   114.7501   -18.8218
    55  398  398  -129.9989   114.7463   -18.8214
    56  397  398  -129.9989   114.7471   -18.8212
    57  396  398  -129.9977   114.7459   -18.8215
    58  395  398  -129.9983   114.7477   -18.8211
    59  394  398  -129.9993   114.7502   -18.8205
    60  393  398  -129.9983   114.7493   -18.8208
    61  392  398  -129.9976   114.7488   -18.8209
    62  391  398  -129.9984   114.7511   -18.8204
    63  390  398  -129.9979   114.7510   -18.8205
    64  389  398  -129.9988   114.7533   -18.8199
    65  388  398  -129.9982   114.7532   -18.8200
    66  387  398  -129.9988   114.7550   -18.8195
    67  386  398  -129.9985   114.7552   -18.8195
    68  385  398  -129.9979   114.7551   -18.8196
    69  384  398  -129.9975   114.7552   -18.8196
    70  383  398  -129.9972   114.7555   -18.8195
    71  382  398  -129.9974   114.7565   -18.8193
    72  381  398  -129.9955   114.7541   -18.8199
    73  380  398  -129.9947   114.7536   -18.8201
    74  379  398  -129.9937   114.7527   -18.8203
    75  399  398  -130.0000   114.7473   -18.8211
    76  363  398  -129.9848   114.7506   -18.8213
    77  362  398  -129.9840   114.7500   -18.8214
    78  361  398  -129.9842   114.7511   -18.8212
    79  360  398  -129.9840   114.7516   -18.8211
    80  359  398  -129.9834   114.7514   -18.8212
    81  358  398  -129.9829   114.7513   -18.8212
    82  401  398  -129.9999   114.7455   -18.8215
    83  400  398  -130.0000   114.7465   -18.8213
    84  343  398  -129.9789   114.7566   -18.8203
    85  402  398  -130.0003   114.7454   -18.8215
    86  354  399  -129.9809   114.7511   -18.8210
    87  353  399  -129.9810   114.7521   -18.8208
    88  352  399  -129.9807   114.7524   -18.8207
    89  351  399  -129.9804   114.7526   -18.8207
    90  350  399  -129.9804   114.7534   -18.8205
    91  349  399  -129.9801   114.7538   -18.8204
    92  348  399  -129.9802   114.7548   -18.8202
    93  347  399  -129.9799   114.7550   -18.8202
    94  346  399  -129.9793   114.7548   -18.8203
    95  345  399  -129.9795   114.7560   -18.8200
    96  344  399  -129.9792   114.7562   -18.8200
    97  343  399  -129.9786   114.7560   -18.8200
    98  356  399  -129.9817   114.7509   -18.8210
    99  357  399  -129.9819   114.7504   -18.8211
   100  358  399  -129.9822   114.7501   -18.8211
   101  355  399  -129.9815   114.7513   -18.8209

    1  315  388  -129.9773   114.7771   -18.8202
    2  316  388  -129.9773   114.7763   -18.8203
    3  317  388  -129.9774   114.7756   -18.8205
    4  314  388  -129.9776   114.7784   -18.8199
    5  318  389  -129.9772   114.7744   -18.8203
    6  319  389  -129.9775   114.7741   -18.8204
    7  320  389  -129.9777   114.7735   -18.8205
    8  317  389  -129.9773   114.7753   -18.8201
    9  320  390  -129.9770   114.7723   -18.8204
   10  321  390  -129.9774   114.7722   -18.8204
   11  322  390  -129.9773   114.7712   -18.8206
   12  337  390  -129.9796   114.7631   -18.8222
   13  338  390  -129.9799   114.7628   -18.8223
   14  324  391  -129.9765   114.7681   -18.8209
   15  323  391  -129.9771   114.7700   -18.8204
   16  326  391  -129.9774   114.7681   -18.8208
   17  327  391  -129.9772   114.7670   -18.8211
   18  328  391  -129.9777   114.7670   -18.8211
   19  329  391  -129.9781   114.7670   -18.8210
   20  330  391  -129.9789   114.7675   -18.8209
   21  331  391  -129.9798   114.7681   -18.8207
   22  332  391  -129.9804   114.7683   -18.8207
   23  333  391  -129.9804   114.7676   -18.8208
   24  334  391  -129.9796   114.7654   -18.8213
   25  335  391  -129.9796   114.7645   -18.8215
   26  336  391  -129.9794   114.7635   -18.8217
   27  337  391  -129.9795   114.7628   -18.8218
   28  322  391  -129.9769   114.7706   -18.8203
   29  325  391  -129.9770   114.7683   -18.8208
   30  338  391  -129.9801   114.7631   -18.8218
   31  339  391  -129.9802   114.7624   -18.8219
   32  340  391  -129.9810   114.7630   -18.8217
   33  377  391  -129.9937   114.7547   -18.8229
   34  341  392  -129.9815   114.7629   -18.8213
   35  342  392  -129.9813   114.7619   -18.8215
   36  372  392  -129.9888   114.7505   -18.8236
   37  340  392  -129.9805   114.7620   -18.8216
   38  377  392  -129.9927   114.7530   -18.8229
   39  376  392  -129.9915   114.7517   -18.8232
   40  375  392  -129.9909   114.7515   -18.8233
   41  374  392  -129.9899   114.7507   -18.8235
   42  373  392  -129.9903   114.7521   -18.8232
   43  371  392  -129.9900   114.7532   -18.8230
   44  343  393  -129.9797   114.7582   -18.8220
   45  371  393  -129.9893   114.7519   -18.8228
   46  370  393  -129.9888   114.7520   -18.8229
   47  369  393  -129.9882   114.7518   -18.8229
   48  368  393  -129.9870   114.7505   -18.8233
   49  367  393  -129.9864   114.7502   -18.8234
   50  344  393  -129.9798   114.7575   -18.8222
   51  360  394  -129.9842   114.7520   -18.8227
   52  358  394  -129.9828   114.7513   -18.8229
   53  359  394  -129.9831   114.7510   -18.8230
   54  346  394  -129.9792   114.7549   -18.8224
   55  361  394  -129.9832   114.7497   -18.8232
   56  362  394  -129.9833   114.7491   -18.8234
   57  364  394  -129.9847   114.7497   -18.8232
   58  365  394  -129.9858   114.7508   -18.8228
   59  366  394  -129.9864   114.7510   -18.8228
   60  367  394  -129.9853   114.7483   -18.8234
   61  347  394  -129.9793   114.7542   -18.8225
   62  345  394  -129.9798   114.7566   -18.8220
   63  348  394  -129.9786   114.7523   -18.8229
   64  349  394  -129.9788   114.7517   -18.8230
   65  350  395  -129.9790   114.7512   -18.8227
   66  349  395  -129.9793   114.7526   -18.8224
   67  352  395  -129.9804   114.7520   -18.8225
   68  353  395  -129.9807   114.7517   -18.8225
   69  355  395  -129.9807   114.7502   -18.8228
   70  356  395  -129.9810   114.7499   -18.8229
   71  354  395  -129.9810   114.7515   -18.8225
   72  351  395  -129.9798   114.7518   -18.8226
   73  358  395  -129.9824   114.7507   -18.8226

    1  451  399  -130.0207   114.7405   -18.8210
    2  451  400  -130.0204   114.7399   -18.8208
    3  450  400  -130.0203   114.7406   -18.8206
    4  449  400  -130.0200   114.7408   -18.8206
    5  448  400  -130.0195   114.7408   -18.8205
    6  447  400  -130.0189   114.7406   -18.8206
    7  446  400  -130.0176   114.7393   -18.8210
    8  445  400  -130.0165   114.7382   -18.8213
    9  444  400  -130.0155   114.7374   -18.8215
   10  443  400  -130.0143   114.7361   -18.8219
   11  441  401  -130.0135   114.7362   -18.8215
   12  440  401  -130.0132   114.7366   -18.8215
   13  439  401  -130.0123   114.7359   -18.8217
   14  442  401  -130.0139   114.7362   -18.8215
   15  439  402  -130.0130   114.7370   -18.8210
   16  438  402  -130.0121   114.7363   -18.8212
   17  437  402  -130.0126   114.7379   -18.8208
   18  436  402  -130.0125   114.7385   -18.8207
   19  435  402  -130.0118   114.7382   -18.8208
   20  434  402  -130.0109   114.7375   -18.8210
   21  433  402  -130.0098   114.7365   -18.8213
   22  432  402  -130.0091   114.7361   -18.8214
   23  431  402  -130.0084   114.7357   -18.8215
   24  430  402  -130.0081   114.7359   -18.8215
   25  429  402  -130.0081   114.7368   -18.8213
   26  428  402  -130.0078   114.7370   -18.8213
   27  427  402  -130.0072   114.7368   -18.8214
   28  426  402  -130.0067   114.7369   -18.8214
   29  425  402  -130.0056   114.7358   -18.8217
   30  424  402  -130.0047   114.7351   -18.8219
   31  423  402  -130.0042   114.7350   -18.8219
   32  422  402  -130.0043   114.7360   -18.8217
   33  421  402  -130.0056   114.7389   -18.8210
   34  420  402  -130.0055   114.7396   -18.8208
   35  419  402  -130.0057   114.7407   -18.8206
   36  418  402  -130.0066   114.7431   -18.8200
   37  417  402  -130.0058   114.7425   -18.8202
   38  416  403  -130.0048   114.7415   -18.8201
   39  414  403  -130.0039   114.7417   -18.8201
   40  413  403  -130.0034   114.7417   -18.8201
   41  412  403  -130.0029   114.7416   -18.8201
   42  415  403  -130.0045   114.7419   -18.8200
   43  411  404  -130.0021   114.7410   -18.8199
   44  408  404  -130.0011   114.7418   -18.8198
   45  407  404  -130.0004   114.7414   -18.8199
   46  406  404  -130.0007   114.7426   -18.8196
   47  410  404  -130.0022   114.7419   -18.8197
   48  409  404  -130.0015   114.7415   -18.8198
   49  404  405  -130.0004   114.7437   -18.8190
   50  403  405  -130.0008   114.7451   -18.8186
   51  405  405  -130.0015   114.7447   -18.8187
   52  403  406  -130.0012   114.7458   -18.8180
   53  402  406  -130.0007   114.7458   -18.8181
   54  401  406  -130.0003   114.7458   -18.8181
   55  400  406  -130.0005   114.7470   -18.8178
   56  399  406  -129.9998   114.7466   -18.8179
   57  398  406  -130.0007   114.7489   -18.8174
   58  397  406  -130.0002   114.7489   -18.8174
   59  396  406  -129.9998   114.7491   -18.8174
   60  395  406  -129.9987   114.7481   -18.8177
   61  394  406  -129.9975   114.7467   -18.8180
   62  393  406  -129.9972   114.7471   -18.8180
   63  392  406  -129.9966   114.7468   -18.8181
   64  390  406  -129.9954   114.7465   -18.8182
   65  389  406  -129.9950   114.7466   -18.8182
   66  388  406  -129.9947   114.7469   -18.8182
   67  387  406  -129.9953   114.7486   -18.8177
   68  386  406  -129.9943   114.7478   -18.8180
   69  385  406  -129.9944   114.7487   -18.8178
   70  384  406  -129.9928   114.7468   -18.8183
   71  383  406  -129.9926   114.7472   -18.8182
   72  382  406  -129.9923   114.7477   -18.8181
   73  381  407  -129.9919   114.7476   -18.8177
   74  380  407  -129.9912   114.7474   -18.8178
   75  382  407  -129.9922   114.7473   -18.8178
   76  379  408  -129.9905   114.7469   -18.8175
   77  380  408  -129.9910   114.7470   -18.8175
   78  378  409  -129.9904   114.7474   -18.8170
   79  377  409  -129.9896   114.7468   -18.8172
   80  372  409  -129.9875   114.7474   -18.8171
   81  373  409  -129.9880   114.7475   -18.8171
   82  374  410  -129.9889   114.7481   -18.8165
   83  373  410  -129.9881   114.7475   -18.8167
   84  376  410  -129.9896   114.7477   -18.8165
   85  377  410  -129.9897   114.7471   -18.8167
   86  375  410  -129.9890   114.7475   -18.8166

    1  355  95  -130.1091   114.9830   -18.8971
    2  352  95  -130.1074   114.9825   -18.8973
    3  353  95  -130.1081   114.9828   -18.8972
    4  354  95  -130.1087   114.9831   -18.8971
    5  349  96  -130.1060   114.9827   -18.8968
    6  352  96  -130.1078   114.9831   -18.8967
    7  351  96  -130.1072   114.9831   -18.8967
    8  350  96  -130.1066   114.9828   -18.8968
    9  348  96  -130.1063   114.9840   -18.8966
   10  308  97  -130.0881   114.9864   -18.8964
   11  309  97  -130.0884   114.9861   -18.8964
   12  347  97  -130.1061   114.9844   -18.8960
   13  346  97  -130.1066   114.9862   -18.8956
   14  307  97  -130.0876   114.9864   -18.8964
   15  310  98  -130.0891   114.9865   -18.8959
   16  312  98  -130.0901   114.9865   -18.8958
   17  313  98  -130.0905   114.9863   -18.8959
   18  314  98  -130.0912   114.9867   -18.8958
   19  346  98  -130.1060   114.9851   -18.8955
   20  345  98  -130.1060   114.9859   -18.8953
   21  311  98  -130.0893   114.9860   -18.8960
   22  315  99  -130.0926   114.9881   -18.8950
   23  317  99  -130.0926   114.9865   -18.8953
   24  318  99  -130.0928   114.9859   -18.8954
   25  344  99  -130.1051   114.9852   -18.8950
   26  343  99  -130.1054   114.9865   -18.8948
   27  342  99  -130.1048   114.9864   -18.8948
   28  316  99  -130.0928   114.9876   -18.8951
   29  334 100  -130.1017   114.9877   -18.8942
   30  335 100  -130.1014   114.9864   -18.8945
   31  336 100  -130.1020   114.9865   -18.8945
   32  337 100  -130.1026   114.9867   -18.8944
   33  326 100  -130.0964   114.9853   -18.8950
   34  333 100  -130.1006   114.9867   -18.8945
   35  340 100  -130.1037   114.9860   -18.8945
   36  341 100  -130.1037   114.9853   -18.8946
   37  319 100  -130.0935   114.9863   -18.8949
   38  331 100  -130.0988   114.9852   -18.8949
   39  330 100  -130.0986   114.9857   -18.8948
   40  325 100  -130.0963   114.9860   -18.8948
   41  324 100  -130.0956   114.9857   -18.8949
   42  318 100  -130.0924   114.9853   -18.8951
   43  329 100  -130.0979   114.9855   -18.8948
   44  328 100  -130.0976   114.9857   -18.8948
   45  339 100  -130.1033   114.9863   -18.8945
   46  327 100  -130.0972   114.9859   -18.8948
   47  323 100  -130.0959   114.9870   -18.8947
   48  322 100  -130.0943   114.9851   -18.8951
   49  321 100  -130.0940   114.9855   -18.8950
   50  338 100  -130.1032   114.9869   -18.8943
   51  320 100  -130.0940   114.9863   -18.8949
   52  332 100  -130.1003   114.9870   -18.8944

    1  355  102  -130.1089   114.9822   -18.8942
    2  354  102  -130.1082   114.9819   -18.8943
    3  356  102  -130.1094   114.9822   -18.8941
    4  354  103  -130.1082   114.9818   -18.8938
    5  354  104  -130.1076   114.9808   -18.8936
    6  353  104  -130.1071   114.9808   -18.8937
    7  352  104  -130.1062   114.9800   -18.8939
    8  318  105  -130.0927   114.9855   -18.8929
    9  315  105  -130.0914   114.9859   -18.8929
   10  314  105  -130.0909   114.9858   -18.8929
   11  313  105  -130.0905   114.9859   -18.8929
   12  312  105  -130.0895   114.9851   -18.8931
   13  311  105  -130.0891   114.9853   -18.8931
   14  317  105  -130.0928   114.9866   -18.8927
   15  316  105  -130.0920   114.9861   -18.8928
   16  352  105  -130.1060   114.9797   -18.8935
   17  351  105  -130.1057   114.9801   -18.8934
   18  350  105  -130.1056   114.9806   -18.8933
   19  349  105  -130.1052   114.9808   -18.8933
   20  348  105  -130.1051   114.9816   -18.8932
   21  347  105  -130.1046   114.9816   -18.8932
   22  346  105  -130.1039   114.9812   -18.8933
   23  345  105  -130.1035   114.9813   -18.8933
   24  344  105  -130.1030   114.9814   -18.8933
   25  310  105  -130.0884   114.9849   -18.8932
   26  318  106  -130.0918   114.9840   -18.8929
   27  319  106  -130.0924   114.9841   -18.8928
   28  341  106  -130.1021   114.9822   -18.8927
   29  340  106  -130.1020   114.9828   -18.8926
   30  339  106  -130.1016   114.9830   -18.8926
   31  320  106  -130.0917   114.9820   -18.8932
   32  335  107  -130.0980   114.9802   -18.8929
   33  334  107  -130.0986   114.9821   -18.8925
   34  333  107  -130.0981   114.9820   -18.8926
   35  332  107  -130.0973   114.9815   -18.8927
   36  337  107  -130.0997   114.9815   -18.8926
   37  336  107  -130.0991   114.9813   -18.8926
   38  331  107  -130.0967   114.9813   -18.8928
   39  320  107  -130.0916   114.9818   -18.8929
   40  321  107  -130.0909   114.9799   -18.8933
   41  322  107  -130.0909   114.9790   -18.8934
   42  323  107  -130.0915   114.9792   -18.8934
   43  324  107  -130.0921   114.9793   -18.8933
   44  325  108  -130.0927   114.9795   -18.8928
   45  326  108  -130.0933   114.9797   -18.8928
   46  327  108  -130.0938   114.9797   -18.8928
   47  329  108  -130.0949   114.9799   -18.8927
   48  330  108  -130.0957   114.9804   -18.8925
   49  328  108  -130.0945   114.9801   -18.8927
   50  324  108  -130.0922   114.9794   -18.8929
   51  331  108  -130.0964   114.9808   -18.8924
