; ENVI Output of ROIs (5.4) [Tue Aug 13 19:22:42 2019]
; Number of ROIs: 10
; File Dimension: 1328 x 1184
;
; ROI name: Region #1
; ROI rgb value: {255, 0, 0}
; ROI npts: 269
;
; ROI name: Region #2
; ROI rgb value: {0, 255, 0}
; ROI npts: 115
;
; ROI name: Region #3
; ROI rgb value: {0, 0, 255}
; ROI npts: 150
;
; ROI name: Region #4
; ROI rgb value: {255, 255, 0}
; ROI npts: 52
;
; ROI name: Region #5
; ROI rgb value: {0, 255, 255}
; ROI npts: 73
;
; ROI name: Region #6
; ROI rgb value: {255, 0, 255}
; ROI npts: 65
;
; ROI name: Region #7
; ROI rgb value: {176, 48, 96}
; ROI npts: 89
;
; ROI name: Region #8
; ROI rgb value: {46, 139, 87}
; ROI npts: 158
;
; ROI name: Region #9
; ROI rgb value: {160, 32, 240}
; ROI npts: 56
;
; ROI name: Region #10
; ROI rgb value: {255, 127, 80}
; ROI npts: 75
;   ID     X    Y      B1      B2      B3
     1  1097  465  0.0013  0.0337  0.0032
     2  1098  465  0.0013  0.0336  0.0032
     3  1096  466  0.0013  0.0336  0.0032
     4  1095  466  0.0013  0.0336  0.0032
     5  1094  466  0.0013  0.0336  0.0032
     6  1093  466  0.0013  0.0337  0.0032
     7  1091  467  0.0013  0.0337  0.0032
     8  1090  467  0.0013  0.0337  0.0032
     9  1092  467  0.0013  0.0337  0.0032
    10  1089  468  0.0013  0.0337  0.0032
    11  1088  468  0.0013  0.0336  0.0032
    12  1087  468  0.0013  0.0337  0.0032
    13  1085  469  0.0013  0.0337  0.0032
    14  1084  469  0.0013  0.0336  0.0032
    15  1083  469  0.0013  0.0336  0.0032
    16  1086  469  0.0013  0.0336  0.0032
    17  1081  470  0.0013  0.0337  0.0032
    18  1080  470  0.0013  0.0337  0.0032
    19  1082  470  0.0013  0.0337  0.0032
    20  1079  471  0.0013  0.0337  0.0032
    21  1078  471  0.0013  0.0337  0.0032
    22  1077  471  0.0013  0.0337  0.0032
    23  1076  471  0.0013  0.0337  0.0032
    24  1074  472  0.0013  0.0337  0.0032
    25  1073  472  0.0013  0.0337  0.0032
    26  1072  472  0.0012  0.0337  0.0032
    27  1071  472  0.0012  0.0337  0.0032
    28  1070  472  0.0012  0.0337  0.0032
    29  1075  472  0.0013  0.0337  0.0032
    30  1069  473  0.0012  0.0337  0.0032
    31  1068  473  0.0012  0.0337  0.0032
    32  1067  473  0.0012  0.0337  0.0032
    33  1066  473  0.0012  0.0337  0.0032
    34  1065  473  0.0012  0.0337  0.0032
    35  1064  473  0.0012  0.0337  0.0032
    36  1063  473  0.0012  0.0337  0.0032
    37  1062  473  0.0012  0.0337  0.0032
    38  1060  474  0.0012  0.0337  0.0032
    39  1059  474  0.0012  0.0337  0.0032
    40  1058  474  0.0012  0.0337  0.0032
    41  1057  474  0.0012  0.0337  0.0032
    42  1056  474  0.0012  0.0336  0.0032
    43  1055  474  0.0012  0.0337  0.0032
    44  1054  474  0.0012  0.0336  0.0032
    45  1061  474  0.0012  0.0337  0.0032
    46  1053  475  0.0012  0.0336  0.0032
    47  1052  475  0.0012  0.0336  0.0032
    48  1051  475  0.0012  0.0336  0.0032
    49  1032  475  0.0011  0.0337  0.0032
    50  1033  475  0.0011  0.0337  0.0032
    51  1034  475  0.0012  0.0337  0.0032
    52  1035  475  0.0012  0.0337  0.0032
    53  1036  475  0.0012  0.0337  0.0032
    54  1037  475  0.0012  0.0337  0.0032
    55  1038  475  0.0012  0.0337  0.0032
    56  1039  475  0.0012  0.0337  0.0032
    57  1040  475  0.0012  0.0337  0.0032
    58  1041  475  0.0012  0.0336  0.0032
    59  1042  475  0.0012  0.0336  0.0032
    60  1043  475  0.0012  0.0336  0.0032
    61  1044  475  0.0012  0.0336  0.0032
    62  1045  475  0.0012  0.0336  0.0032
    63  1046  475  0.0012  0.0336  0.0032
    64  1047  475  0.0012  0.0336  0.0032
    65  1048  475  0.0012  0.0336  0.0032
    66  1049  475  0.0012  0.0336  0.0032
    67  1050  475  0.0012  0.0336  0.0032
    68  1031  476  0.0011  0.0337  0.0032
    69  1030  476  0.0011  0.0337  0.0032
    70  1029  476  0.0011  0.0337  0.0032
    71  1028  476  0.0011  0.0337  0.0032
    72  1027  476  0.0011  0.0337  0.0032
    73  1026  476  0.0011  0.0337  0.0032
    74  1025  476  0.0011  0.0337  0.0032
    75  1024  476  0.0011  0.0337  0.0032
    76  1023  476  0.0011  0.0337  0.0032
    77  1022  476  0.0011  0.0337  0.0032
    78  1021  476  0.0011  0.0337  0.0032
    79  1020  476  0.0011  0.0337  0.0032
    80  1019  476  0.0011  0.0337  0.0032
    81  1018  476  0.0011  0.0337  0.0032
    82  1017  476  0.0011  0.0337  0.0032
    83  1016  476  0.0011  0.0337  0.0032
    84  1015  476  0.0011  0.0337  0.0032
    85  1014  476  0.0011  0.0337  0.0032
    86  1013  476  0.0011  0.0337  0.0032
    87  1012  476  0.0011  0.0337  0.0032
    88  1011  476  0.0011  0.0337  0.0032
    89  1010  477  0.0011  0.0338  0.0032
    90  1009  477  0.0011  0.0338  0.0032
    91  1008  477  0.0011  0.0338  0.0032
    92  1007  477  0.0011  0.0338  0.0032
    93  1005  478  0.0011  0.0337  0.0032
    94  1004  478  0.0011  0.0337  0.0032
    95  1003  478  0.0011  0.0337  0.0032
    96  1006  478  0.0011  0.0337  0.0032
    97  1001  479  0.0011  0.0337  0.0032
    98  1000  479  0.0011  0.0337  0.0032
    99   999  479  0.0011  0.0337  0.0032
   100  1002  479  0.0011  0.0337  0.0032
   101   998  480  0.0011  0.0337  0.0032
   102   997  480  0.0011  0.0338  0.0032
   103   996  480  0.0011  0.0338  0.0032
   104   995  480  0.0011  0.0337  0.0032
   105   993  481  0.0010  0.0337  0.0032
   106   992  481  0.0010  0.0337  0.0032
   107   991  481  0.0010  0.0337  0.0032
   108   994  481  0.0010  0.0337  0.0032
   109   990  482  0.0010  0.0337  0.0032
   110   989  482  0.0010  0.0337  0.0032
   111   988  482  0.0010  0.0337  0.0032
   112   987  482  0.0010  0.0337  0.0032
   113   985  483  0.0010  0.0337  0.0032
   114   984  483  0.0010  0.0338  0.0032
   115   986  483  0.0010  0.0337  0.0032

     1  1133  463  0.0014  0.0337  0.0032
     2  1132  463  0.0014  0.0337  0.0032
     3  1131  463  0.0014  0.0337  0.0032
     4  1134  463  0.0014  0.0338  0.0032
     5  1130  464  0.0014  0.0337  0.0032
     6  1129  464  0.0014  0.0337  0.0032
     7  1128  464  0.0014  0.0337  0.0032
     8  1127  464  0.0014  0.0337  0.0032
     9  1126  464  0.0014  0.0337  0.0032
    10  1125  464  0.0014  0.0337  0.0032
    11  1124  465  0.0014  0.0337  0.0032
    12  1123  465  0.0014  0.0337  0.0032
    13  1122  465  0.0014  0.0337  0.0032
    14  1121  465  0.0014  0.0337  0.0032
    15  1120  465  0.0014  0.0337  0.0032
    16  1119  465  0.0014  0.0337  0.0032
    17  1118  465  0.0014  0.0338  0.0032
    18  1116  466  0.0014  0.0337  0.0032
    19  1115  466  0.0014  0.0337  0.0032
    20  1114  466  0.0014  0.0337  0.0032
    21  1113  466  0.0013  0.0337  0.0032
    22  1117  466  0.0014  0.0337  0.0032
    23  1112  467  0.0013  0.0336  0.0032
    24  1111  467  0.0013  0.0337  0.0032
    25  1110  467  0.0013  0.0336  0.0032
    26  1109  467  0.0013  0.0337  0.0032
    27  1107  468  0.0013  0.0336  0.0032
    28  1106  468  0.0013  0.0336  0.0032
    29  1105  468  0.0013  0.0336  0.0032
    30  1108  468  0.0013  0.0336  0.0032
    31  1104  469  0.0013  0.0336  0.0032
    32  1103  469  0.0013  0.0336  0.0032
    33  1102  469  0.0013  0.0336  0.0032
    34  1101  469  0.0013  0.0336  0.0032
    35  1100  469  0.0013  0.0336  0.0032
    36  1098  470  0.0013  0.0336  0.0032
    37  1097  470  0.0013  0.0336  0.0032
    38  1096  470  0.0013  0.0336  0.0032
    39  1099  470  0.0013  0.0336  0.0032
    40  1094  471  0.0013  0.0336  0.0032
    41  1093  471  0.0013  0.0336  0.0032
    42  1092  471  0.0013  0.0337  0.0032
    43  1095  471  0.0013  0.0336  0.0032
    44  1091  472  0.0013  0.0337  0.0032
    45  1090  472  0.0013  0.0337  0.0032
    46  1089  472  0.0013  0.0337  0.0032
    47  1088  472  0.0013  0.0337  0.0032
    48  1086  473  0.0013  0.0336  0.0032
    49  1085  473  0.0013  0.0336  0.0032
    50  1084  473  0.0013  0.0336  0.0032
    51  1087  473  0.0013  0.0336  0.0032
    52  1083  474  0.0013  0.0336  0.0032
    53  1082  474  0.0013  0.0337  0.0032
    54  1081  474  0.0013  0.0337  0.0032
    55  1080  474  0.0013  0.0337  0.0032
    56  1078  475  0.0013  0.0337  0.0032
    57  1077  475  0.0013  0.0337  0.0032
    58  1076  475  0.0013  0.0337  0.0032
    59  1075  475  0.0013  0.0337  0.0032
    60  1074  475  0.0013  0.0337  0.0032
    61  1079  475  0.0013  0.0337  0.0032
    62  1073  476  0.0013  0.0337  0.0032
    63  1072  476  0.0012  0.0337  0.0032
    64  1071  476  0.0012  0.0337  0.0032
    65  1070  476  0.0012  0.0337  0.0032
    66  1069  476  0.0012  0.0337  0.0032
    67  1068  476  0.0012  0.0337  0.0032
    68  1067  476  0.0012  0.0337  0.0032
    69  1066  476  0.0012  0.0337  0.0032
    70  1065  477  0.0012  0.0336  0.0032
    71  1064  477  0.0012  0.0336  0.0032
    72  1063  477  0.0012  0.0336  0.0032
    73  1062  477  0.0012  0.0336  0.0032
    74  1061  477  0.0012  0.0336  0.0032
    75  1059  477  0.0012  0.0336  0.0032
    76  1060  477  0.0012  0.0336  0.0032
    77  1057  478  0.0012  0.0335  0.0032
    78  1056  478  0.0012  0.0336  0.0032
    79  1055  478  0.0012  0.0335  0.0032
    80  1054  478  0.0012  0.0335  0.0032
    81  1053  478  0.0012  0.0335  0.0032
    82  1052  478  0.0012  0.0335  0.0032
    83  1051  478  0.0012  0.0336  0.0032
    84  1058  478  0.0012  0.0336  0.0032
    85  1050  479  0.0012  0.0335  0.0032
    86  1049  479  0.0012  0.0335  0.0032
    87  1048  479  0.0012  0.0335  0.0032
    88  1047  479  0.0012  0.0335  0.0032
    89  1046  479  0.0012  0.0335  0.0032
    90  1045  479  0.0012  0.0335  0.0032
    91  1044  479  0.0012  0.0335  0.0032
    92  1043  479  0.0012  0.0336  0.0032
    93  1042  479  0.0012  0.0336  0.0032
    94  1041  479  0.0012  0.0336  0.0032
    95  1040  479  0.0012  0.0336  0.0032
    96  1039  479  0.0012  0.0336  0.0032
    97  1038  479  0.0012  0.0337  0.0032
    98  1037  479  0.0012  0.0337  0.0032
    99  1036  479  0.0012  0.0337  0.0032
   100  1035  479  0.0011  0.0336  0.0032
   101  1034  479  0.0012  0.0337  0.0032
   102  1033  479  0.0011  0.0337  0.0032
   103  1032  479  0.0011  0.0337  0.0032
   104  1031  479  0.0011  0.0337  0.0032
   105  1030  480  0.0011  0.0337  0.0032
   106  1029  480  0.0011  0.0336  0.0032
   107  1028  480  0.0011  0.0336  0.0032
   108  1027  480  0.0011  0.0336  0.0032
   109  1026  480  0.0011  0.0336  0.0032
   110  1025  480  0.0011  0.0336  0.0032
   111  1024  480  0.0011  0.0337  0.0032
   112  1023  480  0.0011  0.0336  0.0032
   113  1022  480  0.0011  0.0336  0.0032
   114  1021  480  0.0011  0.0336  0.0032
   115  1020  480  0.0011  0.0336  0.0032
   116  1019  480  0.0011  0.0336  0.0032
   117  1018  480  0.0011  0.0336  0.0032
   118  1017  480  0.0011  0.0336  0.0032
   119  1016  480  0.0011  0.0337  0.0032
   120  1015  480  0.0011  0.0337  0.0032
   121  1014  480  0.0011  0.0337  0.0032
   122  1013  480  0.0011  0.0336  0.0032
   123  1012  480  0.0011  0.0337  0.0032
   124  1010  481  0.0011  0.0337  0.0032
   125  1009  481  0.0011  0.0337  0.0032
   126  1008  481  0.0011  0.0337  0.0032
   127  1007  481  0.0011  0.0337  0.0032
   128  1011  481  0.0011  0.0337  0.0032
   129  1006  482  0.0011  0.0337  0.0032
   130  1005  482  0.0011  0.0337  0.0032
   131  1004  482  0.0011  0.0337  0.0032
   132  1003  482  0.0011  0.0337  0.0032
   133  1002  482  0.0011  0.0338  0.0032
   134  1001  483  0.0011  0.0337  0.0032
   135  1000  483  0.0011  0.0337  0.0032
   136   999  483  0.0011  0.0337  0.0032
   137   998  483  0.0011  0.0337  0.0032
   138   996  484  0.0011  0.0337  0.0032
   139   995  484  0.0011  0.0337  0.0032
   140   994  484  0.0011  0.0337  0.0032
   141   993  484  0.0010  0.0337  0.0032
   142   997  484  0.0011  0.0337  0.0032
   143   992  485  0.0010  0.0336  0.0032
   144   991  485  0.0010  0.0336  0.0032
   145   990  485  0.0010  0.0337  0.0032
   146   989  485  0.0010  0.0337  0.0032
   147   988  485  0.0010  0.0337  0.0032
   148   986  486  0.0010  0.0337  0.0032
   149   985  486  0.0010  0.0337  0.0032
   150   987  486  0.0010  0.0337  0.0032

    1  1112  473  0.0013  0.0336  0.0032
    2  1111  473  0.0013  0.0336  0.0032
    3  1113  473  0.0013  0.0336  0.0032
    4  1110  474  0.0013  0.0336  0.0032
    5  1109  474  0.0013  0.0336  0.0032
    6  1108  474  0.0013  0.0336  0.0032
    7  1107  474  0.0013  0.0336  0.0032
    8  1105  475  0.0013  0.0336  0.0032
    9  1104  475  0.0013  0.0336  0.0032
   10  1103  475  0.0013  0.0336  0.0032
   11  1106  475  0.0013  0.0335  0.0032
   12  1102  476  0.0013  0.0336  0.0032
   13  1101  476  0.0013  0.0336  0.0032
   14  1100  476  0.0013  0.0336  0.0032
   15  1099  476  0.0013  0.0336  0.0032
   16  1098  476  0.0013  0.0336  0.0032
   17  1097  476  0.0013  0.0336  0.0032
   18  1095  477  0.0013  0.0336  0.0032
   19  1094  477  0.0013  0.0336  0.0032
   20  1093  477  0.0013  0.0336  0.0032
   21  1092  477  0.0013  0.0336  0.0032
   22  1091  477  0.0013  0.0336  0.0032
   23  1096  477  0.0013  0.0335  0.0032
   24  1085  478  0.0013  0.0335  0.0032
   25  1086  478  0.0013  0.0335  0.0032
   26  1087  478  0.0013  0.0335  0.0032
   27  1088  478  0.0013  0.0336  0.0032
   28  1089  478  0.0013  0.0336  0.0032
   29  1090  478  0.0013  0.0336  0.0032
   30  1083  479  0.0013  0.0335  0.0032
   31  1082  479  0.0013  0.0335  0.0032
   32  1081  479  0.0013  0.0336  0.0032
   33  1080  479  0.0013  0.0335  0.0032
   34  1079  479  0.0013  0.0335  0.0032
   35  1078  479  0.0013  0.0335  0.0032
   36  1084  479  0.0013  0.0335  0.0032
   37  1077  480  0.0013  0.0335  0.0032
   38  1076  480  0.0012  0.0335  0.0032
   39  1075  480  0.0012  0.0335  0.0032
   40  1074  480  0.0012  0.0335  0.0032
   41  1073  480  0.0012  0.0335  0.0032
   42  1072  480  0.0012  0.0336  0.0032
   43  1071  481  0.0012  0.0335  0.0032
   44  1070  481  0.0012  0.0336  0.0032
   45  1069  481  0.0012  0.0335  0.0032
   46  1068  481  0.0012  0.0335  0.0032
   47  1067  481  0.0012  0.0336  0.0032
   48  1066  481  0.0012  0.0336  0.0032
   49  1064  482  0.0012  0.0336  0.0032
   50  1063  482  0.0012  0.0336  0.0032
   51  1062  482  0.0012  0.0336  0.0032
   52  1065  482  0.0012  0.0336  0.0032

    1  524  504  0.0003  0.0332  0.0031
    2  525  504  0.0003  0.0332  0.0031
    3  522  505  0.0003  0.0332  0.0031
    4  521  505  0.0003  0.0332  0.0031
    5  523  505  0.0003  0.0332  0.0031
    6  520  506  0.0003  0.0332  0.0031
    7  519  506  0.0003  0.0332  0.0031
    8  518  506  0.0003  0.0332  0.0031
    9  516  507  0.0003  0.0331  0.0031
   10  515  507  0.0003  0.0331  0.0031
   11  514  507  0.0003  0.0331  0.0031
   12  513  507  0.0003  0.0331  0.0031
   13  512  507  0.0003  0.0331  0.0031
   14  511  507  0.0003  0.0331  0.0031
   15  517  507  0.0003  0.0331  0.0031
   16  510  508  0.0003  0.0331  0.0031
   17  509  508  0.0003  0.0331  0.0031
   18  508  508  0.0004  0.0331  0.0031
   19  507  508  0.0003  0.0331  0.0031
   20  506  508  0.0003  0.0331  0.0031
   21  505  508  0.0004  0.0331  0.0031
   22  504  508  0.0004  0.0331  0.0031
   23  503  508  0.0004  0.0331  0.0031
   24  502  508  0.0004  0.0331  0.0031
   25  501  508  0.0004  0.0331  0.0031
   26  500  508  0.0004  0.0331  0.0031
   27  499  508  0.0004  0.0331  0.0031
   28  498  509  0.0004  0.0331  0.0031
   29  497  509  0.0004  0.0331  0.0031
   30  496  509  0.0004  0.0331  0.0031
   31  495  509  0.0004  0.0332  0.0031
   32  494  509  0.0004  0.0332  0.0031
   33  492  509  0.0004  0.0332  0.0031
   34  491  509  0.0004  0.0332  0.0031
   35  493  509  0.0004  0.0332  0.0031
   36  489  510  0.0004  0.0332  0.0031
   37  490  510  0.0004  0.0332  0.0031
   38  486  510  0.0004  0.0332  0.0031
   39  485  510  0.0004  0.0332  0.0031
   40  487  510  0.0004  0.0332  0.0031
   41  488  510  0.0004  0.0332  0.0031
   42  484  511  0.0004  0.0332  0.0031
   43  483  511  0.0004  0.0332  0.0031
   44  482  511  0.0004  0.0332  0.0031
   45  481  511  0.0004  0.0332  0.0031
   46  480  511  0.0004  0.0332  0.0031
   47  479  511  0.0004  0.0332  0.0031
   48  477  512  0.0004  0.0332  0.0031
   49  476  512  0.0004  0.0332  0.0031
   50  475  512  0.0004  0.0332  0.0031
   51  474  512  0.0004  0.0332  0.0031
   52  478  512  0.0004  0.0332  0.0031
   53  473  513  0.0004  0.0331  0.0031
   54  472  513  0.0004  0.0332  0.0031
   55  471  513  0.0004  0.0332  0.0031
   56  470  513  0.0004  0.0332  0.0031
   57  469  513  0.0004  0.0332  0.0031
   58  468  513  0.0004  0.0332  0.0031
   59  466  514  0.0004  0.0332  0.0031
   60  465  514  0.0004  0.0332  0.0031
   61  464  514  0.0004  0.0332  0.0031
   62  463  514  0.0004  0.0332  0.0031
   63  462  514  0.0004  0.0332  0.0031
   64  467  514  0.0004  0.0332  0.0031
   65  461  515  0.0005  0.0332  0.0031
   66  460  515  0.0004  0.0332  0.0031
   67  459  515  0.0004  0.0332  0.0031
   68  458  515  0.0004  0.0331  0.0031
   69  457  515  0.0005  0.0331  0.0031
   70  456  515  0.0005  0.0331  0.0031
   71  454  516  0.0005  0.0331  0.0031
   72  453  516  0.0005  0.0331  0.0031
   73  455  516  0.0005  0.0331  0.0031

    1  510  497  0.0003  0.0332  0.0031
    2  509  497  0.0003  0.0332  0.0031
    3  508  497  0.0003  0.0332  0.0031
    4  507  497  0.0004  0.0332  0.0031
    5  506  497  0.0004  0.0332  0.0031
    6  505  497  0.0003  0.0332  0.0031
    7  504  497  0.0004  0.0332  0.0031
    8  503  497  0.0004  0.0332  0.0031
    9  502  497  0.0004  0.0331  0.0031
   10  501  498  0.0004  0.0332  0.0031
   11  500  498  0.0004  0.0331  0.0031
   12  499  498  0.0004  0.0331  0.0031
   13  498  498  0.0004  0.0332  0.0031
   14  497  498  0.0004  0.0332  0.0031
   15  496  498  0.0004  0.0332  0.0031
   16  495  498  0.0004  0.0332  0.0031
   17  494  498  0.0004  0.0332  0.0031
   18  493  498  0.0004  0.0332  0.0031
   19  492  498  0.0004  0.0332  0.0031
   20  491  498  0.0004  0.0332  0.0031
   21  490  498  0.0004  0.0332  0.0031
   22  488  499  0.0004  0.0332  0.0031
   23  487  499  0.0004  0.0333  0.0031
   24  486  499  0.0004  0.0332  0.0031
   25  485  499  0.0004  0.0332  0.0031
   26  489  499  0.0004  0.0333  0.0031
   27  484  500  0.0004  0.0333  0.0031
   28  483  500  0.0004  0.0333  0.0031
   29  482  500  0.0004  0.0332  0.0031
   30  480  501  0.0004  0.0333  0.0031
   31  479  501  0.0004  0.0333  0.0031
   32  481  501  0.0004  0.0333  0.0031
   33  478  502  0.0004  0.0333  0.0031
   34  477  502  0.0004  0.0334  0.0031
   35  476  502  0.0004  0.0333  0.0031
   36  474  503  0.0004  0.0333  0.0031
   37  473  503  0.0004  0.0333  0.0031
   38  472  503  0.0004  0.0333  0.0031
   39  471  503  0.0004  0.0333  0.0031
   40  470  503  0.0004  0.0333  0.0031
   41  469  503  0.0004  0.0333  0.0031
   42  468  503  0.0004  0.0333  0.0031
   43  475  503  0.0004  0.0333  0.0031
   44  467  504  0.0004  0.0333  0.0031
   45  466  504  0.0004  0.0333  0.0031
   46  465  504  0.0004  0.0333  0.0031
   47  464  504  0.0004  0.0333  0.0031
   48  463  504  0.0004  0.0333  0.0031
   49  462  504  0.0005  0.0333  0.0031
   50  461  504  0.0004  0.0333  0.0031
   51  460  504  0.0004  0.0333  0.0031
   52  459  504  0.0004  0.0332  0.0031
   53  458  504  0.0005  0.0332  0.0031
   54  457  504  0.0005  0.0332  0.0031
   55  456  504  0.0005  0.0332  0.0031
   56  455  504  0.0005  0.0333  0.0031
   57  454  504  0.0005  0.0332  0.0031
   58  452  505  0.0005  0.0333  0.0031
   59  451  505  0.0005  0.0333  0.0031
   60  450  505  0.0005  0.0333  0.0031
   61  449  505  0.0005  0.0332  0.0031
   62  448  505  0.0005  0.0332  0.0031
   63  447  505  0.0005  0.0332  0.0031
   64  446  505  0.0005  0.0332  0.0031
   65  453  505  0.0005  0.0333  0.0031

    1  93  383  0.0013  0.0354  0.0029
    2  92  383  0.0013  0.0354  0.0029
    3  91  383  0.0013  0.0354  0.0029
    4  90  383  0.0013  0.0354  0.0029
    5  89  383  0.0013  0.0354  0.0029
    6  94  383  0.0013  0.0353  0.0029
    7  88  384  0.0013  0.0353  0.0029
    8  87  384  0.0013  0.0353  0.0029
    9  86  384  0.0013  0.0353  0.0029
   10  85  384  0.0013  0.0353  0.0029
   11  84  384  0.0013  0.0353  0.0029
   12  83  384  0.0013  0.0353  0.0029
   13  82  384  0.0013  0.0353  0.0029
   14  81  384  0.0013  0.0353  0.0029
   15  80  384  0.0013  0.0352  0.0029
   16  79  384  0.0013  0.0353  0.0029
   17  78  384  0.0013  0.0352  0.0029
   18  77  384  0.0013  0.0351  0.0029
   19  76  385  0.0013  0.0350  0.0029
   20  75  385  0.0013  0.0350  0.0029
   21  74  385  0.0013  0.0349  0.0029
   22  73  385  0.0013  0.0350  0.0029
   23  72  385  0.0013  0.0351  0.0029
   24  71  385  0.0013  0.0350  0.0029
   25  70  385  0.0014  0.0353  0.0029
   26  69  385  0.0014  0.0352  0.0029
   27  68  385  0.0014  0.0351  0.0029
   28  67  385  0.0014  0.0351  0.0029
   29  66  385  0.0014  0.0350  0.0029
   30  65  386  0.0014  0.0350  0.0029
   31  64  386  0.0014  0.0350  0.0029
   32  63  386  0.0014  0.0350  0.0029
   33  62  386  0.0014  0.0350  0.0029
   34  61  386  0.0014  0.0351  0.0029
   35  60  386  0.0014  0.0351  0.0029
   36  59  386  0.0014  0.0350  0.0029
   37  58  386  0.0014  0.0350  0.0029
   38  56  386  0.0014  0.0350  0.0029
   39  55  386  0.0014  0.0350  0.0029
   40  54  386  0.0014  0.0350  0.0029
   41  57  386  0.0014  0.0350  0.0029
   42  47  387  0.0014  0.0350  0.0029
   43  48  387  0.0014  0.0350  0.0029
   44  49  387  0.0014  0.0350  0.0029
   45  50  387  0.0014  0.0350  0.0029
   46  51  387  0.0014  0.0350  0.0029
   47  52  387  0.0014  0.0350  0.0029
   48  53  387  0.0014  0.0350  0.0029
   49  45  387  0.0014  0.0351  0.0029
   50  44  387  0.0014  0.0351  0.0029
   51  43  387  0.0014  0.0351  0.0029
   52  46  387  0.0014  0.0351  0.0029
   53  42  388  0.0014  0.0351  0.0029
   54  41  388  0.0014  0.0351  0.0029
   55  40  388  0.0014  0.0351  0.0029
   56  39  388  0.0014  0.0351  0.0029
   57  38  388  0.0014  0.0351  0.0029
   58  37  388  0.0014  0.0352  0.0029
   59  36  388  0.0014  0.0352  0.0029
   60  35  388  0.0014  0.0352  0.0029
   61  34  388  0.0014  0.0352  0.0029
   62  33  388  0.0014  0.0352  0.0029
   63  32  389  0.0014  0.0352  0.0029
   64  31  389  0.0014  0.0352  0.0029
   65  30  389  0.0014  0.0352  0.0029
   66  29  389  0.0015  0.0352  0.0029
   67  28  389  0.0015  0.0352  0.0029
   68  27  389  0.0015  0.0352  0.0029
   69  26  389  0.0015  0.0352  0.0029
   70  25  389  0.0015  0.0351  0.0029
   71  24  389  0.0015  0.0351  0.0029
   72  23  389  0.0015  0.0351  0.0029
   73  22  389  0.0015  0.0351  0.0029
   74  21  390  0.0015  0.0350  0.0029
   75  20  390  0.0015  0.0350  0.0029

     1  267  355  0.0009  0.0354  0.0029
     2  266  355  0.0009  0.0354  0.0029
     3  268  355  0.0009  0.0354  0.0029
     4  264  356  0.0009  0.0354  0.0029
     5  263  356  0.0009  0.0353  0.0029
     6  262  356  0.0009  0.0353  0.0029
     7  261  356  0.0009  0.0353  0.0029
     8  265  356  0.0009  0.0354  0.0029
     9  260  357  0.0009  0.0353  0.0029
    10  259  357  0.0009  0.0353  0.0029
    11  258  357  0.0009  0.0353  0.0029
    12  257  357  0.0009  0.0353  0.0029
    13  255  358  0.0009  0.0353  0.0029
    14  254  358  0.0009  0.0353  0.0029
    15  253  358  0.0009  0.0353  0.0029
    16  252  358  0.0009  0.0354  0.0029
    17  256  358  0.0009  0.0353  0.0029
    18  251  359  0.0009  0.0353  0.0029
    19  250  359  0.0009  0.0353  0.0029
    20  249  359  0.0009  0.0355  0.0029
    21  248  359  0.0009  0.0355  0.0029
    22  247  359  0.0009  0.0355  0.0029
    23  245  360  0.0009  0.0355  0.0029
    24  244  360  0.0009  0.0355  0.0029
    25  243  360  0.0009  0.0356  0.0029
    26  246  360  0.0009  0.0355  0.0029
    27  242  361  0.0009  0.0356  0.0029
    28  241  361  0.0009  0.0355  0.0029
    29  240  361  0.0009  0.0357  0.0029
    30  239  361  0.0009  0.0356  0.0029
    31  238  361  0.0009  0.0357  0.0029
    32  236  362  0.0010  0.0357  0.0029
    33  235  362  0.0010  0.0356  0.0029
    34  234  362  0.0010  0.0356  0.0029
    35  233  362  0.0010  0.0356  0.0029
    36  237  362  0.0009  0.0357  0.0029
    37  232  363  0.0009  0.0355  0.0029
    38  231  363  0.0009  0.0354  0.0029
    39  230  363  0.0010  0.0354  0.0029
    40  229  363  0.0010  0.0354  0.0029
    41  227  364  0.0010  0.0354  0.0029
    42  226  364  0.0010  0.0354  0.0029
    43  225  364  0.0010  0.0354  0.0029
    44  224  364  0.0010  0.0353  0.0029
    45  223  364  0.0010  0.0354  0.0029
    46  228  364  0.0010  0.0354  0.0029
    47  222  365  0.0010  0.0353  0.0029
    48  221  365  0.0010  0.0353  0.0029
    49  220  365  0.0010  0.0354  0.0029
    50  219  365  0.0010  0.0354  0.0029
    51  218  365  0.0010  0.0353  0.0029
    52  217  365  0.0010  0.0353  0.0029
    53  216  366  0.0010  0.0353  0.0029
    54  215  366  0.0010  0.0353  0.0029
    55  214  366  0.0010  0.0353  0.0029
    56  213  366  0.0010  0.0353  0.0029
    57  212  366  0.0010  0.0353  0.0029
    58  211  366  0.0010  0.0353  0.0029
    59  210  366  0.0010  0.0354  0.0029
    60  209  367  0.0010  0.0353  0.0029
    61  208  367  0.0010  0.0353  0.0029
    62  207  367  0.0010  0.0354  0.0029
    63  206  367  0.0010  0.0354  0.0029
    64  205  367  0.0010  0.0354  0.0029
    65  204  367  0.0010  0.0354  0.0029
    66  203  367  0.0010  0.0354  0.0029
    67  201  368  0.0010  0.0354  0.0029
    68  200  368  0.0010  0.0354  0.0029
    69  199  368  0.0010  0.0354  0.0029
    70  198  368  0.0010  0.0353  0.0029
    71  197  368  0.0010  0.0353  0.0029
    72  202  368  0.0010  0.0354  0.0029
    73  196  369  0.0010  0.0353  0.0029
    74  195  369  0.0010  0.0353  0.0029
    75  194  369  0.0010  0.0353  0.0029
    76  193  369  0.0010  0.0353  0.0029
    77  192  369  0.0010  0.0352  0.0029
    78  191  369  0.0010  0.0352  0.0029
    79  190  369  0.0010  0.0352  0.0029
    80  189  370  0.0010  0.0352  0.0029
    81  188  370  0.0010  0.0351  0.0029
    82  187  370  0.0010  0.0351  0.0029
    83  186  370  0.0011  0.0351  0.0029
    84  185  370  0.0011  0.0352  0.0029
    85  184  370  0.0011  0.0352  0.0029
    86  183  370  0.0011  0.0351  0.0029
    87  181  371  0.0011  0.0351  0.0029
    88  180  371  0.0011  0.0351  0.0029
    89  179  371  0.0011  0.0351  0.0029
    90  178  371  0.0011  0.0351  0.0029
    91  177  371  0.0011  0.0351  0.0029
    92  182  371  0.0011  0.0351  0.0029
    93  176  372  0.0011  0.0351  0.0029
    94  175  372  0.0011  0.0351  0.0029
    95  174  372  0.0011  0.0351  0.0029
    96  173  372  0.0011  0.0352  0.0029
    97  172  372  0.0011  0.0352  0.0029
    98  171  372  0.0011  0.0352  0.0029
    99  170  372  0.0011  0.0352  0.0029
   100  168  373  0.0011  0.0353  0.0029
   101  167  373  0.0011  0.0353  0.0029
   102  166  373  0.0011  0.0353  0.0029
   103  165  373  0.0011  0.0353  0.0029
   104  164  373  0.0011  0.0353  0.0029
   105  163  373  0.0011  0.0353  0.0029
   106  169  373  0.0011  0.0353  0.0029
   107  162  374  0.0011  0.0353  0.0029
   108  161  374  0.0011  0.0353  0.0029
   109  160  374  0.0011  0.0353  0.0029
   110  159  374  0.0011  0.0353  0.0029
   111  158  374  0.0011  0.0353  0.0029
   112  157  374  0.0011  0.0353  0.0029
   113  155  375  0.0011  0.0353  0.0029
   114  154  375  0.0012  0.0354  0.0029
   115  153  375  0.0011  0.0354  0.0029
   116  156  375  0.0011  0.0353  0.0029
   117  152  376  0.0012  0.0354  0.0029
   118  151  376  0.0011  0.0354  0.0029
   119  150  376  0.0012  0.0354  0.0029
   120  149  376  0.0012  0.0354  0.0029
   121  147  377  0.0012  0.0353  0.0029
   122  146  377  0.0012  0.0353  0.0029
   123  145  377  0.0012  0.0353  0.0029
   124  144  377  0.0012  0.0353  0.0029
   125  148  377  0.0012  0.0353  0.0029
   126  143  378  0.0012  0.0352  0.0029
   127  142  378  0.0012  0.0352  0.0029
   128  141  378  0.0012  0.0352  0.0029
   129  140  378  0.0012  0.0353  0.0029
   130  138  379  0.0012  0.0351  0.0029
   131  137  379  0.0012  0.0352  0.0029
   132  136  379  0.0012  0.0352  0.0029
   133  135  379  0.0012  0.0352  0.0029
   134  134  379  0.0012  0.0352  0.0029
   135  133  379  0.0012  0.0351  0.0029
   136  139  379  0.0012  0.0352  0.0029
   137  132  380  0.0012  0.0351  0.0029
   138  131  380  0.0012  0.0351  0.0029
   139  130  380  0.0012  0.0351  0.0029
   140  129  380  0.0012  0.0351  0.0029
   141  128  380  0.0012  0.0352  0.0029
   142  127  380  0.0012  0.0353  0.0029
   143  126  380  0.0012  0.0354  0.0029
   144  125  380  0.0012  0.0354  0.0029
   145  124  381  0.0012  0.0353  0.0029
   146  123  381  0.0012  0.0354  0.0029
   147  122  381  0.0012  0.0353  0.0029
   148  121  381  0.0012  0.0353  0.0029
   149  120  381  0.0012  0.0353  0.0029
   150  119  381  0.0012  0.0353  0.0029
   151  118  381  0.0012  0.0353  0.0029
   152  117  381  0.0012  0.0353  0.0029
   153  116  381  0.0012  0.0352  0.0029
   154  114  382  0.0013  0.0353  0.0029
   155  113  382  0.0013  0.0353  0.0029
   156  112  382  0.0013  0.0353  0.0029
   157  111  382  0.0013  0.0352  0.0029
   158  115  382  0.0012  0.0352  0.0029

    1  578  408  0.0002  0.0343  0.0030
    2  577  408  0.0002  0.0343  0.0030
    3  576  408  0.0002  0.0343  0.0030
    4  575  408  0.0002  0.0343  0.0030
    5  574  408  0.0002  0.0343  0.0030
    6  573  408  0.0002  0.0343  0.0030
    7  572  408  0.0002  0.0343  0.0030
    8  571  408  0.0002  0.0343  0.0030
    9  570  408  0.0002  0.0343  0.0030
   10  569  408  0.0002  0.0343  0.0030
   11  568  408  0.0002  0.0343  0.0030
   12  567  408  0.0002  0.0342  0.0030
   13  566  408  0.0002  0.0342  0.0030
   14  565  409  0.0002  0.0342  0.0030
   15  564  409  0.0002  0.0342  0.0030
   16  563  409  0.0002  0.0341  0.0030
   17  562  409  0.0002  0.0343  0.0030
   18  561  409  0.0002  0.0344  0.0030
   19  560  409  0.0002  0.0343  0.0030
   20  559  409  0.0002  0.0344  0.0030
   21  558  409  0.0002  0.0344  0.0030
   22  557  409  0.0002  0.0344  0.0030
   23  556  409  0.0002  0.0344  0.0030
   24  555  409  0.0002  0.0344  0.0030
   25  554  409  0.0002  0.0345  0.0030
   26  553  409  0.0003  0.0345  0.0030
   27  552  409  0.0002  0.0346  0.0030
   28  551  409  0.0003  0.0346  0.0030
   29  550  409  0.0003  0.0346  0.0030
   30  549  409  0.0003  0.0347  0.0030
   31  548  409  0.0003  0.0346  0.0030
   32  547  410  0.0003  0.0348  0.0030
   33  546  410  0.0003  0.0348  0.0030
   34  545  410  0.0003  0.0347  0.0030
   35  544  410  0.0003  0.0348  0.0030
   36  543  410  0.0003  0.0348  0.0030
   37  542  410  0.0003  0.0348  0.0030
   38  541  410  0.0003  0.0347  0.0030
   39  540  410  0.0003  0.0347  0.0030
   40  539  410  0.0003  0.0347  0.0030
   41  538  410  0.0003  0.0347  0.0030
   42  537  411  0.0003  0.0346  0.0030
   43  536  411  0.0003  0.0346  0.0030
   44  535  411  0.0003  0.0345  0.0030
   45  534  411  0.0003  0.0345  0.0030
   46  533  411  0.0003  0.0344  0.0030
   47  532  411  0.0003  0.0344  0.0030
   48  531  411  0.0003  0.0344  0.0030
   49  529  412  0.0003  0.0344  0.0030
   50  528  412  0.0003  0.0343  0.0030
   51  527  412  0.0003  0.0344  0.0030
   52  526  412  0.0003  0.0344  0.0030
   53  530  412  0.0003  0.0344  0.0030
   54  524  413  0.0003  0.0344  0.0030
   55  523  413  0.0003  0.0344  0.0030
   56  525  413  0.0003  0.0344  0.0030

    1  927  592  0.0008  0.0322  0.0033
    2  928  592  0.0008  0.0322  0.0033
    3  926  593  0.0008  0.0322  0.0033
    4  925  593  0.0008  0.0322  0.0033
    5  924  594  0.0008  0.0322  0.0033
    6  923  594  0.0008  0.0322  0.0033
    7  922  594  0.0008  0.0322  0.0033
    8  919  595  0.0008  0.0321  0.0033
    9  915  595  0.0008  0.0321  0.0033
   10  916  595  0.0008  0.0321  0.0033
   11  921  595  0.0008  0.0322  0.0033
   12  920  595  0.0008  0.0321  0.0033
   13  914  595  0.0008  0.0321  0.0033
   14  918  595  0.0008  0.0321  0.0033
   15  917  595  0.0008  0.0321  0.0033
   16  856  596  0.0007  0.0323  0.0033
   17  857  596  0.0007  0.0323  0.0033
   18  855  596  0.0007  0.0323  0.0033
   19  913  596  0.0008  0.0321  0.0033
   20  912  596  0.0008  0.0321  0.0033
   21  911  596  0.0008  0.0321  0.0033
   22  910  596  0.0008  0.0320  0.0033
   23  909  596  0.0008  0.0320  0.0033
   24  908  596  0.0008  0.0320  0.0033
   25  907  596  0.0008  0.0320  0.0033
   26  906  596  0.0008  0.0320  0.0033
   27  905  596  0.0008  0.0320  0.0033
   28  904  596  0.0008  0.0320  0.0033
   29  903  596  0.0008  0.0320  0.0033
   30  902  596  0.0008  0.0320  0.0033
   31  854  596  0.0007  0.0323  0.0033
   32  885  597  0.0007  0.0321  0.0033
   33  886  597  0.0007  0.0321  0.0033
   34  887  597  0.0007  0.0321  0.0033
   35  888  597  0.0007  0.0321  0.0033
   36  889  597  0.0007  0.0321  0.0033
   37  890  597  0.0007  0.0321  0.0033
   38  884  597  0.0007  0.0321  0.0033
   39  892  597  0.0007  0.0321  0.0033
   40  893  597  0.0007  0.0321  0.0033
   41  894  597  0.0007  0.0320  0.0033
   42  895  597  0.0007  0.0320  0.0033
   43  896  597  0.0008  0.0319  0.0033
   44  897  597  0.0007  0.0320  0.0033
   45  898  597  0.0008  0.0320  0.0033
   46  899  597  0.0008  0.0320  0.0033
   47  900  597  0.0008  0.0320  0.0033
   48  901  597  0.0008  0.0320  0.0033
   49  883  597  0.0007  0.0321  0.0033
   50  858  597  0.0007  0.0323  0.0033
   51  859  597  0.0007  0.0322  0.0033
   52  860  597  0.0007  0.0322  0.0033
   53  861  597  0.0007  0.0322  0.0033
   54  891  597  0.0007  0.0322  0.0033
   55  862  597  0.0007  0.0322  0.0033
   56  863  597  0.0007  0.0322  0.0033
   57  864  597  0.0007  0.0322  0.0033
   58  865  597  0.0007  0.0322  0.0033
   59  873  598  0.0007  0.0321  0.0033
   60  872  598  0.0007  0.0321  0.0033
   61  871  598  0.0007  0.0321  0.0033
   62  870  598  0.0007  0.0321  0.0033
   63  869  598  0.0007  0.0321  0.0033
   64  868  598  0.0007  0.0321  0.0033
   65  867  598  0.0007  0.0321  0.0033
   66  866  598  0.0007  0.0321  0.0033
   67  874  598  0.0007  0.0322  0.0033
   68  875  598  0.0007  0.0322  0.0033
   69  876  598  0.0007  0.0322  0.0033
   70  877  598  0.0007  0.0321  0.0033
   71  879  598  0.0007  0.0321  0.0033
   72  880  598  0.0007  0.0321  0.0033
   73  881  598  0.0007  0.0321  0.0033
   74  882  598  0.0007  0.0321  0.0033
   75  878  598  0.0007  0.0321  0.0033
