; ENVI Output of ROIs (5.4) [Tue Aug 06 13:12:20 2019]
; Number of ROIs: 10
; File Dimension: 1328 x 1184
;
; ROI name: Region #1
; ROI rgb value: {255, 0, 0}
; ROI npts: 96
;
; ROI name: Region #2
; ROI rgb value: {0, 255, 0}
; ROI npts: 49
;
; ROI name: Region #3
; ROI rgb value: {0, 0, 255}
; ROI npts: 38
;
; ROI name: Region #4
; ROI rgb value: {255, 255, 0}
; ROI npts: 62
;
; ROI name: Region #5
; ROI rgb value: {0, 255, 255}
; ROI npts: 42
;
; ROI name: Region #6
; ROI rgb value: {255, 0, 255}
; ROI npts: 68
;
; ROI name: Region #7
; ROI rgb value: {176, 48, 96}
; ROI npts: 45
;
; ROI name: Region #8
; ROI rgb value: {46, 139, 87}
; ROI npts: 36
;
; ROI name: Region #9
; ROI rgb value: {160, 32, 240}
; ROI npts: 34
;
; ROI name: Region #10
; ROI rgb value: {255, 127, 80}
; ROI npts: 55
;  ID    X    Y      B1      B2      B3
    1  864  937  0.0057  0.0316  0.0040
   10  863  937  0.0057  0.0316  0.0040
   11  862  937  0.0057  0.0316  0.0040
   12  861  937  0.0057  0.0316  0.0040
   13  860  937  0.0057  0.0316  0.0040
   14  859  937  0.0057  0.0316  0.0040
   15  858  937  0.0057  0.0316  0.0040
   16  857  937  0.0057  0.0317  0.0040
   17  856  937  0.0057  0.0317  0.0040
   18  855  937  0.0057  0.0317  0.0040
   19  854  938  0.0057  0.0317  0.0040
   20  853  938  0.0057  0.0317  0.0040
   21  852  938  0.0057  0.0317  0.0040
   23  855  938  0.0057  0.0317  0.0040
   34  841  939  0.0056  0.0312  0.0040
   35  840  939  0.0057  0.0317  0.0040
   36  839  939  0.0057  0.0317  0.0040
   37  838  939  0.0057  0.0317  0.0040
   38  837  939  0.0057  0.0317  0.0040
   39  836  939  0.0057  0.0317  0.0040
   40  835  939  0.0057  0.0317  0.0040
   41  834  939  0.0057  0.0317  0.0040
   42  833  939  0.0057  0.0317  0.0040
   43  832  939  0.0057  0.0317  0.0040
   44  831  939  0.0057  0.0317  0.0040
   45  830  939  0.0057  0.0317  0.0040
   46  829  939  0.0057  0.0317  0.0040
   47  828  939  0.0057  0.0319  0.0039
   48  828  940  0.0057  0.0317  0.0040
   49  827  940  0.0057  0.0317  0.0040
   50  826  940  0.0057  0.0317  0.0040
   51  824  941  0.0057  0.0317  0.0040
   52  823  941  0.0056  0.0317  0.0040
   53  822  941  0.0056  0.0317  0.0040
   54  825  941  0.0057  0.0317  0.0040
   55  820  942  0.0056  0.0317  0.0040
   56  819  942  0.0056  0.0317  0.0040
   57  818  942  0.0056  0.0317  0.0040
   58  817  942  0.0056  0.0317  0.0040
   59  816  942  0.0056  0.0317  0.0040
   60  815  942  0.0056  0.0317  0.0040
   61  814  942  0.0056  0.0318  0.0040
   62  813  943  0.0056  0.0318  0.0040
   63  812  943  0.0056  0.0318  0.0040
   64  811  943  0.0056  0.0317  0.0040
   65  814  943  0.0056  0.0318  0.0040
   66  810  944  0.0056  0.0317  0.0040
   67  809  944  0.0056  0.0317  0.0040
   68  808  944  0.0056  0.0317  0.0040
   69  807  944  0.0056  0.0317  0.0040
   70  806  944  0.0056  0.0317  0.0040
   71  805  944  0.0056  0.0317  0.0040
   72  804  944  0.0056  0.0317  0.0040
   73  803  944  0.0056  0.0318  0.0040
   74  802  944  0.0056  0.0318  0.0040
   75  801  944  0.0056  0.0318  0.0040
   76  800  944  0.0056  0.0318  0.0040
   77  799  944  0.0056  0.0318  0.0040
   78  798  944  0.0056  0.0318  0.0040
   79  797  945  0.0056  0.0318  0.0040
   80  796  945  0.0056  0.0318  0.0040
   81  795  945  0.0056  0.0318  0.0040
   82  794  945  0.0056  0.0318  0.0040
   83  793  945  0.0056  0.0318  0.0040
   84  792  945  0.0056  0.0318  0.0040
   85  791  945  0.0056  0.0318  0.0040
   86  790  945  0.0056  0.0318  0.0040
   87  789  945  0.0056  0.0318  0.0040
   88  788  945  0.0056  0.0318  0.0040
   89  787  945  0.0056  0.0318  0.0040
   90  786  945  0.0056  0.0318  0.0040
   91  785  945  0.0056  0.0318  0.0040
   92  784  945  0.0056  0.0318  0.0040
   93  783  945  0.0056  0.0318  0.0040
   94  782  945  0.0056  0.0318  0.0040
   95  781  945  0.0056  0.0318  0.0040
   96  780  945  0.0056  0.0318  0.0040

    1  821  936  0.0057  0.0318  0.0040
    2  820  936  0.0057  0.0318  0.0040
    3  822  936  0.0057  0.0318  0.0040
    4  819  937  0.0057  0.0318  0.0040
    5  818  937  0.0057  0.0318  0.0040
    6  817  937  0.0057  0.0318  0.0040
    7  820  937  0.0057  0.0318  0.0040
    8  816  938  0.0057  0.0318  0.0040
    9  815  938  0.0057  0.0318  0.0040
   10  814  938  0.0056  0.0318  0.0040
   11  813  938  0.0056  0.0318  0.0040
   12  812  938  0.0056  0.0318  0.0040
   13  811  938  0.0056  0.0318  0.0040
   14  810  938  0.0056  0.0318  0.0040
   15  809  938  0.0056  0.0318  0.0040
   16  807  938  0.0056  0.0318  0.0040
   17  806  938  0.0056  0.0318  0.0040
   18  808  938  0.0056  0.0318  0.0040
   19  805  938  0.0056  0.0318  0.0040
   20  804  938  0.0056  0.0318  0.0040
   21  803  938  0.0056  0.0318  0.0040
   22  802  938  0.0056  0.0318  0.0040
   23  801  938  0.0056  0.0318  0.0040
   24  793  938  0.0056  0.0318  0.0040
   25  793  939  0.0056  0.0319  0.0040
   26  792  939  0.0056  0.0319  0.0040
   27  791  939  0.0056  0.0319  0.0040
   28  790  939  0.0056  0.0319  0.0040
   29  789  939  0.0056  0.0319  0.0040
   30  788  939  0.0056  0.0319  0.0040
   31  787  939  0.0056  0.0319  0.0040
   32  785  939  0.0056  0.0319  0.0040
   33  784  939  0.0056  0.0319  0.0040
   34  786  939  0.0056  0.0319  0.0040
   35  784  940  0.0056  0.0319  0.0040
   36  783  940  0.0056  0.0319  0.0040
   37  782  940  0.0056  0.0318  0.0040
   38  781  940  0.0056  0.0318  0.0040
   39  780  940  0.0056  0.0319  0.0040
   40  779  940  0.0056  0.0318  0.0040
   41  778  940  0.0056  0.0318  0.0040
   42  777  940  0.0056  0.0318  0.0040
   43  776  940  0.0055  0.0318  0.0040
   44  775  940  0.0055  0.0318  0.0040
   45  774  940  0.0056  0.0318  0.0040
   46  773  941  0.0055  0.0318  0.0040
   47  772  941  0.0055  0.0318  0.0040
   48  771  941  0.0056  0.0318  0.0040
   49  774  941  0.0056  0.0318  0.0040

    1  354  396  0.0059  0.0401  0.0031
    2  353  397  0.0059  0.0401  0.0031
    3  352  397  0.0058  0.0401  0.0031
    4  351  397  0.0059  0.0401  0.0031
    5  354  397  0.0059  0.0401  0.0031
    6  350  398  0.0058  0.0401  0.0031
    7  349  398  0.0058  0.0401  0.0031
    8  351  398  0.0058  0.0401  0.0031
    9  349  399  0.0058  0.0402  0.0031
   10  348  399  0.0058  0.0401  0.0031
   11  347  399  0.0058  0.0401  0.0031
   12  346  399  0.0058  0.0402  0.0031
   13  345  399  0.0058  0.0401  0.0031
   14  344  399  0.0058  0.0402  0.0031
   15  343  400  0.0058  0.0401  0.0031
   16  342  400  0.0058  0.0400  0.0031
   17  341  400  0.0058  0.0401  0.0031
   18  344  400  0.0058  0.0401  0.0031
   19  341  401  0.0058  0.0400  0.0031
   20  340  401  0.0058  0.0400  0.0031
   21  339  401  0.0058  0.0401  0.0031
   22  338  401  0.0058  0.0401  0.0031
   23  336  402  0.0058  0.0401  0.0031
   24  335  402  0.0058  0.0400  0.0031
   25  337  402  0.0058  0.0401  0.0031
   26  333  403  0.0058  0.0400  0.0031
   27  332  403  0.0058  0.0400  0.0031
   28  331  403  0.0058  0.0399  0.0031
   29  334  403  0.0058  0.0400  0.0031
   30  330  404  0.0058  0.0399  0.0031
   31  329  404  0.0057  0.0398  0.0031
   32  328  404  0.0057  0.0399  0.0031
   33  326  405  0.0057  0.0399  0.0031
   34  325  405  0.0057  0.0399  0.0031
   35  324  405  0.0057  0.0398  0.0031
   36  323  405  0.0057  0.0398  0.0031
   37  322  405  0.0057  0.0398  0.0031
   38  327  405  0.0057  0.0399  0.0031

    1  281  400  0.0056  0.0399  0.0031
    2  282  400  0.0056  0.0400  0.0031
    3  280  401  0.0056  0.0400  0.0031
    4  279  402  0.0056  0.0399  0.0031
    5  278  402  0.0056  0.0399  0.0031
    6  277  402  0.0056  0.0399  0.0031
    7  276  402  0.0056  0.0399  0.0031
    8  275  402  0.0056  0.0399  0.0031
    9  274  402  0.0056  0.0399  0.0031
   10  273  403  0.0056  0.0399  0.0031
   11  274  403  0.0056  0.0399  0.0031
   12  273  404  0.0056  0.0399  0.0031
   13  272  404  0.0056  0.0398  0.0031
   14  271  404  0.0056  0.0399  0.0031
   15  270  404  0.0056  0.0398  0.0031
   16  269  404  0.0056  0.0398  0.0031
   17  268  404  0.0056  0.0398  0.0031
   18  266  404  0.0055  0.0398  0.0031
   19  265  404  0.0055  0.0398  0.0031
   20  263  405  0.0055  0.0398  0.0031
   21  262  405  0.0055  0.0399  0.0031
   22  261  405  0.0055  0.0398  0.0031
   23  264  405  0.0055  0.0398  0.0031
   24  260  406  0.0055  0.0399  0.0031
   25  259  406  0.0055  0.0398  0.0031
   26  261  406  0.0055  0.0398  0.0031
   27  258  407  0.0055  0.0398  0.0031
   28  259  407  0.0055  0.0398  0.0031
   29  257  407  0.0055  0.0398  0.0031
   30  254  408  0.0055  0.0398  0.0031
   31  255  408  0.0055  0.0398  0.0031
   32  256  408  0.0055  0.0398  0.0031
   33  252  408  0.0055  0.0398  0.0031
   34  250  408  0.0055  0.0399  0.0031
   35  251  408  0.0055  0.0399  0.0031
   36  253  408  0.0055  0.0398  0.0031
   37  249  409  0.0055  0.0399  0.0031
   38  248  409  0.0055  0.0399  0.0031
   39  247  409  0.0055  0.0399  0.0031
   40  250  409  0.0055  0.0399  0.0031
   41  246  410  0.0055  0.0399  0.0031
   42  245  410  0.0055  0.0399  0.0031
   43  244  410  0.0055  0.0399  0.0031
   44  243  410  0.0055  0.0400  0.0031
   45  242  410  0.0055  0.0399  0.0031
   46  241  411  0.0055  0.0400  0.0031
   47  240  411  0.0055  0.0399  0.0031
   48  242  411  0.0055  0.0399  0.0031
   49  240  412  0.0055  0.0401  0.0031
   50  239  412  0.0055  0.0401  0.0031
   51  238  412  0.0055  0.0399  0.0031
   52  237  413  0.0055  0.0399  0.0031
   53  236  413  0.0055  0.0399  0.0031
   54  235  413  0.0054  0.0398  0.0031
   55  234  413  0.0055  0.0400  0.0031
   56  233  413  0.0055  0.0399  0.0031
   57  232  413  0.0055  0.0400  0.0031
   58  231  413  0.0054  0.0398  0.0031
   59  229  413  0.0054  0.0399  0.0031
   60  226  413  0.0054  0.0397  0.0031
   61  225  413  0.0054  0.0397  0.0031
   62  224  413  0.0054  0.0397  0.0031

    1  429  345  0.0063  0.0414  0.0031
    2  430  345  0.0063  0.0413  0.0031
    3  428  346  0.0063  0.0414  0.0031
    4  429  346  0.0063  0.0413  0.0031
    5  426  347  0.0063  0.0413  0.0031
    6  427  347  0.0063  0.0414  0.0031
    7  425  348  0.0063  0.0412  0.0031
    8  424  348  0.0063  0.0413  0.0031
    9  422  349  0.0062  0.0412  0.0031
   10  421  349  0.0062  0.0412  0.0031
   11  423  349  0.0062  0.0411  0.0031
   12  419  350  0.0062  0.0412  0.0031
   13  418  350  0.0062  0.0412  0.0031
   14  417  350  0.0062  0.0412  0.0031
   15  420  350  0.0062  0.0412  0.0031
   16  417  351  0.0062  0.0411  0.0031
   17  416  351  0.0062  0.0411  0.0031
   18  415  351  0.0062  0.0412  0.0031
   19  414  351  0.0062  0.0412  0.0031
   20  413  351  0.0062  0.0412  0.0031
   21  412  351  0.0062  0.0413  0.0031
   22  411  352  0.0062  0.0411  0.0031
   23  410  352  0.0062  0.0412  0.0031
   24  412  352  0.0062  0.0411  0.0031
   25  409  353  0.0062  0.0412  0.0031
   26  408  353  0.0062  0.0413  0.0031
   27  407  353  0.0062  0.0413  0.0031
   28  406  353  0.0062  0.0414  0.0031
   29  405  353  0.0062  0.0414  0.0031
   30  404  353  0.0062  0.0413  0.0031
   31  404  354  0.0062  0.0412  0.0031
   32  403  354  0.0062  0.0412  0.0031
   33  402  354  0.0062  0.0412  0.0031
   34  401  354  0.0062  0.0412  0.0031
   35  400  354  0.0062  0.0412  0.0031
   36  399  354  0.0062  0.0412  0.0031
   37  398  354  0.0062  0.0412  0.0031
   38  397  354  0.0062  0.0412  0.0031
   39  396  354  0.0062  0.0412  0.0031
   40  395  355  0.0062  0.0412  0.0031
   41  394  355  0.0062  0.0412  0.0031
   42  396  355  0.0062  0.0412  0.0031

    1  773  249  0.0079  0.0444  0.0031
    2  772  250  0.0079  0.0443  0.0031
    3  773  250  0.0079  0.0443  0.0031
    4  770  251  0.0079  0.0443  0.0031
    5  769  251  0.0079  0.0444  0.0031
    6  771  251  0.0079  0.0443  0.0031
    7  768  252  0.0079  0.0443  0.0031
    8  769  252  0.0079  0.0443  0.0031
    9  768  253  0.0079  0.0443  0.0031
   10  767  253  0.0079  0.0443  0.0031
   11  766  253  0.0079  0.0443  0.0031
   12  764  254  0.0079  0.0442  0.0031
   13  765  254  0.0079  0.0443  0.0031
   14  763  255  0.0079  0.0442  0.0031
   15  762  255  0.0079  0.0442  0.0031
   16  761  255  0.0079  0.0442  0.0031
   17  764  255  0.0079  0.0442  0.0031
   18  761  256  0.0078  0.0441  0.0031
   19  760  256  0.0079  0.0442  0.0031
   20  759  256  0.0078  0.0442  0.0031
   21  758  257  0.0078  0.0442  0.0031
   22  757  257  0.0078  0.0441  0.0031
   23  759  257  0.0078  0.0441  0.0031
   24  757  258  0.0078  0.0441  0.0031
   25  756  258  0.0078  0.0441  0.0031
   26  755  258  0.0078  0.0441  0.0031
   27  754  258  0.0078  0.0441  0.0031
   28  753  258  0.0078  0.0441  0.0031
   29  752  258  0.0078  0.0441  0.0031
   30  751  259  0.0078  0.0441  0.0031
   31  750  259  0.0078  0.0441  0.0031
   32  749  259  0.0078  0.0441  0.0031
   33  752  259  0.0078  0.0441  0.0031
   34  749  260  0.0078  0.0441  0.0031
   35  748  260  0.0078  0.0441  0.0031
   36  747  260  0.0078  0.0442  0.0031
   37  746  261  0.0078  0.0441  0.0031
   38  745  261  0.0078  0.0442  0.0031
   39  747  261  0.0078  0.0441  0.0031
   40  743  262  0.0078  0.0442  0.0031
   41  742  262  0.0078  0.0442  0.0031
   42  741  262  0.0078  0.0442  0.0031
   43  744  262  0.0078  0.0442  0.0031
   44  741  263  0.0078  0.0441  0.0031
   45  740  263  0.0078  0.0441  0.0031
   46  739  263  0.0078  0.0441  0.0031
   47  737  264  0.0077  0.0440  0.0031
   48  736  264  0.0077  0.0440  0.0031
   49  735  264  0.0077  0.0440  0.0031
   50  734  264  0.0078  0.0441  0.0031
   51  738  264  0.0077  0.0440  0.0031
   52  734  265  0.0077  0.0440  0.0031
   53  733  265  0.0077  0.0439  0.0031
   54  731  265  0.0077  0.0440  0.0031
   55  731  266  0.0077  0.0439  0.0031
   56  729  267  0.0077  0.0439  0.0031
   57  730  267  0.0077  0.0438  0.0031
   58  727  268  0.0077  0.0439  0.0031
   59  726  268  0.0077  0.0439  0.0031
   60  725  268  0.0077  0.0440  0.0031
   61  728  268  0.0077  0.0438  0.0031
   62  724  269  0.0077  0.0439  0.0031
   63  723  269  0.0077  0.0439  0.0031
   64  722  269  0.0077  0.0439  0.0031
   65  721  269  0.0077  0.0439  0.0031
   66  720  270  0.0076  0.0438  0.0031
   67  719  270  0.0076  0.0438  0.0031
   68  721  270  0.0077  0.0438  0.0031

    1  1022  272  0.0088  0.0443  0.0033
    2  1023  272  0.0088  0.0443  0.0033
    3  1022  273  0.0088  0.0443  0.0033
    4  1021  273  0.0088  0.0444  0.0033
    5  1020  273  0.0088  0.0444  0.0033
    6  1019  273  0.0088  0.0443  0.0033
    7  1018  273  0.0087  0.0442  0.0033
    8  1017  274  0.0088  0.0444  0.0033
    9  1016  274  0.0088  0.0444  0.0033
   10  1015  274  0.0087  0.0444  0.0033
   11  1018  274  0.0088  0.0444  0.0033
   12  1014  275  0.0088  0.0444  0.0033
   13  1013  275  0.0088  0.0444  0.0033
   14  1012  275  0.0088  0.0445  0.0033
   15  1010  276  0.0087  0.0443  0.0033
   16  1011  276  0.0088  0.0444  0.0033
   17  1009  277  0.0087  0.0443  0.0033
   18  1008  277  0.0087  0.0444  0.0033
   19  1007  277  0.0087  0.0444  0.0033
   20  1006  277  0.0087  0.0444  0.0033
   21  1005  278  0.0087  0.0443  0.0033
   22  1006  278  0.0087  0.0444  0.0033
   23  1004  279  0.0087  0.0444  0.0033
   24  1003  279  0.0087  0.0443  0.0033
   25  1002  279  0.0087  0.0443  0.0033
   26  1001  280  0.0087  0.0444  0.0033
   27  1000  280  0.0087  0.0444  0.0033
   28   999  280  0.0087  0.0444  0.0033
   29  1002  280  0.0087  0.0443  0.0033
   30   999  281  0.0087  0.0444  0.0033
   31   998  281  0.0087  0.0444  0.0033
   32   997  281  0.0087  0.0444  0.0033
   33   996  281  0.0087  0.0444  0.0033
   34   995  281  0.0087  0.0445  0.0033
   35   995  282  0.0087  0.0444  0.0033
   36   994  282  0.0087  0.0444  0.0033
   37   993  283  0.0087  0.0444  0.0033
   38   994  283  0.0087  0.0444  0.0033
   39   993  284  0.0087  0.0443  0.0033
   40   992  285  0.0086  0.0442  0.0033
   41   991  285  0.0086  0.0442  0.0033
   42   990  286  0.0086  0.0442  0.0033
   43   991  286  0.0086  0.0443  0.0033
   44   989  287  0.0086  0.0442  0.0033
   45   990  287  0.0086  0.0442  0.0033

    1  1013  271  0.0087  0.0443  0.0033
    2  1012  271  0.0087  0.0444  0.0033
    3  1011  271  0.0087  0.0443  0.0033
    4  1014  271  0.0087  0.0443  0.0033
    5  1011  272  0.0087  0.0444  0.0033
    6  1010  272  0.0087  0.0445  0.0033
    7  1009  272  0.0087  0.0444  0.0033
    8  1008  272  0.0087  0.0443  0.0033
    9  1007  272  0.0087  0.0444  0.0033
   10  1006  272  0.0087  0.0444  0.0033
   11  1005  273  0.0087  0.0444  0.0033
   12  1004  273  0.0087  0.0444  0.0033
   13  1003  273  0.0087  0.0444  0.0033
   14  1002  273  0.0087  0.0444  0.0033
   15  1006  273  0.0087  0.0444  0.0033
   16  1002  274  0.0087  0.0444  0.0033
   17  1001  274  0.0087  0.0445  0.0033
   18  1000  274  0.0087  0.0445  0.0033
   19   999  275  0.0087  0.0445  0.0033
   20  1000  275  0.0087  0.0445  0.0033
   21   998  276  0.0087  0.0445  0.0033
   22   997  277  0.0087  0.0445  0.0033
   23   996  277  0.0087  0.0445  0.0033
   24   995  277  0.0087  0.0445  0.0033
   25   994  277  0.0087  0.0445  0.0033
   26   993  278  0.0087  0.0445  0.0033
   27   994  278  0.0087  0.0445  0.0033
   28   993  279  0.0087  0.0445  0.0033
   29   992  279  0.0087  0.0445  0.0033
   30   991  279  0.0087  0.0445  0.0033
   31   989  280  0.0087  0.0444  0.0033
   32   990  280  0.0087  0.0444  0.0033
   33   989  281  0.0087  0.0444  0.0033
   34   987  282  0.0087  0.0443  0.0033
   35   988  282  0.0086  0.0443  0.0033
   36   987  283  0.0086  0.0443  0.0033

    1  1029  171  0.0094  0.0473  0.0031
    2  1028  171  0.0094  0.0472  0.0031
    3  1030  171  0.0094  0.0472  0.0031
    4  1028  172  0.0094  0.0473  0.0031
    5  1027  172  0.0094  0.0473  0.0031
    6  1026  172  0.0094  0.0472  0.0031
    7  1025  172  0.0094  0.0473  0.0031
    8  1024  172  0.0094  0.0473  0.0031
    9  1023  172  0.0094  0.0473  0.0031
   10  1022  172  0.0094  0.0474  0.0031
   11  1021  173  0.0094  0.0473  0.0031
   12  1022  173  0.0094  0.0473  0.0031
   13  1020  174  0.0094  0.0473  0.0031
   14  1019  174  0.0094  0.0473  0.0031
   15  1018  174  0.0094  0.0473  0.0031
   16  1017  174  0.0094  0.0473  0.0031
   17  1015  174  0.0094  0.0474  0.0031
   18  1016  174  0.0094  0.0474  0.0031
   19  1013  175  0.0094  0.0473  0.0031
   20  1012  175  0.0094  0.0474  0.0031
   21  1011  175  0.0093  0.0473  0.0031
   22  1010  175  0.0093  0.0474  0.0031
   23  1014  175  0.0094  0.0473  0.0031
   24  1008  176  0.0093  0.0474  0.0031
   25  1009  176  0.0093  0.0473  0.0031
   26  1008  177  0.0093  0.0474  0.0031
   27  1007  177  0.0093  0.0474  0.0031
   28  1006  177  0.0094  0.0474  0.0031
   29  1005  178  0.0093  0.0474  0.0031
   30  1006  178  0.0093  0.0474  0.0031
   31  1003  179  0.0093  0.0474  0.0031
   32  1004  179  0.0093  0.0474  0.0031
   33  1002  180  0.0093  0.0474  0.0031
   34  1003  180  0.0093  0.0474  0.0031

    1  572  474  0.0062  0.0384  0.0033
    2  573  474  0.0062  0.0384  0.0033
    3  571  475  0.0062  0.0383  0.0033
    4  570  475  0.0062  0.0384  0.0033
    5  569  475  0.0062  0.0383  0.0033
    6  572  475  0.0062  0.0383  0.0033
    7  569  476  0.0062  0.0383  0.0033
    8  568  476  0.0062  0.0382  0.0033
    9  567  476  0.0062  0.0382  0.0033
   10  566  476  0.0062  0.0382  0.0033
   11  565  476  0.0062  0.0383  0.0033
   12  563  477  0.0062  0.0382  0.0033
   13  564  477  0.0062  0.0382  0.0033
   14  562  478  0.0062  0.0382  0.0033
   15  561  478  0.0062  0.0383  0.0033
   16  559  479  0.0061  0.0382  0.0033
   17  558  479  0.0061  0.0382  0.0033
   18  557  479  0.0061  0.0382  0.0033
   19  556  479  0.0061  0.0382  0.0033
   20  555  479  0.0061  0.0382  0.0033
   21  560  479  0.0062  0.0383  0.0033
   22  555  480  0.0061  0.0382  0.0033
   23  553  480  0.0061  0.0381  0.0033
   24  552  481  0.0061  0.0381  0.0033
   25  551  481  0.0061  0.0381  0.0033
   26  550  481  0.0061  0.0382  0.0033
   27  553  481  0.0061  0.0381  0.0033
   28  549  482  0.0061  0.0382  0.0033
   29  548  482  0.0061  0.0382  0.0033
   30  546  483  0.0061  0.0382  0.0033
   31  547  483  0.0061  0.0382  0.0033
   32  546  484  0.0061  0.0382  0.0033
   33  545  484  0.0061  0.0382  0.0033
   34  544  484  0.0061  0.0382  0.0033
   35  543  484  0.0061  0.0382  0.0033
   36  542  484  0.0061  0.0383  0.0033
   37  541  484  0.0061  0.0383  0.0033
   38  540  484  0.0061  0.0383  0.0033
   39  539  485  0.0061  0.0382  0.0033
   40  538  485  0.0061  0.0384  0.0033
   41  537  485  0.0061  0.0383  0.0033
   42  536  485  0.0061  0.0385  0.0033
   43  535  485  0.0061  0.0384  0.0033
   44  534  485  0.0061  0.0384  0.0033
   45  533  485  0.0061  0.0383  0.0033
   46  532  485  0.0061  0.0383  0.0033
   47  531  485  0.0061  0.0382  0.0033
   48  529  486  0.0060  0.0380  0.0033
   49  528  486  0.0060  0.0380  0.0033
   50  530  486  0.0060  0.0381  0.0033
   51  527  487  0.0060  0.0380  0.0033
   52  526  487  0.0060  0.0380  0.0033
   53  525  487  0.0060  0.0380  0.0033
   54  528  487  0.0060  0.0380  0.0033
   55  525  488  0.0060  0.0380  0.0033
