; ENVI Output of ROIs (5.4) [Tue Aug 06 13:12:08 2019]
; Number of ROIs: 10
; File Dimension: 1328 x 1184
;
; ROI name: Region #1
; ROI rgb value: {255, 0, 0}
; ROI npts: 96
;
; ROI name: Region #2
; ROI rgb value: {0, 255, 0}
; ROI npts: 49
;
; ROI name: Region #3
; ROI rgb value: {0, 0, 255}
; ROI npts: 38
;
; ROI name: Region #4
; ROI rgb value: {255, 255, 0}
; ROI npts: 62
;
; ROI name: Region #5
; ROI rgb value: {0, 255, 255}
; ROI npts: 42
;
; ROI name: Region #6
; ROI rgb value: {255, 0, 255}
; ROI npts: 68
;
; ROI name: Region #7
; ROI rgb value: {176, 48, 96}
; ROI npts: 45
;
; ROI name: Region #8
; ROI rgb value: {46, 139, 87}
; ROI npts: 36
;
; ROI name: Region #9
; ROI rgb value: {160, 32, 240}
; ROI npts: 34
;
; ROI name: Region #10
; ROI rgb value: {255, 127, 80}
; ROI npts: 55
;  ID    X    Y         B1         B2         B3
    1  864  937  -156.6963   114.1916   -21.0031
   10  863  937  -156.6971   114.1923   -21.0032
   11  862  937  -156.6977   114.1925   -21.0033
   12  861  937  -156.6986   114.1941   -21.0035
   13  860  937  -156.6983   114.1887   -21.0030
   14  859  937  -156.6986   114.1870   -21.0029
   15  858  937  -156.6991   114.1866   -21.0029
   16  857  937  -156.6991   114.1829   -21.0026
   17  856  937  -156.6998   114.1834   -21.0026
   18  855  937  -156.6981   114.1705   -21.0014
   19  854  938  -156.7009   114.1827   -21.0021
   20  853  938  -156.7015   114.1827   -21.0022
   21  852  938  -156.7020   114.1818   -21.0022
   23  855  938  -156.7004   114.1832   -21.0021
   34  841  939  -156.7115   114.1984   -21.0052
   35  840  939  -156.7072   114.1696   -21.0010
   36  839  939  -156.7079   114.1704   -21.0012
   37  838  939  -156.7085   114.1702   -21.0012
   38  837  939  -156.7094   114.1718   -21.0014
   39  836  939  -156.7101   114.1723   -21.0016
   40  835  939  -156.7106   114.1718   -21.0016
   41  834  939  -156.7111   114.1709   -21.0015
   42  833  939  -156.7115   114.1699   -21.0015
   43  832  939  -156.7120   114.1694   -21.0015
   44  831  939  -156.7125   114.1690   -21.0015
   45  830  939  -156.7133   114.1697   -21.0017
   46  829  939  -156.7135   114.1675   -21.0015
   47  828  939  -156.7188   114.1938   -21.0037
   48  828  940  -156.7152   114.1734   -21.0015
   49  827  940  -156.7155   114.1715   -21.0014
   50  826  940  -156.7158   114.1701   -21.0014
   51  824  941  -156.7176   114.1730   -21.0012
   52  823  941  -156.7178   114.1708   -21.0011
   53  822  941  -156.7184   114.1702   -21.0011
   54  825  941  -156.7171   114.1733   -21.0011
   55  820  942  -156.7197   114.1705   -21.0006
   56  819  942  -156.7199   114.1684   -21.0005
   57  818  942  -156.7203   114.1672   -21.0004
   58  817  942  -156.7209   114.1670   -21.0004
   59  816  942  -156.7213   114.1660   -21.0004
   60  815  942  -156.7219   114.1660   -21.0004
   61  814  942  -156.7225   114.1655   -21.0004
   62  813  943  -156.7234   114.1669   -21.0001
   63  812  943  -156.7239   114.1665   -21.0001
   64  811  943  -156.7244   114.1658   -21.0001
   65  814  943  -156.7225   114.1656   -20.9999
   66  810  944  -156.7256   114.1689   -20.9999
   67  809  944  -156.7259   114.1673   -20.9998
   68  808  944  -156.7264   114.1664   -20.9998
   69  807  944  -156.7269   114.1656   -20.9997
   70  806  944  -156.7276   114.1666   -20.9999
   71  805  944  -156.7281   114.1659   -20.9999
   72  804  944  -156.7285   114.1644   -20.9998
   73  803  944  -156.7287   114.1620   -20.9996
   74  802  944  -156.7294   114.1628   -20.9998
   75  801  944  -156.7296   114.1604   -20.9996
   76  800  944  -156.7293   114.1550   -20.9990
   77  799  944  -156.7301   114.1561   -20.9992
   78  798  944  -156.7310   114.1582   -20.9996
   79  797  945  -156.7319   114.1593   -20.9991
   80  796  945  -156.7325   114.1589   -20.9992
   81  795  945  -156.7327   114.1567   -20.9990
   82  794  945  -156.7328   114.1539   -20.9988
   83  793  945  -156.7333   114.1532   -20.9987
   84  792  945  -156.7334   114.1503   -20.9985
   85  791  945  -156.7338   114.1490   -20.9984
   86  790  945  -156.7342   114.1479   -20.9983
   87  789  945  -156.7347   114.1474   -20.9983
   88  788  945  -156.7356   114.1490   -20.9986
   89  787  945  -156.7360   114.1478   -20.9986
   90  786  945  -156.7371   114.1507   -20.9990
   91  785  945  -156.7370   114.1465   -20.9986
   92  784  945  -156.7377   114.1470   -20.9987
   93  783  945  -156.7388   114.1496   -20.9990
   94  782  945  -156.7395   114.1503   -20.9992
   95  781  945  -156.7402   114.1508   -20.9993
   96  780  945  -156.7411   114.1528   -20.9996

    1  821  936  -156.7163   114.1568   -21.0026
    2  820  936  -156.7162   114.1528   -21.0024
    3  822  936  -156.7153   114.1543   -21.0023
    4  819  937  -156.7185   114.1617   -21.0027
    5  818  937  -156.7185   114.1584   -21.0024
    6  817  937  -156.7192   114.1591   -21.0025
    7  820  937  -156.7177   114.1608   -21.0025
    8  816  938  -156.7199   114.1592   -21.0020
    9  815  938  -156.7208   114.1609   -21.0022
   10  814  938  -156.7213   114.1604   -21.0022
   11  813  938  -156.7220   114.1607   -21.0023
   12  812  938  -156.7227   114.1609   -21.0024
   13  811  938  -156.7230   114.1593   -21.0023
   14  810  938  -156.7238   114.1604   -21.0025
   15  809  938  -156.7243   114.1597   -21.0025
   16  807  938  -156.7256   114.1602   -21.0027
   17  806  938  -156.7259   114.1587   -21.0026
   18  808  938  -156.7249   114.1598   -21.0026
   19  805  938  -156.7265   114.1584   -21.0026
   20  804  938  -156.7269   114.1576   -21.0026
   21  803  938  -156.7273   114.1562   -21.0025
   22  802  938  -156.7279   114.1561   -21.0026
   23  801  938  -156.7289   114.1583   -21.0029
   24  793  938  -156.7327   114.1520   -21.0028
   25  793  939  -156.7326   114.1509   -21.0020
   26  792  939  -156.7330   114.1500   -21.0020
   27  791  939  -156.7335   114.1491   -21.0020
   28  790  939  -156.7340   114.1485   -21.0020
   29  789  939  -156.7344   114.1473   -21.0019
   30  788  939  -156.7352   114.1488   -21.0021
   31  787  939  -156.7358   114.1483   -21.0021
   32  785  939  -156.7362   114.1438   -21.0018
   33  784  939  -156.7369   114.1441   -21.0019
   34  786  939  -156.7360   114.1463   -21.0020
   35  784  940  -156.7371   114.1448   -21.0014
   36  783  940  -156.7376   114.1445   -21.0014
   37  782  940  -156.7386   114.1464   -21.0017
   38  781  940  -156.7390   114.1457   -21.0017
   39  780  940  -156.7394   114.1445   -21.0016
   40  779  940  -156.7404   114.1467   -21.0020
   41  778  940  -156.7410   114.1465   -21.0020
   42  777  940  -156.7417   114.1473   -21.0022
   43  776  940  -156.7426   114.1488   -21.0024
   44  775  940  -156.7431   114.1478   -21.0024
   45  774  940  -156.7435   114.1466   -21.0023
   46  773  941  -156.7443   114.1477   -21.0019
   47  772  941  -156.7456   114.1515   -21.0024
   48  771  941  -156.7445   114.1416   -21.0014
   49  774  941  -156.7433   114.1452   -21.0015

    1  354  396  -156.8183   113.1077   -21.2870
    2  353  397  -156.8188   113.1061   -21.2863
    3  352  397  -156.8195   113.1063   -21.2864
    4  351  397  -156.8201   113.1058   -21.2864
    5  354  397  -156.8183   113.1072   -21.2863
    6  350  398  -156.8211   113.1075   -21.2859
    7  349  398  -156.8218   113.1074   -21.2860
    8  351  398  -156.8209   113.1111   -21.2861
    9  349  399  -156.8210   113.1015   -21.2849
   10  348  399  -156.8221   113.1042   -21.2851
   11  347  399  -156.8224   113.1019   -21.2851
   12  346  399  -156.8229   113.1006   -21.2850
   13  345  399  -156.8240   113.1035   -21.2853
   14  344  399  -156.8237   113.0967   -21.2849
   15  343  400  -156.8257   113.1054   -21.2849
   16  342  400  -156.8274   113.1126   -21.2855
   17  341  400  -156.8270   113.1053   -21.2850
   18  344  400  -156.8247   113.1033   -21.2847
   19  341  401  -156.8282   113.1129   -21.2849
   20  340  401  -156.8293   113.1160   -21.2852
   21  339  401  -156.8292   113.1107   -21.2849
   22  338  401  -156.8295   113.1079   -21.2847
   23  336  402  -156.8315   113.1117   -21.2845
   24  335  402  -156.8324   113.1133   -21.2847
   25  337  402  -156.8308   113.1117   -21.2844
   26  333  403  -156.8347   113.1200   -21.2846
   27  332  403  -156.8353   113.1193   -21.2846
   28  331  403  -156.8362   113.1209   -21.2848
   29  334  403  -156.8336   113.1166   -21.2843
   30  330  404  -156.8368   113.1197   -21.2842
   31  329  404  -156.8385   113.1267   -21.2848
   32  328  404  -156.8386   113.1226   -21.2845
   33  326  405  -156.8400   113.1223   -21.2840
   34  325  405  -156.8403   113.1203   -21.2839
   35  324  405  -156.8416   113.1245   -21.2843
   36  323  405  -156.8427   113.1277   -21.2846
   37  322  405  -156.8437   113.1295   -21.2848
   38  327  405  -156.8384   113.1160   -21.2835

    1  281  400  -156.8681   113.1076   -21.2895
    2  282  400  -156.8671   113.1054   -21.2893
    3  280  401  -156.8688   113.1072   -21.2888
    4  279  402  -156.8707   113.1158   -21.2888
    5  278  402  -156.8711   113.1132   -21.2887
    6  277  402  -156.8720   113.1150   -21.2889
    7  276  402  -156.8723   113.1126   -21.2888
    8  275  402  -156.8728   113.1108   -21.2888
    9  274  402  -156.8737   113.1128   -21.2890
   10  273  403  -156.8748   113.1155   -21.2886
   11  274  403  -156.8735   113.1104   -21.2881
   12  273  404  -156.8750   113.1163   -21.2879
   13  272  404  -156.8764   113.1213   -21.2884
   14  271  404  -156.8766   113.1183   -21.2882
   15  270  404  -156.8778   113.1220   -21.2885
   16  269  404  -156.8783   113.1206   -21.2885
   17  268  404  -156.8793   113.1229   -21.2887
   18  266  404  -156.8811   113.1263   -21.2890
   19  265  404  -156.8821   113.1286   -21.2893
   20  263  405  -156.8831   113.1253   -21.2884
   21  262  405  -156.8828   113.1179   -21.2881
   22  261  405  -156.8844   113.1251   -21.2886
   23  264  405  -156.8829   113.1288   -21.2886
   24  260  406  -156.8842   113.1180   -21.2876
   25  259  406  -156.8857   113.1245   -21.2881
   26  261  406  -156.8850   113.1294   -21.2883
   27  258  407  -156.8858   113.1197   -21.2872
   28  259  407  -156.8855   113.1225   -21.2873
   29  257  407  -156.8862   113.1173   -21.2871
   30  254  408  -156.8880   113.1153   -21.2865
   31  255  408  -156.8876   113.1175   -21.2866
   32  256  408  -156.8866   113.1147   -21.2863
   33  252  408  -156.8895   113.1160   -21.2867
   34  250  408  -156.8889   113.1020   -21.2859
   35  251  408  -156.8887   113.1050   -21.2860
   36  253  408  -156.8891   113.1184   -21.2868
   37  249  409  -156.8901   113.1053   -21.2855
   38  248  409  -156.8903   113.1019   -21.2854
   39  247  409  -156.8912   113.1031   -21.2855
   40  250  409  -156.8902   113.1106   -21.2858
   41  246  410  -156.8925   113.1077   -21.2852
   42  245  410  -156.8926   113.1032   -21.2850
   43  244  410  -156.8935   113.1045   -21.2851
   44  243  410  -156.8938   113.1017   -21.2850
   45  242  410  -156.8950   113.1055   -21.2853
   46  241  411  -156.8948   113.0989   -21.2843
   47  240  411  -156.8959   113.1022   -21.2846
   48  242  411  -156.8949   113.1043   -21.2846
   49  240  412  -156.8938   113.0860   -21.2828
   50  239  412  -156.8943   113.0845   -21.2827
   51  238  412  -156.8970   113.0999   -21.2839
   52  237  413  -156.8985   113.1051   -21.2836
   53  236  413  -156.8990   113.1040   -21.2836
   54  235  413  -156.9013   113.1158   -21.2845
   55  234  413  -156.8999   113.1003   -21.2835
   56  233  413  -156.9013   113.1061   -21.2840
   57  232  413  -156.9012   113.0996   -21.2836
   58  231  413  -156.9042   113.1177   -21.2849
   59  229  413  -156.9037   113.1036   -21.2840
   60  226  413  -156.9081   113.1216   -21.2855
   61  225  413  -156.9090   113.1234   -21.2857
   62  224  413  -156.9095   113.1218   -21.2857

    1  429  345  -156.7442   112.9758   -21.3078
    2  430  345  -156.7439   112.9789   -21.3079
    3  428  346  -156.7450   112.9764   -21.3072
    4  429  346  -156.7449   112.9807   -21.3074
    5  426  347  -156.7470   112.9802   -21.3069
    6  427  347  -156.7458   112.9764   -21.3066
    7  425  348  -156.7499   112.9946   -21.3072
    8  424  348  -156.7490   112.9839   -21.3066
    9  422  349  -156.7515   112.9907   -21.3065
   10  421  349  -156.7515   112.9864   -21.3063
   11  423  349  -156.7527   113.0034   -21.3073
   12  419  350  -156.7531   112.9869   -21.3058
   13  418  350  -156.7540   112.9884   -21.3060
   14  417  350  -156.7547   112.9885   -21.3060
   15  420  350  -156.7526   112.9887   -21.3058
   16  417  351  -156.7557   112.9951   -21.3058
   17  416  351  -156.7568   112.9975   -21.3060
   18  415  351  -156.7570   112.9945   -21.3059
   19  414  351  -156.7575   112.9929   -21.3059
   20  413  351  -156.7582   112.9932   -21.3059
   21  412  351  -156.7577   112.9848   -21.3055
   22  411  352  -156.7604   112.9983   -21.3058
   23  410  352  -156.7604   112.9933   -21.3055
   24  412  352  -156.7593   112.9955   -21.3055
   25  409  353  -156.7612   112.9938   -21.3049
   26  408  353  -156.7592   112.9757   -21.3038
   27  407  353  -156.7600   112.9763   -21.3039
   28  406  353  -156.7602   112.9732   -21.3038
   29  405  353  -156.7607   112.9718   -21.3037
   30  404  353  -156.7628   112.9812   -21.3044
   31  404  354  -156.7634   112.9851   -21.3040
   32  403  354  -156.7643   112.9859   -21.3041
   33  402  354  -156.7651   112.9871   -21.3043
   34  401  354  -156.7662   112.9900   -21.3045
   35  400  354  -156.7669   112.9902   -21.3046
   36  399  354  -156.7673   112.9880   -21.3046
   37  398  354  -156.7677   112.9856   -21.3045
   38  397  354  -156.7685   112.9870   -21.3046
   39  396  354  -156.7691   112.9862   -21.3047
   40  395  355  -156.7704   112.9895   -21.3042
   41  394  355  -156.7701   112.9833   -21.3039
   42  396  355  -156.7690   112.9851   -21.3039

    1  773  249  -156.4548   112.7260   -21.3339
    2  772  250  -156.4557   112.7266   -21.3333
    3  773  250  -156.4551   112.7273   -21.3333
    4  770  251  -156.4575   112.7280   -21.3328
    5  769  251  -156.4571   112.7219   -21.3326
    6  771  251  -156.4572   112.7308   -21.3329
    7  768  252  -156.4592   112.7296   -21.3324
    8  769  252  -156.4586   112.7298   -21.3323
    9  768  253  -156.4595   112.7308   -21.3317
   10  767  253  -156.4602   112.7307   -21.3318
   11  766  253  -156.4602   112.7267   -21.3317
   12  764  254  -156.4621   112.7287   -21.3313
   13  765  254  -156.4607   112.7251   -21.3310
   14  763  255  -156.4635   112.7326   -21.3309
   15  762  255  -156.4645   112.7342   -21.3311
   16  761  255  -156.4651   112.7333   -21.3311
   17  764  255  -156.4626   112.7313   -21.3307
   18  761  256  -156.4657   112.7365   -21.3306
   19  760  256  -156.4664   112.7362   -21.3306
   20  759  256  -156.4672   112.7371   -21.3308
   21  758  257  -156.4683   112.7385   -21.3302
   22  757  257  -156.4690   112.7387   -21.3303
   23  759  257  -156.4678   112.7398   -21.3302
   24  757  258  -156.4697   112.7421   -21.3298
   25  756  258  -156.4705   112.7429   -21.3299
   26  755  258  -156.4712   112.7427   -21.3299
   27  754  258  -156.4719   112.7427   -21.3300
   28  753  258  -156.4730   112.7445   -21.3302
   29  752  258  -156.4733   112.7425   -21.3301
   30  751  259  -156.4751   112.7481   -21.3298
   31  750  259  -156.4757   112.7475   -21.3299
   32  749  259  -156.4757   112.7434   -21.3297
   33  752  259  -156.4745   112.7485   -21.3298
   34  749  260  -156.4766   112.7481   -21.3293
   35  748  260  -156.4776   112.7500   -21.3294
   36  747  260  -156.4775   112.7449   -21.3292
   37  746  261  -156.4789   112.7488   -21.3288
   38  745  261  -156.4789   112.7446   -21.3286
   39  747  261  -156.4785   112.7502   -21.3288
   40  743  262  -156.4797   112.7405   -21.3277
   41  742  262  -156.4810   112.7441   -21.3280
   42  741  262  -156.4817   112.7436   -21.3281
   43  744  262  -156.4793   112.7421   -21.3278
   44  741  263  -156.4825   112.7477   -21.3277
   45  740  263  -156.4828   112.7459   -21.3276
   46  739  263  -156.4843   112.7502   -21.3280
   47  737  264  -156.4875   112.7599   -21.3281
   48  736  264  -156.4883   112.7607   -21.3282
   49  735  264  -156.4883   112.7561   -21.3280
   50  734  264  -156.4877   112.7491   -21.3276
   51  738  264  -156.4864   112.7576   -21.3278
   52  734  265  -156.4892   112.7572   -21.3275
   53  733  265  -156.4909   112.7631   -21.3279
   54  731  265  -156.4913   112.7567   -21.3276
   55  731  266  -156.4922   112.7620   -21.3273
   56  729  267  -156.4945   112.7666   -21.3270
   57  730  267  -156.4945   112.7705   -21.3272
   58  727  268  -156.4950   112.7604   -21.3260
   59  726  268  -156.4960   112.7621   -21.3262
   60  725  268  -156.4961   112.7589   -21.3261
   61  728  268  -156.4957   112.7690   -21.3265
   62  724  269  -156.4983   112.7670   -21.3259
   63  723  269  -156.4989   112.7665   -21.3260
   64  722  269  -156.4986   112.7603   -21.3256
   65  721  269  -156.5008   112.7692   -21.3263
   66  720  270  -156.5031   112.7781   -21.3262
   67  719  270  -156.5038   112.7779   -21.3262
   68  721  270  -156.5024   112.7781   -21.3261

    1  1022  272  -156.2883   112.7812   -21.3023
    2  1023  272  -156.2878   112.7823   -21.3023
    3  1022  273  -156.2880   112.7793   -21.3015
    4  1021  273  -156.2859   112.7652   -21.3007
    5  1020  273  -156.2877   112.7707   -21.3011
    6  1019  273  -156.2900   112.7789   -21.3017
    7  1018  273  -156.2928   112.7892   -21.3024
    8  1017  274  -156.2899   112.7706   -21.3006
    9  1016  274  -156.2901   112.7677   -21.3006
   10  1015  274  -156.2914   112.7711   -21.3009
   11  1018  274  -156.2900   112.7746   -21.3008
   12  1014  275  -156.2906   112.7629   -21.2997
   13  1013  275  -156.2914   112.7630   -21.2998
   14  1012  275  -156.2903   112.7536   -21.2993
   15  1010  276  -156.2961   112.7757   -21.3001
   16  1011  276  -156.2928   112.7629   -21.2992
   17  1009  277  -156.2959   112.7711   -21.2992
   18  1008  277  -156.2956   112.7657   -21.2989
   19  1007  277  -156.2979   112.7740   -21.2995
   20  1006  277  -156.2975   112.7680   -21.2991
   21  1005  278  -156.2995   112.7742   -21.2989
   22  1006  278  -156.2975   112.7677   -21.2984
   23  1004  279  -156.3002   112.7739   -21.2983
   24  1003  279  -156.3005   112.7717   -21.2983
   25  1002  279  -156.3011   112.7711   -21.2983
   26  1001  280  -156.3000   112.7614   -21.2971
   27  1000  280  -156.3010   112.7631   -21.2972
   28   999  280  -156.3013   112.7606   -21.2972
   29  1002  280  -156.3014   112.7725   -21.2977
   30   999  281  -156.3020   112.7638   -21.2966
   31   998  281  -156.3016   112.7581   -21.2964
   32   997  281  -156.3024   112.7589   -21.2965
   33   996  281  -156.3027   112.7565   -21.2965
   34   995  281  -156.3029   112.7537   -21.2963
   35   995  282  -156.3047   112.7630   -21.2962
   36   994  282  -156.3045   112.7582   -21.2960
   37   993  283  -156.3066   112.7653   -21.2958
   38   994  283  -156.3059   112.7651   -21.2957
   39   993  284  -156.3064   112.7635   -21.2951
   40   992  285  -156.3105   112.7810   -21.2955
   41   991  285  -156.3098   112.7737   -21.2952
   42   990  286  -156.3115   112.7785   -21.2948
   43   991  286  -156.3101   112.7748   -21.2945
   44   989  287  -156.3129   112.7816   -21.2944
   45   990  287  -156.3120   112.7806   -21.2942

    1  1013  271  -156.2935   112.7751   -21.3034
    2  1012  271  -156.2926   112.7672   -21.3030
    3  1011  271  -156.2953   112.7774   -21.3037
    4  1014  271  -156.2939   112.7813   -21.3037
    5  1011  272  -156.2933   112.7666   -21.3023
    6  1010  272  -156.2934   112.7636   -21.3021
    7  1009  272  -156.2944   112.7648   -21.3023
    8  1008  272  -156.2969   112.7743   -21.3030
    9  1007  272  -156.2968   112.7698   -21.3028
   10  1006  272  -156.2965   112.7647   -21.3026
   11  1005  273  -156.2976   112.7661   -21.3020
   12  1004  273  -156.2973   112.7608   -21.3018
   13  1003  273  -156.2990   112.7661   -21.3021
   14  1002  273  -156.2987   112.7609   -21.3019
   15  1006  273  -156.2973   112.7685   -21.3021
   16  1002  274  -156.2993   112.7638   -21.3014
   17  1001  274  -156.2995   112.7607   -21.3012
   18  1000  274  -156.2995   112.7571   -21.3011
   19   999  275  -156.3000   112.7555   -21.3004
   20  1000  275  -156.2999   112.7587   -21.3005
   21   998  276  -156.3008   112.7559   -21.2998
   22   997  277  -156.3017   112.7563   -21.2992
   23   996  277  -156.3020   112.7541   -21.2991
   24   995  277  -156.3022   112.7516   -21.2990
   25   994  277  -156.3028   112.7508   -21.2991
   26   993  278  -156.3034   112.7501   -21.2984
   27   994  278  -156.3034   112.7536   -21.2985
   28   993  279  -156.3041   112.7532   -21.2979
   29   992  279  -156.3047   112.7530   -21.2979
   30   991  279  -156.3059   112.7551   -21.2981
   31   989  280  -156.3087   112.7618   -21.2980
   32   990  280  -156.3069   112.7563   -21.2976
   33   989  281  -156.3088   112.7620   -21.2974
   34   987  282  -156.3105   112.7631   -21.2969
   35   988  282  -156.3096   112.7626   -21.2968
   36   987  283  -156.3110   112.7654   -21.2964

    1  1029  171  -156.2175   112.4785   -21.3559
    2  1028  171  -156.2193   112.4842   -21.3563
    3  1030  171  -156.2182   112.4858   -21.3563
    4  1028  172  -156.2184   112.4788   -21.3553
    5  1027  172  -156.2186   112.4761   -21.3552
    6  1026  172  -156.2202   112.4808   -21.3556
    7  1025  172  -156.2206   112.4791   -21.3555
    8  1024  172  -156.2209   112.4769   -21.3555
    9  1023  172  -156.2211   112.4741   -21.3554
   10  1022  172  -156.2206   112.4677   -21.3551
   11  1021  173  -156.2220   112.4706   -21.3546
   12  1022  173  -156.2215   112.4720   -21.3546
   13  1020  174  -156.2242   112.4777   -21.3544
   14  1019  174  -156.2238   112.4717   -21.3541
   15  1018  174  -156.2240   112.4693   -21.3541
   16  1017  174  -156.2249   112.4701   -21.3542
   17  1015  174  -156.2259   112.4676   -21.3542
   18  1016  174  -156.2249   112.4661   -21.3540
   19  1013  175  -156.2279   112.4701   -21.3538
   20  1012  175  -156.2283   112.4684   -21.3537
   21  1011  175  -156.2298   112.4721   -21.3540
   22  1010  175  -156.2296   112.4674   -21.3538
   23  1014  175  -156.2277   112.4727   -21.3538
   24  1008  176  -156.2305   112.4639   -21.3530
   25  1009  176  -156.2307   112.4688   -21.3533
   26  1008  177  -156.2309   112.4658   -21.3524
   27  1007  177  -156.2317   112.4660   -21.3525
   28  1006  177  -156.2318   112.4627   -21.3524
   29  1005  178  -156.2326   112.4625   -21.3518
   30  1006  178  -156.2325   112.4657   -21.3518
   31  1003  179  -156.2341   112.4622   -21.3512
   32  1004  179  -156.2335   112.4632   -21.3511
   33  1002  180  -156.2346   112.4610   -21.3505
   34  1003  180  -156.2347   112.4655   -21.3506

    1  572  474  -156.7108   113.3367   -21.2358
    2  573  474  -156.7097   113.3341   -21.2356
    3  571  475  -156.7118   113.3385   -21.2354
    4  570  475  -156.7126   113.3389   -21.2355
    5  569  475  -156.7139   113.3429   -21.2359
    6  572  475  -156.7112   113.3387   -21.2353
    7  569  476  -156.7147   113.3480   -21.2356
    8  568  476  -156.7160   113.3518   -21.2359
    9  567  476  -156.7171   113.3545   -21.2362
   10  566  476  -156.7178   113.3551   -21.2363
   11  565  476  -156.7175   113.3488   -21.2359
   12  563  477  -156.7203   113.3574   -21.2360
   13  564  477  -156.7195   113.3570   -21.2359
   14  562  478  -156.7202   113.3522   -21.2350
   15  561  478  -156.7204   113.3491   -21.2349
   16  559  479  -156.7223   113.3522   -21.2346
   17  558  479  -156.7229   113.3519   -21.2347
   18  557  479  -156.7238   113.3533   -21.2348
   19  556  479  -156.7250   113.3570   -21.2352
   20  555  479  -156.7256   113.3567   -21.2352
   21  560  479  -156.7214   113.3511   -21.2344
   22  555  480  -156.7259   113.3582   -21.2347
   23  553  480  -156.7279   113.3624   -21.2351
   24  552  481  -156.7288   113.3636   -21.2346
   25  551  481  -156.7294   113.3627   -21.2346
   26  550  481  -156.7288   113.3552   -21.2342
   27  553  481  -156.7282   113.3638   -21.2346
   28  549  482  -156.7294   113.3538   -21.2335
   29  548  482  -156.7293   113.3492   -21.2332
   30  546  483  -156.7308   113.3498   -21.2327
   31  547  483  -156.7302   113.3501   -21.2327
   32  546  484  -156.7308   113.3495   -21.2320
   33  545  484  -156.7312   113.3476   -21.2320
   34  544  484  -156.7317   113.3468   -21.2320
   35  543  484  -156.7323   113.3459   -21.2319
   36  542  484  -156.7323   113.3421   -21.2317
   37  541  484  -156.7329   113.3415   -21.2318
   38  540  484  -156.7334   113.3405   -21.2317
   39  539  485  -156.7350   113.3458   -21.2315
   40  538  485  -156.7320   113.3227   -21.2299
   41  537  485  -156.7342   113.3325   -21.2307
   42  536  485  -156.7335   113.3235   -21.2300
   43  535  485  -156.7358   113.3339   -21.2309
   44  534  485  -156.7360   113.3309   -21.2307
   45  533  485  -156.7385   113.3427   -21.2317
   46  532  485  -156.7391   113.3425   -21.2317
   47  531  485  -156.7414   113.3529   -21.2326
   48  529  486  -156.7452   113.3684   -21.2334
   49  528  486  -156.7461   113.3697   -21.2336
   50  530  486  -156.7431   113.3588   -21.2325
   51  527  487  -156.7469   113.3707   -21.2330
   52  526  487  -156.7476   113.3707   -21.2331
   53  525  487  -156.7478   113.3678   -21.2329
   54  528  487  -156.7463   113.3707   -21.2330
   55  525  488  -156.7480   113.3684   -21.2323
