; ENVI Output of ROIs (5.4) [Tue Aug 06 13:22:11 2019]
; Number of ROIs: 6
; File Dimension: 1328 x 1184
;
; ROI name: Region #1
; ROI rgb value: {255, 0, 0}
; ROI npts: 65
;
; ROI name: Region #2
; ROI rgb value: {0, 255, 0}
; ROI npts: 91
;
; ROI name: Region #3
; ROI rgb value: {0, 0, 255}
; ROI npts: 131
;
; ROI name: Region #4
; ROI rgb value: {255, 255, 0}
; ROI npts: 98
;
; ROI name: Region #5
; ROI rgb value: {0, 255, 255}
; ROI npts: 134
;
; ROI name: Region #6
; ROI rgb value: {255, 0, 255}
; ROI npts: 88
;  ID    X    Y         B1         B2         B3
    1  602  304  -156.2571   114.4008   -20.8575
    2  603  304  -156.2565   114.4007   -20.8574
    3  604  304  -156.2559   114.4010   -20.8574
    4  605  304  -156.2551   114.3999   -20.8571
    5  606  304  -156.2538   114.3972   -20.8567
    6  607  304  -156.2527   114.3952   -20.8563
    7  608  304  -156.2529   114.3983   -20.8567
    8  609  304  -156.2518   114.3963   -20.8563
    9  610  304  -156.2520   114.3998   -20.8566
   10  612  305  -156.2518   114.4035   -20.8563
   11  613  305  -156.2511   114.4031   -20.8562
   12  611  305  -156.2522   114.4026   -20.8563
   13  614  306  -156.2509   114.4046   -20.8557
   14  615  306  -156.2500   114.4035   -20.8555
   15  616  306  -156.2489   114.4015   -20.8551
   16  617  306  -156.2483   114.4015   -20.8551
   17  618  306  -156.2478   114.4020   -20.8551
   18  619  307  -156.2495   114.4112   -20.8557
   19  620  307  -156.2484   114.4095   -20.8554
   20  621  307  -156.2483   114.4115   -20.8556
   21  622  307  -156.2479   114.4122   -20.8556
   22  623  307  -156.2476   114.4135   -20.8557
   23  624  307  -156.2463   114.4108   -20.8553
   24  618  307  -156.2490   114.4069   -20.8552
   25  624  308  -156.2470   114.4134   -20.8550
   26  626  308  -156.2460   114.4144   -20.8550
   27  627  308  -156.2457   114.4157   -20.8551
   28  628  308  -156.2451   114.4157   -20.8550
   29  629  308  -156.2446   114.4161   -20.8550
   30  630  308  -156.2433   114.4131   -20.8545
   31  631  308  -156.2424   114.4117   -20.8542
   32  632  308  -156.2421   114.4131   -20.8544
   33  633  308  -156.2409   114.4109   -20.8540
   34  635  309  -156.2400   114.4119   -20.8533
   35  636  309  -156.2391   114.4107   -20.8531
   36  637  309  -156.2389   114.4121   -20.8532
   37  639  309  -156.2381   114.4139   -20.8533
   38  640  309  -156.2379   114.4155   -20.8534
   39  641  309  -156.2375   114.4165   -20.8535
   40  634  309  -156.2409   114.4129   -20.8536
   41  641  310  -156.2389   114.4219   -20.8536
   42  642  310  -156.2373   114.4180   -20.8530
   43  643  310  -156.2363   114.4164   -20.8527
   44  644  310  -156.2348   114.4126   -20.8521
   45  645  310  -156.2343   114.4131   -20.8521
   46  646  310  -156.2340   114.4142   -20.8522
   47  647  310  -156.2335   114.4146   -20.8521
   48  648  310  -156.2332   114.4163   -20.8523
   49  649  310  -156.2327   114.4166   -20.8523
   50  650  310  -156.2326   114.4187   -20.8525
   51  651  310  -156.2319   114.4182   -20.8523
   52  652  310  -156.2301   114.4135   -20.8516
   53  653  310  -156.2295   114.4134   -20.8515
   54  654  310  -156.2294   114.4155   -20.8517
   55  655  310  -156.2290   114.4161   -20.8517
   56  655  311  -156.2298   114.4191   -20.8515
   57  656  311  -156.2284   114.4162   -20.8511
   58  657  311  -156.2272   114.4136   -20.8506
   59  658  311  -156.2271   114.4159   -20.8509
   60  659  311  -156.2266   114.4161   -20.8508
   61  660  311  -156.2247   114.4108   -20.8500
   62  661  311  -156.2239   114.4101   -20.8499
   63  662  311  -156.2229   114.4084   -20.8495
   64  663  311  -156.2222   114.4081   -20.8494
   65  664  311  -156.2216   114.4081   -20.8493

    1  680  312  -156.2151   114.4213   -20.8491
    2  681  312  -156.2147   114.4219   -20.8491
    3  682  312  -156.2141   114.4219   -20.8490
    4  683  312  -156.2135   114.4220   -20.8490
    5  684  312  -156.2129   114.4221   -20.8489
    6  685  312  -156.2127   114.4235   -20.8490
    7  686  312  -156.2118   114.4226   -20.8488
    8  687  312  -156.2108   114.4209   -20.8485
    9  688  312  -156.2105   114.4220   -20.8486
   10  689  312  -156.2112   114.4276   -20.8492
   11  690  312  -156.2105   114.4272   -20.8491
   12  691  312  -156.2099   114.4273   -20.8490
   13  692  312  -156.2090   114.4259   -20.8488
   14  724  312  -156.1928   114.4390   -20.8478
   15  723  312  -156.1934   114.4389   -20.8478
   16  722  312  -156.1925   114.4330   -20.8472
   17  726  312  -156.1924   114.4424   -20.8481
   18  727  312  -156.1918   114.4421   -20.8480
   19  725  312  -156.1929   114.4420   -20.8481
   20  728  312  -156.1910   114.4415   -20.8478
   21  730  312  -156.1894   114.4400   -20.8474
   22  729  312  -156.1901   114.4405   -20.8476
   23  730  313  -156.1905   114.4440   -20.8474
   24  773  313  -156.1575   114.4170   -20.8401
   25  774  313  -156.1580   114.4213   -20.8406
   26  716  313  -156.1969   114.4358   -20.8475
   27  717  313  -156.1971   114.4390   -20.8478
   28  718  313  -156.1966   114.4395   -20.8478
   29  719  313  -156.1955   114.4374   -20.8474
   30  720  313  -156.1944   114.4352   -20.8471
   31  721  313  -156.1942   114.4372   -20.8472
   32  722  313  -156.1922   114.4314   -20.8464
   33  775  313  -156.1584   114.4252   -20.8411
   34  706  313  -156.2028   114.4352   -20.8482
   35  705  313  -156.2038   114.4367   -20.8485
   36  776  313  -156.1583   114.4275   -20.8413
   37  716  314  -156.1965   114.4338   -20.8466
   38  715  314  -156.1978   114.4365   -20.8470
   39  714  314  -156.1984   114.4368   -20.8472
   40  713  314  -156.1986   114.4351   -20.8470
   41  712  314  -156.1996   114.4364   -20.8473
   42  711  314  -156.2003   114.4370   -20.8474
   43  731  314  -156.1899   114.4441   -20.8467
   44  732  314  -156.1892   114.4437   -20.8466
   45  733  314  -156.1891   114.4456   -20.8468
   46  710  314  -156.2006   114.4357   -20.8473
   47  707  314  -156.2022   114.4348   -20.8475
   48  708  314  -156.2019   114.4360   -20.8475
   49  709  314  -156.2014   114.4367   -20.8476
   50  772  314  -156.1588   114.4195   -20.8399
   51  771  314  -156.1572   114.4104   -20.8387
   52  770  314  -156.1557   114.4022   -20.8377
   53  769  314  -156.1615   114.4229   -20.8406
   54  768  314  -156.1624   114.4238   -20.8408
   55  767  314  -156.1556   114.3946   -20.8369
   56  766  314  -156.1530   114.3817   -20.8352
   57  765  314  -156.1601   114.4074   -20.8388
   58  764  314  -156.1570   114.3930   -20.8369
   59  763  314  -156.1562   114.3871   -20.8362
   60  762  314  -156.1623   114.4090   -20.8393
   61  761  314  -156.1556   114.3800   -20.8354
   62  760  314  -156.1572   114.3840   -20.8360
   63  759  314  -156.1545   114.3708   -20.8342
   64  734  314  -156.1884   114.4452   -20.8466
   65  758  314  -156.1596   114.3886   -20.8368
   66  757  314  -156.1558   114.3710   -20.8344
   67  756  314  -156.1598   114.3844   -20.8364
   68  753  314  -156.1639   114.3936   -20.8379
   69  754  314  -156.1694   114.4177   -20.8412
   70  755  314  -156.1632   114.3957   -20.8380
   71  753  315  -156.1640   114.3934   -20.8372
   72  752  315  -156.1751   114.4356   -20.8432
   73  751  315  -156.1713   114.4181   -20.8408
   74  749  315  -156.1657   114.3906   -20.8372
   75  748  315  -156.1706   114.4078   -20.8396
   76  734  315  -156.1897   114.4500   -20.8466
   77  735  315  -156.1879   114.4453   -20.8459
   78  736  315  -156.1884   114.4499   -20.8465
   79  750  315  -156.1641   114.3867   -20.8366
   80  744  316  -156.1773   114.4246   -20.8417
   81  745  316  -156.1739   114.4133   -20.8400
   82  742  316  -156.1812   114.4352   -20.8433
   83  741  316  -156.1795   114.4259   -20.8422
   84  740  316  -156.1805   114.4276   -20.8425
   85  739  316  -156.1841   114.4398   -20.8442
   86  738  316  -156.1842   114.4376   -20.8441
   87  737  316  -156.1888   114.4536   -20.8463
   88  746  316  -156.1742   114.4170   -20.8405
   89  747  316  -156.1728   114.4138   -20.8399
   90  748  316  -156.1679   114.3967   -20.8375
   91  743  316  -156.1774   114.4226   -20.8415

     1  550  124  -156.2174   114.1502   -20.9383
     2  551  124  -156.2162   114.1480   -20.9379
     3  549  125  -156.2188   114.1530   -20.9381
     4  548  125  -156.2192   114.1522   -20.9381
     5  547  125  -156.2184   114.1463   -20.9375
     6  546  125  -156.2195   114.1483   -20.9378
     7  545  125  -156.2207   114.1508   -20.9382
     8  544  125  -156.2220   114.1535   -20.9386
     9  543  125  -156.2218   114.1501   -20.9383
    16  536  125  -156.2254   114.1467   -20.9385
    17  535  125  -156.2260   114.1467   -20.9385
    18  534  125  -156.2278   114.1517   -20.9392
    19  533  125  -156.2272   114.1465   -20.9387
    20  532  125  -156.2326   114.1666   -20.9412
    21  531  125  -156.2327   114.1646   -20.9410
    22  530  125  -156.2321   114.1595   -20.9405
    23  529  125  -156.2345   114.1670   -20.9415
    24  528  125  -156.2305   114.1471   -20.9392
    25  527  125  -156.2324   114.1526   -20.9399
    26  526  125  -156.2330   114.1526   -20.9400
    27  525  125  -156.2355   114.1606   -20.9411
    28  522  125  -156.2382   114.1640   -20.9417
    29  521  125  -156.2384   114.1625   -20.9416
    30  520  125  -156.2397   114.1651   -20.9420
    31  518  125  -156.2328   114.1304   -20.9380
    32  514  125  -156.2405   114.1526   -20.9410
    33  513  125  -156.2441   114.1653   -20.9426
    34  512  125  -156.2437   114.1608   -20.9422
    35  511  125  -156.2433   114.1565   -20.9417
    36  509  125  -156.2468   114.1664   -20.9430
    37  508  125  -156.2465   114.1622   -20.9427
    38  507  125  -156.2494   114.1721   -20.9439
    39  506  125  -156.2480   114.1635   -20.9429
    40  505  125  -156.2369   114.1132   -20.9370
    41  504  125  -156.2409   114.1276   -20.9388
    42  503  125  -156.2444   114.1397   -20.9404
    43  502  125  -156.2474   114.1502   -20.9417
    44  501  125  -156.2487   114.1528   -20.9421
    45  499  125  -156.2507   114.1565   -20.9427
    46  498  125  -156.2519   114.1586   -20.9430
    47  496  125  -156.2523   114.1551   -20.9428
    48  495  125  -156.2527   114.1540   -20.9427
    49  494  125  -156.2523   114.1497   -20.9423
    50  492  125  -156.2534   114.1493   -20.9424
    51  477  125  -156.2609   114.1411   -20.9427
    52  478  125  -156.2610   114.1444   -20.9430
    53  480  125  -156.2623   114.1553   -20.9441
    54  481  125  -156.2616   114.1548   -20.9440
    55  482  125  -156.2597   114.1493   -20.9432
    56  483  125  -156.2591   114.1495   -20.9432
    57  476  125  -156.2613   114.1402   -20.9427
    58  487  126  -156.2553   114.1434   -20.9415
    59  488  126  -156.2546   114.1431   -20.9414
    60  489  126  -156.2541   114.1437   -20.9414
    61  490  126  -156.2538   114.1450   -20.9414
    62  486  126  -156.2566   114.1465   -20.9420
    63  485  126  -156.2580   114.1497   -20.9424
    64  475  126  -156.2616   114.1385   -20.9419
    65  474  126  -156.2642   114.1470   -20.9430
    66  473  126  -156.2637   114.1421   -20.9425
    67  471  127  -156.2660   114.1465   -20.9426
    68  472  127  -156.2666   114.1519   -20.9432
    69  470  128  -156.2691   114.1571   -20.9434
    70  468  128  -156.2678   114.1457   -20.9421
    71  471  128  -156.2691   114.1598   -20.9436
    72  467  129  -156.2700   114.1524   -20.9424
    73  466  129  -156.2746   114.1696   -20.9446
    74  468  129  -156.2669   114.1417   -20.9410
    75  465  130  -156.2634   114.1179   -20.9377
    76  464  130  -156.2654   114.1240   -20.9386
    77  463  130  -156.2724   114.1519   -20.9421
    78  461  130  -156.2740   114.1535   -20.9425
    79  460  130  -156.2718   114.1411   -20.9410
    80  459  130  -156.2714   114.1364   -20.9406
    81  458  130  -156.2733   114.1418   -20.9413
    82  457  130  -156.2719   114.1332   -20.9403
    83  456  130  -156.2717   114.1294   -20.9400
    84  453  130  -156.2758   114.1395   -20.9414
    85  452  130  -156.2785   114.1485   -20.9426
    86  451  130  -156.2809   114.1564   -20.9436
    87  450  130  -156.2817   114.1571   -20.9438
    88  449  130  -156.2822   114.1563   -20.9438
    89  448  130  -156.2834   114.1590   -20.9442
    90  447  130  -156.2854   114.1651   -20.9450
    91  445  130  -156.2850   114.1578   -20.9443
    92  444  130  -156.2857   114.1580   -20.9444
    93  443  130  -156.2868   114.1603   -20.9447
    94  442  130  -156.2880   114.1628   -20.9451
    95  426  130  -156.2982   114.1640   -20.9466
    96  427  130  -156.2980   114.1657   -20.9467
    97  428  130  -156.2978   114.1678   -20.9468
    98  429  130  -156.2964   114.1642   -20.9463
    99  425  130  -156.2984   114.1621   -20.9464
   100  434  131  -156.2939   114.1667   -20.9456
   101  433  131  -156.2953   114.1700   -20.9461
   102  432  131  -156.2957   114.1690   -20.9461
   103  431  131  -156.2957   114.1665   -20.9458
   104  436  131  -156.2926   114.1662   -20.9454
   105  437  131  -156.2922   114.1671   -20.9454
   106  440  131  -156.2897   114.1647   -20.9449
   107  441  131  -156.2900   114.1687   -20.9453
   108  435  131  -156.2936   114.1682   -20.9457
   109  423  131  -156.3002   114.1644   -20.9462
   110  421  131  -156.3017   114.1656   -20.9466
   111  420  131  -156.3021   114.1644   -20.9465
   112  419  131  -156.3037   114.1689   -20.9471
   113  418  131  -156.3038   114.1665   -20.9469
   114  417  131  -156.3056   114.1718   -20.9476
   115  416  131  -156.3063   114.1719   -20.9477
   116  415  131  -156.3066   114.1708   -20.9477
   117  414  131  -156.3066   114.1678   -20.9474
   118  414  132  -156.3061   114.1655   -20.9465
   119  413  132  -156.3052   114.1587   -20.9458
   120  412  132  -156.3062   114.1604   -20.9461
   121  411  132  -156.3078   114.1646   -20.9466
   122  410  132  -156.3099   114.1712   -20.9475
   123  409  132  -156.3098   114.1681   -20.9472
   124  408  132  -156.3097   114.1647   -20.9469
   125  407  132  -156.3107   114.1667   -20.9472
   126  406  132  -156.3107   114.1638   -20.9470
   127  405  132  -156.3118   114.1659   -20.9473
   128  404  132  -156.3140   114.1730   -20.9483
   129  403  132  -156.3137   114.1689   -20.9478
   130  401  132  -156.3153   114.1705   -20.9482
   131  400  132  -156.3157   114.1694   -20.9482

    1  578  68  -156.1797   114.0816   -20.9621
    2  576  69  -156.1806   114.0800   -20.9614
    4  577  69  -156.1803   114.0813   -20.9615
    7  572  70  -156.1796   114.0648   -20.9593
    8  571  70  -156.1772   114.0523   -20.9580
    9  570  70  -156.1814   114.0671   -20.9597
   10  568  71  -156.1861   114.0815   -20.9611
   11  567  71  -156.1857   114.0770   -20.9606
   12  565  71  -156.1870   114.0773   -20.9608
   13  564  71  -156.1861   114.0708   -20.9601
   14  563  71  -156.1864   114.0695   -20.9600
   15  562  71  -156.1868   114.0681   -20.9599
   16  561  71  -156.1882   114.0715   -20.9604
   17  560  71  -156.1888   114.0715   -20.9605
   18  559  71  -156.1900   114.0737   -20.9609
   19  558  72  -156.1910   114.0752   -20.9605
   20  557  72  -156.1924   114.0782   -20.9610
   21  556  72  -156.1933   114.0798   -20.9612
   22  554  73  -156.1946   114.0793   -20.9607
   23  553  73  -156.1942   114.0750   -20.9603
   24  555  73  -156.1943   114.0809   -20.9608
   25  552  74  -156.1967   114.0825   -20.9606
   26  551  74  -156.1962   114.0779   -20.9601
   27  553  74  -156.1943   114.0750   -20.9596
   28  548  75  -156.1982   114.0780   -20.9598
   29  550  75  -156.1966   114.0765   -20.9595
   30  546  76  -156.1980   114.0717   -20.9586
   31  544  76  -156.2024   114.0849   -20.9604
   32  538  76  -156.2065   114.0860   -20.9610
   33  537  76  -156.2075   114.0878   -20.9613
   34  536  76  -156.2070   114.0829   -20.9608
   35  534  76  -156.2072   114.0786   -20.9604
   36  533  76  -156.2083   114.0803   -20.9607
   37  532  76  -156.2090   114.0810   -20.9609
   38  531  77  -156.2107   114.0852   -20.9608
   39  530  77  -156.2108   114.0826   -20.9606
   40  529  77  -156.2116   114.0836   -20.9608
   41  527  77  -156.2141   114.0888   -20.9616
   42  504  77  -156.2314   114.1010   -20.9650
   43  505  77  -156.2303   114.0991   -20.9647
   44  506  77  -156.2283   114.0932   -20.9639
   45  508  77  -156.2284   114.0991   -20.9644
   46  509  77  -156.2265   114.0935   -20.9637
   47  511  77  -156.2267   114.0996   -20.9642
   48  512  77  -156.2278   114.1071   -20.9650
   49  513  77  -156.2267   114.1049   -20.9647
   50  518  77  -156.2206   114.0925   -20.9628
   51  520  77  -156.2178   114.0860   -20.9618
   52  526  77  -156.2148   114.0890   -20.9617
   53  525  77  -156.2159   114.0911   -20.9621
   54  523  78  -156.2160   114.0859   -20.9610
   55  524  78  -156.2164   114.0905   -20.9614
   56  522  78  -156.2158   114.0825   -20.9606
   57  521  78  -156.2167   114.0835   -20.9608
   58  503  78  -156.2346   114.1119   -20.9657
   59  501  78  -156.2363   114.1139   -20.9661
   60  500  78  -156.2354   114.1074   -20.9654
   61  499  78  -156.2358   114.1062   -20.9654
   62  498  78  -156.2353   114.1015   -20.9649
   63  497  78  -156.2347   114.0963   -20.9644
   64  496  78  -156.2348   114.0941   -20.9642
   65  496  79  -156.2346   114.0926   -20.9634
   66  495  79  -156.2356   114.0944   -20.9637
   67  494  79  -156.2352   114.0901   -20.9633
   68  493  79  -156.2360   114.0907   -20.9634
   69  492  79  -156.2355   114.0859   -20.9630
   70  491  79  -156.2359   114.0848   -20.9629
   71  490  79  -156.2358   114.0816   -20.9626
   72  489  79  -156.2371   114.0844   -20.9630
   73  485  79  -156.2400   114.0863   -20.9636
   74  484  79  -156.2405   114.0857   -20.9636
   75  483  79  -156.2419   114.0888   -20.9640
   76  482  79  -156.2425   114.0889   -20.9641
   77  481  79  -156.2433   114.0897   -20.9643
   78  480  80  -156.2449   114.0937   -20.9642
   79  479  80  -156.2450   114.0914   -20.9641
   80  478  80  -156.2446   114.0869   -20.9636
   81  477  80  -156.2451   114.0861   -20.9636
   82  481  80  -156.2445   114.0943   -20.9642
   83  477  81  -156.2455   114.0879   -20.9632
   84  476  81  -156.2459   114.0868   -20.9632
   85  475  81  -156.2461   114.0848   -20.9630
   86  474  81  -156.2471   114.0867   -20.9633
   87  473  81  -156.2478   114.0867   -20.9634
   88  472  81  -156.2491   114.0898   -20.9638
   89  471  81  -156.2492   114.0875   -20.9637
   90  470  81  -156.2488   114.0828   -20.9632
   91  468  81  -156.2502   114.0834   -20.9634
   92  467  82  -156.2504   114.0816   -20.9628
   93  466  82  -156.2506   114.0794   -20.9626
   94  464  82  -156.2514   114.0775   -20.9625
   95  463  82  -156.2510   114.0732   -20.9621
   96  461  82  -156.2519   114.0717   -20.9621
   97  460  82  -156.2528   114.0727   -20.9623
   98  468  82  -156.2496   114.0809   -20.9626

     1  564  155  -156.2196   114.1873   -20.9227
     2  563  155  -156.2208   114.1899   -20.9231
     3  556  155  -156.2258   114.1924   -20.9241
     4  557  155  -156.2252   114.1928   -20.9240
     5  558  155  -156.2246   114.1928   -20.9239
     6  555  155  -156.2263   114.1920   -20.9241
     7  559  155  -156.2237   114.1914   -20.9237
     8  561  156  -156.2226   114.1917   -20.9229
     9  562  156  -156.2215   114.1897   -20.9226
    10  559  156  -156.2242   114.1933   -20.9233
    11  560  156  -156.2232   114.1919   -20.9230
    12  554  156  -156.2272   114.1930   -20.9237
    13  553  156  -156.2271   114.1901   -20.9235
    14  552  156  -156.2285   114.1930   -20.9239
    15  551  156  -156.2282   114.1892   -20.9235
    16  550  156  -156.2290   114.1902   -20.9237
    17  549  157  -156.2309   114.1951   -20.9238
    18  550  157  -156.2295   114.1918   -20.9233
    19  546  158  -156.2339   114.1998   -20.9241
    20  545  158  -156.2353   114.2031   -20.9246
    21  544  158  -156.2355   114.2015   -20.9245
    22  543  158  -156.2353   114.1979   -20.9241
    23  542  158  -156.2347   114.1925   -20.9235
    24  547  158  -156.2327   114.1974   -20.9237
    25  541  159  -156.2349   114.1904   -20.9227
    26  539  159  -156.2355   114.1878   -20.9226
    27  538  159  -156.2372   114.1921   -20.9232
    28  537  159  -156.2372   114.1896   -20.9230
    29  536  159  -156.2389   114.1942   -20.9236
    30  535  159  -156.2389   114.1918   -20.9234
    31  534  159  -156.2408   114.1970   -20.9241
    32  533  159  -156.2412   114.1963   -20.9241
    33  532  159  -156.2431   114.2015   -20.9248
    34  531  159  -156.2434   114.2003   -20.9248
    35  528  159  -156.2470   114.2077   -20.9259
    36  527  159  -156.2479   114.2089   -20.9261
    37  526  159  -156.2472   114.2032   -20.9255
    38  523  160  -156.2500   114.2071   -20.9256
    39  522  160  -156.2505   114.2066   -20.9257
    40  521  160  -156.2511   114.2063   -20.9257
    41  520  160  -156.2520   114.2076   -20.9259
    42  519  160  -156.2514   114.2025   -20.9254
    43  524  160  -156.2492   114.2062   -20.9255
    44  518  161  -156.2538   114.2094   -20.9257
    45  517  161  -156.2540   114.2079   -20.9256
    46  516  161  -156.2533   114.2020   -20.9250
    47  515  161  -156.2541   114.2028   -20.9252
    48  513  161  -156.2562   114.2066   -20.9258
    49  514  161  -156.2544   114.2016   -20.9251
    50  506  162  -156.2597   114.2028   -20.9253
    51  510  162  -156.2575   114.2039   -20.9251
    52  512  162  -156.2558   114.2021   -20.9247
    53  507  162  -156.2590   114.2026   -20.9252
    54  509  162  -156.2585   114.2057   -20.9254
    55  508  162  -156.2582   114.2016   -20.9250
    56  477  163  -156.2794   114.2101   -20.9280
    57  476  163  -156.2798   114.2089   -20.9279
    58  475  163  -156.2802   114.2079   -20.9279
    59  473  163  -156.2807   114.2050   -20.9277
    60  472  163  -156.2812   114.2042   -20.9277
    61  470  163  -156.2834   114.2085   -20.9284
    62  474  163  -156.2805   114.2066   -20.9278
    63  478  163  -156.2784   114.2081   -20.9277
    64  506  163  -156.2597   114.2025   -20.9247
    65  491  163  -156.2712   114.2120   -20.9271
    66  493  163  -156.2690   114.2078   -20.9264
    67  494  163  -156.2688   114.2096   -20.9266
    68  495  163  -156.2680   114.2090   -20.9264
    69  496  163  -156.2671   114.2076   -20.9262
    70  497  163  -156.2665   114.2079   -20.9261
    71  498  163  -156.2659   114.2079   -20.9261
    72  499  163  -156.2650   114.2065   -20.9258
    73  500  163  -156.2647   114.2082   -20.9259
    74  501  163  -156.2628   114.2027   -20.9251
    75  502  163  -156.2633   114.2074   -20.9257
    76  503  163  -156.2625   114.2067   -20.9255
    77  504  163  -156.2609   114.2023   -20.9248
    78  505  163  -156.2611   114.2060   -20.9252
    79  490  164  -156.2720   114.2123   -20.9266
    80  489  164  -156.2718   114.2091   -20.9263
    81  488  164  -156.2728   114.2107   -20.9266
    82  487  164  -156.2745   114.2154   -20.9273
    83  486  164  -156.2746   114.2130   -20.9270
    84  485  164  -156.2747   114.2110   -20.9269
    85  484  164  -156.2751   114.2096   -20.9268
    86  483  164  -156.2763   114.2124   -20.9272
    87  482  164  -156.2763   114.2098   -20.9270
    88  470  164  -156.2832   114.2073   -20.9276
    89  469  164  -156.2847   114.2113   -20.9282
    90  468  164  -156.2854   114.2114   -20.9283
    91  467  164  -156.2860   114.2113   -20.9283
    92  466  164  -156.2873   114.2144   -20.9288
    93  464  165  -156.2881   114.2123   -20.9281
    94  463  165  -156.2912   114.2230   -20.9295
    95  462  165  -156.2907   114.2181   -20.9290
    96  460  165  -156.2911   114.2144   -20.9287
    97  466  165  -156.2880   114.2171   -20.9285
    98  460  166  -156.2908   114.2128   -20.9279
    99  459  166  -156.2899   114.2061   -20.9272
   100  458  166  -156.2903   114.2052   -20.9271
   101  457  166  -156.2904   114.2032   -20.9269
   102  456  166  -156.2913   114.2043   -20.9272
   103  454  166  -156.2921   114.2023   -20.9271
   104  453  166  -156.2917   114.1981   -20.9267
   105  451  166  -156.2932   114.1993   -20.9270
   106  449  166  -156.2967   114.2091   -20.9283
   107  446  166  -156.2935   114.1866   -20.9258
   108  445  166  -156.2943   114.1874   -20.9260
   109  444  166  -156.2951   114.1882   -20.9262
   110  443  166  -156.2973   114.1955   -20.9272
   111  442  166  -156.2967   114.1901   -20.9266
   112  440  167  -156.2991   114.1950   -20.9267
   113  439  167  -156.2999   114.1957   -20.9269
   114  438  167  -156.3006   114.1958   -20.9270
   115  441  167  -156.2984   114.1942   -20.9266
   116  436  168  -156.3021   114.1967   -20.9267
   117  435  168  -156.3025   114.1958   -20.9266
   118  434  168  -156.3028   114.1946   -20.9266
   119  432  168  -156.3047   114.1974   -20.9271
   120  430  168  -156.3075   114.2044   -20.9281
   121  429  168  -156.3088   114.2075   -20.9286
   122  428  168  -156.3101   114.2103   -20.9290
   123  426  169  -156.3112   114.2092   -20.9284
   124  423  169  -156.3130   114.2091   -20.9287
   125  422  169  -156.3135   114.2087   -20.9287
   126  421  169  -156.3142   114.2092   -20.9288
   127  420  169  -156.3152   114.2105   -20.9291
   128  419  169  -156.3160   114.2116   -20.9293
   129  418  169  -156.3171   114.2137   -20.9296
   130  417  169  -156.3180   114.2149   -20.9299
   131  416  170  -156.3186   114.2145   -20.9293
   132  415  170  -156.3189   114.2132   -20.9292
   133  414  170  -156.3192   114.2119   -20.9291
   134  417  170  -156.3180   114.2146   -20.9292

    1  865  1023  -156.3771   115.3195   -20.5800
    2  866  1023  -156.3750   115.3136   -20.5787
    3  867  1023  -156.3748   115.3150   -20.5789
    4  868  1023  -156.3739   115.3134   -20.5785
    5  869  1023  -156.3719   115.3077   -20.5774
    6  864  1023  -156.3781   115.3215   -20.5804
    7  869  1024  -156.3752   115.3203   -20.5792
    8  870  1024  -156.3688   115.2974   -20.5748
    9  871  1024  -156.3670   115.2925   -20.5738
   10  872  1024  -156.3657   115.2897   -20.5732
   11  873  1024  -156.3766   115.3345   -20.5816
   12  874  1025  -156.3769   115.3375   -20.5815
   13  875  1025  -156.3696   115.3111   -20.5764
   14  876  1025  -156.3679   115.3065   -20.5754
   15  873  1025  -156.3764   115.3336   -20.5808
   16  877  1026  -156.3690   115.3125   -20.5760
   17  878  1026  -156.3675   115.3087   -20.5752
   18  879  1026  -156.3644   115.2987   -20.5732
   19  880  1027  -156.3677   115.3138   -20.5755
   20  879  1027  -156.3685   115.3148   -20.5757
   21  881  1028  -156.3691   115.3212   -20.5762
   22  882  1028  -156.3690   115.3228   -20.5764
   23  883  1028  -156.3685   115.3231   -20.5764
   24  884  1028  -156.3661   115.3156   -20.5749
   25  885  1029  -156.3661   115.3178   -20.5747
   26  886  1029  -156.3668   115.3223   -20.5755
   27  884  1029  -156.3683   115.3242   -20.5760
   28  886  1030  -156.3654   115.3169   -20.5740
   29  887  1030  -156.3643   115.3145   -20.5734
   30  888  1030  -156.3630   115.3114   -20.5728
   31  889  1030  -156.3630   115.3137   -20.5731
   32  890  1030  -156.3617   115.3106   -20.5725
   33  891  1030  -156.3632   115.3189   -20.5739
   34  892  1030  -156.3616   115.3147   -20.5731
   35  895  1030  -156.3597   115.3137   -20.5726
   36  893  1030  -156.3615   115.3164   -20.5733
   37  894  1030  -156.3602   115.3134   -20.5726
   38  896  1031  -156.3610   115.3207   -20.5734
   39  895  1031  -156.3640   115.3300   -20.5752
   40  896  1032  -156.3634   115.3297   -20.5746
   41  897  1032  -156.3622   115.3272   -20.5740
   42  899  1032  -156.3605   115.3247   -20.5734
   43  898  1032  -156.3619   115.3281   -20.5741
   44  899  1033  -156.3624   115.3319   -20.5743
   45  902  1033  -156.3619   115.3362   -20.5748
   46  901  1033  -156.3640   115.3424   -20.5761
   47  900  1033  -156.3605   115.3266   -20.5732
   48  903  1034  -156.3580   115.3231   -20.5717
   49  902  1034  -156.3604   115.3303   -20.5732
   50  904  1035  -156.3585   115.3268   -20.5718
   51  905  1035  -156.3592   115.3316   -20.5726
   52  906  1035  -156.3585   115.3309   -20.5724
   53  907  1035  -156.3621   115.3472   -20.5755
   54  908  1035  -156.3589   115.3368   -20.5734
   55  909  1035  -156.3584   115.3369   -20.5733
   56  910  1035  -156.3557   115.3286   -20.5717
   57  911  1036  -156.3546   115.3263   -20.5706
   58  912  1036  -156.3539   115.3257   -20.5704
   59  910  1036  -156.3564   115.3309   -20.5716
   60  913  1037  -156.3530   115.3240   -20.5695
   61  912  1037  -156.3537   115.3247   -20.5697
   62  915  1038  -156.3527   115.3267   -20.5693
   63  916  1038  -156.3531   115.3302   -20.5699
   64  914  1038  -156.3549   115.3333   -20.5706
   65  917  1039  -156.3523   115.3291   -20.5691
   66  918  1039  -156.3521   115.3304   -20.5692
   67  919  1039  -156.3519   115.3318   -20.5694
   68  920  1039  -156.3512   115.3310   -20.5692
   69  921  1040  -156.3515   115.3342   -20.5692
   70  922  1040  -156.3515   115.3362   -20.5695
   71  920  1040  -156.3511   115.3306   -20.5686
   72  924  1041  -156.3522   115.3431   -20.5701
   73  923  1041  -156.3517   115.3390   -20.5694
   74  926  1042  -156.3528   115.3493   -20.5706
   75  927  1042  -156.3527   115.3512   -20.5709
   76  925  1042  -156.3526   115.3465   -20.5701
   77  927  1043  -156.3528   115.3513   -20.5703
   78  928  1043  -156.3521   115.3505   -20.5701
   79  929  1043  -156.3515   115.3501   -20.5700
   80  930  1043  -156.3508   115.3497   -20.5698
   81  931  1044  -156.3512   115.3531   -20.5699
   82  930  1044  -156.3509   115.3499   -20.5693
   83  933  1045  -156.3506   115.3548   -20.5695
   84  932  1045  -156.3512   115.3551   -20.5697
   85  934  1046  -156.3499   115.3541   -20.5688
   86  935  1046  -156.3490   115.3524   -20.5684
   87  933  1046  -156.3504   115.3536   -20.5688
   88  935  1047  -156.3492   115.3531   -20.5680
