; ENVI Output of ROIs (5.4) [Tue Aug 06 13:22:21 2019]
; Number of ROIs: 6
; File Dimension: 1328 x 1184
;
; ROI name: Region #1
; ROI rgb value: {255, 0, 0}
; ROI npts: 65
;
; ROI name: Region #2
; ROI rgb value: {0, 255, 0}
; ROI npts: 91
;
; ROI name: Region #3
; ROI rgb value: {0, 0, 255}
; ROI npts: 131
;
; ROI name: Region #4
; ROI rgb value: {255, 255, 0}
; ROI npts: 98
;
; ROI name: Region #5
; ROI rgb value: {0, 255, 255}
; ROI npts: 134
;
; ROI name: Region #6
; ROI rgb value: {255, 0, 255}
; ROI npts: 88
;  ID    X    Y      B1      B2      B3
    1  602  304  0.0074  0.0304  0.0044
    2  603  304  0.0074  0.0304  0.0044
    3  604  304  0.0074  0.0304  0.0044
    4  605  304  0.0074  0.0304  0.0044
    5  606  304  0.0074  0.0304  0.0044
    6  607  304  0.0074  0.0304  0.0044
    7  608  304  0.0074  0.0304  0.0044
    8  609  304  0.0074  0.0304  0.0044
    9  610  304  0.0074  0.0304  0.0044
   10  612  305  0.0074  0.0304  0.0044
   11  613  305  0.0074  0.0304  0.0044
   12  611  305  0.0074  0.0304  0.0044
   13  614  306  0.0074  0.0304  0.0044
   14  615  306  0.0074  0.0304  0.0044
   15  616  306  0.0074  0.0304  0.0044
   16  617  306  0.0074  0.0304  0.0044
   17  618  306  0.0074  0.0304  0.0044
   18  619  307  0.0074  0.0303  0.0044
   19  620  307  0.0074  0.0303  0.0044
   20  621  307  0.0074  0.0303  0.0044
   21  622  307  0.0074  0.0303  0.0044
   22  623  307  0.0074  0.0303  0.0044
   23  624  307  0.0074  0.0303  0.0044
   24  618  307  0.0074  0.0304  0.0044
   25  624  308  0.0074  0.0303  0.0044
   26  626  308  0.0074  0.0303  0.0044
   27  627  308  0.0074  0.0303  0.0044
   28  628  308  0.0074  0.0302  0.0044
   29  629  308  0.0074  0.0303  0.0044
   30  630  308  0.0074  0.0303  0.0044
   31  631  308  0.0074  0.0303  0.0044
   32  632  308  0.0074  0.0303  0.0044
   33  633  308  0.0074  0.0303  0.0044
   34  635  309  0.0074  0.0303  0.0044
   35  636  309  0.0075  0.0303  0.0044
   36  637  309  0.0074  0.0303  0.0044
   37  639  309  0.0075  0.0303  0.0044
   38  640  309  0.0074  0.0303  0.0044
   39  641  309  0.0074  0.0303  0.0044
   40  634  309  0.0074  0.0303  0.0044
   41  641  310  0.0074  0.0302  0.0044
   42  642  310  0.0074  0.0302  0.0044
   43  643  310  0.0075  0.0303  0.0044
   44  644  310  0.0075  0.0303  0.0044
   45  645  310  0.0075  0.0303  0.0044
   46  646  310  0.0075  0.0303  0.0044
   47  647  310  0.0075  0.0303  0.0044
   48  648  310  0.0075  0.0302  0.0044
   49  649  310  0.0075  0.0302  0.0044
   50  650  310  0.0075  0.0302  0.0044
   51  651  310  0.0075  0.0302  0.0044
   52  652  310  0.0075  0.0303  0.0044
   53  653  310  0.0075  0.0303  0.0044
   54  654  310  0.0075  0.0302  0.0044
   55  655  310  0.0075  0.0302  0.0044
   56  655  311  0.0075  0.0302  0.0044
   57  656  311  0.0075  0.0302  0.0044
   58  657  311  0.0075  0.0303  0.0044
   59  658  311  0.0075  0.0302  0.0044
   60  659  311  0.0075  0.0302  0.0044
   61  660  311  0.0075  0.0303  0.0044
   62  661  311  0.0075  0.0303  0.0044
   63  662  311  0.0075  0.0303  0.0044
   64  663  311  0.0075  0.0303  0.0044
   65  664  311  0.0075  0.0303  0.0044

    1  680  312  0.0075  0.0303  0.0044
    2  681  312  0.0075  0.0302  0.0044
    3  682  312  0.0075  0.0302  0.0044
    4  683  312  0.0075  0.0302  0.0044
    5  684  312  0.0075  0.0302  0.0044
    6  685  312  0.0076  0.0302  0.0044
    7  686  312  0.0076  0.0302  0.0044
    8  687  312  0.0076  0.0303  0.0044
    9  688  312  0.0076  0.0302  0.0044
   10  689  312  0.0076  0.0302  0.0044
   11  690  312  0.0075  0.0302  0.0044
   12  691  312  0.0076  0.0302  0.0044
   13  692  312  0.0075  0.0302  0.0044
   14  724  312  0.0076  0.0302  0.0044
   15  723  312  0.0076  0.0302  0.0044
   16  722  312  0.0076  0.0302  0.0044
   17  726  312  0.0076  0.0302  0.0044
   18  727  312  0.0076  0.0302  0.0044
   19  725  312  0.0076  0.0302  0.0044
   20  728  312  0.0076  0.0302  0.0044
   21  730  312  0.0076  0.0302  0.0044
   22  729  312  0.0076  0.0302  0.0044
   23  730  313  0.0076  0.0302  0.0044
   24  773  313  0.0078  0.0304  0.0045
   25  774  313  0.0078  0.0304  0.0045
   26  716  313  0.0076  0.0302  0.0044
   27  717  313  0.0076  0.0302  0.0044
   28  718  313  0.0076  0.0302  0.0044
   29  719  313  0.0076  0.0302  0.0044
   30  720  313  0.0076  0.0302  0.0044
   31  721  313  0.0076  0.0302  0.0044
   32  722  313  0.0076  0.0302  0.0045
   33  775  313  0.0078  0.0304  0.0045
   34  706  313  0.0076  0.0302  0.0044
   35  705  313  0.0076  0.0302  0.0044
   36  776  313  0.0078  0.0303  0.0045
   37  716  314  0.0076  0.0302  0.0044
   38  715  314  0.0076  0.0302  0.0044
   39  714  314  0.0076  0.0302  0.0044
   40  713  314  0.0076  0.0302  0.0044
   41  712  314  0.0076  0.0302  0.0044
   42  711  314  0.0076  0.0302  0.0044
   43  731  314  0.0076  0.0302  0.0044
   44  732  314  0.0076  0.0302  0.0044
   45  733  314  0.0076  0.0302  0.0044
   46  710  314  0.0076  0.0302  0.0044
   47  707  314  0.0076  0.0302  0.0044
   48  708  314  0.0076  0.0302  0.0044
   49  709  314  0.0076  0.0302  0.0044
   50  772  314  0.0078  0.0304  0.0045
   51  771  314  0.0078  0.0305  0.0045
   52  770  314  0.0078  0.0306  0.0045
   53  769  314  0.0078  0.0304  0.0045
   54  768  314  0.0078  0.0304  0.0045
   55  767  314  0.0078  0.0306  0.0045
   56  766  314  0.0079  0.0307  0.0045
   57  765  314  0.0078  0.0305  0.0045
   58  764  314  0.0078  0.0306  0.0045
   59  763  314  0.0079  0.0307  0.0045
   60  762  314  0.0078  0.0305  0.0045
   61  761  314  0.0079  0.0307  0.0045
   62  760  314  0.0079  0.0307  0.0045
   63  759  314  0.0079  0.0309  0.0045
   64  734  314  0.0076  0.0302  0.0044
   65  758  314  0.0078  0.0307  0.0045
   66  757  314  0.0079  0.0308  0.0045
   67  756  314  0.0078  0.0307  0.0045
   68  753  314  0.0078  0.0306  0.0045
   69  754  314  0.0078  0.0304  0.0045
   70  755  314  0.0078  0.0306  0.0045
   71  753  315  0.0078  0.0306  0.0045
   72  752  315  0.0077  0.0303  0.0045
   73  751  315  0.0077  0.0304  0.0045
   74  749  315  0.0078  0.0307  0.0045
   75  748  315  0.0078  0.0305  0.0045
   76  734  315  0.0076  0.0301  0.0044
   77  735  315  0.0076  0.0302  0.0044
   78  736  315  0.0076  0.0301  0.0044
   79  750  315  0.0078  0.0307  0.0045
   80  744  316  0.0077  0.0304  0.0045
   81  745  316  0.0078  0.0305  0.0045
   82  742  316  0.0077  0.0303  0.0045
   83  741  316  0.0077  0.0303  0.0045
   84  740  316  0.0077  0.0303  0.0045
   85  739  316  0.0077  0.0302  0.0045
   86  738  316  0.0077  0.0302  0.0045
   87  737  316  0.0076  0.0301  0.0044
   88  746  316  0.0077  0.0304  0.0045
   89  747  316  0.0078  0.0305  0.0045
   90  748  316  0.0078  0.0306  0.0045
   91  743  316  0.0077  0.0304  0.0045

     1  550  124  0.0078  0.0323  0.0042
     2  551  124  0.0078  0.0323  0.0042
     3  549  125  0.0078  0.0323  0.0042
     4  548  125  0.0078  0.0323  0.0042
     5  547  125  0.0078  0.0323  0.0042
     6  546  125  0.0078  0.0323  0.0042
     7  545  125  0.0078  0.0323  0.0042
     8  544  125  0.0077  0.0323  0.0042
     9  543  125  0.0078  0.0323  0.0042
    16  536  125  0.0077  0.0323  0.0042
    17  535  125  0.0077  0.0323  0.0042
    18  534  125  0.0077  0.0322  0.0042
    19  533  125  0.0077  0.0323  0.0042
    20  532  125  0.0077  0.0321  0.0042
    21  531  125  0.0077  0.0321  0.0042
    22  530  125  0.0077  0.0322  0.0042
    23  529  125  0.0077  0.0321  0.0042
    24  528  125  0.0077  0.0323  0.0042
    25  527  125  0.0077  0.0322  0.0042
    26  526  125  0.0077  0.0322  0.0042
    27  525  125  0.0077  0.0322  0.0042
    28  522  125  0.0077  0.0321  0.0042
    29  521  125  0.0077  0.0321  0.0042
    30  520  125  0.0076  0.0321  0.0042
    31  518  125  0.0077  0.0324  0.0042
    32  514  125  0.0077  0.0322  0.0042
    33  513  125  0.0076  0.0321  0.0042
    34  512  125  0.0076  0.0321  0.0042
    35  511  125  0.0076  0.0322  0.0042
    36  509  125  0.0076  0.0321  0.0041
    37  508  125  0.0076  0.0321  0.0042
    38  507  125  0.0076  0.0320  0.0041
    39  506  125  0.0076  0.0321  0.0041
    40  505  125  0.0077  0.0325  0.0042
    41  504  125  0.0077  0.0324  0.0042
    42  503  125  0.0077  0.0323  0.0042
    43  502  125  0.0076  0.0322  0.0042
    44  501  125  0.0076  0.0322  0.0042
    45  499  125  0.0076  0.0322  0.0042
    46  498  125  0.0076  0.0321  0.0041
    47  496  125  0.0076  0.0322  0.0042
    48  495  125  0.0076  0.0322  0.0042
    49  494  125  0.0076  0.0322  0.0042
    50  492  125  0.0076  0.0322  0.0042
    51  477  125  0.0076  0.0322  0.0042
    52  478  125  0.0076  0.0322  0.0042
    53  480  125  0.0075  0.0321  0.0041
    54  481  125  0.0076  0.0321  0.0041
    55  482  125  0.0076  0.0322  0.0041
    56  483  125  0.0076  0.0322  0.0041
    57  476  125  0.0076  0.0323  0.0042
    58  487  126  0.0076  0.0323  0.0042
    59  488  126  0.0076  0.0323  0.0042
    60  489  126  0.0076  0.0323  0.0042
    61  490  126  0.0076  0.0323  0.0042
    62  486  126  0.0076  0.0322  0.0042
    63  485  126  0.0076  0.0322  0.0042
    64  475  126  0.0076  0.0323  0.0042
    65  474  126  0.0076  0.0322  0.0041
    66  473  126  0.0076  0.0322  0.0042
    67  471  127  0.0075  0.0322  0.0041
    68  472  127  0.0075  0.0322  0.0041
    69  470  128  0.0075  0.0321  0.0041
    70  468  128  0.0075  0.0322  0.0042
    71  471  128  0.0075  0.0321  0.0041
    72  467  129  0.0075  0.0322  0.0041
    73  466  129  0.0075  0.0320  0.0041
    74  468  129  0.0075  0.0322  0.0042
    75  465  130  0.0076  0.0325  0.0042
    76  464  130  0.0076  0.0324  0.0042
    77  463  130  0.0075  0.0322  0.0041
    78  461  130  0.0075  0.0321  0.0041
    79  460  130  0.0075  0.0322  0.0042
    80  459  130  0.0075  0.0323  0.0042
    81  458  130  0.0075  0.0322  0.0042
    82  457  130  0.0075  0.0323  0.0042
    83  456  130  0.0075  0.0323  0.0042
    84  453  130  0.0075  0.0322  0.0042
    85  452  130  0.0075  0.0322  0.0041
    86  451  130  0.0075  0.0321  0.0041
    87  450  130  0.0075  0.0321  0.0041
    88  449  130  0.0075  0.0321  0.0041
    89  448  130  0.0075  0.0320  0.0041
    90  447  130  0.0074  0.0320  0.0041
    91  445  130  0.0075  0.0321  0.0041
    92  444  130  0.0075  0.0321  0.0041
    93  443  130  0.0074  0.0320  0.0041
    94  442  130  0.0074  0.0320  0.0041
    95  426  130  0.0074  0.0320  0.0041
    96  427  130  0.0074  0.0320  0.0041
    97  428  130  0.0074  0.0320  0.0041
    98  429  130  0.0074  0.0320  0.0041
    99  425  130  0.0074  0.0320  0.0041
   100  434  131  0.0074  0.0320  0.0041
   101  433  131  0.0074  0.0320  0.0041
   102  432  131  0.0074  0.0320  0.0041
   103  431  131  0.0074  0.0320  0.0041
   104  436  131  0.0074  0.0320  0.0041
   105  437  131  0.0074  0.0320  0.0041
   106  440  131  0.0074  0.0320  0.0041
   107  441  131  0.0074  0.0320  0.0041
   108  435  131  0.0074  0.0320  0.0041
   109  423  131  0.0074  0.0320  0.0041
   110  421  131  0.0074  0.0320  0.0041
   111  420  131  0.0074  0.0320  0.0041
   112  419  131  0.0074  0.0319  0.0041
   113  418  131  0.0074  0.0320  0.0041
   114  417  131  0.0073  0.0319  0.0041
   115  416  131  0.0073  0.0319  0.0041
   116  415  131  0.0073  0.0319  0.0041
   117  414  131  0.0073  0.0319  0.0041
   118  414  132  0.0073  0.0320  0.0041
   119  413  132  0.0074  0.0320  0.0041
   120  412  132  0.0073  0.0320  0.0041
   121  411  132  0.0073  0.0320  0.0041
   122  410  132  0.0073  0.0319  0.0041
   123  409  132  0.0073  0.0319  0.0041
   124  408  132  0.0073  0.0320  0.0041
   125  407  132  0.0073  0.0319  0.0041
   126  406  132  0.0073  0.0320  0.0041
   127  405  132  0.0073  0.0319  0.0041
   128  404  132  0.0073  0.0319  0.0041
   129  403  132  0.0073  0.0319  0.0041
   130  401  132  0.0073  0.0319  0.0041
   131  400  132  0.0073  0.0319  0.0041

    1  578  68  0.0080  0.0329  0.0041
    2  576  69  0.0080  0.0329  0.0041
    4  577  69  0.0080  0.0329  0.0041
    7  572  70  0.0080  0.0331  0.0041
    8  571  70  0.0080  0.0332  0.0042
    9  570  70  0.0080  0.0331  0.0041
   10  568  71  0.0080  0.0329  0.0041
   11  567  71  0.0080  0.0329  0.0041
   12  565  71  0.0080  0.0329  0.0041
   13  564  71  0.0080  0.0330  0.0041
   14  563  71  0.0080  0.0330  0.0041
   15  562  71  0.0080  0.0330  0.0041
   16  561  71  0.0080  0.0330  0.0041
   17  560  71  0.0080  0.0330  0.0041
   18  559  71  0.0080  0.0330  0.0041
   19  558  72  0.0080  0.0330  0.0041
   20  557  72  0.0079  0.0329  0.0041
   21  556  72  0.0079  0.0329  0.0041
   22  554  73  0.0079  0.0329  0.0041
   23  553  73  0.0079  0.0330  0.0041
   24  555  73  0.0079  0.0329  0.0041
   25  552  74  0.0079  0.0329  0.0041
   26  551  74  0.0079  0.0329  0.0041
   27  553  74  0.0080  0.0330  0.0041
   28  548  75  0.0079  0.0329  0.0041
   29  550  75  0.0079  0.0329  0.0041
   30  546  76  0.0079  0.0330  0.0041
   31  544  76  0.0079  0.0328  0.0041
   32  538  76  0.0079  0.0328  0.0041
   33  537  76  0.0079  0.0328  0.0041
   34  536  76  0.0079  0.0329  0.0041
   35  534  76  0.0079  0.0329  0.0041
   36  533  76  0.0079  0.0329  0.0041
   37  532  76  0.0079  0.0329  0.0041
   38  531  77  0.0079  0.0328  0.0041
   39  530  77  0.0079  0.0329  0.0041
   40  529  77  0.0079  0.0328  0.0041
   41  527  77  0.0078  0.0328  0.0041
   42  504  77  0.0077  0.0326  0.0041
   43  505  77  0.0077  0.0326  0.0041
   44  506  77  0.0078  0.0327  0.0041
   45  508  77  0.0078  0.0327  0.0041
   46  509  77  0.0078  0.0327  0.0041
   47  511  77  0.0078  0.0327  0.0041
   48  512  77  0.0078  0.0326  0.0041
   49  513  77  0.0078  0.0326  0.0041
   50  518  77  0.0078  0.0327  0.0041
   51  520  77  0.0078  0.0328  0.0041
   52  526  77  0.0078  0.0328  0.0041
   53  525  77  0.0078  0.0328  0.0041
   54  523  78  0.0078  0.0328  0.0041
   55  524  78  0.0078  0.0328  0.0041
   56  522  78  0.0078  0.0329  0.0041
   57  521  78  0.0078  0.0328  0.0041
   58  503  78  0.0077  0.0325  0.0041
   59  501  78  0.0077  0.0325  0.0041
   60  500  78  0.0077  0.0326  0.0041
   61  499  78  0.0077  0.0326  0.0041
   62  498  78  0.0077  0.0326  0.0041
   63  497  78  0.0077  0.0327  0.0041
   64  496  78  0.0077  0.0327  0.0041
   65  496  79  0.0077  0.0327  0.0041
   66  495  79  0.0077  0.0327  0.0041
   67  494  79  0.0077  0.0327  0.0041
   68  493  79  0.0077  0.0327  0.0041
   69  492  79  0.0077  0.0327  0.0041
   70  491  79  0.0077  0.0328  0.0041
   71  490  79  0.0077  0.0328  0.0041
   72  489  79  0.0077  0.0328  0.0041
   73  485  79  0.0077  0.0327  0.0041
   74  484  79  0.0077  0.0328  0.0041
   75  483  79  0.0077  0.0327  0.0041
   76  482  79  0.0077  0.0327  0.0041
   77  481  79  0.0077  0.0327  0.0041
   78  480  80  0.0077  0.0327  0.0041
   79  479  80  0.0077  0.0327  0.0041
   80  478  80  0.0077  0.0327  0.0041
   81  477  80  0.0077  0.0327  0.0041
   82  481  80  0.0077  0.0327  0.0041
   83  477  81  0.0077  0.0327  0.0041
   84  476  81  0.0077  0.0327  0.0041
   85  475  81  0.0077  0.0327  0.0041
   86  474  81  0.0077  0.0327  0.0041
   87  473  81  0.0077  0.0327  0.0041
   88  472  81  0.0077  0.0327  0.0041
   89  471  81  0.0077  0.0327  0.0041
   90  470  81  0.0077  0.0327  0.0041
   91  468  81  0.0077  0.0327  0.0041
   92  467  82  0.0077  0.0327  0.0041
   93  466  82  0.0077  0.0327  0.0041
   94  464  82  0.0077  0.0327  0.0041
   95  463  82  0.0077  0.0328  0.0041
   96  461  82  0.0077  0.0328  0.0041
   97  460  82  0.0077  0.0328  0.0041
   98  468  82  0.0077  0.0327  0.0041

     1  564  155  0.0077  0.0320  0.0042
     2  563  155  0.0077  0.0320  0.0042
     3  556  155  0.0077  0.0320  0.0042
     4  557  155  0.0077  0.0320  0.0042
     5  558  155  0.0077  0.0320  0.0042
     6  555  155  0.0077  0.0320  0.0042
     7  559  155  0.0077  0.0320  0.0042
     8  561  156  0.0077  0.0320  0.0042
     9  562  156  0.0077  0.0320  0.0042
    10  559  156  0.0077  0.0320  0.0042
    11  560  156  0.0077  0.0320  0.0042
    12  554  156  0.0077  0.0319  0.0042
    13  553  156  0.0077  0.0320  0.0042
    14  552  156  0.0077  0.0319  0.0042
    15  551  156  0.0077  0.0320  0.0042
    16  550  156  0.0077  0.0320  0.0042
    17  549  157  0.0077  0.0319  0.0042
    18  550  157  0.0077  0.0319  0.0042
    19  546  158  0.0076  0.0318  0.0042
    20  545  158  0.0076  0.0318  0.0042
    21  544  158  0.0076  0.0318  0.0042
    22  543  158  0.0076  0.0318  0.0042
    23  542  158  0.0076  0.0319  0.0042
    24  547  158  0.0076  0.0319  0.0042
    25  541  159  0.0076  0.0319  0.0042
    26  539  159  0.0076  0.0319  0.0042
    27  538  159  0.0076  0.0319  0.0042
    28  537  159  0.0076  0.0319  0.0042
    29  536  159  0.0076  0.0319  0.0042
    30  535  159  0.0076  0.0319  0.0042
    31  534  159  0.0076  0.0319  0.0042
    32  533  159  0.0076  0.0319  0.0042
    33  532  159  0.0076  0.0318  0.0042
    34  531  159  0.0076  0.0318  0.0042
    35  528  159  0.0076  0.0318  0.0042
    36  527  159  0.0076  0.0318  0.0042
    37  526  159  0.0076  0.0318  0.0042
    38  523  160  0.0076  0.0318  0.0042
    39  522  160  0.0076  0.0318  0.0042
    40  521  160  0.0076  0.0318  0.0042
    41  520  160  0.0076  0.0318  0.0042
    42  519  160  0.0076  0.0318  0.0042
    43  524  160  0.0076  0.0318  0.0042
    44  518  161  0.0076  0.0318  0.0042
    45  517  161  0.0075  0.0318  0.0042
    46  516  161  0.0076  0.0318  0.0042
    47  515  161  0.0075  0.0318  0.0042
    48  513  161  0.0075  0.0318  0.0042
    49  514  161  0.0075  0.0318  0.0042
    50  506  162  0.0075  0.0318  0.0042
    51  510  162  0.0075  0.0318  0.0042
    52  512  162  0.0075  0.0318  0.0042
    53  507  162  0.0075  0.0318  0.0042
    54  509  162  0.0075  0.0317  0.0042
    55  508  162  0.0075  0.0318  0.0042
    56  477  163  0.0074  0.0317  0.0042
    57  476  163  0.0074  0.0317  0.0042
    58  475  163  0.0074  0.0317  0.0042
    59  473  163  0.0074  0.0317  0.0042
    60  472  163  0.0074  0.0317  0.0042
    61  470  163  0.0074  0.0317  0.0042
    62  474  163  0.0074  0.0317  0.0042
    63  478  163  0.0074  0.0317  0.0042
    64  506  163  0.0075  0.0318  0.0042
    65  491  163  0.0075  0.0317  0.0042
    66  493  163  0.0075  0.0317  0.0042
    67  494  163  0.0075  0.0317  0.0042
    68  495  163  0.0075  0.0317  0.0042
    69  496  163  0.0075  0.0317  0.0042
    70  497  163  0.0075  0.0317  0.0042
    71  498  163  0.0075  0.0317  0.0042
    72  499  163  0.0075  0.0317  0.0042
    73  500  163  0.0075  0.0317  0.0042
    74  501  163  0.0075  0.0317  0.0042
    75  502  163  0.0075  0.0317  0.0042
    76  503  163  0.0075  0.0317  0.0042
    77  504  163  0.0075  0.0318  0.0042
    78  505  163  0.0075  0.0317  0.0042
    79  490  164  0.0075  0.0317  0.0042
    80  489  164  0.0075  0.0317  0.0042
    81  488  164  0.0074  0.0317  0.0042
    82  487  164  0.0074  0.0316  0.0042
    83  486  164  0.0074  0.0316  0.0042
    84  485  164  0.0074  0.0317  0.0042
    85  484  164  0.0074  0.0317  0.0042
    86  483  164  0.0074  0.0317  0.0042
    87  482  164  0.0074  0.0317  0.0042
    88  470  164  0.0074  0.0317  0.0042
    89  469  164  0.0074  0.0317  0.0042
    90  468  164  0.0074  0.0317  0.0042
    91  467  164  0.0074  0.0317  0.0042
    92  466  164  0.0074  0.0316  0.0042
    93  464  165  0.0074  0.0317  0.0042
    94  463  165  0.0074  0.0316  0.0042
    95  462  165  0.0074  0.0316  0.0042
    96  460  165  0.0074  0.0316  0.0042
    97  466  165  0.0074  0.0316  0.0042
    98  460  166  0.0074  0.0316  0.0042
    99  459  166  0.0074  0.0317  0.0042
   100  458  166  0.0074  0.0317  0.0042
   101  457  166  0.0074  0.0317  0.0042
   102  456  166  0.0074  0.0317  0.0042
   103  454  166  0.0074  0.0317  0.0042
   104  453  166  0.0074  0.0318  0.0042
   105  451  166  0.0074  0.0317  0.0042
   106  449  166  0.0074  0.0317  0.0042
   107  446  166  0.0074  0.0318  0.0042
   108  445  166  0.0074  0.0318  0.0042
   109  444  166  0.0074  0.0318  0.0042
   110  443  166  0.0074  0.0318  0.0042
   111  442  166  0.0074  0.0318  0.0042
   112  440  167  0.0073  0.0318  0.0042
   113  439  167  0.0074  0.0318  0.0042
   114  438  167  0.0073  0.0318  0.0042
   115  441  167  0.0074  0.0318  0.0042
   116  436  168  0.0073  0.0317  0.0042
   117  435  168  0.0073  0.0318  0.0042
   118  434  168  0.0073  0.0318  0.0042
   119  432  168  0.0073  0.0317  0.0042
   120  430  168  0.0073  0.0317  0.0042
   121  429  168  0.0073  0.0316  0.0042
   122  428  168  0.0073  0.0316  0.0042
   123  426  169  0.0073  0.0316  0.0042
   124  423  169  0.0073  0.0316  0.0042
   125  422  169  0.0073  0.0316  0.0042
   126  421  169  0.0073  0.0316  0.0042
   127  420  169  0.0073  0.0316  0.0042
   128  419  169  0.0073  0.0316  0.0042
   129  418  169  0.0072  0.0316  0.0042
   130  417  169  0.0073  0.0316  0.0042
   131  416  170  0.0072  0.0316  0.0042
   132  415  170  0.0073  0.0316  0.0042
   133  414  170  0.0073  0.0316  0.0042
   134  417  170  0.0073  0.0316  0.0042

    1  865  1023  0.0061  0.0238  0.0050
    2  866  1023  0.0062  0.0238  0.0050
    3  867  1023  0.0062  0.0238  0.0050
    4  868  1023  0.0062  0.0238  0.0050
    5  869  1023  0.0062  0.0239  0.0050
    6  864  1023  0.0061  0.0238  0.0049
    7  869  1024  0.0062  0.0238  0.0050
    8  870  1024  0.0062  0.0239  0.0050
    9  871  1024  0.0062  0.0240  0.0050
   10  872  1024  0.0062  0.0240  0.0050
   11  873  1024  0.0061  0.0237  0.0049
   12  874  1025  0.0061  0.0237  0.0049
   13  875  1025  0.0062  0.0239  0.0050
   14  876  1025  0.0062  0.0239  0.0050
   15  873  1025  0.0062  0.0237  0.0049
   16  877  1026  0.0062  0.0239  0.0050
   17  878  1026  0.0062  0.0239  0.0050
   18  879  1026  0.0062  0.0239  0.0050
   19  880  1027  0.0062  0.0239  0.0050
   20  879  1027  0.0062  0.0239  0.0050
   21  881  1028  0.0062  0.0238  0.0050
   22  882  1028  0.0062  0.0238  0.0050
   23  883  1028  0.0062  0.0238  0.0050
   24  884  1028  0.0062  0.0239  0.0050
   25  885  1029  0.0062  0.0238  0.0050
   26  886  1029  0.0062  0.0238  0.0050
   27  884  1029  0.0062  0.0238  0.0050
   28  886  1030  0.0062  0.0238  0.0050
   29  887  1030  0.0062  0.0239  0.0050
   30  888  1030  0.0062  0.0239  0.0050
   31  889  1030  0.0062  0.0239  0.0050
   32  890  1030  0.0062  0.0239  0.0050
   33  891  1030  0.0062  0.0238  0.0050
   34  892  1030  0.0062  0.0239  0.0050
   35  895  1030  0.0062  0.0239  0.0050
   36  893  1030  0.0062  0.0239  0.0050
   37  894  1030  0.0062  0.0239  0.0050
   38  896  1031  0.0062  0.0238  0.0050
   39  895  1031  0.0062  0.0238  0.0050
   40  896  1032  0.0062  0.0238  0.0050
   41  897  1032  0.0062  0.0238  0.0050
   42  899  1032  0.0062  0.0238  0.0050
   43  898  1032  0.0062  0.0238  0.0050
   44  899  1033  0.0062  0.0237  0.0050
   45  902  1033  0.0062  0.0237  0.0050
   46  901  1033  0.0062  0.0237  0.0050
   47  900  1033  0.0062  0.0238  0.0050
   48  903  1034  0.0062  0.0238  0.0050
   49  902  1034  0.0062  0.0237  0.0050
   50  904  1035  0.0062  0.0238  0.0050
   51  905  1035  0.0062  0.0238  0.0050
   52  906  1035  0.0062  0.0238  0.0050
   53  907  1035  0.0062  0.0237  0.0050
   54  908  1035  0.0062  0.0237  0.0050
   55  909  1035  0.0062  0.0237  0.0050
   56  910  1035  0.0062  0.0238  0.0050
   57  911  1036  0.0062  0.0238  0.0050
   58  912  1036  0.0062  0.0238  0.0050
   59  910  1036  0.0062  0.0238  0.0050
   60  913  1037  0.0062  0.0238  0.0050
   61  912  1037  0.0062  0.0238  0.0050
   62  915  1038  0.0062  0.0238  0.0050
   63  916  1038  0.0062  0.0238  0.0050
   64  914  1038  0.0062  0.0238  0.0050
   65  917  1039  0.0062  0.0238  0.0050
   66  918  1039  0.0062  0.0238  0.0050
   67  919  1039  0.0062  0.0238  0.0050
   68  920  1039  0.0062  0.0238  0.0050
   69  921  1040  0.0062  0.0238  0.0050
   70  922  1040  0.0062  0.0238  0.0050
   71  920  1040  0.0062  0.0238  0.0050
   72  924  1041  0.0062  0.0237  0.0050
   73  923  1041  0.0062  0.0237  0.0050
   74  926  1042  0.0062  0.0237  0.0050
   75  927  1042  0.0062  0.0237  0.0050
   76  925  1042  0.0062  0.0237  0.0050
   77  927  1043  0.0062  0.0237  0.0050
   78  928  1043  0.0062  0.0237  0.0050
   79  929  1043  0.0062  0.0237  0.0050
   80  930  1043  0.0062  0.0237  0.0050
   81  931  1044  0.0062  0.0237  0.0050
   82  930  1044  0.0062  0.0237  0.0050
   83  933  1045  0.0062  0.0236  0.0050
   84  932  1045  0.0062  0.0236  0.0050
   85  934  1046  0.0062  0.0236  0.0050
   86  935  1046  0.0062  0.0236  0.0050
   87  933  1046  0.0062  0.0237  0.0050
   88  935  1047  0.0062  0.0237  0.0050
