; ENVI Output of ROIs (5.4) [Sat Aug 17 21:25:21 2019]
; Number of ROIs: 15
; File Dimension: 1328 x 1184
;
; ROI name: Region #1
; ROI rgb value: {255, 0, 0}
; ROI npts: 105
;
; ROI name: Region #2
; ROI rgb value: {0, 255, 0}
; ROI npts: 46
;
; ROI name: Region #3
; ROI rgb value: {0, 0, 255}
; ROI npts: 108
;
; ROI name: Region #4
; ROI rgb value: {255, 255, 0}
; ROI npts: 221
;
; ROI name: Region #5
; ROI rgb value: {0, 255, 255}
; ROI npts: 94
;
; ROI name: Region #6
; ROI rgb value: {255, 0, 255}
; ROI npts: 60
;
; ROI name: Region #2
; ROI rgb value: {0, 255, 0}
; ROI npts: 115
;
; ROI name: Region #3
; ROI rgb value: {0, 0, 255}
; ROI npts: 150
;
; ROI name: Region #4
; ROI rgb value: {255, 255, 0}
; ROI npts: 52
;
; ROI name: Region #5
; ROI rgb value: {0, 255, 255}
; ROI npts: 73
;
; ROI name: Region #6
; ROI rgb value: {255, 0, 255}
; ROI npts: 65
;
; ROI name: Region #7
; ROI rgb value: {176, 48, 96}
; ROI npts: 89
;
; ROI name: Region #8
; ROI rgb value: {46, 139, 87}
; ROI npts: 158
;
; ROI name: Region #9
; ROI rgb value: {160, 32, 240}
; ROI npts: 56
;
; ROI name: Region #10
; ROI rgb value: {255, 127, 80}
; ROI npts: 75
;   ID    X    Y         B1         B2         B3
     1  523  499  -158.1655   113.8050   -21.2215
     2  522  499  -158.1661   113.8040   -21.2215
     3  524  499  -158.1649   113.8037   -21.2213
     4  521  500  -158.1668   113.8081   -21.2213
     5  520  500  -158.1674   113.8031   -21.2209
     6  519  500  -158.1680   113.8041   -21.2210
     7  518  500  -158.1686   113.8068   -21.2213
     8  516  501  -158.1699   113.8105   -21.2211
     9  515  501  -158.1705   113.8108   -21.2211
    10  514  501  -158.1711   113.8130   -21.2214
    11  517  501  -158.1693   113.8090   -21.2209
    12  513  502  -158.1718   113.8132   -21.2208
    13  512  502  -158.1723   113.8158   -21.2211
    14  511  502  -158.1730   113.8150   -21.2210
    15  510  502  -158.1736   113.8170   -21.2212
    16  509  502  -158.1742   113.8164   -21.2213
    17  508  502  -158.1748   113.8163   -21.2213
    18  507  502  -158.1754   113.8175   -21.2214
    19  506  503  -158.1761   113.8178   -21.2209
    20  505  503  -158.1767   113.8187   -21.2210
    21  504  503  -158.1773   113.8205   -21.2212
    22  503  503  -158.1779   113.8208   -21.2212
    23  502  503  -158.1785   113.8176   -21.2210
    24  501  503  -158.1791   113.8186   -21.2211
    25  500  503  -158.1797   113.8195   -21.2213
    26  499  503  -158.1804   113.8186   -21.2212
    27  498  503  -158.1810   113.8167   -21.2211
    28  497  504  -158.1816   113.8220   -21.2210
    29  496  504  -158.1823   113.8209   -21.2209
    30  495  504  -158.1829   113.8202   -21.2209
    31  494  504  -158.1835   113.8162   -21.2206
    32  493  504  -158.1841   113.8148   -21.2206
    33  492  504  -158.1848   113.8130   -21.2205
    34  491  504  -158.1854   113.8121   -21.2204
    35  489  505  -158.1867   113.8082   -21.2196
    36  488  505  -158.1873   113.8075   -21.2195
    37  487  505  -158.1880   113.8071   -21.2196
    38  490  505  -158.1861   113.8090   -21.2196
    39  486  506  -158.1886   113.8066   -21.2190
    40  485  506  -158.1893   113.8057   -21.2189
    41  484  506  -158.1899   113.8062   -21.2190
    42  483  506  -158.1905   113.8033   -21.2188
    43  482  506  -158.1911   113.8034   -21.2189
    44  481  507  -158.1918   113.8058   -21.2185
    45  480  507  -158.1924   113.8047   -21.2185
    46  479  507  -158.1930   113.8040   -21.2184
    47  478  507  -158.1937   113.8019   -21.2183
    48  477  508  -158.1943   113.8029   -21.2178
    49  475  508  -158.1955   113.8037   -21.2180
    50  474  508  -158.1962   113.8024   -21.2179
    51  473  508  -158.1968   113.8031   -21.2180
    52  476  508  -158.1950   113.8004   -21.2176
    53  470  509  -158.1987   113.8011   -21.2173
    54  469  509  -158.1993   113.8014   -21.2174
    55  468  509  -158.1999   113.8024   -21.2175
    56  472  509  -158.1974   113.8043   -21.2175
    57  471  509  -158.1980   113.8035   -21.2175
    58  467  510  -158.2005   113.8084   -21.2175
    59  466  510  -158.2012   113.8010   -21.2169
    60  465  510  -158.2018   113.7987   -21.2168
    61  464  510  -158.2025   113.7962   -21.2166
    62  463  510  -158.2032   113.7932   -21.2164
    63  462  510  -158.2037   113.7975   -21.2168
    64  461  510  -158.2043   113.7985   -21.2169
    65  460  510  -158.2049   113.7982   -21.2170
    66  459  510  -158.2056   113.7984   -21.2170
    67  458  510  -158.2062   113.7993   -21.2171
    68  457  510  -158.2068   113.7999   -21.2172
    69  456  511  -158.2074   113.8051   -21.2171
    70  455  511  -158.2081   113.7970   -21.2164
    71  454  511  -158.2087   113.7996   -21.2167
    72  453  511  -158.2093   113.7973   -21.2166
    73  452  511  -158.2099   113.7990   -21.2168
    74  451  511  -158.2105   113.8005   -21.2169
    75  450  511  -158.2112   113.7982   -21.2168
    76  449  511  -158.2118   113.7981   -21.2168
    77  448  511  -158.2124   113.8006   -21.2171
    78  438  512  -158.2186   113.7991   -21.2168
    79  437  512  -158.2192   113.7976   -21.2167
    80  436  512  -158.2198   113.7980   -21.2168
    81  439  512  -158.2180   113.7994   -21.2168
    82  435  513  -158.2205   113.7997   -21.2163
    83  434  513  -158.2211   113.7962   -21.2161
    84  433  513  -158.2217   113.7971   -21.2162
    85  432  513  -158.2224   113.7973   -21.2163
    86  431  513  -158.2230   113.7968   -21.2163
    87  430  513  -158.2236   113.7949   -21.2162
    88  429  514  -158.2243   113.7950   -21.2156
    89  428  514  -158.2249   113.7944   -21.2156
    90  427  514  -158.2255   113.7957   -21.2157
    91  426  514  -158.2261   113.7969   -21.2159
    92  425  514  -158.2268   113.7928   -21.2156
    93  424  514  -158.2274   113.7935   -21.2156
    94  423  514  -158.2281   113.7910   -21.2155
    95  422  514  -158.2287   113.7901   -21.2155
    96  421  514  -158.2292   113.7936   -21.2158
    97  420  514  -158.2299   113.7879   -21.2154
    98  418  515  -158.2312   113.7888   -21.2150
    99  417  515  -158.2318   113.7880   -21.2149
   100  416  515  -158.2325   113.7884   -21.2150
   101  415  515  -158.2331   113.7882   -21.2150
   102  414  515  -158.2337   113.7895   -21.2152
   103  413  515  -158.2343   113.7909   -21.2153
   104  412  515  -158.2349   113.7885   -21.2151
   105  419  515  -158.2306   113.7907   -21.2151

    1  707  537  -158.0542   113.8939   -21.1975
    2  706  537  -158.0549   113.8959   -21.1977
    3  705  537  -158.0555   113.8950   -21.1977
    4  708  537  -158.0536   113.8923   -21.1973
    5  704  538  -158.0561   113.8964   -21.1972
    6  703  538  -158.0568   113.9005   -21.1976
    7  702  538  -158.0573   113.8962   -21.1973
    8  701  538  -158.0580   113.8947   -21.1972
    9  700  538  -158.0586   113.8961   -21.1974
   10  699  538  -158.0592   113.8959   -21.1974
   11  698  538  -158.0598   113.8942   -21.1973
   12  697  538  -158.0604   113.8947   -21.1974
   13  696  538  -158.0610   113.8921   -21.1972
   14  695  538  -158.0616   113.8919   -21.1972
   15  694  538  -158.0622   113.8916   -21.1972
   16  693  538  -158.0628   113.8915   -21.1973
   17  692  538  -158.0634   113.8926   -21.1974
   18  691  538  -158.0641   113.8942   -21.1976
   19  690  538  -158.0647   113.8956   -21.1978
   20  682  538  -158.0695   113.8869   -21.1974
   21  683  538  -158.0689   113.8900   -21.1976
   22  684  538  -158.0683   113.8936   -21.1979
   23  685  538  -158.0677   113.8942   -21.1979
   24  686  538  -158.0671   113.8953   -21.1979
   25  687  538  -158.0665   113.8957   -21.1979
   26  688  538  -158.0659   113.8949   -21.1978
   27  689  538  -158.0653   113.8924   -21.1975
   28  681  539  -158.0702   113.8886   -21.1970
   29  680  539  -158.0708   113.8888   -21.1970
   30  679  539  -158.0714   113.8885   -21.1970
   31  678  539  -158.0720   113.8882   -21.1970
   32  677  539  -158.0726   113.8869   -21.1970
   33  676  539  -158.0732   113.8869   -21.1970
   34  675  539  -158.0738   113.8862   -21.1970
   35  674  539  -158.0744   113.8843   -21.1969
   36  673  539  -158.0750   113.8834   -21.1969
   37  672  539  -158.0757   113.8830   -21.1969
   38  671  539  -158.0763   113.8828   -21.1969
   39  670  539  -158.0769   113.8827   -21.1969
   40  669  539  -158.0775   113.8822   -21.1969
   41  668  539  -158.0781   113.8803   -21.1968
   42  666  540  -158.0793   113.8784   -21.1961
   43  665  540  -158.0800   113.8771   -21.1960
   44  664  540  -158.0806   113.8764   -21.1960
   45  663  540  -158.0812   113.8768   -21.1961
   46  667  540  -158.0788   113.8814   -21.1963

     1  927  598  -157.9251   114.0026   -21.1603
     2  928  598  -157.9244   113.9999   -21.1600
     3  926  599  -157.9258   114.0066   -21.1601
     4  925  599  -157.9263   114.0015   -21.1597
     5  924  599  -157.9268   113.9969   -21.1593
     6  923  599  -157.9274   113.9993   -21.1596
     7  922  599  -157.9281   113.9998   -21.1596
     8  921  599  -157.9286   113.9991   -21.1597
     9  920  599  -157.9292   113.9978   -21.1596
    10  919  599  -157.9298   113.9979   -21.1596
    11  918  600  -157.9306   114.0043   -21.1597
    12  917  600  -157.9312   114.0039   -21.1597
    13  916  600  -157.9318   114.0055   -21.1599
    14  915  600  -157.9323   114.0001   -21.1595
    15  914  600  -157.9330   114.0018   -21.1597
    16  913  600  -157.9336   114.0019   -21.1597
    17  912  600  -157.9341   114.0015   -21.1597
    18  911  600  -157.9347   114.0007   -21.1597
    19  910  600  -157.9353   114.0009   -21.1598
    20  909  600  -157.9359   114.0016   -21.1599
    21  908  600  -157.9365   113.9992   -21.1598
    22  907  600  -157.9371   113.9987   -21.1598
    23  906  600  -157.9377   113.9984   -21.1598
    24  905  600  -157.9382   113.9964   -21.1597
    25  904  601  -157.9389   113.9948   -21.1590
    26  903  601  -157.9394   113.9941   -21.1590
    27  902  601  -157.9400   113.9940   -21.1590
    28  901  601  -157.9406   113.9938   -21.1590
    29  900  601  -157.9413   113.9949   -21.1592
    30  899  601  -157.9419   113.9966   -21.1594
    31  898  601  -157.9425   113.9976   -21.1595
    32  897  601  -157.9432   113.9994   -21.1598
    33  896  601  -157.9438   114.0042   -21.1603
    34  895  601  -157.9444   114.0013   -21.1600
    35  894  601  -157.9449   113.9980   -21.1598
    36  893  601  -157.9455   113.9979   -21.1598
    37  892  601  -157.9461   113.9979   -21.1598
    38  891  601  -157.9465   113.9865   -21.1588
    39  890  601  -157.9472   113.9913   -21.1593
    40  889  601  -157.9479   113.9947   -21.1596
    41  888  601  -157.9485   113.9961   -21.1598
    42  887  601  -157.9491   113.9958   -21.1598
    43  886  601  -157.9498   113.9981   -21.1600
    44  885  601  -157.9504   113.9979   -21.1600
    45  884  601  -157.9511   114.0038   -21.1605
    46  883  601  -157.9517   114.0020   -21.1604
    47  882  601  -157.9523   114.0033   -21.1606
    48  881  601  -157.9528   114.0003   -21.1604
    49  880  601  -157.9536   114.0074   -21.1610
    50  879  601  -157.9542   114.0083   -21.1612
    51  878  601  -157.9549   114.0146   -21.1617
    52  877  601  -157.9554   114.0090   -21.1613
    53  873  601  -157.9574   113.9859   -21.1595
    54  874  601  -157.9569   113.9929   -21.1600
    55  875  601  -157.9563   113.9944   -21.1601
    56  876  601  -157.9560   114.0104   -21.1614
    57  872  602  -157.9581   113.9906   -21.1594
    58  871  602  -157.9588   113.9981   -21.1600
    59  870  602  -157.9595   114.0002   -21.1602
    60  869  602  -157.9603   114.0099   -21.1611
    61  868  602  -157.9610   114.0171   -21.1617
    62  867  602  -157.9615   114.0122   -21.1612
    63  866  602  -157.9618   113.9965   -21.1600
    64  865  602  -157.9624   113.9964   -21.1600
    65  864  602  -157.9630   113.9948   -21.1599
    66  863  602  -157.9635   113.9903   -21.1596
    67  862  602  -157.9641   113.9886   -21.1595
    68  861  602  -157.9647   113.9896   -21.1596
    69  860  602  -157.9653   113.9912   -21.1598
    70  859  602  -157.9660   113.9950   -21.1602
    71  858  602  -157.9665   113.9883   -21.1596
    72  857  602  -157.9672   113.9955   -21.1603
    73  856  602  -157.9677   113.9902   -21.1599
    74  855  602  -157.9684   113.9957   -21.1605
    75  854  602  -157.9688   113.9835   -21.1595
    76  853  602  -157.9695   113.9854   -21.1597
    77  852  602  -157.9700   113.9793   -21.1592
    78  851  602  -157.9707   113.9897   -21.1601
    79  850  602  -157.9712   113.9812   -21.1594
    80  849  602  -157.9719   113.9871   -21.1598
    81  848  602  -157.9724   113.9782   -21.1592
    82  847  602  -157.9731   113.9837   -21.1596
    83  846  602  -157.9735   113.9749   -21.1589
    84  845  602  -157.9741   113.9705   -21.1584
    85  844  602  -157.9746   113.9672   -21.1583
    86  843  602  -157.9754   113.9757   -21.1590
    87  842  602  -157.9762   113.9923   -21.1606
    88  841  602  -157.9767   113.9867   -21.1601
    89  840  602  -157.9773   113.9854   -21.1600
    90  839  602  -157.9774   113.9521   -21.1572
    91  838  602  -157.9778   113.9371   -21.1559
    92  837  602  -157.9786   113.9517   -21.1572
    93  836  602  -157.9796   113.9776   -21.1596
    94  835  602  -157.9801   113.9717   -21.1591
    95  834  602  -157.9808   113.9749   -21.1594
    96  833  602  -157.9813   113.9724   -21.1593
    97  832  602  -157.9821   113.9854   -21.1604
    98  831  602  -157.9825   113.9697   -21.1590
    99  830  602  -157.9832   113.9779   -21.1599
   100  829  602  -157.9837   113.9717   -21.1594
   101  828  602  -157.9844   113.9768   -21.1599
   102  827  602  -157.9850   113.9773   -21.1600
   103  826  602  -157.9857   113.9800   -21.1603
   104  825  602  -157.9863   113.9822   -21.1606
   105  824  602  -157.9869   113.9808   -21.1605
   106  823  602  -157.9875   113.9810   -21.1605
   107  822  602  -157.9882   113.9850   -21.1610
   108  821  602  -157.9887   113.9834   -21.1609

     1  334  357  -158.2807   113.5493   -21.2995
     2  333  357  -158.2815   113.5450   -21.2993
     3  332  357  -158.2820   113.5513   -21.2997
     4  335  357  -158.2801   113.5509   -21.2995
     5  331  358  -158.2827   113.5491   -21.2991
     6  330  358  -158.2834   113.5472   -21.2990
     7  329  358  -158.2840   113.5475   -21.2990
     8  328  358  -158.2847   113.5457   -21.2990
     9  327  358  -158.2853   113.5452   -21.2990
    10  326  358  -158.2859   113.5451   -21.2990
    11  325  358  -158.2866   113.5436   -21.2990
    12  323  359  -158.2879   113.5427   -21.2984
    13  322  359  -158.2886   113.5426   -21.2984
    14  321  359  -158.2893   113.5393   -21.2983
    15  324  359  -158.2873   113.5442   -21.2984
    16  320  360  -158.2899   113.5420   -21.2978
    17  319  360  -158.2906   113.5397   -21.2977
    18  318  360  -158.2912   113.5404   -21.2978
    19  317  360  -158.2919   113.5390   -21.2978
    20  316  360  -158.2925   113.5398   -21.2979
    21  315  361  -158.2932   113.5401   -21.2974
    22  314  361  -158.2938   113.5396   -21.2973
    23  313  361  -158.2945   113.5381   -21.2973
    24  312  361  -158.2951   113.5387   -21.2974
    25  311  361  -158.2957   113.5405   -21.2975
    26  310  361  -158.2963   113.5399   -21.2975
    27  309  361  -158.2970   113.5398   -21.2976
    28  308  361  -158.2976   113.5395   -21.2976
    29  306  362  -158.2989   113.5392   -21.2970
    30  305  362  -158.2995   113.5413   -21.2972
    31  304  362  -158.3002   113.5412   -21.2973
    32  303  362  -158.3008   113.5416   -21.2973
    33  302  362  -158.3014   113.5418   -21.2974
    34  301  362  -158.3021   113.5397   -21.2973
    35  300  362  -158.3027   113.5405   -21.2974
    36  307  362  -158.2982   113.5432   -21.2972
    37  299  363  -158.3034   113.5389   -21.2967
    38  298  363  -158.3041   113.5377   -21.2966
    39  297  363  -158.3047   113.5405   -21.2969
    40  296  363  -158.3054   113.5372   -21.2967
    41  294  364  -158.3067   113.5344   -21.2960
    42  293  364  -158.3073   113.5361   -21.2962
    43  292  364  -158.3080   113.5336   -21.2961
    44  295  364  -158.3061   113.5370   -21.2961
    45  291  365  -158.3087   113.5344   -21.2956
    46  290  365  -158.3093   113.5338   -21.2956
    47  289  365  -158.3101   113.5299   -21.2954
    48  288  365  -158.3107   113.5319   -21.2955
    49  287  365  -158.3113   113.5316   -21.2955
    50  286  365  -158.3120   113.5280   -21.2953
    51  285  366  -158.3125   113.5354   -21.2952
    52  284  366  -158.3133   113.5296   -21.2949
    53  283  366  -158.3139   113.5297   -21.2950
    54  282  366  -158.3145   113.5306   -21.2951
    55  281  366  -158.3152   113.5302   -21.2951
    56  280  366  -158.3158   113.5297   -21.2951
    57  278  367  -158.3171   113.5323   -21.2947
    58  277  367  -158.3177   113.5327   -21.2947
    59  276  367  -158.3184   113.5311   -21.2946
    60  275  367  -158.3191   113.5303   -21.2946
    61  274  367  -158.3197   113.5299   -21.2946
    62  273  367  -158.3203   113.5298   -21.2947
    63  279  367  -158.3165   113.5309   -21.2946
    64  272  368  -158.3211   113.5279   -21.2940
    65  271  368  -158.3217   113.5283   -21.2940
    66  270  368  -158.3223   113.5276   -21.2940
    67  269  368  -158.3231   113.5245   -21.2938
    68  268  368  -158.3236   113.5270   -21.2940
    69  267  368  -158.3243   113.5244   -21.2939
    70  266  368  -158.3250   113.5246   -21.2939
    71  265  368  -158.3255   113.5282   -21.2942
    72  263  369  -158.3268   113.5310   -21.2938
    73  262  369  -158.3274   113.5321   -21.2940
    74  261  369  -158.3280   113.5307   -21.2939
    75  260  369  -158.3287   113.5296   -21.2939
    76  259  369  -158.3293   113.5302   -21.2940
    77  264  369  -158.3261   113.5311   -21.2938
    78  258  370  -158.3300   113.5316   -21.2935
    79  257  370  -158.3306   113.5317   -21.2936
    80  256  370  -158.3313   113.5303   -21.2935
    81  255  370  -158.3319   113.5312   -21.2936
    82  253  371  -158.3331   113.5335   -21.2932
    83  252  371  -158.3338   113.5326   -21.2931
    84  251  371  -158.3344   113.5327   -21.2932
    85  254  371  -158.3325   113.5331   -21.2931
    86  249  372  -158.3357   113.5336   -21.2927
    87  248  372  -158.3364   113.5320   -21.2926
    88  247  372  -158.3371   113.5311   -21.2925
    89  250  372  -158.3350   113.5352   -21.2928
    90  246  373  -158.3376   113.5353   -21.2923
    91  245  373  -158.3384   113.5291   -21.2918
    92  244  373  -158.3392   113.5258   -21.2917
    93  243  373  -158.3397   113.5280   -21.2918
    94  242  373  -158.3404   113.5266   -21.2918
    95  241  373  -158.3410   113.5267   -21.2918
    96  239  374  -158.3424   113.5253   -21.2912
    97  238  374  -158.3429   113.5304   -21.2915
    98  237  374  -158.3435   113.5329   -21.2918
    99  236  374  -158.3441   113.5319   -21.2918
   100  235  374  -158.3448   113.5294   -21.2917
   101  234  374  -158.3454   113.5310   -21.2919
   102  233  374  -158.3460   113.5323   -21.2920
   103  240  374  -158.3417   113.5264   -21.2912
   104  232  375  -158.3466   113.5335   -21.2916
   105  231  375  -158.3475   113.5265   -21.2911
   106  230  375  -158.3482   113.5238   -21.2910
   107  229  375  -158.3486   113.5299   -21.2914
   108  228  375  -158.3492   113.5333   -21.2917
   109  227  375  -158.3497   113.5364   -21.2920
   110  226  375  -158.3503   113.5395   -21.2922
   111  225  375  -158.3508   113.5424   -21.2925
   112  224  375  -158.3514   113.5435   -21.2926
   113  222  376  -158.3528   113.5413   -21.2919
   114  221  376  -158.3536   113.5369   -21.2917
   115  220  376  -158.3542   113.5367   -21.2917
   116  219  376  -158.3548   113.5372   -21.2918
   117  218  376  -158.3555   113.5352   -21.2917
   118  217  376  -158.3562   113.5334   -21.2916
   119  223  376  -158.3521   113.5448   -21.2921
   120  216  377  -158.3569   113.5321   -21.2909
   121  215  377  -158.3576   113.5298   -21.2907
   122  214  377  -158.3583   113.5293   -21.2908
   123  213  377  -158.3590   113.5271   -21.2906
   124  212  377  -158.3600   113.5127   -21.2899
   125  211  377  -158.3606   113.5145   -21.2900
   126  209  378  -158.3617   113.5215   -21.2897
   127  208  378  -158.3623   113.5229   -21.2899
   128  207  378  -158.3628   113.5274   -21.2902
   129  206  378  -158.3634   113.5282   -21.2903
   130  205  378  -158.3640   113.5295   -21.2904
   131  210  378  -158.3612   113.5193   -21.2896
   132  204  379  -158.3645   113.5366   -21.2902
   133  203  379  -158.3651   113.5381   -21.2903
   134  202  379  -158.3658   113.5379   -21.2903
   135  201  379  -158.3664   113.5371   -21.2904
   136  200  379  -158.3672   113.5320   -21.2902
   137  199  379  -158.3684   113.5105   -21.2889
   138  198  380  -158.3690   113.5138   -21.2887
   139  197  380  -158.3694   113.5215   -21.2892
   140  196  380  -158.3700   113.5240   -21.2894
   141  195  380  -158.3703   113.5340   -21.2900
   142  194  380  -158.3708   113.5373   -21.2902
   143  193  380  -158.3714   113.5390   -21.2904
   144  191  381  -158.3725   113.5471   -21.2904
   145  190  381  -158.3730   113.5503   -21.2906
   146  189  381  -158.3737   113.5506   -21.2906
   147  188  381  -158.3743   113.5504   -21.2907
   148  187  381  -158.3749   113.5526   -21.2909
   149  192  381  -158.3719   113.5460   -21.2903
   150  186  382  -158.3755   113.5535   -21.2904
   151  185  382  -158.3761   113.5537   -21.2905
   152  184  382  -158.3767   113.5545   -21.2906
   153  183  382  -158.3774   113.5526   -21.2905
   154  182  382  -158.3781   113.5527   -21.2906
   155  180  383  -158.3795   113.5479   -21.2898
   156  179  383  -158.3802   113.5477   -21.2898
   157  178  383  -158.3808   113.5489   -21.2899
   158  177  383  -158.3813   113.5513   -21.2901
   159  181  383  -158.3789   113.5486   -21.2897
   160  176  384  -158.3821   113.5476   -21.2893
   161  175  384  -158.3827   113.5479   -21.2893
   162  174  384  -158.3834   113.5480   -21.2894
   163  173  384  -158.3840   113.5466   -21.2893
   164  172  384  -158.3846   113.5494   -21.2895
   165  171  385  -158.3854   113.5463   -21.2888
   166  170  385  -158.3860   113.5462   -21.2888
   167  169  385  -158.3866   113.5455   -21.2888
   168  168  385  -158.3873   113.5453   -21.2888
   169  167  385  -158.3878   113.5474   -21.2890
   170  166  386  -158.3885   113.5476   -21.2884
   171  165  386  -158.3892   113.5450   -21.2883
   172  164  386  -158.3899   113.5444   -21.2883
   173  163  386  -158.3906   113.5436   -21.2882
   174  162  386  -158.3911   113.5452   -21.2884
   175  161  386  -158.3917   113.5465   -21.2885
   176  160  386  -158.3923   113.5483   -21.2887
   177  159  386  -158.3929   113.5484   -21.2888
   178  158  386  -158.3933   113.5551   -21.2894
   179  157  387  -158.3940   113.5558   -21.2888
   180  156  387  -158.3945   113.5596   -21.2892
   181  155  387  -158.3951   113.5599   -21.2893
   182  154  387  -158.3964   113.5407   -21.2879
   183  153  387  -158.3971   113.5390   -21.2878
   184  152  387  -158.3978   113.5361   -21.2877
   185  151  387  -158.3985   113.5351   -21.2876
   186  150  387  -158.3991   113.5344   -21.2876
   187  148  388  -158.4005   113.5328   -21.2869
   188  147  388  -158.4011   113.5332   -21.2870
   189  146  388  -158.4017   113.5358   -21.2872
   190  149  388  -158.3999   113.5329   -21.2869
   191  144  389  -158.4029   113.5386   -21.2869
   192  143  389  -158.4037   113.5323   -21.2865
   193  142  389  -158.4046   113.5270   -21.2861
   194  145  389  -158.4024   113.5357   -21.2866
   195  141  390  -158.4052   113.5276   -21.2855
   196  140  390  -158.4059   113.5269   -21.2855
   197  139  390  -158.4064   113.5306   -21.2858
   198  138  390  -158.4071   113.5293   -21.2857
   199  137  390  -158.4076   113.5325   -21.2860
   200  135  391  -158.4090   113.5296   -21.2852
   201  134  391  -158.4097   113.5278   -21.2851
   202  133  391  -158.4103   113.5293   -21.2853
   203  132  391  -158.4108   113.5314   -21.2855
   204  131  391  -158.4114   113.5334   -21.2857
   205  130  391  -158.4119   113.5363   -21.2859
   206  129  391  -158.4125   113.5392   -21.2862
   207  136  391  -158.4084   113.5289   -21.2851
   208  128  392  -158.4132   113.5374   -21.2855
   209  127  392  -158.4138   113.5376   -21.2855
   210  126  392  -158.4144   113.5389   -21.2856
   211  125  392  -158.4151   113.5364   -21.2855
   212  124  392  -158.4159   113.5331   -21.2853
   213  123  392  -158.4165   113.5325   -21.2853
   214  122  392  -158.4177   113.5190   -21.2845
   215  120  393  -158.4189   113.5206   -21.2841
   216  119  393  -158.4199   113.5116   -21.2835
   217  118  393  -158.4206   113.5095   -21.2834
   218  121  393  -158.4184   113.5191   -21.2838
   219  116  394  -158.4221   113.5058   -21.2825
   220  115  394  -158.4225   113.5099   -21.2827
   221  117  394  -158.4211   113.5139   -21.2830

    1  96  386  -158.4343   113.5071   -21.2887
    2  95  386  -158.4350   113.5056   -21.2886
    3  94  386  -158.4357   113.5042   -21.2885
    4  93  386  -158.4362   113.5059   -21.2887
    5  97  386  -158.4336   113.5093   -21.2888
    6  92  387  -158.4371   113.5016   -21.2878
    7  91  387  -158.4377   113.5013   -21.2878
    8  90  387  -158.4384   113.5007   -21.2877
    9  89  387  -158.4391   113.4975   -21.2876
   10  88  387  -158.4389   113.5203   -21.2891
   11  87  387  -158.4397   113.5173   -21.2890
   12  86  387  -158.4405   113.5109   -21.2887
   13  85  387  -158.4410   113.5152   -21.2891
   14  84  387  -158.4416   113.5166   -21.2892
   15  83  388  -158.4425   113.5112   -21.2884
   16  82  388  -158.4430   113.5140   -21.2886
   17  81  388  -158.4436   113.5145   -21.2887
   18  80  388  -158.4439   113.5235   -21.2894
   19  79  388  -158.4444   113.5258   -21.2896
   20  78  388  -158.4449   113.5306   -21.2900
   21  77  388  -158.4454   113.5325   -21.2900
   22  76  388  -158.4458   113.5389   -21.2906
   23  75  389  -158.4466   113.5347   -21.2897
   24  74  389  -158.4474   113.5301   -21.2895
   25  73  389  -158.4480   113.5328   -21.2897
   26  72  389  -158.4486   113.5326   -21.2898
   27  71  389  -158.4492   113.5344   -21.2899
   28  70  389  -158.4499   113.5322   -21.2899
   29  69  389  -158.4502   113.5407   -21.2905
   30  68  389  -158.4511   113.5329   -21.2900
   31  66  390  -158.4530   113.5194   -21.2884
   32  65  390  -158.4536   113.5209   -21.2886
   33  64  390  -158.4540   113.5253   -21.2889
   34  63  390  -158.4545   113.5284   -21.2892
   35  62  390  -158.4550   113.5319   -21.2894
   36  67  390  -158.4521   113.5252   -21.2888
   37  61  391  -158.4559   113.5272   -21.2885
   38  60  391  -158.4564   113.5303   -21.2887
   39  59  391  -158.4572   113.5269   -21.2885
   40  58  391  -158.4575   113.5343   -21.2890
   41  57  391  -158.4581   113.5355   -21.2892
   42  45  391  -158.4656   113.5370   -21.2897
   43  46  391  -158.4652   113.5320   -21.2893
   44  47  391  -158.4646   113.5319   -21.2893
   45  48  391  -158.4640   113.5303   -21.2892
   46  49  391  -158.4634   113.5292   -21.2891
   47  50  391  -158.4627   113.5305   -21.2891
   48  51  391  -158.4617   113.5388   -21.2896
   49  52  391  -158.4611   113.5387   -21.2896
   50  53  391  -158.4595   113.5616   -21.2909
   51  54  391  -158.4592   113.5536   -21.2904
   52  55  391  -158.4588   113.5498   -21.2901
   53  56  391  -158.4584   113.5427   -21.2897
   54  44  392  -158.4664   113.5350   -21.2889
   55  43  392  -158.4670   113.5343   -21.2889
   56  42  392  -158.4678   113.5314   -21.2888
   57  41  392  -158.4685   113.5304   -21.2888
   58  40  392  -158.4692   113.5286   -21.2887
   59  39  392  -158.4699   113.5260   -21.2885
   60  38  392  -158.4705   113.5280   -21.2887
   61  37  392  -158.4714   113.5215   -21.2883
   62  36  392  -158.4718   113.5263   -21.2887
   63  35  393  -158.4724   113.5271   -21.2881
   64  34  393  -158.4731   113.5271   -21.2882
   65  33  393  -158.4737   113.5271   -21.2882
   66  32  393  -158.4743   113.5269   -21.2882
   67  31  393  -158.4751   113.5253   -21.2882
   68  30  393  -158.4758   113.5227   -21.2880
   69  29  393  -158.4763   113.5251   -21.2882
   70  28  393  -158.4768   113.5297   -21.2886
   71  27  393  -158.4778   113.5193   -21.2879
   72  26  393  -158.4782   113.5252   -21.2883
   73  25  394  -158.4787   113.5309   -21.2881
   74  24  394  -158.4792   113.5325   -21.2883
   75  23  394  -158.4797   113.5363   -21.2886
   76  22  394  -158.4801   113.5399   -21.2889
   77  21  394  -158.4810   113.5333   -21.2888
   78  20  394  -158.4816   113.5355   -21.2891

    1  522  443  -158.1642   113.7237   -21.2501
    2  521  443  -158.1648   113.7249   -21.2502
    3  523  443  -158.1635   113.7252   -21.2502
    4  520  444  -158.1655   113.7264   -21.2498
    5  519  444  -158.1661   113.7263   -21.2498
    6  518  444  -158.1667   113.7266   -21.2499
    7  517  444  -158.1673   113.7269   -21.2499
    8  516  444  -158.1679   113.7277   -21.2500
    9  514  445  -158.1692   113.7298   -21.2496
   10  513  445  -158.1698   113.7312   -21.2498
   11  512  445  -158.1705   113.7286   -21.2496
   12  511  445  -158.1711   113.7248   -21.2494
   13  510  445  -158.1718   113.7240   -21.2493
   14  515  445  -158.1686   113.7300   -21.2496
   15  509  446  -158.1724   113.7292   -21.2491
   16  508  446  -158.1730   113.7325   -21.2494
   17  507  446  -158.1736   113.7367   -21.2498
   18  506  446  -158.1741   113.7432   -21.2503
   19  505  446  -158.1748   113.7388   -21.2500
   20  504  446  -158.1754   113.7410   -21.2501
   21  503  447  -158.1761   113.7354   -21.2492
   22  502  447  -158.1766   113.7474   -21.2501
   23  500  447  -158.1780   113.7338   -21.2492
   24  499  447  -158.1786   113.7329   -21.2492
   25  498  447  -158.1792   113.7357   -21.2494
   26  497  447  -158.1798   113.7367   -21.2495
   27  496  447  -158.1804   113.7375   -21.2497
   28  501  447  -158.1774   113.7361   -21.2493
   29  492  448  -158.1831   113.7241   -21.2483
   30  491  448  -158.1837   113.7272   -21.2486
   31  494  448  -158.1819   113.7236   -21.2481
   32  495  448  -158.1812   113.7245   -21.2481
   33  490  448  -158.1843   113.7298   -21.2488
   34  489  448  -158.1849   113.7295   -21.2488
   35  488  448  -158.1855   113.7305   -21.2489
   36  487  448  -158.1862   113.7286   -21.2488
   37  486  448  -158.1868   113.7289   -21.2489
   38  493  448  -158.1824   113.7282   -21.2485
   39  485  449  -158.1875   113.7281   -21.2483
   40  484  449  -158.1881   113.7276   -21.2483
   41  483  449  -158.1887   113.7249   -21.2482
   42  482  449  -158.1894   113.7214   -21.2479
   43  481  449  -158.1900   113.7203   -21.2479
   44  480  449  -158.1906   113.7189   -21.2479
   45  479  449  -158.1913   113.7194   -21.2479
   46  478  449  -158.1919   113.7149   -21.2476
   47  477  449  -158.1926   113.7159   -21.2477
   48  476  450  -158.1932   113.7177   -21.2473
   49  475  450  -158.1938   113.7146   -21.2471
   50  474  450  -158.1945   113.7161   -21.2472
   51  473  450  -158.1951   113.7151   -21.2472
   52  472  450  -158.1957   113.7131   -21.2471
   53  471  450  -158.1964   113.7141   -21.2472
   54  470  450  -158.1970   113.7103   -21.2469
   55  469  450  -158.1976   113.7112   -21.2470
   56  467  451  -158.1989   113.7175   -21.2471
   57  466  451  -158.1995   113.7152   -21.2469
   58  465  451  -158.2001   113.7156   -21.2470
   59  464  451  -158.2007   113.7185   -21.2473
   60  468  451  -158.1983   113.7144   -21.2467

     1  1097  465  -157.8112   113.8262   -21.2190
     2  1098  465  -157.8106   113.8274   -21.2191
     3  1096  466  -157.8119   113.8279   -21.2186
     4  1095  466  -157.8125   113.8267   -21.2186
     5  1094  466  -157.8131   113.8276   -21.2187
     6  1093  466  -157.8137   113.8265   -21.2186
     7  1091  467  -157.8149   113.8248   -21.2179
     8  1090  467  -157.8155   113.8250   -21.2180
     9  1092  467  -157.8144   113.8263   -21.2180
    10  1089  468  -157.8162   113.8261   -21.2175
    11  1088  468  -157.8169   113.8277   -21.2177
    12  1087  468  -157.8175   113.8277   -21.2177
    13  1085  469  -157.8187   113.8268   -21.2171
    14  1084  469  -157.8194   113.8281   -21.2173
    15  1083  469  -157.8200   113.8273   -21.2172
    16  1086  469  -157.8182   113.8281   -21.2172
    17  1081  470  -157.8211   113.8230   -21.2163
    18  1080  470  -157.8217   113.8234   -21.2164
    19  1082  470  -157.8206   113.8267   -21.2166
    20  1079  471  -157.8223   113.8221   -21.2158
    21  1078  471  -157.8230   113.8220   -21.2158
    22  1077  471  -157.8236   113.8223   -21.2159
    23  1076  471  -157.8242   113.8227   -21.2159
    24  1074  472  -157.8253   113.8181   -21.2150
    25  1073  472  -157.8259   113.8190   -21.2151
    26  1072  472  -157.8265   113.8167   -21.2150
    27  1071  472  -157.8271   113.8174   -21.2151
    28  1070  472  -157.8277   113.8174   -21.2152
    29  1075  472  -157.8247   113.8196   -21.2151
    30  1069  473  -157.8284   113.8191   -21.2147
    31  1068  473  -157.8291   113.8195   -21.2148
    32  1067  473  -157.8297   113.8189   -21.2148
    33  1066  473  -157.8303   113.8188   -21.2148
    34  1065  473  -157.8308   113.8165   -21.2147
    35  1064  473  -157.8315   113.8179   -21.2148
    36  1063  473  -157.8322   113.8201   -21.2150
    37  1062  473  -157.8328   113.8196   -21.2150
    38  1060  474  -157.8340   113.8202   -21.2146
    39  1059  474  -157.8347   113.8210   -21.2146
    40  1058  474  -157.8353   113.8215   -21.2148
    41  1057  474  -157.8360   113.8241   -21.2150
    42  1056  474  -157.8367   113.8268   -21.2153
    43  1055  474  -157.8373   113.8269   -21.2153
    44  1054  474  -157.8380   113.8290   -21.2155
    45  1061  474  -157.8335   113.8210   -21.2146
    46  1053  475  -157.8388   113.8328   -21.2153
    47  1052  475  -157.8394   113.8325   -21.2153
    48  1051  475  -157.8399   113.8300   -21.2151
    49  1032  475  -157.8512   113.8182   -21.2151
    50  1033  475  -157.8505   113.8168   -21.2149
    51  1034  475  -157.8499   113.8172   -21.2149
    52  1035  475  -157.8494   113.8194   -21.2150
    53  1036  475  -157.8488   113.8199   -21.2150
    54  1037  475  -157.8482   113.8209   -21.2150
    55  1038  475  -157.8476   113.8203   -21.2150
    56  1039  475  -157.8470   113.8222   -21.2151
    57  1040  475  -157.8463   113.8201   -21.2149
    58  1041  475  -157.8459   113.8240   -21.2151
    59  1042  475  -157.8454   113.8272   -21.2153
    60  1043  475  -157.8448   113.8277   -21.2153
    61  1044  475  -157.8442   113.8286   -21.2154
    62  1045  475  -157.8435   113.8283   -21.2153
    63  1046  475  -157.8429   113.8281   -21.2152
    64  1047  475  -157.8423   113.8281   -21.2152
    65  1048  475  -157.8417   113.8284   -21.2151
    66  1049  475  -157.8411   113.8286   -21.2151
    67  1050  475  -157.8405   113.8287   -21.2151
    68  1031  476  -157.8517   113.8138   -21.2141
    69  1030  476  -157.8523   113.8116   -21.2140
    70  1029  476  -157.8529   113.8133   -21.2142
    71  1028  476  -157.8536   113.8151   -21.2144
    72  1027  476  -157.8543   113.8182   -21.2147
    73  1026  476  -157.8549   113.8173   -21.2146
    74  1025  476  -157.8555   113.8165   -21.2146
    75  1024  476  -157.8561   113.8158   -21.2146
    76  1023  476  -157.8566   113.8123   -21.2144
    77  1022  476  -157.8571   113.8106   -21.2143
    78  1021  476  -157.8578   113.8107   -21.2143
    79  1020  476  -157.8583   113.8094   -21.2143
    80  1019  476  -157.8589   113.8092   -21.2143
    81  1018  476  -157.8595   113.8078   -21.2142
    82  1017  476  -157.8601   113.8059   -21.2141
    83  1016  476  -157.8607   113.8066   -21.2143
    84  1015  476  -157.8613   113.8043   -21.2141
    85  1014  476  -157.8619   113.8070   -21.2144
    86  1013  476  -157.8626   113.8089   -21.2146
    87  1012  476  -157.8632   113.8080   -21.2145
    88  1011  476  -157.8637   113.8044   -21.2143
    89  1010  477  -157.8643   113.8002   -21.2133
    90  1009  477  -157.8649   113.8010   -21.2134
    91  1008  477  -157.8654   113.7990   -21.2133
    92  1007  477  -157.8661   113.8005   -21.2135
    93  1005  478  -157.8675   113.8032   -21.2132
    94  1004  478  -157.8681   113.8059   -21.2134
    95  1003  478  -157.8688   113.8064   -21.2135
    96  1006  478  -157.8670   113.8087   -21.2136
    97  1001  479  -157.8702   113.8112   -21.2134
    98  1000  479  -157.8707   113.8085   -21.2132
    99   999  479  -157.8713   113.8072   -21.2131
   100  1002  479  -157.8695   113.8086   -21.2131
   101   998  480  -157.8719   113.8066   -21.2125
   102   997  480  -157.8725   113.8045   -21.2123
   103   996  480  -157.8731   113.8052   -21.2125
   104   995  480  -157.8738   113.8071   -21.2127
   105   993  481  -157.8751   113.8087   -21.2122
   106   992  481  -157.8757   113.8074   -21.2122
   107   991  481  -157.8763   113.8064   -21.2121
   108   994  481  -157.8745   113.8088   -21.2122
   109   990  482  -157.8769   113.8055   -21.2115
   110   989  482  -157.8775   113.8052   -21.2115
   111   988  482  -157.8781   113.8049   -21.2116
   112   987  482  -157.8788   113.8051   -21.2116
   113   985  483  -157.8800   113.8042   -21.2110
   114   984  483  -157.8806   113.8018   -21.2108
   115   986  483  -157.8794   113.8044   -21.2110

     1  1133  463  -157.7892   113.8293   -21.2188
     2  1132  463  -157.7899   113.8300   -21.2189
     3  1131  463  -157.7905   113.8306   -21.2190
     4  1134  463  -157.7885   113.8274   -21.2186
     5  1130  464  -157.7912   113.8307   -21.2184
     6  1129  464  -157.7918   113.8306   -21.2185
     7  1128  464  -157.7923   113.8298   -21.2185
     8  1127  464  -157.7929   113.8288   -21.2184
     9  1126  464  -157.7935   113.8282   -21.2185
    10  1125  464  -157.7940   113.8255   -21.2183
    11  1124  465  -157.7947   113.8276   -21.2179
    12  1123  465  -157.7953   113.8256   -21.2178
    13  1122  465  -157.7960   113.8279   -21.2180
    14  1121  465  -157.7965   113.8253   -21.2178
    15  1120  465  -157.7970   113.8225   -21.2177
    16  1119  465  -157.7975   113.8207   -21.2176
    17  1118  465  -157.7982   113.8209   -21.2176
    18  1116  466  -157.7996   113.8243   -21.2174
    19  1115  466  -157.8002   113.8262   -21.2176
    20  1114  466  -157.8009   113.8278   -21.2177
    21  1113  466  -157.8014   113.8257   -21.2176
    22  1117  466  -157.7990   113.8250   -21.2174
    23  1112  467  -157.8022   113.8287   -21.2174
    24  1111  467  -157.8029   113.8300   -21.2175
    25  1110  467  -157.8035   113.8308   -21.2176
    26  1109  467  -157.8041   113.8310   -21.2176
    27  1107  468  -157.8055   113.8335   -21.2173
    28  1106  468  -157.8061   113.8338   -21.2174
    29  1105  468  -157.8067   113.8338   -21.2174
    30  1108  468  -157.8049   113.8340   -21.2173
    31  1104  469  -157.8074   113.8344   -21.2169
    32  1103  469  -157.8079   113.8315   -21.2167
    33  1102  469  -157.8085   113.8322   -21.2168
    34  1101  469  -157.8091   113.8313   -21.2168
    35  1100  469  -157.8096   113.8292   -21.2167
    36  1098  470  -157.8109   113.8294   -21.2162
    37  1097  470  -157.8116   113.8315   -21.2164
    38  1096  470  -157.8123   113.8333   -21.2166
    39  1099  470  -157.8104   113.8312   -21.2163
    40  1094  471  -157.8134   113.8295   -21.2157
    41  1093  471  -157.8140   113.8277   -21.2156
    42  1092  471  -157.8145   113.8269   -21.2156
    43  1095  471  -157.8128   113.8303   -21.2158
    44  1091  472  -157.8151   113.8241   -21.2148
    45  1090  472  -157.8157   113.8246   -21.2149
    46  1089  472  -157.8163   113.8246   -21.2149
    47  1088  472  -157.8170   113.8253   -21.2150
    48  1086  473  -157.8183   113.8261   -21.2146
    49  1085  473  -157.8188   113.8251   -21.2146
    50  1084  473  -157.8195   113.8258   -21.2147
    51  1087  473  -157.8177   113.8262   -21.2145
    52  1083  474  -157.8201   113.8261   -21.2141
    53  1082  474  -157.8207   113.8244   -21.2140
    54  1081  474  -157.8213   113.8239   -21.2140
    55  1080  474  -157.8218   113.8215   -21.2138
    56  1078  475  -157.8232   113.8235   -21.2135
    57  1077  475  -157.8238   113.8244   -21.2136
    58  1076  475  -157.8244   113.8238   -21.2136
    59  1075  475  -157.8250   113.8242   -21.2136
    60  1074  475  -157.8256   113.8242   -21.2137
    61  1079  475  -157.8226   113.8242   -21.2135
    62  1073  476  -157.8264   113.8262   -21.2133
    63  1072  476  -157.8270   113.8259   -21.2133
    64  1071  476  -157.8276   113.8264   -21.2133
    65  1070  476  -157.8282   113.8271   -21.2135
    66  1069  476  -157.8288   113.8261   -21.2134
    67  1068  476  -157.8295   113.8274   -21.2136
    68  1067  476  -157.8301   113.8274   -21.2136
    69  1066  476  -157.8307   113.8270   -21.2136
    70  1065  477  -157.8315   113.8324   -21.2135
    71  1064  477  -157.8322   113.8336   -21.2136
    72  1063  477  -157.8327   113.8317   -21.2135
    73  1062  477  -157.8333   113.8309   -21.2135
    74  1061  477  -157.8339   113.8314   -21.2136
    75  1059  477  -157.8352   113.8323   -21.2138
    76  1060  477  -157.8345   113.8307   -21.2136
    77  1057  478  -157.8365   113.8346   -21.2135
    78  1056  478  -157.8371   113.8332   -21.2134
    79  1055  478  -157.8377   113.8344   -21.2136
    80  1054  478  -157.8383   113.8336   -21.2136
    81  1053  478  -157.8389   113.8320   -21.2135
    82  1052  478  -157.8396   113.8344   -21.2137
    83  1051  478  -157.8401   113.8326   -21.2136
    84  1058  478  -157.8358   113.8328   -21.2132
    85  1050  479  -157.8407   113.8304   -21.2129
    86  1049  479  -157.8413   113.8300   -21.2129
    87  1048  479  -157.8419   113.8302   -21.2129
    88  1047  479  -157.8425   113.8302   -21.2130
    89  1046  479  -157.8431   113.8300   -21.2130
    90  1045  479  -157.8438   113.8308   -21.2131
    91  1044  479  -157.8444   113.8296   -21.2131
    92  1043  479  -157.8449   113.8287   -21.2130
    93  1042  479  -157.8455   113.8270   -21.2130
    94  1041  479  -157.8460   113.8239   -21.2128
    95  1040  479  -157.8465   113.8211   -21.2125
    96  1039  479  -157.8471   113.8196   -21.2124
    97  1038  479  -157.8477   113.8175   -21.2123
    98  1037  479  -157.8482   113.8160   -21.2122
    99  1036  479  -157.8488   113.8141   -21.2121
   100  1035  479  -157.8496   113.8213   -21.2128
   101  1034  479  -157.8500   113.8146   -21.2122
   102  1033  479  -157.8508   113.8190   -21.2126
   103  1032  479  -157.8513   113.8160   -21.2124
   104  1031  479  -157.8520   113.8185   -21.2127
   105  1030  480  -157.8525   113.8151   -21.2118
   106  1029  480  -157.8533   113.8212   -21.2124
   107  1028  480  -157.8539   113.8201   -21.2123
   108  1027  480  -157.8546   113.8236   -21.2127
   109  1026  480  -157.8551   113.8195   -21.2123
   110  1025  480  -157.8557   113.8177   -21.2123
   111  1024  480  -157.8562   113.8163   -21.2122
   112  1023  480  -157.8569   113.8178   -21.2124
   113  1022  480  -157.8577   113.8219   -21.2127
   114  1021  480  -157.8582   113.8201   -21.2126
   115  1020  480  -157.8588   113.8196   -21.2127
   116  1019  480  -157.8594   113.8193   -21.2127
   117  1018  480  -157.8600   113.8180   -21.2126
   118  1017  480  -157.8606   113.8185   -21.2126
   119  1016  480  -157.8612   113.8177   -21.2126
   120  1015  480  -157.8617   113.8151   -21.2125
   121  1014  480  -157.8623   113.8136   -21.2124
   122  1013  480  -157.8631   113.8189   -21.2129
   123  1012  480  -157.8634   113.8073   -21.2119
   124  1010  481  -157.8648   113.8115   -21.2117
   125  1009  481  -157.8653   113.8108   -21.2117
   126  1008  481  -157.8660   113.8125   -21.2119
   127  1007  481  -157.8665   113.8086   -21.2116
   128  1011  481  -157.8642   113.8124   -21.2118
   129  1006  482  -157.8673   113.8137   -21.2115
   130  1005  482  -157.8679   113.8120   -21.2114
   131  1004  482  -157.8684   113.8094   -21.2112
   132  1003  482  -157.8690   113.8093   -21.2112
   133  1002  482  -157.8696   113.8071   -21.2111
   134  1001  483  -157.8704   113.8110   -21.2108
   135  1000  483  -157.8710   113.8109   -21.2109
   136   999  483  -157.8716   113.8125   -21.2111
   137   998  483  -157.8722   113.8095   -21.2108
   138   996  484  -157.8736   113.8157   -21.2108
   139   995  484  -157.8742   113.8163   -21.2110
   140   994  484  -157.8747   113.8127   -21.2107
   141   993  484  -157.8753   113.8120   -21.2107
   142   997  484  -157.8730   113.8144   -21.2107
   143   992  485  -157.8761   113.8145   -21.2104
   144   991  485  -157.8767   113.8147   -21.2104
   145   990  485  -157.8772   113.8120   -21.2102
   146   989  485  -157.8778   113.8092   -21.2100
   147   988  485  -157.8784   113.8101   -21.2101
   148   986  486  -157.8797   113.8112   -21.2097
   149   985  486  -157.8803   113.8108   -21.2097
   150   987  486  -157.8791   113.8120   -21.2097

    1  1112  473  -157.8029   113.8399   -21.2145
    2  1111  473  -157.8034   113.8378   -21.2144
    3  1113  473  -157.8023   113.8402   -21.2145
    4  1110  474  -157.8042   113.8414   -21.2141
    5  1109  474  -157.8048   113.8421   -21.2142
    6  1108  474  -157.8054   113.8423   -21.2143
    7  1107  474  -157.8060   113.8412   -21.2142
    8  1105  475  -157.8073   113.8415   -21.2137
    9  1104  475  -157.8079   113.8420   -21.2138
   10  1103  475  -157.8084   113.8393   -21.2136
   11  1106  475  -157.8067   113.8431   -21.2138
   12  1102  476  -157.8091   113.8393   -21.2130
   13  1101  476  -157.8097   113.8396   -21.2131
   14  1100  476  -157.8102   113.8379   -21.2130
   15  1099  476  -157.8109   113.8390   -21.2132
   16  1098  476  -157.8115   113.8388   -21.2132
   17  1097  476  -157.8121   113.8390   -21.2133
   18  1095  477  -157.8133   113.8370   -21.2126
   19  1094  477  -157.8139   113.8358   -21.2126
   20  1093  477  -157.8143   113.8311   -21.2122
   21  1092  477  -157.8149   113.8295   -21.2121
   22  1091  477  -157.8154   113.8279   -21.2120
   23  1096  477  -157.8128   113.8392   -21.2128
   24  1085  478  -157.8195   113.8369   -21.2125
   25  1086  478  -157.8188   113.8368   -21.2124
   26  1087  478  -157.8182   113.8368   -21.2124
   27  1088  478  -157.8176   113.8347   -21.2121
   28  1089  478  -157.8169   113.8332   -21.2120
   29  1090  478  -157.8162   113.8321   -21.2118
   30  1083  479  -157.8207   113.8350   -21.2118
   31  1082  479  -157.8213   113.8370   -21.2120
   32  1081  479  -157.8218   113.8322   -21.2116
   33  1080  479  -157.8225   113.8341   -21.2118
   34  1079  479  -157.8231   113.8337   -21.2119
   35  1078  479  -157.8237   113.8358   -21.2121
   36  1084  479  -157.8201   113.8367   -21.2119
   37  1077  480  -157.8244   113.8374   -21.2116
   38  1076  480  -157.8251   113.8389   -21.2118
   39  1075  480  -157.8257   113.8376   -21.2117
   40  1074  480  -157.8263   113.8374   -21.2117
   41  1073  480  -157.8269   113.8368   -21.2117
   42  1072  480  -157.8275   113.8366   -21.2117
   43  1071  481  -157.8282   113.8398   -21.2114
   44  1070  481  -157.8288   113.8374   -21.2113
   45  1069  481  -157.8295   113.8393   -21.2115
   46  1068  481  -157.8301   113.8408   -21.2116
   47  1067  481  -157.8306   113.8371   -21.2114
   48  1066  481  -157.8312   113.8374   -21.2114
   49  1064  482  -157.8325   113.8369   -21.2109
   50  1063  482  -157.8331   113.8362   -21.2108
   51  1062  482  -157.8336   113.8335   -21.2107
   52  1065  482  -157.8319   113.8376   -21.2109

    1  524  504  -158.1651   113.8101   -21.2188
    2  525  504  -158.1645   113.8096   -21.2188
    3  522  505  -158.1664   113.8103   -21.2183
    4  521  505  -158.1670   113.8107   -21.2184
    5  523  505  -158.1658   113.8090   -21.2182
    6  520  506  -158.1676   113.8116   -21.2179
    7  519  506  -158.1682   113.8128   -21.2181
    8  518  506  -158.1689   113.8130   -21.2181
    9  516  507  -158.1701   113.8156   -21.2178
   10  515  507  -158.1707   113.8192   -21.2181
   11  514  507  -158.1713   113.8185   -21.2181
   12  513  507  -158.1720   113.8159   -21.2179
   13  512  507  -158.1725   113.8187   -21.2182
   14  511  507  -158.1732   113.8192   -21.2183
   15  517  507  -158.1695   113.8162   -21.2178
   16  510  508  -158.1738   113.8197   -21.2178
   17  509  508  -158.1744   113.8191   -21.2178
   18  508  508  -158.1751   113.8175   -21.2177
   19  507  508  -158.1757   113.8202   -21.2179
   20  506  508  -158.1763   113.8198   -21.2179
   21  505  508  -158.1769   113.8220   -21.2182
   22  504  508  -158.1775   113.8232   -21.2183
   23  503  508  -158.1781   113.8246   -21.2185
   24  502  508  -158.1787   113.8220   -21.2183
   25  501  508  -158.1794   113.8190   -21.2181
   26  500  508  -158.1800   113.8186   -21.2181
   27  499  508  -158.1806   113.8173   -21.2180
   28  498  509  -158.1813   113.8161   -21.2174
   29  497  509  -158.1819   113.8145   -21.2173
   30  496  509  -158.1825   113.8144   -21.2173
   31  495  509  -158.1832   113.8121   -21.2172
   32  494  509  -158.1838   113.8112   -21.2171
   33  492  509  -158.1850   113.8094   -21.2171
   34  491  509  -158.1857   113.8099   -21.2172
   35  493  509  -158.1844   113.8097   -21.2171
   36  489  510  -158.1870   113.8087   -21.2165
   37  490  510  -158.1863   113.8100   -21.2166
   38  486  510  -158.1888   113.8078   -21.2166
   39  485  510  -158.1894   113.8066   -21.2166
   40  487  510  -158.1882   113.8077   -21.2165
   41  488  510  -158.1876   113.8079   -21.2165
   42  484  511  -158.1901   113.8075   -21.2160
   43  483  511  -158.1907   113.8070   -21.2160
   44  482  511  -158.1913   113.8077   -21.2161
   45  481  511  -158.1919   113.8076   -21.2162
   46  480  511  -158.1925   113.8087   -21.2163
   47  479  511  -158.1932   113.8055   -21.2161
   48  477  512  -158.1945   113.8030   -21.2154
   49  476  512  -158.1951   113.8053   -21.2156
   50  475  512  -158.1957   113.8019   -21.2154
   51  474  512  -158.1963   113.8075   -21.2159
   52  478  512  -158.1938   113.8068   -21.2156
   53  473  513  -158.1969   113.8087   -21.2154
   54  472  513  -158.1976   113.8044   -21.2151
   55  471  513  -158.1982   113.8035   -21.2150
   56  470  513  -158.1989   113.8032   -21.2151
   57  469  513  -158.1995   113.7987   -21.2147
   58  468  513  -158.2001   113.8003   -21.2149
   59  466  514  -158.2014   113.8000   -21.2144
   60  465  514  -158.2020   113.8000   -21.2144
   61  464  514  -158.2026   113.8025   -21.2147
   62  463  514  -158.2032   113.8019   -21.2147
   63  462  514  -158.2039   113.7996   -21.2145
   64  467  514  -158.2007   113.8039   -21.2147
   65  461  515  -158.2045   113.8017   -21.2141
   66  460  515  -158.2051   113.8012   -21.2142
   67  459  515  -158.2057   113.8009   -21.2142
   68  458  515  -158.2063   113.8051   -21.2146
   69  457  515  -158.2069   113.8060   -21.2147
   70  456  515  -158.2075   113.8079   -21.2149
   71  454  516  -158.2088   113.8068   -21.2143
   72  453  516  -158.2094   113.8056   -21.2142
   73  455  516  -158.2082   113.8076   -21.2143

    1  510  497  -158.1734   113.8069   -21.2235
    2  509  497  -158.1740   113.8110   -21.2239
    3  508  497  -158.1746   113.8102   -21.2239
    4  507  497  -158.1752   113.8100   -21.2239
    5  506  497  -158.1759   113.8052   -21.2236
    6  505  497  -158.1765   113.8073   -21.2238
    7  504  497  -158.1772   113.8043   -21.2236
    8  503  497  -158.1777   113.8097   -21.2241
    9  502  497  -158.1783   113.8125   -21.2243
   10  501  498  -158.1790   113.8081   -21.2234
   11  500  498  -158.1796   113.8143   -21.2240
   12  499  498  -158.1802   113.8148   -21.2240
   13  498  498  -158.1808   113.8107   -21.2237
   14  497  498  -158.1815   113.8107   -21.2238
   15  496  498  -158.1821   113.8085   -21.2236
   16  495  498  -158.1827   113.8103   -21.2239
   17  494  498  -158.1833   113.8092   -21.2238
   18  493  498  -158.1839   113.8076   -21.2237
   19  492  498  -158.1846   113.8053   -21.2236
   20  491  498  -158.1852   113.8020   -21.2233
   21  490  498  -158.1858   113.8047   -21.2236
   22  488  499  -158.1871   113.8016   -21.2228
   23  487  499  -158.1878   113.7976   -21.2225
   24  486  499  -158.1884   113.7975   -21.2226
   25  485  499  -158.1890   113.7990   -21.2228
   26  489  499  -158.1866   113.7981   -21.2225
   27  484  500  -158.1897   113.7941   -21.2217
   28  483  500  -158.1903   113.7949   -21.2219
   29  482  500  -158.1909   113.8009   -21.2224
   30  480  501  -158.1923   113.7922   -21.2211
   31  479  501  -158.1929   113.7888   -21.2209
   32  481  501  -158.1917   113.7913   -21.2210
   33  478  502  -158.1936   113.7910   -21.2205
   34  477  502  -158.1942   113.7862   -21.2201
   35  476  502  -158.1948   113.7916   -21.2207
   36  474  503  -158.1960   113.7965   -21.2205
   37  473  503  -158.1967   113.7937   -21.2203
   38  472  503  -158.1973   113.7918   -21.2202
   39  471  503  -158.1979   113.7893   -21.2200
   40  470  503  -158.1985   113.7947   -21.2205
   41  469  503  -158.1991   113.7918   -21.2203
   42  468  503  -158.1997   113.7945   -21.2206
   43  475  503  -158.1954   113.7956   -21.2204
   44  467  504  -158.2004   113.7937   -21.2200
   45  466  504  -158.2010   113.7918   -21.2199
   46  465  504  -158.2017   113.7917   -21.2199
   47  464  504  -158.2023   113.7873   -21.2196
   48  463  504  -158.2029   113.7890   -21.2198
   49  462  504  -158.2035   113.7915   -21.2201
   50  461  504  -158.2041   113.7922   -21.2202
   51  460  504  -158.2047   113.7921   -21.2202
   52  459  504  -158.2053   113.7950   -21.2205
   53  458  504  -158.2059   113.7936   -21.2205
   54  457  504  -158.2066   113.7890   -21.2202
   55  456  504  -158.2072   113.7893   -21.2202
   56  455  504  -158.2079   113.7885   -21.2202
   57  454  504  -158.2085   113.7910   -21.2204
   58  452  505  -158.2097   113.7902   -21.2198
   59  451  505  -158.2104   113.7890   -21.2197
   60  450  505  -158.2110   113.7902   -21.2199
   61  449  505  -158.2116   113.7898   -21.2199
   62  448  505  -158.2122   113.7915   -21.2201
   63  447  505  -158.2128   113.7905   -21.2201
   64  446  505  -158.2134   113.7907   -21.2201
   65  453  505  -158.2092   113.7868   -21.2195

    1  93  383  -158.4366   113.4922   -21.2896
    2  92  383  -158.4370   113.4991   -21.2901
    3  91  383  -158.4377   113.4981   -21.2901
    4  90  383  -158.4386   113.4902   -21.2896
    5  89  383  -158.4391   113.4940   -21.2899
    6  94  383  -158.4357   113.4991   -21.2901
    7  88  384  -158.4395   113.5014   -21.2898
    8  87  384  -158.4399   113.5081   -21.2903
    9  86  384  -158.4409   113.4982   -21.2897
   10  85  384  -158.4416   113.4956   -21.2896
   11  84  384  -158.4421   113.4998   -21.2899
   12  83  384  -158.4427   113.4998   -21.2899
   13  82  384  -158.4429   113.5109   -21.2907
   14  81  384  -158.4437   113.5078   -21.2905
   15  80  384  -158.4438   113.5215   -21.2915
   16  79  384  -158.4451   113.5052   -21.2904
   17  78  384  -158.4448   113.5267   -21.2920
   18  77  384  -158.4451   113.5349   -21.2926
   19  76  385  -158.4454   113.5457   -21.2928
   20  75  385  -158.4461   113.5434   -21.2927
   21  74  385  -158.4463   113.5552   -21.2936
   22  73  385  -158.4477   113.5341   -21.2922
   23  72  385  -158.4488   113.5232   -21.2914
   24  71  385  -158.4489   113.5363   -21.2924
   25  70  385  -158.4510   113.5012   -21.2899
   26  69  385  -158.4513   113.5092   -21.2906
   27  68  385  -158.4515   113.5199   -21.2914
   28  67  385  -158.4519   113.5242   -21.2917
   29  66  385  -158.4522   113.5332   -21.2924
   30  65  386  -158.4529   113.5322   -21.2918
   31  64  386  -158.4535   113.5329   -21.2919
   32  63  386  -158.4541   113.5330   -21.2919
   33  62  386  -158.4548   113.5334   -21.2920
   34  61  386  -158.4556   113.5297   -21.2917
   35  60  386  -158.4563   113.5275   -21.2916
   36  59  386  -158.4563   113.5415   -21.2926
   37  58  386  -158.4569   113.5432   -21.2927
   38  56  386  -158.4585   113.5352   -21.2923
   39  55  386  -158.4590   113.5369   -21.2925
   40  54  386  -158.4598   113.5345   -21.2924
   41  57  386  -158.4578   113.5356   -21.2923
   42  47  387  -158.4644   113.5320   -21.2918
   43  48  387  -158.4642   113.5213   -21.2912
   44  49  387  -158.4634   113.5248   -21.2913
   45  50  387  -158.4622   113.5380   -21.2921
   46  51  387  -158.4615   113.5401   -21.2922
   47  52  387  -158.4608   113.5416   -21.2923
   48  53  387  -158.4601   113.5421   -21.2923
   49  45  387  -158.4660   113.5237   -21.2914
   50  44  387  -158.4662   113.5321   -21.2919
   51  43  387  -158.4670   113.5295   -21.2918
   52  46  387  -158.4653   113.5230   -21.2913
   53  42  388  -158.4676   113.5303   -21.2912
   54  41  388  -158.4682   113.5314   -21.2913
   55  40  388  -158.4689   113.5292   -21.2912
   56  39  388  -158.4699   113.5211   -21.2907
   57  38  388  -158.4704   113.5236   -21.2909
   58  37  388  -158.4712   113.5201   -21.2907
   59  36  388  -158.4718   113.5217   -21.2909
   60  35  388  -158.4724   113.5216   -21.2909
   61  34  388  -158.4729   113.5264   -21.2912
   62  33  388  -158.4738   113.5193   -21.2908
   63  32  389  -158.4745   113.5199   -21.2903
   64  31  389  -158.4752   113.5175   -21.2902
   65  30  389  -158.4763   113.5058   -21.2895
   66  29  389  -158.4768   113.5083   -21.2897
   67  28  389  -158.4775   113.5084   -21.2897
   68  27  389  -158.4782   113.5066   -21.2897
   69  26  389  -158.4786   113.5125   -21.2901
   70  25  389  -158.4790   113.5162   -21.2904
   71  24  389  -158.4796   113.5167   -21.2905
   72  23  389  -158.4802   113.5186   -21.2907
   73  22  389  -158.4806   113.5226   -21.2910
   74  21  390  -158.4811   113.5266   -21.2908
   75  20  390  -158.4815   113.5336   -21.2913

     1  267  355  -158.3242   113.5071   -21.3010
     2  266  355  -158.3248   113.5087   -21.3011
     3  268  355  -158.3235   113.5098   -21.3011
     4  264  356  -158.3260   113.5124   -21.3008
     5  263  356  -158.3264   113.5213   -21.3015
     6  262  356  -158.3270   113.5215   -21.3015
     7  261  356  -158.3277   113.5194   -21.3015
     8  265  356  -158.3253   113.5146   -21.3009
     9  260  357  -158.3283   113.5209   -21.3010
    10  259  357  -158.3291   113.5162   -21.3007
    11  258  357  -158.3297   113.5173   -21.3008
    12  257  357  -158.3304   113.5167   -21.3008
    13  255  358  -158.3317   113.5145   -21.3001
    14  254  358  -158.3324   113.5132   -21.3001
    15  253  358  -158.3331   113.5123   -21.3001
    16  252  358  -158.3338   113.5095   -21.2999
    17  256  358  -158.3310   113.5172   -21.3003
    18  251  359  -158.3342   113.5184   -21.3000
    19  250  359  -158.3350   113.5117   -21.2996
    20  249  359  -158.3362   113.4925   -21.2982
    21  248  359  -158.3367   113.4970   -21.2986
    22  247  359  -158.3375   113.4926   -21.2983
    23  245  360  -158.3388   113.4926   -21.2978
    24  244  360  -158.3395   113.4901   -21.2977
    25  243  360  -158.3403   113.4848   -21.2973
    26  246  360  -158.3382   113.4924   -21.2977
    27  242  361  -158.3410   113.4835   -21.2966
    28  241  361  -158.3414   113.4911   -21.2972
    29  240  361  -158.3425   113.4764   -21.2962
    30  239  361  -158.3431   113.4772   -21.2963
    31  238  361  -158.3438   113.4729   -21.2960
    32  236  362  -158.3450   113.4791   -21.2958
    33  235  362  -158.3455   113.4833   -21.2962
    34  234  362  -158.3460   113.4882   -21.2966
    35  233  362  -158.3466   113.4895   -21.2967
    36  237  362  -158.3446   113.4721   -21.2953
    37  232  363  -158.3470   113.4989   -21.2968
    38  231  363  -158.3475   113.5046   -21.2972
    39  230  363  -158.3480   113.5090   -21.2976
    40  229  363  -158.3487   113.5062   -21.2975
    41  227  364  -158.3501   113.5051   -21.2968
    42  226  364  -158.3506   113.5088   -21.2971
    43  225  364  -158.3512   113.5097   -21.2973
    44  224  364  -158.3517   113.5138   -21.2976
    45  223  364  -158.3527   113.5036   -21.2969
    46  228  364  -158.3494   113.5078   -21.2970
    47  222  365  -158.3530   113.5161   -21.2972
    48  221  365  -158.3536   113.5187   -21.2974
    49  220  365  -158.3545   113.5098   -21.2968
    50  219  365  -158.3551   113.5086   -21.2968
    51  218  365  -158.3555   113.5177   -21.2974
    52  217  365  -158.3562   113.5153   -21.2973
    53  216  366  -158.3567   113.5217   -21.2971
    54  215  366  -158.3573   113.5231   -21.2972
    55  214  366  -158.3579   113.5248   -21.2974
    56  213  366  -158.3585   113.5259   -21.2975
    57  212  366  -158.3591   113.5278   -21.2977
    58  211  366  -158.3598   113.5232   -21.2974
    59  210  366  -158.3609   113.5088   -21.2965
    60  209  367  -158.3612   113.5230   -21.2968
    61  208  367  -158.3619   113.5204   -21.2967
    62  207  367  -158.3626   113.5158   -21.2964
    63  206  367  -158.3633   113.5146   -21.2964
    64  205  367  -158.3640   113.5135   -21.2964
    65  204  367  -158.3646   113.5154   -21.2965
    66  203  367  -158.3652   113.5146   -21.2965
    67  201  368  -158.3665   113.5161   -21.2961
    68  200  368  -158.3672   113.5142   -21.2960
    69  199  368  -158.3678   113.5160   -21.2961
    70  198  368  -158.3683   113.5183   -21.2964
    71  197  368  -158.3689   113.5194   -21.2965
    72  202  368  -158.3659   113.5155   -21.2960
    73  196  369  -158.3697   113.5164   -21.2957
    74  195  369  -158.3703   113.5175   -21.2958
    75  194  369  -158.3709   113.5178   -21.2959
    76  193  369  -158.3715   113.5190   -21.2961
    77  192  369  -158.3720   113.5251   -21.2965
    78  191  369  -158.3725   113.5293   -21.2969
    79  190  369  -158.3730   113.5315   -21.2971
    80  189  370  -158.3736   113.5351   -21.2967
    81  188  370  -158.3741   113.5391   -21.2971
    82  187  370  -158.3748   113.5365   -21.2969
    83  186  370  -158.3755   113.5356   -21.2969
    84  185  370  -158.3763   113.5315   -21.2966
    85  184  370  -158.3769   113.5324   -21.2968
    86  183  370  -158.3774   113.5337   -21.2969
    87  181  371  -158.3787   113.5365   -21.2965
    88  180  371  -158.3793   113.5378   -21.2967
    89  179  371  -158.3799   113.5392   -21.2968
    90  178  371  -158.3805   113.5394   -21.2969
    91  177  371  -158.3812   113.5371   -21.2968
    92  182  371  -158.3780   113.5366   -21.2965
    93  176  372  -158.3818   113.5382   -21.2963
    94  175  372  -158.3825   113.5356   -21.2961
    95  174  372  -158.3833   113.5317   -21.2959
    96  173  372  -158.3841   113.5273   -21.2957
    97  172  372  -158.3848   113.5238   -21.2955
    98  171  372  -158.3855   113.5213   -21.2953
    99  170  372  -158.3864   113.5162   -21.2950
   100  168  373  -158.3877   113.5138   -21.2943
   101  167  373  -158.3884   113.5137   -21.2943
   102  166  373  -158.3891   113.5127   -21.2943
   103  165  373  -158.3897   113.5118   -21.2943
   104  164  373  -158.3904   113.5098   -21.2941
   105  163  373  -158.3911   113.5081   -21.2940
   106  169  373  -158.3870   113.5157   -21.2944
   107  162  374  -158.3916   113.5138   -21.2938
   108  161  374  -158.3922   113.5139   -21.2939
   109  160  374  -158.3929   113.5122   -21.2938
   110  159  374  -158.3936   113.5119   -21.2938
   111  158  374  -158.3942   113.5124   -21.2939
   112  157  374  -158.3950   113.5087   -21.2937
   113  155  375  -158.3963   113.5077   -21.2931
   114  154  375  -158.3971   113.5038   -21.2929
   115  153  375  -158.3978   113.5021   -21.2928
   116  156  375  -158.3956   113.5102   -21.2932
   117  152  376  -158.3983   113.5049   -21.2924
   118  151  376  -158.3990   113.5037   -21.2924
   119  150  376  -158.3998   113.5001   -21.2921
   120  149  376  -158.4005   113.4974   -21.2920
   121  147  377  -158.4014   113.5103   -21.2924
   122  146  377  -158.4020   113.5100   -21.2924
   123  145  377  -158.4026   113.5107   -21.2925
   124  144  377  -158.4033   113.5105   -21.2926
   125  148  377  -158.4008   113.5098   -21.2923
   126  143  378  -158.4038   113.5156   -21.2924
   127  142  378  -158.4044   113.5149   -21.2923
   128  141  378  -158.4052   113.5128   -21.2922
   129  140  378  -158.4059   113.5089   -21.2920
   130  138  379  -158.4067   113.5231   -21.2925
   131  137  379  -158.4075   113.5194   -21.2922
   132  136  379  -158.4082   113.5171   -21.2921
   133  135  379  -158.4088   113.5186   -21.2923
   134  134  379  -158.4095   113.5154   -21.2921
   135  133  379  -158.4099   113.5240   -21.2927
   136  139  379  -158.4063   113.5191   -21.2921
   137  132  380  -158.4104   113.5277   -21.2924
   138  131  380  -158.4112   113.5229   -21.2921
   139  130  380  -158.4117   113.5262   -21.2924
   140  129  380  -158.4123   113.5275   -21.2925
   141  128  380  -158.4133   113.5180   -21.2919
   142  127  380  -158.4143   113.5079   -21.2912
   143  126  380  -158.4152   113.5013   -21.2907
   144  125  380  -158.4158   113.5005   -21.2907
   145  124  381  -158.4164   113.5053   -21.2905
   146  123  381  -158.4174   113.4941   -21.2897
   147  122  381  -158.4178   113.5006   -21.2903
   148  121  381  -158.4184   113.5001   -21.2903
   149  120  381  -158.4192   113.4978   -21.2902
   150  119  381  -158.4198   113.4980   -21.2902
   151  118  381  -158.4203   113.5025   -21.2906
   152  117  381  -158.4206   113.5094   -21.2911
   153  116  381  -158.4211   113.5153   -21.2915
   154  114  382  -158.4229   113.5024   -21.2901
   155  113  382  -158.4233   113.5064   -21.2904
   156  112  382  -158.4238   113.5098   -21.2907
   157  111  382  -158.4245   113.5096   -21.2907
   158  115  382  -158.4217   113.5161   -21.2911

    1  578  408  -158.1279   113.6845   -21.2664
    2  577  408  -158.1285   113.6878   -21.2667
    3  576  408  -158.1291   113.6906   -21.2669
    4  575  408  -158.1297   113.6930   -21.2671
    5  574  408  -158.1304   113.6941   -21.2672
    6  573  408  -158.1310   113.6967   -21.2675
    7  572  408  -158.1316   113.6998   -21.2677
    8  571  408  -158.1322   113.6999   -21.2677
    9  570  408  -158.1328   113.7009   -21.2678
   10  569  408  -158.1335   113.6968   -21.2676
   11  568  408  -158.1341   113.6952   -21.2675
   12  567  408  -158.1347   113.6966   -21.2677
   13  566  408  -158.1353   113.6951   -21.2677
   14  565  409  -158.1360   113.6974   -21.2672
   15  564  409  -158.1366   113.7046   -21.2678
   16  563  409  -158.1372   113.7088   -21.2683
   17  562  409  -158.1379   113.6851   -21.2665
   18  561  409  -158.1386   113.6810   -21.2662
   19  560  409  -158.1392   113.6872   -21.2667
   20  559  409  -158.1398   113.6765   -21.2659
   21  558  409  -158.1405   113.6744   -21.2658
   22  557  409  -158.1411   113.6730   -21.2658
   23  556  409  -158.1417   113.6695   -21.2656
   24  555  409  -158.1424   113.6707   -21.2657
   25  554  409  -158.1431   113.6550   -21.2646
   26  553  409  -158.1437   113.6546   -21.2647
   27  552  409  -158.1443   113.6457   -21.2641
   28  551  409  -158.1450   113.6400   -21.2637
   29  550  409  -158.1456   113.6401   -21.2637
   30  549  409  -158.1463   113.6327   -21.2632
   31  548  409  -158.1469   113.6391   -21.2637
   32  547  410  -158.1477   113.6144   -21.2613
   33  546  410  -158.1483   113.6139   -21.2613
   34  545  410  -158.1488   113.6332   -21.2628
   35  544  410  -158.1496   113.6178   -21.2617
   36  543  410  -158.1502   113.6137   -21.2614
   37  542  410  -158.1508   113.6172   -21.2618
   38  541  410  -158.1514   113.6271   -21.2626
   39  540  410  -158.1520   113.6258   -21.2625
   40  539  410  -158.1527   113.6261   -21.2626
   41  538  410  -158.1533   113.6308   -21.2630
   42  537  411  -158.1539   113.6351   -21.2627
   43  536  411  -158.1545   113.6357   -21.2628
   44  535  411  -158.1551   113.6435   -21.2634
   45  534  411  -158.1557   113.6553   -21.2644
   46  533  411  -158.1563   113.6584   -21.2646
   47  532  411  -158.1569   113.6611   -21.2649
   48  531  411  -158.1575   113.6641   -21.2652
   49  529  412  -158.1588   113.6666   -21.2648
   50  528  412  -158.1594   113.6683   -21.2650
   51  527  412  -158.1600   113.6676   -21.2650
   52  526  412  -158.1607   113.6604   -21.2645
   53  530  412  -158.1582   113.6656   -21.2647
   54  524  413  -158.1620   113.6592   -21.2639
   55  523  413  -158.1627   113.6568   -21.2638
   56  525  413  -158.1614   113.6615   -21.2640

    1  927  592  -157.9245   113.9901   -21.1628
    2  928  592  -157.9239   113.9865   -21.1624
    3  926  593  -157.9251   113.9883   -21.1621
    4  925  593  -157.9259   113.9947   -21.1627
    5  924  594  -157.9265   113.9916   -21.1619
    6  923  594  -157.9270   113.9894   -21.1617
    7  922  594  -157.9276   113.9875   -21.1616
    8  919  595  -157.9296   113.9940   -21.1617
    9  915  595  -157.9321   113.9987   -21.1623
   10  916  595  -157.9315   113.9992   -21.1623
   11  921  595  -157.9283   113.9895   -21.1612
   12  920  595  -157.9289   113.9918   -21.1615
   13  914  595  -157.9327   113.9978   -21.1623
   14  918  595  -157.9302   113.9951   -21.1619
   15  917  595  -157.9308   113.9955   -21.1620
   16  856  596  -157.9671   113.9678   -21.1615
   17  857  596  -157.9664   113.9628   -21.1610
   18  855  596  -157.9677   113.9691   -21.1616
   19  913  596  -157.9333   113.9981   -21.1618
   20  912  596  -157.9339   113.9983   -21.1618
   21  911  596  -157.9345   113.9994   -21.1620
   22  910  596  -157.9351   113.9991   -21.1621
   23  909  596  -157.9358   114.0003   -21.1622
   24  908  596  -157.9363   113.9995   -21.1622
   25  907  596  -157.9370   114.0022   -21.1625
   26  906  596  -157.9375   113.9999   -21.1623
   27  905  596  -157.9382   114.0007   -21.1624
   28  904  596  -157.9387   113.9985   -21.1623
   29  903  596  -157.9393   113.9966   -21.1622
   30  902  596  -157.9398   113.9949   -21.1621
   31  854  596  -157.9682   113.9633   -21.1611
   32  885  597  -157.9501   113.9922   -21.1618
   33  886  597  -157.9496   113.9952   -21.1621
   34  887  597  -157.9489   113.9921   -21.1618
   35  888  597  -157.9482   113.9888   -21.1614
   36  889  597  -157.9477   113.9917   -21.1616
   37  890  597  -157.9470   113.9889   -21.1613
   38  884  597  -157.9507   113.9934   -21.1620
   39  892  597  -157.9460   113.9963   -21.1619
   40  893  597  -157.9454   113.9994   -21.1621
   41  894  597  -157.9449   114.0038   -21.1625
   42  895  597  -157.9444   114.0067   -21.1628
   43  896  597  -157.9437   114.0066   -21.1628
   44  897  597  -157.9431   114.0028   -21.1624
   45  898  597  -157.9424   114.0012   -21.1622
   46  899  597  -157.9417   113.9974   -21.1619
   47  900  597  -157.9411   113.9953   -21.1616
   48  901  597  -157.9405   113.9958   -21.1616
   49  883  597  -157.9513   113.9924   -21.1619
   50  858  597  -157.9659   113.9669   -21.1607
   51  859  597  -157.9653   113.9685   -21.1609
   52  860  597  -157.9648   113.9696   -21.1610
   53  861  597  -157.9642   113.9735   -21.1613
   54  891  597  -157.9464   113.9863   -21.1610
   55  862  597  -157.9636   113.9727   -21.1611
   56  863  597  -157.9630   113.9737   -21.1612
   57  864  597  -157.9624   113.9710   -21.1609
   58  865  597  -157.9618   113.9745   -21.1611
   59  873  598  -157.9572   113.9854   -21.1612
   60  872  598  -157.9578   113.9833   -21.1610
   61  871  598  -157.9584   113.9821   -21.1610
   62  870  598  -157.9590   113.9802   -21.1608
   63  869  598  -157.9595   113.9800   -21.1609
   64  868  598  -157.9602   113.9814   -21.1610
   65  867  598  -157.9608   113.9806   -21.1610
   66  866  598  -157.9614   113.9820   -21.1612
   67  874  598  -157.9566   113.9833   -21.1609
   68  875  598  -157.9559   113.9808   -21.1606
   69  876  598  -157.9558   114.0020   -21.1622
   70  877  598  -157.9552   114.0053   -21.1625
   71  879  598  -157.9539   113.9979   -21.1619
   72  880  598  -157.9531   113.9904   -21.1613
   73  881  598  -157.9525   113.9888   -21.1611
   74  882  598  -157.9520   113.9954   -21.1616
   75  878  598  -157.9545   114.0010   -21.1621
