; ENVI Output of ROIs (5.4) [Tue Aug 06 13:32:19 2019]
; Number of ROIs: 4
; File Dimension: 1328 x 1184
;
; ROI name: Region #1
; ROI rgb value: {255, 0, 0}
; ROI npts: 75
;
; ROI name: Region #2
; ROI rgb value: {0, 255, 0}
; ROI npts: 109
;
; ROI name: Region #3
; ROI rgb value: {0, 0, 255}
; ROI npts: 103
;
; ROI name: Region #4
; ROI rgb value: {255, 255, 0}
; ROI npts: 66
;  ID    X    Y         B1         B2         B3
    1  524  323  -124.8613   181.7276   -23.3552
    2  525  323  -124.8627   181.7441   -23.3564
    3  523  323  -124.8598   181.7126   -23.3541
    4  526  324  -124.8654   181.7330   -23.3533
    5  525  324  -124.8638   181.7194   -23.3524
    6  526  325  -124.8664   181.7104   -23.3494
    7  527  325  -124.8670   181.7446   -23.3519
    8  528  325  -124.8678   181.7743   -23.3540
    9  529  325  -124.8682   181.8142   -23.3570
   10  530  325  -124.8703   181.8176   -23.3573
   11  531  325  -124.8708   181.8540   -23.3600
   12  532  325  -124.8799   181.7037   -23.3487
   13  533  325  -124.8803   181.7426   -23.3513
   14  534  325  -124.8829   181.7333   -23.3507
   15  535  325  -124.8861   181.7121   -23.3491
   16  536  325  -124.8865   181.7515   -23.3519
   17  537  325  -124.8904   181.7140   -23.3491
   18  538  325  -124.8919   181.7292   -23.3502
   19  539  325  -124.8947   181.7173   -23.3492
   20  540  325  -124.8958   181.7410   -23.3510
   21  541  325  -124.8983   181.7343   -23.3503
   22  542  325  -124.8999   181.7474   -23.3512
   23  543  325  -124.9050   181.6827   -23.3464
   24  543  326  -124.9056   181.6686   -23.3432
   25  544  326  -124.9033   181.7692   -23.3506
   26  545  326  -124.9073   181.7299   -23.3476
   27  546  326  -124.9109   181.6970   -23.3451
   28  547  326  -124.9131   181.6971   -23.3451
   29  548  326  -124.9154   181.6948   -23.3448
   30  549  326  -124.9170   181.7086   -23.3458
   31  550  326  -124.9197   181.6986   -23.3450
   32  551  326  -124.9202   181.7376   -23.3478
   33  552  326  -124.9252   181.6736   -23.3430
   34  553  326  -124.9284   181.6507   -23.3413
   35  554  326  -124.9333   181.5894   -23.3366
   36  555  326  -124.9333   181.6392   -23.3403
   37  556  326  -124.9341   181.6702   -23.3425
   38  557  326  -124.9348   181.7059   -23.3451
   39  559  327  -124.9418   181.6434   -23.3381
   40  560  327  -124.9432   181.6616   -23.3393
   41  561  327  -124.9455   181.6595   -23.3391
   42  562  327  -124.9510   181.5829   -23.3333
   43  563  327  -124.9566   181.5030   -23.3273
   44  564  327  -124.9571   181.5433   -23.3301
   45  565  327  -124.9621   181.4779   -23.3251
   46  566  327  -124.9623   181.5228   -23.3284
   47  567  327  -124.9657   181.4960   -23.3263
   48  568  327  -124.9684   181.4820   -23.3252
   49  569  327  -124.9694   181.5112   -23.3273
   50  570  327  -124.9695   181.5587   -23.3307
   51  571  327  -124.9736   181.5150   -23.3274
   52  573  327  -124.9782   181.5102   -23.3269
   53  574  327  -124.9796   181.5280   -23.3282
   54  575  327  -124.9841   181.4729   -23.3239
   55  576  327  -124.9854   181.4938   -23.3254
   56  577  328  -124.9860   181.5297   -23.3258
   57  578  328  -124.9880   181.5356   -23.3263
   58  579  328  -124.9910   181.5147   -23.3246
   59  580  328  -124.9925   181.5306   -23.3258
   60  581  328  -124.9951   181.5225   -23.3251
   61  582  328  -124.9973   181.5223   -23.3251
   62  583  328  -124.9992   181.5280   -23.3255
   63  584  328  -125.0013   181.5314   -23.3257
   64  585  328  -125.0020   181.5661   -23.3283
   65  586  328  -125.0058   181.5284   -23.3254
   66  587  328  -125.0081   181.5246   -23.3251
   67  588  328  -125.0108   181.5119   -23.3241
   68  589  328  -125.0118   181.5419   -23.3263
   69  590  328  -125.0165   181.4813   -23.3217
   70  591  328  -125.0182   181.4917   -23.3224
   71  592  328  -125.0199   181.5038   -23.3232
   72  593  328  -125.0217   181.5130   -23.3239
   73  594  328  -125.0237   181.5174   -23.3241
   74  595  328  -125.0249   181.5431   -23.3259
   75  596  328  -125.0270   181.5452   -23.3260

     1  502  326  -124.8155   181.6673   -23.3453
     2  503  326  -124.8167   181.6877   -23.3468
     3  504  326  -124.8193   181.6803   -23.3462
     4  501  326  -124.8166   181.5979   -23.3402
     5  504  327  -124.8215   181.6323   -23.3403
     6  505  327  -124.8243   181.6191   -23.3393
     7  506  327  -124.8262   181.6259   -23.3397
     8  507  327  -124.8276   181.6438   -23.3411
     9  508  327  -124.8292   181.6554   -23.3418
    10  509  327  -124.8321   181.6415   -23.3408
    11  510  328  -124.8350   181.6242   -23.3373
    12  511  328  -124.8367   181.6344   -23.3381
    13  509  328  -124.8324   181.6324   -23.3378
    14  511  329  -124.8365   181.6384   -23.3361
    15  512  329  -124.8407   181.5955   -23.3329
    16  513  329  -124.8427   181.5988   -23.3330
    17  514  329  -124.8457   181.5817   -23.3318
    18  515  329  -124.8486   181.5670   -23.3307
    19  516  329  -124.8500   181.5839   -23.3318
    20  517  329  -124.8527   181.5744   -23.3311
    21  518  329  -124.8545   181.5811   -23.3315
    22  519  329  -124.8550   181.6183   -23.3342
    23  520  329  -124.8556   181.6518   -23.3366
    24  521  329  -124.8587   181.6329   -23.3352
    25  522  329  -124.8604   181.6440   -23.3359
    26  523  329  -124.8628   181.6394   -23.3355
    27  524  329  -124.8629   181.6841   -23.3388
    28  525  329  -124.8687   181.6066   -23.3330
    29  526  329  -124.8741   181.5360   -23.3276
    30  527  329  -124.8692   181.6911   -23.3392
    31  528  329  -124.8703   181.7156   -23.3409
    32  531  329  -124.8712   181.8420   -23.3504
    33  532  329  -124.8971   181.3196   -23.3112
    34  533  329  -124.8873   181.5837   -23.3309
    35  534  329  -124.8842   181.7018   -23.3396
    36  534  330  -124.8782   181.8325   -23.3471
    37  535  330  -124.8701   182.0598   -23.3640
    38  536  330  -124.8873   181.7289   -23.3393
    39  537  330  -124.8876   181.7708   -23.3423
    40  538  330  -124.8827   181.9275   -23.3540
    41  539  330  -124.8863   181.8981   -23.3517
    42  540  330  -124.8903   181.8591   -23.3487
    43  541  330  -124.8871   181.9777   -23.3574
    44  542  330  -124.8945   181.8621   -23.3488
    45  543  330  -124.8853   182.1186   -23.3678
    46  544  330  -124.8901   182.0606   -23.3634
    47  546  330  -124.9058   181.8082   -23.3445
    48  547  330  -124.9081   181.8046   -23.3442
    49  548  330  -124.9204   181.5781   -23.3274
    50  549  330  -124.9224   181.5809   -23.3275
    51  550  330  -124.9247   181.5800   -23.3274
    52  551  330  -124.9266   181.5858   -23.3277
    53  552  330  -124.9313   181.5291   -23.3234
    54  553  330  -124.9394   181.3941   -23.3133
    55  554  331  -124.9405   181.4182   -23.3128
    56  555  331  -124.9411   181.4534   -23.3154
    57  555  332  -124.9403   181.4693   -23.3143
    58  556  332  -124.9421   181.4798   -23.3151
    59  557  332  -124.9433   181.5028   -23.3167
    60  558  332  -124.9473   181.4589   -23.3134
    61  559  332  -124.9505   181.4354   -23.3116
    62  560  332  -124.9514   181.4671   -23.3138
    63  561  332  -124.9533   181.4716   -23.3141
    64  562  332  -124.9584   181.4049   -23.3090
    65  563  332  -124.9601   181.4154   -23.3097
    66  564  332  -124.9624   181.4124   -23.3094
    67  565  332  -124.9654   181.3943   -23.3080
    68  566  332  -124.9678   181.3889   -23.3076
    69  567  332  -124.9697   181.3964   -23.3080
    70  568  332  -124.9701   181.4366   -23.3109
    71  569  332  -124.9716   181.4520   -23.3120
    72  570  332  -124.9736   181.4570   -23.3122
    73  571  332  -124.9754   181.4660   -23.3129
    74  605  332  -125.0458   181.5614   -23.3177
    75  604  332  -125.0423   181.5928   -23.3201
    76  606  332  -125.0467   181.5924   -23.3199
    77  601  333  -125.0356   181.5957   -23.3183
    78  603  333  -125.0407   181.5765   -23.3168
    79  574  333  -124.9807   181.4948   -23.3126
    80  573  333  -124.9789   181.4841   -23.3119
    81  602  333  -125.0385   181.5779   -23.3170
    82  581  334  -124.9956   181.5030   -23.3107
    83  575  334  -124.9843   181.4600   -23.3078
    84  583  334  -125.0003   181.4955   -23.3101
    85  584  334  -125.0029   181.4856   -23.3093
    86  585  334  -125.0053   181.4797   -23.3088
    87  580  334  -124.9925   181.5242   -23.3123
    88  587  334  -125.0110   181.4478   -23.3064
    89  588  334  -125.0137   181.4339   -23.3053
    90  589  334  -125.0155   181.4448   -23.3060
    91  590  334  -125.0169   181.4633   -23.3073
    92  591  334  -125.0192   181.4609   -23.3070
    93  582  334  -124.9975   181.5084   -23.3111
    94  579  334  -124.9904   181.5209   -23.3122
    95  578  334  -124.9883   181.5192   -23.3121
    96  577  334  -124.9868   181.5038   -23.3110
    97  586  334  -125.0079   181.4696   -23.3080
    98  576  334  -124.9860   181.4711   -23.3086
    99  601  334  -125.0385   181.5222   -23.3108
   100  600  334  -125.0360   181.5290   -23.3114
   101  600  335  -125.0379   181.4818   -23.3058
   102  599  335  -125.0358   181.4788   -23.3056
   103  598  335  -125.0330   181.4944   -23.3067
   104  597  335  -125.0313   181.4822   -23.3059
   105  596  335  -125.0290   181.4848   -23.3062
   106  595  335  -125.0256   181.5162   -23.3085
   107  594  335  -125.0238   181.5054   -23.3078
   108  593  335  -125.0218   181.5027   -23.3077
   109  592  335  -125.0203   181.4843   -23.3065

     1  497  335  -124.8095   181.5517   -23.3171
     2  496  335  -124.8094   181.5090   -23.3138
     3  498  336  -124.8121   181.5421   -23.3141
     4  497  336  -124.8121   181.4977   -23.3108
     5  499  337  -124.8155   181.5157   -23.3099
     6  498  337  -124.8129   181.5257   -23.3107
     7  500  338  -124.8165   181.5400   -23.3094
     8  501  338  -124.8185   181.5435   -23.3096
     9  502  338  -124.8216   181.5261   -23.3083
    10  503  338  -124.8263   181.4734   -23.3044
    11  504  338  -124.8265   181.5146   -23.3074
    12  505  338  -124.8301   181.4851   -23.3052
    13  506  338  -124.8310   181.5124   -23.3071
    14  507  338  -124.8334   181.5077   -23.3068
    15  508  338  -124.8339   181.5434   -23.3094
    16  509  338  -124.8344   181.5780   -23.3118
    17  510  338  -124.8371   181.5685   -23.3111
    18  511  338  -124.8363   181.6320   -23.3158
    19  512  338  -124.8387   181.6282   -23.3154
    20  513  338  -124.8411   181.6227   -23.3149
    21  514  338  -124.8425   181.6402   -23.3162
    22  515  338  -124.8488   181.5527   -23.3097
    23  516  338  -124.8531   181.5074   -23.3064
    24  517  338  -124.8563   181.4847   -23.3046
    25  518  338  -124.8546   181.5689   -23.3108
    26  519  338  -124.8584   181.5352   -23.3082
    27  520  338  -124.8585   181.5793   -23.3115
    28  522  338  -124.8629   181.5780   -23.3112
    29  523  338  -124.8751   181.3618   -23.2952
    30  524  338  -124.8710   181.4979   -23.3052
    31  525  338  -124.8632   181.7148   -23.3211
    32  526  338  -124.8772   181.4590   -23.3022
    33  527  338  -124.8722   181.6142   -23.3136
    34  528  338  -124.8858   181.3651   -23.2952
    35  530  338  -124.8952   181.2556   -23.2870
    36  531  338  -124.8938   181.3341   -23.2928
    37  532  338  -124.9001   181.2428   -23.2860
    38  533  338  -124.9035   181.2146   -23.2838
    39  533  339  -124.8893   181.5279   -23.3046
    40  534  339  -124.8948   181.4534   -23.2990
    41  535  339  -124.8864   181.6869   -23.3161
    42  536  339  -124.8770   181.9441   -23.3349
    47  541  339  -124.9069   181.5255   -23.3039
    48  542  339  -124.9078   181.5535   -23.3059
    49  543  339  -124.9071   181.6177   -23.3105
    50  544  339  -124.9147   181.4964   -23.3016
    51  545  340  -124.9125   181.5944   -23.3065
    52  546  340  -124.9117   181.6617   -23.3114
    53  547  340  -124.9083   181.7887   -23.3207
    54  548  340  -124.9145   181.6981   -23.3140
    55  549  340  -124.9090   181.8732   -23.3267
    56  550  340  -124.9325   181.3904   -23.2912
    57  594  340  -125.0239   181.4972   -23.2963
    58  593  340  -125.0222   181.4855   -23.2954
    59  592  340  -125.0208   181.4647   -23.2941
    60  591  340  -125.0182   181.4760   -23.2949
    61  590  340  -125.0164   181.4673   -23.2944
    62  589  340  -125.0141   181.4689   -23.2946
    63  588  340  -125.0107   181.4987   -23.2968
    64  587  340  -125.0093   181.4810   -23.2956
    65  595  340  -125.0263   181.4922   -23.2958
    66  550  341  -124.9227   181.6110   -23.3052
    67  586  341  -125.0071   181.4789   -23.2933
    68  585  341  -125.0044   181.4906   -23.2943
    69  584  341  -125.0028   181.4788   -23.2935
    70  583  341  -125.0007   181.4756   -23.2933
    71  563  341  -124.9636   181.3236   -23.2833
    72  564  341  -124.9688   181.2532   -23.2781
    73  565  341  -124.9671   181.3429   -23.2846
    74  566  341  -124.9696   181.3343   -23.2839
    75  567  341  -124.9715   181.3414   -23.2843
    76  568  341  -124.9712   181.3998   -23.2886
    77  569  341  -124.9689   181.5031   -23.2961
    78  570  341  -124.9689   181.5552   -23.2999
    79  571  341  -124.9767   181.4240   -23.2902
    80  572  341  -124.9814   181.3650   -23.2858
    81  573  341  -124.9831   181.3751   -23.2865
    82  574  341  -124.9844   181.3961   -23.2880
    83  575  341  -124.9886   181.3493   -23.2845
    84  576  341  -124.9903   181.3593   -23.2852
    85  577  341  -124.9905   181.4060   -23.2886
    86  578  341  -124.9934   181.3904   -23.2874
    87  579  341  -124.9929   181.4539   -23.2920
    88  580  341  -124.9947   181.4627   -23.2925
    89  581  341  -124.9960   181.4843   -23.2941
    90  582  341  -124.9991   181.4620   -23.2924
    91  562  342  -124.9626   181.2948   -23.2790
    92  561  342  -124.9607   181.2881   -23.2786
    93  560  342  -124.9594   181.2691   -23.2773
    94  559  342  -124.9581   181.2479   -23.2758
    95  556  342  -124.9483   181.3249   -23.2816
    96  555  342  -124.9487   181.2660   -23.2773
    97  554  342  -124.9455   181.2881   -23.2790
    98  553  342  -124.9402   181.3601   -23.2844
    99  552  342  -124.9343   181.4450   -23.2907
   100  551  342  -124.9283   181.5308   -23.2970
   101  550  342  -124.9238   181.5828   -23.3009
   102  558  342  -124.9566   181.2334   -23.2748
   103  557  342  -124.9487   181.3652   -23.2845

    1  587  383  -125.0171   181.2335   -23.1842
    2  588  383  -125.0196   181.2271   -23.1837
    3  589  383  -125.0223   181.2132   -23.1826
    4  586  383  -125.0156   181.2175   -23.1832
    5  590  384  -125.0266   181.1591   -23.1765
    6  591  384  -125.0290   181.1556   -23.1764
    7  592  384  -125.0314   181.1497   -23.1759
    8  589  384  -125.0233   181.1889   -23.1788
    9  594  385  -125.0342   181.1849   -23.1761
   10  595  385  -125.0388   181.1245   -23.1718
   11  596  385  -125.0400   181.1476   -23.1735
   12  597  385  -125.0411   181.1750   -23.1753
   13  598  385  -125.0433   181.1735   -23.1751
   14  599  385  -125.0470   181.1352   -23.1725
   15  600  385  -125.0489   181.1409   -23.1727
   16  601  385  -125.0492   181.1884   -23.1760
   17  602  385  -125.0506   181.2057   -23.1771
   18  603  385  -125.0539   181.1792   -23.1753
   19  604  385  -125.0550   181.2059   -23.1772
   20  605  385  -125.0603   181.1267   -23.1715
   21  606  385  -125.0614   181.1527   -23.1732
   22  607  385  -125.0640   181.1422   -23.1725
   23  608  385  -125.0649   181.1741   -23.1747
   24  609  385  -125.0677   181.1566   -23.1733
   25  610  385  -125.0690   181.1795   -23.1749
   26  611  385  -125.0687   181.2424   -23.1793
   27  612  385  -125.0691   181.2858   -23.1823
   28  612  386  -125.0693   181.2810   -23.1798
   29  613  386  -125.0721   181.2644   -23.1784
   30  614  386  -125.0751   181.2427   -23.1769
   31  615  386  -125.0737   181.3339   -23.1833
   32  616  386  -125.0730   181.4077   -23.1883
   33  617  386  -125.0742   181.4323   -23.1900
   34  618  386  -125.0727   181.5260   -23.1966
   35  619  386  -125.0738   181.5547   -23.1984
   36  619  387  -125.0732   181.5682   -23.1971
   37  620  387  -125.0797   181.4577   -23.1894
   38  621  387  -125.0854   181.3661   -23.1830
   39  622  387  -125.0851   181.4299   -23.1873
   40  623  387  -125.0843   181.5067   -23.1926
   41  624  387  -125.0870   181.4932   -23.1916
   42  625  387  -125.0871   181.5485   -23.1953
   43  626  387  -125.0876   181.5911   -23.1981
   44  627  387  -125.0861   181.6862   -23.2046
   45  628  387  -125.0962   181.4812   -23.1904
   46  629  387  -125.1019   181.3907   -23.1841
   47  630  387  -125.1080   181.2875   -23.1768
   48  631  387  -125.1140   181.1864   -23.1697
   49  656  388  -125.1709   181.1057   -23.1602
   50  654  388  -125.1699   181.0133   -23.1539
   51  653  388  -125.1658   181.0685   -23.1578
   52  655  388  -125.1685   181.1127   -23.1607
   53  653  389  -125.1664   181.0502   -23.1543
   54  650  389  -125.1594   181.0650   -23.1556
   55  649  389  -125.1563   181.0897   -23.1574
   56  652  389  -125.1649   181.0327   -23.1532
   57  651  389  -125.1636   181.0080   -23.1515
   58  648  389  -125.1549   181.0711   -23.1562
   59  656  389  -125.1694   181.1441   -23.1607
   60  657  389  -125.1732   181.0985   -23.1575
   61  658  389  -125.1742   181.1304   -23.1597
   62  659  389  -125.1740   181.1959   -23.1642
   63  660  389  -125.1781   181.1441   -23.1605
   64  661  389  -125.1786   181.1901   -23.1635
   65  662  389  -125.1804   181.1986   -23.1641
   66  663  389  -125.1819   181.2172   -23.1654
