; ENVI Output of ROIs (5.4) [Tue Aug 06 13:32:55 2019]
; Number of ROIs: 4
; File Dimension: 1328 x 1184
;
; ROI name: Region #1
; ROI rgb value: {255, 0, 0}
; ROI npts: 75
;
; ROI name: Region #2
; ROI rgb value: {0, 255, 0}
; ROI npts: 109
;
; ROI name: Region #3
; ROI rgb value: {0, 0, 255}
; ROI npts: 103
;
; ROI name: Region #4
; ROI rgb value: {255, 255, 0}
; ROI npts: 66
;  ID    X    Y      B1      B2      B3
    1  524  323  0.0195  0.4328  0.0337
    2  525  323  0.0195  0.4330  0.0337
    3  523  323  0.0195  0.4323  0.0336
    4  526  324  0.0194  0.4327  0.0336
    5  525  324  0.0195  0.4321  0.0336
    6  526  325  0.0194  0.4319  0.0335
    7  527  325  0.0194  0.4331  0.0336
    8  528  325  0.0194  0.4340  0.0337
    9  529  325  0.0194  0.4347  0.0338
   10  530  325  0.0194  0.4344  0.0337
   11  531  325  0.0194  0.4352  0.0338
   12  532  325  0.0192  0.4311  0.0335
   13  533  325  0.0193  0.4336  0.0337
   14  534  325  0.0192  0.4322  0.0336
   15  535  325  0.0191  0.4314  0.0335
   16  536  325  0.0191  0.4331  0.0336
   17  537  325  0.0190  0.4314  0.0335
   18  538  325  0.0190  0.4321  0.0336
   19  539  325  0.0190  0.4317  0.0335
   20  540  325  0.0190  0.4322  0.0336
   21  541  325  0.0190  0.4326  0.0336
   22  542  325  0.0189  0.4330  0.0336
   23  543  325  0.0188  0.4309  0.0335
   24  543  326  0.0188  0.4304  0.0334
   25  544  326  0.0189  0.4334  0.0336
   26  545  326  0.0188  0.4322  0.0335
   27  546  326  0.0187  0.4312  0.0334
   28  547  326  0.0187  0.4311  0.0334
   29  548  326  0.0187  0.4310  0.0334
   30  549  326  0.0187  0.4314  0.0335
   31  550  326  0.0186  0.4311  0.0334
   32  551  326  0.0186  0.4323  0.0335
   33  552  326  0.0185  0.4303  0.0334
   34  553  326  0.0184  0.4296  0.0333
   35  554  326  0.0183  0.4279  0.0332
   36  555  326  0.0184  0.4296  0.0333
   37  556  326  0.0184  0.4306  0.0334
   38  557  326  0.0184  0.4316  0.0335
   39  559  327  0.0183  0.4302  0.0333
   40  560  327  0.0183  0.4312  0.0334
   41  561  327  0.0182  0.4310  0.0334
   42  562  327  0.0181  0.4288  0.0332
   43  563  327  0.0180  0.4268  0.0331
   44  564  327  0.0180  0.4285  0.0332
   45  565  327  0.0180  0.4272  0.0331
   46  566  327  0.0180  0.4287  0.0332
   47  567  327  0.0179  0.4280  0.0331
   48  568  327  0.0179  0.4276  0.0331
   49  569  327  0.0179  0.4286  0.0332
   50  570  327  0.0179  0.4300  0.0333
   51  571  327  0.0178  0.4291  0.0332
   52  573  327  0.0178  0.4288  0.0332
   53  574  327  0.0178  0.4293  0.0332
   54  575  327  0.0177  0.4285  0.0332
   55  576  327  0.0177  0.4289  0.0332
   56  577  328  0.0177  0.4300  0.0332
   57  578  328  0.0177  0.4299  0.0332
   58  579  328  0.0176  0.4294  0.0332
   59  580  328  0.0176  0.4298  0.0332
   60  581  328  0.0175  0.4295  0.0332
   61  582  328  0.0175  0.4292  0.0332
   62  583  328  0.0175  0.4294  0.0332
   63  584  328  0.0174  0.4294  0.0332
   64  585  328  0.0174  0.4301  0.0333
   65  586  328  0.0174  0.4291  0.0332
   66  587  328  0.0173  0.4288  0.0331
   67  588  328  0.0173  0.4283  0.0331
   68  589  328  0.0173  0.4291  0.0332
   69  590  328  0.0172  0.4275  0.0330
   70  591  328  0.0172  0.4279  0.0331
   71  592  328  0.0171  0.4282  0.0331
   72  593  328  0.0171  0.4284  0.0331
   73  594  328  0.0171  0.4288  0.0331
   74  595  328  0.0171  0.4298  0.0332
   75  596  328  0.0171  0.4299  0.0332

     1  502  326  0.0202  0.4313  0.0335
     2  503  326  0.0201  0.4317  0.0335
     3  504  326  0.0201  0.4315  0.0335
     4  501  326  0.0201  0.4293  0.0333
     5  504  327  0.0201  0.4305  0.0334
     6  505  327  0.0200  0.4302  0.0334
     7  506  327  0.0200  0.4304  0.0334
     8  507  327  0.0200  0.4306  0.0334
     9  508  327  0.0200  0.4312  0.0334
    10  509  327  0.0199  0.4304  0.0334
    11  510  328  0.0198  0.4297  0.0333
    12  511  328  0.0198  0.4296  0.0333
    13  509  328  0.0199  0.4306  0.0334
    14  511  329  0.0198  0.4299  0.0333
    15  512  329  0.0197  0.4284  0.0332
    16  513  329  0.0197  0.4290  0.0332
    17  514  329  0.0196  0.4280  0.0331
    18  515  329  0.0196  0.4275  0.0331
    19  516  329  0.0196  0.4280  0.0331
    20  517  329  0.0195  0.4275  0.0331
    21  518  329  0.0195  0.4279  0.0331
    22  519  329  0.0195  0.4292  0.0332
    23  520  329  0.0195  0.4302  0.0333
    24  521  329  0.0195  0.4294  0.0332
    25  522  329  0.0195  0.4299  0.0333
    26  523  329  0.0194  0.4298  0.0333
    27  524  329  0.0194  0.4309  0.0333
    28  525  329  0.0193  0.4287  0.0332
    29  526  329  0.0192  0.4270  0.0330
    30  527  329  0.0193  0.4311  0.0334
    31  528  329  0.0193  0.4317  0.0334
    32  531  329  0.0193  0.4340  0.0336
    33  532  329  0.0187  0.4209  0.0326
    34  533  329  0.0190  0.4274  0.0331
    35  534  329  0.0191  0.4309  0.0333
    36  534  330  0.0193  0.4345  0.0336
    37  535  330  0.0195  0.4404  0.0340
    38  536  330  0.0191  0.4315  0.0333
    39  537  330  0.0191  0.4332  0.0335
    40  538  330  0.0193  0.4372  0.0338
    41  539  330  0.0192  0.4364  0.0337
    42  540  330  0.0191  0.4355  0.0336
    43  541  330  0.0192  0.4391  0.0339
    44  542  330  0.0191  0.4359  0.0337
    45  543  330  0.0194  0.4432  0.0342
    46  544  330  0.0192  0.4411  0.0341
    47  546  330  0.0189  0.4344  0.0336
    48  547  330  0.0188  0.4342  0.0335
    49  548  330  0.0185  0.4277  0.0330
    50  549  330  0.0185  0.4278  0.0331
    51  550  330  0.0185  0.4279  0.0331
    52  551  330  0.0185  0.4284  0.0331
    53  552  330  0.0183  0.4267  0.0330
    54  553  330  0.0182  0.4231  0.0327
    55  554  331  0.0182  0.4240  0.0327
    56  555  331  0.0182  0.4252  0.0328
    57  555  332  0.0182  0.4257  0.0328
    58  556  332  0.0182  0.4260  0.0328
    59  557  332  0.0182  0.4268  0.0329
    60  558  332  0.0181  0.4256  0.0328
    61  559  332  0.0181  0.4250  0.0328
    62  560  332  0.0181  0.4259  0.0328
    63  561  332  0.0180  0.4263  0.0329
    64  562  332  0.0179  0.4246  0.0327
    65  563  332  0.0179  0.4252  0.0328
    66  564  332  0.0179  0.4250  0.0328
    67  565  332  0.0179  0.4247  0.0327
    68  566  332  0.0178  0.4245  0.0327
    69  567  332  0.0178  0.4248  0.0327
    70  568  332  0.0178  0.4262  0.0328
    71  569  332  0.0178  0.4269  0.0329
    72  570  332  0.0178  0.4273  0.0329
    73  571  332  0.0178  0.4274  0.0329
    74  605  332  0.0168  0.4313  0.0332
    75  604  332  0.0169  0.4323  0.0333
    76  606  332  0.0169  0.4325  0.0333
    77  601  333  0.0170  0.4323  0.0332
    78  603  333  0.0169  0.4315  0.0332
    79  574  333  0.0177  0.4282  0.0330
    80  573  333  0.0177  0.4280  0.0329
    81  602  333  0.0169  0.4314  0.0332
    82  581  334  0.0175  0.4278  0.0329
    83  575  334  0.0176  0.4271  0.0328
    84  583  334  0.0174  0.4273  0.0329
    85  584  334  0.0174  0.4273  0.0328
    86  585  334  0.0173  0.4270  0.0328
    87  580  334  0.0175  0.4285  0.0329
    88  587  334  0.0172  0.4260  0.0328
    89  588  334  0.0172  0.4255  0.0327
    90  589  334  0.0171  0.4259  0.0327
    91  590  334  0.0171  0.4267  0.0328
    92  591  334  0.0171  0.4267  0.0328
    93  582  334  0.0174  0.4279  0.0329
    94  579  334  0.0176  0.4284  0.0329
    95  578  334  0.0176  0.4285  0.0329
    96  577  334  0.0176  0.4281  0.0329
    97  586  334  0.0173  0.4267  0.0328
    98  576  334  0.0176  0.4274  0.0329
    99  601  334  0.0169  0.4294  0.0330
   100  600  334  0.0169  0.4297  0.0330
   101  600  335  0.0169  0.4279  0.0328
   102  599  335  0.0169  0.4280  0.0329
   103  598  335  0.0170  0.4288  0.0329
   104  597  335  0.0170  0.4280  0.0329
   105  596  335  0.0170  0.4281  0.0329
   106  595  335  0.0171  0.4292  0.0329
   107  594  335  0.0171  0.4287  0.0329
   108  593  335  0.0171  0.4284  0.0329
   109  592  335  0.0171  0.4277  0.0328

     1  497  335  0.0202  0.4291  0.0330
     2  496  335  0.0202  0.4287  0.0330
     3  498  336  0.0202  0.4288  0.0330
     4  497  336  0.0202  0.4280  0.0329
     5  499  337  0.0201  0.4283  0.0329
     6  498  337  0.0202  0.4283  0.0329
     7  500  338  0.0201  0.4291  0.0329
     8  501  338  0.0201  0.4288  0.0329
     9  502  338  0.0200  0.4284  0.0329
    10  503  338  0.0199  0.4265  0.0327
    11  504  338  0.0199  0.4278  0.0328
    12  505  338  0.0199  0.4267  0.0327
    13  506  338  0.0199  0.4275  0.0328
    14  507  338  0.0198  0.4272  0.0328
    15  508  338  0.0198  0.4281  0.0329
    16  509  338  0.0199  0.4293  0.0329
    17  510  338  0.0198  0.4288  0.0329
    18  511  338  0.0198  0.4303  0.0330
    19  512  338  0.0198  0.4305  0.0330
    20  513  338  0.0198  0.4302  0.0330
    21  514  338  0.0198  0.4307  0.0330
    22  515  338  0.0196  0.4279  0.0328
    23  516  338  0.0195  0.4260  0.0327
    24  517  338  0.0194  0.4257  0.0327
    25  518  338  0.0195  0.4281  0.0328
    26  519  338  0.0194  0.4271  0.0328
    27  520  338  0.0194  0.4280  0.0328
    28  522  338  0.0194  0.4286  0.0329
    29  523  338  0.0191  0.4223  0.0324
    30  524  338  0.0192  0.4262  0.0327
    31  525  338  0.0195  0.4324  0.0332
    32  526  338  0.0191  0.4251  0.0326
    33  527  338  0.0193  0.4296  0.0329
    34  528  338  0.0189  0.4224  0.0324
    35  530  338  0.0187  0.4193  0.0322
    36  531  338  0.0188  0.4213  0.0323
    37  532  338  0.0186  0.4189  0.0321
    38  533  338  0.0186  0.4182  0.0321
    39  533  339  0.0190  0.4277  0.0328
    40  534  339  0.0189  0.4257  0.0326
    41  535  339  0.0192  0.4322  0.0331
    42  536  339  0.0195  0.4400  0.0337
    47  541  339  0.0188  0.4277  0.0328
    48  542  339  0.0188  0.4285  0.0328
    49  543  339  0.0188  0.4305  0.0330
    50  544  339  0.0186  0.4268  0.0327
    51  545  340  0.0187  0.4299  0.0329
    52  546  340  0.0188  0.4318  0.0330
    53  547  340  0.0189  0.4352  0.0333
    54  548  340  0.0188  0.4328  0.0331
    55  549  340  0.0189  0.4379  0.0335
    56  550  340  0.0183  0.4241  0.0325
    57  594  340  0.0171  0.4284  0.0327
    58  593  340  0.0171  0.4284  0.0327
    59  592  340  0.0171  0.4272  0.0326
    60  591  340  0.0172  0.4276  0.0327
    61  590  340  0.0172  0.4273  0.0326
    62  589  340  0.0172  0.4272  0.0326
    63  588  340  0.0173  0.4282  0.0327
    64  587  340  0.0173  0.4275  0.0327
    65  595  340  0.0171  0.4284  0.0327
    66  550  341  0.0186  0.4306  0.0329
    67  586  341  0.0173  0.4275  0.0326
    68  585  341  0.0173  0.4276  0.0326
    69  584  341  0.0173  0.4270  0.0326
    70  583  341  0.0174  0.4269  0.0326
    71  563  341  0.0179  0.4230  0.0323
    72  564  341  0.0177  0.4209  0.0322
    73  565  341  0.0178  0.4234  0.0323
    74  566  341  0.0178  0.4232  0.0323
    75  567  341  0.0177  0.4235  0.0324
    76  568  341  0.0178  0.4251  0.0325
    77  569  341  0.0179  0.4280  0.0327
    78  570  341  0.0179  0.4293  0.0328
    79  571  341  0.0177  0.4257  0.0325
    80  572  341  0.0176  0.4238  0.0324
    81  573  341  0.0176  0.4243  0.0324
    82  574  341  0.0176  0.4246  0.0324
    83  575  341  0.0175  0.4234  0.0323
    84  576  341  0.0175  0.4237  0.0324
    85  577  341  0.0175  0.4250  0.0325
    86  578  341  0.0174  0.4244  0.0324
    87  579  341  0.0175  0.4260  0.0325
    88  580  341  0.0175  0.4266  0.0326
    89  581  341  0.0175  0.4272  0.0326
    90  582  341  0.0174  0.4264  0.0326
    91  562  342  0.0179  0.4222  0.0322
    92  561  342  0.0179  0.4219  0.0322
    93  560  342  0.0179  0.4216  0.0322
    94  559  342  0.0179  0.4210  0.0321
    95  556  342  0.0181  0.4231  0.0323
    96  555  342  0.0180  0.4214  0.0322
    97  554  342  0.0181  0.4218  0.0322
    98  553  342  0.0182  0.4239  0.0324
    99  552  342  0.0183  0.4263  0.0325
   100  551  342  0.0185  0.4288  0.0327
   101  550  342  0.0186  0.4302  0.0328
   102  558  342  0.0179  0.4206  0.0321
   103  557  342  0.0181  0.4242  0.0324

    1  587  383  0.0170  0.4203  0.0308
    2  588  383  0.0170  0.4204  0.0308
    3  589  383  0.0169  0.4201  0.0308
    4  586  383  0.0170  0.4197  0.0307
    5  590  384  0.0169  0.4188  0.0306
    6  591  384  0.0168  0.4181  0.0306
    7  592  384  0.0167  0.4176  0.0305
    8  589  384  0.0169  0.4191  0.0307
    9  594  385  0.0167  0.4190  0.0306
   10  595  385  0.0166  0.4170  0.0305
   11  596  385  0.0166  0.4172  0.0305
   12  597  385  0.0166  0.4183  0.0306
   13  598  385  0.0166  0.4184  0.0306
   14  599  385  0.0165  0.4167  0.0304
   15  600  385  0.0165  0.4173  0.0305
   16  601  385  0.0165  0.4184  0.0306
   17  602  385  0.0165  0.4191  0.0306
   18  603  385  0.0164  0.4179  0.0305
   19  604  385  0.0164  0.4184  0.0306
   20  605  385  0.0163  0.4164  0.0304
   21  606  385  0.0163  0.4173  0.0305
   22  607  385  0.0162  0.4167  0.0304
   23  608  385  0.0162  0.4176  0.0305
   24  609  385  0.0162  0.4175  0.0305
   25  610  385  0.0162  0.4179  0.0305
   26  611  385  0.0162  0.4194  0.0306
   27  612  385  0.0163  0.4207  0.0307
   28  612  386  0.0162  0.4205  0.0307
   29  613  386  0.0162  0.4206  0.0307
   30  614  386  0.0162  0.4199  0.0306
   31  615  386  0.0162  0.4222  0.0308
   32  616  386  0.0163  0.4244  0.0310
   33  617  386  0.0163  0.4252  0.0310
   34  618  386  0.0163  0.4271  0.0311
   35  619  386  0.0163  0.4285  0.0312
   36  619  387  0.0163  0.4291  0.0313
   37  620  387  0.0162  0.4256  0.0310
   38  621  387  0.0160  0.4227  0.0308
   39  622  387  0.0161  0.4252  0.0310
   40  623  387  0.0162  0.4275  0.0311
   41  624  387  0.0161  0.4271  0.0311
   42  625  387  0.0162  0.4293  0.0313
   43  626  387  0.0162  0.4310  0.0314
   44  627  387  0.0163  0.4341  0.0316
   45  628  387  0.0160  0.4278  0.0311
   46  629  387  0.0159  0.4247  0.0309
   47  630  387  0.0157  0.4218  0.0307
   48  631  387  0.0156  0.4188  0.0305
   49  656  388  0.0148  0.4183  0.0304
   50  654  388  0.0147  0.4157  0.0302
   51  653  388  0.0148  0.4174  0.0303
   52  655  388  0.0148  0.4187  0.0304
   53  653  389  0.0148  0.4168  0.0303
   54  650  389  0.0149  0.4170  0.0303
   55  649  389  0.0150  0.4176  0.0303
   56  652  389  0.0148  0.4163  0.0302
   57  651  389  0.0148  0.4155  0.0302
   58  648  389  0.0150  0.4169  0.0303
   59  656  389  0.0148  0.4195  0.0305
   60  657  389  0.0147  0.4179  0.0304
   61  658  389  0.0147  0.4187  0.0304
   62  659  389  0.0148  0.4206  0.0305
   63  660  389  0.0147  0.4192  0.0304
   64  661  389  0.0147  0.4211  0.0306
   65  662  389  0.0147  0.4210  0.0306
   66  663  389  0.0147  0.4213  0.0306
