; ENVI Output of ROIs (5.4) [Tue Aug 13 18:15:17 2019]
; Number of ROIs: 2
; File Dimension: 1328 x 1184
;
; ROI name: Region #5
; ROI rgb value: {0, 255, 255}
; ROI npts: 141
;
; ROI name: Region #1
; ROI rgb value: {255, 0, 0}
; ROI npts: 199
;   ID     X    Y      B1      B2      B3
     1  1274  798  0.0336  0.0032  0.0046
     2  1275  798  0.0336  0.0032  0.0046
     3  1272  799  0.0335  0.0032  0.0046
     4  1273  799  0.0336  0.0032  0.0046
     5  1271  800  0.0335  0.0032  0.0046
     6  1270  800  0.0335  0.0032  0.0046
     7  1269  800  0.0335  0.0032  0.0046
     8  1268  800  0.0335  0.0032  0.0046
     9  1267  800  0.0335  0.0032  0.0046
    10  1266  800  0.0335  0.0032  0.0046
    11  1265  800  0.0335  0.0032  0.0046
    12  1264  800  0.0335  0.0032  0.0046
    13  1263  800  0.0335  0.0032  0.0046
    14  1262  800  0.0335  0.0032  0.0046
    15  1261  800  0.0335  0.0032  0.0046
    16  1260  800  0.0335  0.0032  0.0046
    17  1259  800  0.0335  0.0032  0.0046
    18  1258  800  0.0335  0.0032  0.0046
    19  1257  800  0.0335  0.0032  0.0046
    20  1256  800  0.0335  0.0032  0.0046
    21  1230  809  0.0334  0.0031  0.0046
    22  1229  809  0.0333  0.0031  0.0046
    23  1231  809  0.0334  0.0031  0.0046
    24  1229  810  0.0333  0.0031  0.0046
    25  1228  810  0.0333  0.0031  0.0046
    26  1227  810  0.0334  0.0031  0.0046
    27  1226  810  0.0333  0.0031  0.0046
    28  1225  811  0.0334  0.0031  0.0046
    29  1224  811  0.0334  0.0031  0.0046
    30  1223  811  0.0334  0.0031  0.0046
    31  1226  811  0.0334  0.0031  0.0046
    32  1223  812  0.0334  0.0031  0.0046
    33  1222  812  0.0334  0.0031  0.0046
    34  1221  812  0.0334  0.0031  0.0046
    35  1220  812  0.0335  0.0031  0.0046
    36  1219  812  0.0335  0.0031  0.0046
    37  1218  813  0.0334  0.0031  0.0046
    38  1219  813  0.0334  0.0031  0.0046
    39  1217  814  0.0334  0.0031  0.0046
    40  1216  814  0.0334  0.0031  0.0046
    41  1215  814  0.0334  0.0031  0.0046
    42  1218  814  0.0334  0.0031  0.0046
    43  1215  815  0.0334  0.0031  0.0046
    44  1214  815  0.0334  0.0031  0.0046
    45  1212  816  0.0334  0.0031  0.0046
    46  1211  816  0.0334  0.0031  0.0046
    47  1213  816  0.0334  0.0031  0.0046
    48  1210  817  0.0334  0.0031  0.0046
    49  1211  817  0.0334  0.0031  0.0046
    50  1209  818  0.0334  0.0031  0.0046
    51  1208  819  0.0334  0.0031  0.0046
    52  1207  819  0.0334  0.0031  0.0046
    53  1206  819  0.0334  0.0031  0.0046
    54  1205  820  0.0333  0.0030  0.0046
    55  1204  821  0.0333  0.0030  0.0046
    56  1205  821  0.0333  0.0030  0.0046
    57  1202  822  0.0333  0.0030  0.0046
    58  1203  822  0.0334  0.0030  0.0046
    59  1193  825  0.0332  0.0030  0.0046
    60  1192  825  0.0332  0.0030  0.0046
    61  1191  825  0.0332  0.0030  0.0046
    62  1189  825  0.0332  0.0030  0.0046
    63  1188  826  0.0332  0.0030  0.0046
    64  1189  826  0.0332  0.0030  0.0046
    65  1186  827  0.0331  0.0030  0.0046
    66  1185  827  0.0331  0.0030  0.0046
    67  1187  827  0.0332  0.0030  0.0046
    68  1184  828  0.0331  0.0030  0.0046
    69  1185  828  0.0332  0.0030  0.0046
    70  1183  829  0.0331  0.0030  0.0046
    71  1181  829  0.0331  0.0030  0.0046
    72  1180  830  0.0331  0.0030  0.0046
    73  1179  830  0.0331  0.0030  0.0046
    74  1178  830  0.0331  0.0030  0.0046
    75  1177  830  0.0331  0.0030  0.0046
    76  1181  830  0.0331  0.0030  0.0046
    77  1110  850  0.0328  0.0028  0.0046
    78  1111  850  0.0328  0.0028  0.0046
    79  1110  851  0.0328  0.0028  0.0046
    80  1109  851  0.0328  0.0028  0.0046
    81  1108  851  0.0328  0.0028  0.0046
    82  1107  852  0.0328  0.0028  0.0046
    83  1106  852  0.0328  0.0028  0.0046
    84  1108  852  0.0328  0.0028  0.0046
    85  1106  853  0.0328  0.0027  0.0046
    86  1104  854  0.0328  0.0027  0.0046
    87  1103  854  0.0328  0.0027  0.0046
    88  1105  854  0.0328  0.0027  0.0046
    89  1102  855  0.0328  0.0027  0.0046
    90  1101  855  0.0328  0.0027  0.0046
    91  1100  855  0.0328  0.0027  0.0046
    92  1099  855  0.0328  0.0027  0.0046
    93  1097  856  0.0328  0.0027  0.0046
    94  1098  856  0.0328  0.0027  0.0046
    95  1095  857  0.0328  0.0027  0.0046
    96  1094  857  0.0328  0.0027  0.0046
    97  1093  857  0.0328  0.0027  0.0046
    98  1096  857  0.0328  0.0027  0.0046
    99  1092  858  0.0328  0.0027  0.0046
   100  1091  858  0.0328  0.0027  0.0046
   101  1090  859  0.0327  0.0027  0.0046
   102  1089  859  0.0328  0.0027  0.0046
   103  1088  859  0.0328  0.0027  0.0046
   104  1087  859  0.0328  0.0027  0.0046
   105  1086  859  0.0328  0.0027  0.0046
   106  1091  859  0.0328  0.0027  0.0046
   107  1086  860  0.0328  0.0027  0.0046
   108  1084  860  0.0328  0.0027  0.0046
   109  1083  860  0.0328  0.0027  0.0046
   110  1082  860  0.0328  0.0027  0.0046
   111  1081  860  0.0328  0.0027  0.0046
   112  1080  861  0.0329  0.0027  0.0046
   113  1079  861  0.0328  0.0027  0.0046
   114  1077  861  0.0328  0.0027  0.0046
   115  1076  861  0.0328  0.0027  0.0046
   116  1075  861  0.0328  0.0027  0.0046
   117  1073  861  0.0328  0.0027  0.0046
   118  1081  861  0.0328  0.0027  0.0046
   119  1073  862  0.0328  0.0027  0.0046
   120  1072  862  0.0328  0.0027  0.0046
   121  1071  863  0.0328  0.0027  0.0046
   122  1072  863  0.0328  0.0027  0.0046
   123  1070  864  0.0328  0.0027  0.0046
   124  1069  864  0.0328  0.0027  0.0046
   125  1068  864  0.0328  0.0027  0.0046
   126  1071  864  0.0328  0.0027  0.0046
   127  1067  865  0.0328  0.0027  0.0046
   128  1066  865  0.0328  0.0026  0.0046
   129  1065  865  0.0327  0.0026  0.0046
   130  1063  866  0.0326  0.0026  0.0046
   131  1065  866  0.0326  0.0026  0.0046
   132  1063  867  0.0326  0.0026  0.0046
   133  1062  867  0.0327  0.0026  0.0046
   134  1061  867  0.0327  0.0026  0.0046
   135  1060  867  0.0327  0.0026  0.0046
   136  1059  867  0.0327  0.0026  0.0046
   137  1058  867  0.0327  0.0026  0.0046
   138  1057  868  0.0327  0.0026  0.0046
   139  1058  868  0.0327  0.0026  0.0046
   140  1056  869  0.0327  0.0026  0.0046
   141  1057  869  0.0327  0.0026  0.0046

     1  1228  796  0.0336  0.0031  0.0046
     2  1229  796  0.0336  0.0031  0.0046
     3  1226  797  0.0336  0.0031  0.0046
     4  1227  797  0.0335  0.0031  0.0046
     5  1225  798  0.0335  0.0031  0.0046
     6  1224  798  0.0335  0.0031  0.0046
     7  1222  799  0.0336  0.0031  0.0046
     8  1221  799  0.0336  0.0031  0.0046
     9  1223  799  0.0336  0.0031  0.0046
    10  1219  800  0.0335  0.0031  0.0046
    11  1220  800  0.0336  0.0031  0.0046
    12  1218  801  0.0335  0.0031  0.0046
    13  1217  801  0.0335  0.0031  0.0046
    14  1216  801  0.0335  0.0031  0.0046
    15  1215  801  0.0335  0.0031  0.0046
    16  1214  801  0.0334  0.0031  0.0046
    17  1212  802  0.0335  0.0031  0.0046
    18  1211  802  0.0335  0.0031  0.0046
    19  1210  802  0.0335  0.0031  0.0046
    20  1209  802  0.0335  0.0031  0.0046
    21  1208  802  0.0335  0.0031  0.0046
    22  1213  802  0.0334  0.0031  0.0046
    23  1207  803  0.0335  0.0031  0.0046
    24  1206  803  0.0335  0.0031  0.0046
    25  1205  803  0.0335  0.0031  0.0046
    26  1204  803  0.0335  0.0031  0.0046
    27  1202  804  0.0335  0.0031  0.0046
    28  1203  804  0.0335  0.0031  0.0046
    29  1200  805  0.0335  0.0031  0.0046
    30  1201  805  0.0335  0.0031  0.0046
    31  1199  806  0.0335  0.0030  0.0046
    32  1198  806  0.0335  0.0030  0.0046
    33  1196  807  0.0335  0.0030  0.0046
    34  1197  807  0.0335  0.0030  0.0046
    35  1180  813  0.0333  0.0030  0.0046
    36  1181  813  0.0333  0.0030  0.0046
    37  1179  814  0.0333  0.0030  0.0046
    38  1178  814  0.0333  0.0030  0.0046
    39  1176  815  0.0333  0.0030  0.0046
    40  1177  815  0.0333  0.0030  0.0046
    41  1174  816  0.0333  0.0030  0.0046
    42  1175  816  0.0333  0.0030  0.0046
    43  1172  817  0.0333  0.0030  0.0046
    44  1173  817  0.0333  0.0030  0.0046
    45  1170  818  0.0333  0.0030  0.0046
    46  1171  818  0.0332  0.0030  0.0046
    47  1169  819  0.0332  0.0029  0.0046
    48  1168  819  0.0332  0.0029  0.0046
    49  1167  819  0.0332  0.0029  0.0046
    50  1166  819  0.0332  0.0029  0.0046
    51  1165  819  0.0332  0.0029  0.0046
    52  1163  820  0.0332  0.0029  0.0046
    53  1162  820  0.0333  0.0029  0.0046
    54  1161  820  0.0333  0.0029  0.0046
    55  1160  820  0.0333  0.0029  0.0046
    56  1159  820  0.0333  0.0029  0.0046
    57  1158  820  0.0333  0.0029  0.0046
    58  1164  820  0.0333  0.0029  0.0046
    59  1157  821  0.0333  0.0029  0.0046
    60  1156  821  0.0332  0.0029  0.0046
    61  1155  821  0.0332  0.0029  0.0046
    62  1154  821  0.0333  0.0029  0.0046
    63  1153  821  0.0332  0.0029  0.0046
    64  1152  821  0.0332  0.0029  0.0046
    65  1151  821  0.0332  0.0029  0.0046
    66  1150  821  0.0332  0.0029  0.0046
    67  1148  822  0.0332  0.0029  0.0046
    68  1147  822  0.0332  0.0029  0.0046
    69  1146  822  0.0332  0.0029  0.0046
    70  1145  822  0.0332  0.0029  0.0046
    71  1144  822  0.0332  0.0029  0.0046
    72  1149  822  0.0332  0.0029  0.0046
    73  1055  850  0.0329  0.0026  0.0046
    74  1056  850  0.0329  0.0026  0.0046
    75  1054  851  0.0328  0.0026  0.0046
    76  1053  851  0.0328  0.0026  0.0046
    77  1052  851  0.0329  0.0026  0.0046
    78  1051  851  0.0329  0.0026  0.0046
    79  1049  852  0.0329  0.0026  0.0046
    80  1050  852  0.0328  0.0026  0.0046
    81  1047  853  0.0328  0.0026  0.0046
    82  1048  853  0.0329  0.0026  0.0046
    83  1046  854  0.0329  0.0026  0.0046
    84  1045  855  0.0328  0.0026  0.0046
    85  1043  856  0.0329  0.0026  0.0046
    86  1044  856  0.0328  0.0026  0.0046
    87  1042  857  0.0328  0.0026  0.0046
    88  1041  858  0.0327  0.0026  0.0046
    89  1040  858  0.0328  0.0026  0.0046
    90  1038  859  0.0328  0.0026  0.0046
    91  1037  859  0.0328  0.0026  0.0046
    92  1039  859  0.0327  0.0026  0.0046
    93  1036  860  0.0328  0.0026  0.0046
    94  1035  860  0.0328  0.0026  0.0046
    95  1034  860  0.0328  0.0026  0.0046
    96  1033  860  0.0328  0.0026  0.0046
    97  1032  860  0.0328  0.0026  0.0046
    98  1031  860  0.0328  0.0026  0.0046
    99  1028  861  0.0328  0.0026  0.0046
   100  1029  861  0.0328  0.0026  0.0046
   101  1030  861  0.0328  0.0026  0.0046
   102  1019  864  0.0327  0.0025  0.0046
   103  1017  865  0.0327  0.0025  0.0046
   104  1018  865  0.0327  0.0025  0.0046
   105  1015  866  0.0327  0.0025  0.0046
   106  1016  866  0.0327  0.0025  0.0046
   107  1014  867  0.0327  0.0025  0.0046
   108  1013  867  0.0327  0.0025  0.0046
   109  1011  868  0.0327  0.0025  0.0046
   110  1012  868  0.0327  0.0025  0.0046
   111  1010  869  0.0327  0.0025  0.0046
   112  1009  870  0.0326  0.0025  0.0046
   113  1008  870  0.0326  0.0025  0.0046
   114  1007  871  0.0326  0.0025  0.0046
   115  1006  872  0.0326  0.0025  0.0046
   116   924  909  0.0321  0.0022  0.0046
   117   925  909  0.0322  0.0022  0.0046
   118   923  910  0.0321  0.0022  0.0046
   119   922  910  0.0321  0.0022  0.0046
   120   920  911  0.0321  0.0022  0.0046
   121   919  911  0.0321  0.0022  0.0046
   122   921  911  0.0321  0.0022  0.0046
   123   918  912  0.0321  0.0022  0.0046
   124   917  912  0.0320  0.0022  0.0046
   125   916  912  0.0320  0.0022  0.0046
   126   915  912  0.0320  0.0022  0.0046
   127   914  913  0.0320  0.0022  0.0046
   128   913  913  0.0320  0.0022  0.0046
   129   912  913  0.0320  0.0022  0.0046
   130   911  913  0.0320  0.0022  0.0046
   131   910  913  0.0320  0.0022  0.0046
   132   908  914  0.0320  0.0022  0.0046
   133   907  914  0.0320  0.0022  0.0046
   134   906  914  0.0320  0.0022  0.0046
   135   909  914  0.0320  0.0022  0.0046
   136   905  915  0.0320  0.0022  0.0046
   137   904  915  0.0319  0.0022  0.0046
   138   903  915  0.0319  0.0022  0.0046
   139   902  915  0.0319  0.0022  0.0046
   140   901  915  0.0319  0.0022  0.0046
   141   899  916  0.0319  0.0022  0.0045
   142   898  916  0.0319  0.0022  0.0045
   143   900  916  0.0319  0.0022  0.0045
   144   897  917  0.0319  0.0022  0.0046
   145   896  918  0.0319  0.0022  0.0045
   146   895  919  0.0319  0.0021  0.0046
   147   893  920  0.0318  0.0021  0.0046
   148   894  920  0.0318  0.0021  0.0046
   149   891  921  0.0318  0.0021  0.0046
   150   892  921  0.0318  0.0021  0.0046
   151   890  922  0.0318  0.0021  0.0046
   152   889  922  0.0318  0.0021  0.0046
   153   888  922  0.0318  0.0021  0.0045
   154   887  922  0.0318  0.0021  0.0045
   155   885  923  0.0317  0.0021  0.0046
   156   884  923  0.0318  0.0021  0.0045
   157   886  923  0.0318  0.0021  0.0046
   158   883  924  0.0318  0.0021  0.0046
   159   882  924  0.0318  0.0021  0.0046
   160   881  924  0.0318  0.0021  0.0046
   161   879  925  0.0318  0.0021  0.0046
   162   878  925  0.0318  0.0021  0.0046
   163   880  925  0.0318  0.0021  0.0046
   164   877  926  0.0318  0.0021  0.0046
   165   876  926  0.0318  0.0021  0.0046
   166   875  926  0.0318  0.0021  0.0046
   167   873  927  0.0318  0.0021  0.0046
   168   872  927  0.0318  0.0021  0.0045
   169   874  927  0.0318  0.0021  0.0046
   170   871  928  0.0318  0.0021  0.0045
   171   870  928  0.0318  0.0021  0.0045
   172   849  935  0.0317  0.0020  0.0045
   173   848  936  0.0317  0.0020  0.0045
   174   846  937  0.0317  0.0020  0.0045
   175   847  937  0.0317  0.0020  0.0046
   176   845  938  0.0317  0.0020  0.0045
   177   844  938  0.0317  0.0020  0.0046
   178   842  939  0.0317  0.0020  0.0045
   179   843  939  0.0317  0.0020  0.0046
   180   840  940  0.0316  0.0020  0.0045
   181   841  940  0.0316  0.0020  0.0046
   182   839  941  0.0316  0.0020  0.0046
   183   838  941  0.0316  0.0020  0.0046
   184   836  942  0.0316  0.0020  0.0045
   185   835  942  0.0316  0.0020  0.0045
   186   837  942  0.0316  0.0020  0.0046
   187   833  943  0.0315  0.0020  0.0045
   188   834  943  0.0316  0.0020  0.0046
   189   832  944  0.0316  0.0020  0.0046
   190   831  944  0.0315  0.0020  0.0045
   191   829  945  0.0315  0.0020  0.0046
   192   830  945  0.0316  0.0020  0.0046
   193   828  946  0.0316  0.0020  0.0046
   194   827  946  0.0316  0.0020  0.0046
   195   826  946  0.0315  0.0020  0.0046
   196   825  946  0.0315  0.0020  0.0046
   197   823  947  0.0315  0.0020  0.0046
   198   822  947  0.0315  0.0019  0.0046
   199   824  947  0.0315  0.0020  0.0046
