; ENVI Output of ROIs (5.4) [Tue Aug 13 18:15:06 2019]
; Number of ROIs: 2
; File Dimension: 1328 x 1184
;
; ROI name: Region #5
; ROI rgb value: {0, 255, 255}
; ROI npts: 141
;
; ROI name: Region #1
; ROI rgb value: {255, 0, 0}
; ROI npts: 199
;   ID     X    Y         B1         B2         B3
     1  1274  798  -190.5229    84.0966   -30.2023
     2  1275  798  -190.5242    84.0959   -30.2020
     3  1272  799  -190.5199    84.0981   -30.2022
     4  1273  799  -190.5226    84.0973   -30.2018
     5  1271  800  -190.5181    84.0990   -30.2019
     6  1270  800  -190.5176    84.0996   -30.2021
     7  1269  800  -190.5174    84.1003   -30.2021
     8  1268  800  -190.5181    84.1008   -30.2021
     9  1267  800  -190.5190    84.1013   -30.2021
    10  1266  800  -190.5189    84.1019   -30.2022
    11  1265  800  -190.5187    84.1026   -30.2023
    12  1264  800  -190.5188    84.1032   -30.2024
    13  1263  800  -190.5177    84.1039   -30.2026
    14  1262  800  -190.5184    84.1044   -30.2025
    15  1261  800  -190.5193    84.1049   -30.2025
    16  1260  800  -190.5196    84.1055   -30.2025
    17  1259  800  -190.5180    84.1063   -30.2028
    18  1258  800  -190.5182    84.1068   -30.2029
    19  1257  800  -190.5182    84.1074   -30.2029
    20  1256  800  -190.5164    84.1082   -30.2033
    21  1230  809  -190.5083    84.1253   -30.2007
    22  1229  809  -190.5076    84.1260   -30.2009
    23  1231  809  -190.5079    84.1247   -30.2007
    24  1229  810  -190.5061    84.1262   -30.2005
    25  1228  810  -190.5069    84.1267   -30.2004
    26  1227  810  -190.5078    84.1272   -30.2004
    27  1226  810  -190.5066    84.1279   -30.2006
    28  1225  811  -190.5085    84.1284   -30.1998
    29  1224  811  -190.5060    84.1293   -30.2002
    30  1223  811  -190.5120    84.1293   -30.1995
    31  1226  811  -190.5066    84.1280   -30.2000
    32  1223  812  -190.5119    84.1294   -30.1989
    33  1222  812  -190.5116    84.1301   -30.1990
    34  1221  812  -190.5136    84.1305   -30.1988
    35  1220  812  -190.5154    84.1309   -30.1987
    36  1219  812  -190.5185    84.1313   -30.1983
    37  1218  813  -190.5140    84.1323   -30.1984
    38  1219  813  -190.5077    84.1323   -30.1991
    39  1217  814  -190.5090    84.1335   -30.1985
    40  1216  814  -190.5112    84.1339   -30.1983
    41  1215  814  -190.5099    84.1346   -30.1985
    42  1218  814  -190.5083    84.1329   -30.1985
    43  1215  815  -190.5082    84.1348   -30.1981
    44  1214  815  -190.5085    84.1354   -30.1982
    45  1212  816  -190.5077    84.1367   -30.1978
    46  1211  816  -190.5088    84.1372   -30.1977
    47  1213  816  -190.5066    84.1362   -30.1979
    48  1210  817  -190.5069    84.1381   -30.1974
    49  1211  817  -190.5084    84.1373   -30.1971
    50  1209  818  -190.5056    84.1389   -30.1970
    51  1208  819  -190.5037    84.1397   -30.1967
    52  1207  819  -190.5047    84.1402   -30.1967
    53  1206  819  -190.5104    84.1403   -30.1959
    54  1205  820  -190.5000    84.1419   -30.1968
    55  1204  821  -190.5008    84.1425   -30.1961
    56  1205  821  -190.4997    84.1420   -30.1962
    57  1202  822  -190.4980    84.1441   -30.1961
    58  1203  822  -190.5030    84.1430   -30.1953
    59  1193  825  -190.4941    84.1500   -30.1954
    60  1192  825  -190.4896    84.1510   -30.1961
    61  1191  825  -190.4911    84.1515   -30.1960
    62  1189  825  -190.4917    84.1526   -30.1961
    63  1188  826  -190.4898    84.1535   -30.1958
    64  1189  826  -190.4929    84.1526   -30.1953
    65  1186  827  -190.4849    84.1552   -30.1960
    66  1185  827  -190.4863    84.1557   -30.1959
    67  1187  827  -190.4879    84.1543   -30.1955
    68  1184  828  -190.4846    84.1565   -30.1955
    69  1185  828  -190.4866    84.1557   -30.1952
    70  1183  829  -190.4821    84.1574   -30.1953
    71  1181  829  -190.4844    84.1584   -30.1951
    72  1180  830  -190.4802    84.1594   -30.1952
    73  1179  830  -190.4851    84.1596   -30.1946
    74  1178  830  -190.4806    84.1606   -30.1952
    75  1177  830  -190.4784    84.1614   -30.1956
    76  1181  830  -190.4820    84.1587   -30.1948
    77  1110  850  -190.4533    84.2052   -30.1916
    78  1111  850  -190.4533    84.2046   -30.1915
    79  1110  851  -190.4527    84.2053   -30.1910
    80  1109  851  -190.4526    84.2059   -30.1911
    81  1108  851  -190.4520    84.2066   -30.1913
    82  1107  852  -190.4516    84.2073   -30.1908
    83  1106  852  -190.4525    84.2078   -30.1908
    84  1108  852  -190.4518    84.2067   -30.1907
    85  1106  853  -190.4518    84.2079   -30.1903
    86  1104  854  -190.4521    84.2092   -30.1898
    87  1103  854  -190.4519    84.2098   -30.1899
    88  1105  854  -190.4517    84.2086   -30.1898
    89  1102  855  -190.4526    84.2104   -30.1893
    90  1101  855  -190.4532    84.2110   -30.1893
    91  1100  855  -190.4548    84.2114   -30.1891
    92  1099  855  -190.4548    84.2120   -30.1892
    93  1097  856  -190.4534    84.2134   -30.1889
    94  1098  856  -190.4539    84.2128   -30.1888
    95  1095  857  -190.4565    84.2145   -30.1881
    96  1094  857  -190.4571    84.2150   -30.1881
    97  1093  857  -190.4559    84.2157   -30.1883
    98  1096  857  -190.4543    84.2140   -30.1883
    99  1092  858  -190.4532    84.2166   -30.1881
   100  1091  858  -190.4531    84.2172   -30.1882
   101  1090  859  -190.4509    84.2180   -30.1879
   102  1089  859  -190.4533    84.2185   -30.1877
   103  1088  859  -190.4546    84.2190   -30.1876
   104  1087  859  -190.4537    84.2196   -30.1878
   105  1086  859  -190.4555    84.2201   -30.1876
   106  1091  859  -190.4546    84.2172   -30.1874
   107  1086  860  -190.4571    84.2200   -30.1868
   108  1084  860  -190.4564    84.2213   -30.1870
   109  1083  860  -190.4554    84.2220   -30.1872
   110  1082  860  -190.4605    84.2222   -30.1866
   111  1081  860  -190.4604    84.2228   -30.1867
   112  1080  861  -190.4606    84.2235   -30.1861
   113  1079  861  -190.4584    84.2242   -30.1865
   114  1077  861  -190.4601    84.2253   -30.1864
   115  1076  861  -190.4543    84.2264   -30.1873
   116  1075  861  -190.4577    84.2267   -30.1869
   117  1073  861  -190.4595    84.2278   -30.1868
   118  1081  861  -190.4597    84.2229   -30.1862
   119  1073  862  -190.4565    84.2281   -30.1866
   120  1072  862  -190.4569    84.2286   -30.1866
   121  1071  863  -190.4583    84.2292   -30.1859
   122  1072  863  -190.4581    84.2286   -30.1858
   123  1070  864  -190.4551    84.2301   -30.1858
   124  1069  864  -190.4578    84.2305   -30.1855
   125  1068  864  -190.4580    84.2311   -30.1855
   126  1071  864  -190.4560    84.2295   -30.1856
   127  1067  865  -190.4558    84.2319   -30.1853
   128  1066  865  -190.4546    84.2326   -30.1855
   129  1065  865  -190.4461    84.2339   -30.1867
   130  1063  866  -190.4395    84.2357   -30.1872
   131  1065  866  -190.4394    84.2345   -30.1870
   132  1063  867  -190.4400    84.2357   -30.1865
   133  1062  867  -190.4453    84.2359   -30.1858
   134  1061  867  -190.4470    84.2364   -30.1857
   135  1060  867  -190.4461    84.2370   -30.1859
   136  1059  867  -190.4444    84.2378   -30.1862
   137  1058  867  -190.4416    84.2386   -30.1866
   138  1057  868  -190.4450    84.2390   -30.1856
   139  1058  868  -190.4408    84.2387   -30.1861
   140  1056  869  -190.4480    84.2394   -30.1847
   141  1057  869  -190.4419    84.2393   -30.1854

     1  1228  796  -190.5290    84.1237   -30.2061
     2  1229  796  -190.5289    84.1231   -30.2061
     3  1226  797  -190.5310    84.1249   -30.2054
     4  1227  797  -190.5206    84.1252   -30.2067
     5  1225  798  -190.5251    84.1261   -30.2056
     6  1224  798  -190.5263    84.1266   -30.2055
     7  1222  799  -190.5262    84.1278   -30.2051
     8  1221  799  -190.5284    84.1283   -30.2049
     9  1223  799  -190.5253    84.1273   -30.2051
    10  1219  800  -190.5247    84.1299   -30.2049
    11  1220  800  -190.5275    84.1290   -30.2045
    12  1218  801  -190.5198    84.1310   -30.2050
    13  1217  801  -190.5191    84.1316   -30.2052
    14  1216  801  -190.5194    84.1322   -30.2052
    15  1215  801  -190.5187    84.1329   -30.2054
    16  1214  801  -190.5171    84.1336   -30.2056
    17  1212  802  -190.5175    84.1349   -30.2051
    18  1211  802  -190.5270    84.1347   -30.2040
    19  1210  802  -190.5206    84.1358   -30.2049
    20  1209  802  -190.5276    84.1358   -30.2040
    21  1208  802  -190.5285    84.1363   -30.2040
    22  1213  802  -190.5164    84.1344   -30.2052
    23  1207  803  -190.5250    84.1373   -30.2039
    24  1206  803  -190.5251    84.1379   -30.2040
    25  1205  803  -190.5277    84.1383   -30.2037
    26  1204  803  -190.5244    84.1392   -30.2042
    27  1202  804  -190.5281    84.1401   -30.2033
    28  1203  804  -190.5246    84.1398   -30.2037
    29  1200  805  -190.5242    84.1418   -30.2033
    30  1201  805  -190.5264    84.1410   -30.2030
    31  1199  806  -190.5211    84.1427   -30.2032
    32  1198  806  -190.5192    84.1435   -30.2035
    33  1196  807  -190.5225    84.1445   -30.2026
    34  1197  807  -190.5236    84.1438   -30.2023
    35  1180  813  -190.5069    84.1559   -30.2021
    36  1181  813  -190.5046    84.1555   -30.2024
    37  1179  814  -190.5061    84.1567   -30.2017
    38  1178  814  -190.5056    84.1573   -30.2018
    39  1176  815  -190.5078    84.1584   -30.2011
    40  1177  815  -190.5045    84.1581   -30.2014
    41  1174  816  -190.5055    84.1599   -30.2009
    42  1175  816  -190.5040    84.1594   -30.2010
    43  1172  817  -190.5004    84.1616   -30.2011
    44  1173  817  -190.5029    84.1608   -30.2007
    45  1170  818  -190.4999    84.1629   -30.2007
    46  1171  818  -190.4983    84.1625   -30.2008
    47  1169  819  -190.4957    84.1640   -30.2007
    48  1168  819  -190.4966    84.1645   -30.2006
    49  1167  819  -190.4944    84.1653   -30.2010
    50  1166  819  -190.4964    84.1657   -30.2008
    51  1165  819  -190.4979    84.1662   -30.2007
    52  1163  820  -190.4910    84.1680   -30.2011
    53  1162  820  -190.4995    84.1679   -30.2001
    54  1161  820  -190.5004    84.1685   -30.2000
    55  1160  820  -190.5013    84.1690   -30.2000
    56  1159  820  -190.5000    84.1697   -30.2002
    57  1158  820  -190.5004    84.1703   -30.2003
    58  1164  820  -190.5025    84.1665   -30.1995
    59  1157  821  -190.5001    84.1710   -30.1998
    60  1156  821  -190.4988    84.1717   -30.2000
    61  1155  821  -190.4975    84.1724   -30.2002
    62  1154  821  -190.4979    84.1730   -30.2003
    63  1153  821  -190.4982    84.1736   -30.2003
    64  1152  821  -190.4986    84.1741   -30.2003
    65  1151  821  -190.4992    84.1747   -30.2003
    66  1150  821  -190.4989    84.1753   -30.2004
    67  1148  822  -190.4975    84.1767   -30.2002
    68  1147  822  -190.4977    84.1773   -30.2002
    69  1146  822  -190.5007    84.1777   -30.1999
    70  1145  822  -190.5006    84.1783   -30.2000
    71  1144  822  -190.5014    84.1788   -30.2000
    72  1149  822  -190.4981    84.1761   -30.2000
    73  1055  850  -190.4697    84.2371   -30.1936
    74  1056  850  -190.4714    84.2363   -30.1933
    75  1054  851  -190.4674    84.2379   -30.1933
    76  1053  851  -190.4659    84.2386   -30.1936
    77  1052  851  -190.4687    84.2390   -30.1933
    78  1051  851  -190.4683    84.2396   -30.1934
    79  1049  852  -190.4737    84.2405   -30.1922
    80  1050  852  -190.4657    84.2405   -30.1932
    81  1047  853  -190.4611    84.2427   -30.1934
    82  1048  853  -190.4714    84.2414   -30.1920
    83  1046  854  -190.4710    84.2427   -30.1916
    84  1045  855  -190.4597    84.2442   -30.1925
    85  1043  856  -190.4671    84.2449   -30.1911
    86  1044  856  -190.4620    84.2447   -30.1917
    87  1042  857  -190.4609    84.2460   -30.1914
    88  1041  858  -190.4553    84.2471   -30.1916
    89  1040  858  -190.4578    84.2476   -30.1913
    90  1038  859  -190.4569    84.2489   -30.1910
    91  1037  859  -190.4613    84.2492   -30.1905
    92  1039  859  -190.4548    84.2485   -30.1912
    93  1036  860  -190.4571    84.2502   -30.1905
    94  1035  860  -190.4567    84.2508   -30.1906
    95  1034  860  -190.4584    84.2513   -30.1905
    96  1033  860  -190.4597    84.2518   -30.1904
    97  1032  860  -190.4628    84.2522   -30.1900
    98  1031  860  -190.4643    84.2526   -30.1899
    99  1028  861  -190.4633    84.2546   -30.1897
   100  1029  861  -190.4643    84.2539   -30.1895
   101  1030  861  -190.4669    84.2531   -30.1890
   102  1019  864  -190.4530    84.2610   -30.1899
   103  1017  865  -190.4550    84.2621   -30.1891
   104  1018  865  -190.4558    84.2615   -30.1889
   105  1015  866  -190.4523    84.2636   -30.1890
   106  1016  866  -190.4548    84.2628   -30.1886
   107  1014  867  -190.4542    84.2641   -30.1882
   108  1013  867  -190.4514    84.2649   -30.1886
   109  1011  868  -190.4486    84.2664   -30.1885
   110  1012  868  -190.4485    84.2658   -30.1885
   111  1010  869  -190.4470    84.2672   -30.1882
   112  1009  870  -190.4421    84.2682   -30.1883
   113  1008  870  -190.4421    84.2688   -30.1884
   114  1007  871  -190.4410    84.2696   -30.1880
   115  1006  872  -190.4405    84.2703   -30.1876
   116   924  909  -190.3871    84.3257   -30.1781
   117   925  909  -190.3888    84.3250   -30.1778
   118   923  910  -190.3869    84.3264   -30.1776
   119   922  910  -190.3876    84.3270   -30.1776
   120   920  911  -190.3845    84.3284   -30.1776
   121   919  911  -190.3842    84.3291   -30.1777
   122   921  911  -190.3854    84.3278   -30.1774
   123   918  912  -190.3828    84.3298   -30.1774
   124   917  912  -190.3803    84.3306   -30.1778
   125   916  912  -190.3790    84.3313   -30.1780
   126   915  912  -190.3794    84.3318   -30.1780
   127   914  913  -190.3753    84.3328   -30.1781
   128   913  913  -190.3743    84.3334   -30.1783
   129   912  913  -190.3767    84.3339   -30.1780
   130   911  913  -190.3788    84.3343   -30.1778
   131   910  913  -190.3792    84.3349   -30.1778
   132   908  914  -190.3749    84.3364   -30.1780
   133   907  914  -190.3743    84.3371   -30.1781
   134   906  914  -190.3731    84.3377   -30.1783
   135   909  914  -190.3753    84.3358   -30.1778
   136   905  915  -190.3720    84.3385   -30.1779
   137   904  915  -190.3694    84.3392   -30.1784
   138   903  915  -190.3691    84.3399   -30.1785
   139   902  915  -190.3690    84.3405   -30.1786
   140   901  915  -190.3681    84.3411   -30.1788
   141   899  916  -190.3655    84.3425   -30.1787
   142   898  916  -190.3640    84.3432   -30.1789
   143   900  916  -190.3649    84.3420   -30.1787
   144   897  917  -190.3630    84.3440   -30.1786
   145   896  918  -190.3610    84.3448   -30.1783
   146   895  919  -190.3619    84.3454   -30.1777
   147   893  920  -190.3621    84.3466   -30.1772
   148   894  920  -190.3602    84.3461   -30.1774
   149   891  921  -190.3587    84.3481   -30.1772
   150   892  921  -190.3595    84.3474   -30.1770
   151   890  922  -190.3562    84.3489   -30.1770
   152   889  922  -190.3562    84.3495   -30.1771
   153   888  922  -190.3523    84.3503   -30.1777
   154   887  922  -190.3539    84.3508   -30.1775
   155   885  923  -190.3531    84.3521   -30.1772
   156   884  923  -190.3534    84.3527   -30.1772
   157   886  923  -190.3544    84.3515   -30.1769
   158   883  924  -190.3553    84.3533   -30.1764
   159   882  924  -190.3576    84.3537   -30.1762
   160   881  924  -190.3535    84.3546   -30.1768
   161   879  925  -190.3552    84.3557   -30.1761
   162   878  925  -190.3546    84.3564   -30.1762
   163   880  925  -190.3543    84.3552   -30.1762
   164   877  926  -190.3539    84.3571   -30.1758
   165   876  926  -190.3596    84.3573   -30.1751
   166   875  926  -190.3568    84.3581   -30.1756
   167   873  927  -190.3545    84.3595   -30.1754
   168   872  927  -190.3534    84.3602   -30.1756
   169   874  927  -190.3548    84.3589   -30.1753
   170   871  928  -190.3501    84.3610   -30.1755
   171   870  928  -190.3484    84.3617   -30.1758
   172   849  935  -190.3428    84.3751   -30.1739
   173   848  936  -190.3423    84.3757   -30.1734
   174   846  937  -190.3407    84.3771   -30.1732
   175   847  937  -190.3437    84.3763   -30.1727
   176   845  938  -190.3418    84.3777   -30.1725
   177   844  938  -190.3448    84.3781   -30.1722
   178   842  939  -190.3408    84.3796   -30.1723
   179   843  939  -190.3425    84.3789   -30.1720
   180   840  940  -190.3387    84.3810   -30.1721
   181   841  940  -190.3390    84.3804   -30.1720
   182   839  941  -190.3380    84.3817   -30.1717
   183   838  941  -190.3378    84.3823   -30.1718
   184   836  942  -190.3347    84.3837   -30.1718
   185   835  942  -190.3328    84.3845   -30.1721
   186   837  942  -190.3358    84.3831   -30.1715
   187   833  943  -190.3311    84.3858   -30.1719
   188   834  943  -190.3367    84.3849   -30.1710
   189   832  944  -190.3339    84.3863   -30.1710
   190   831  944  -190.3299    84.3871   -30.1716
   191   829  945  -190.3319    84.3883   -30.1709
   192   830  945  -190.3347    84.3875   -30.1704
   193   828  946  -190.3337    84.3888   -30.1701
   194   827  946  -190.3335    84.3894   -30.1702
   195   826  946  -190.3335    84.3900   -30.1703
   196   825  946  -190.3319    84.3907   -30.1706
   197   823  947  -190.3315    84.3920   -30.1702
   198   822  947  -190.3327    84.3925   -30.1701
   199   824  947  -190.3324    84.3914   -30.1700
