; ENVI Output of ROIs (5.4) [Tue Aug 13 18:26:53 2019]
; Number of ROIs: 13
; File Dimension: 1328 x 1184
;
; ROI name: Region #1
; ROI rgb value: {255, 0, 0}
; ROI npts: 117
;
; ROI name: Region #2
; ROI rgb value: {0, 255, 0}
; ROI npts: 64
;
; ROI name: Region #3
; ROI rgb value: {0, 0, 255}
; ROI npts: 61
;
; ROI name: Region #4
; ROI rgb value: {255, 255, 0}
; ROI npts: 81
;
; ROI name: Region #5
; ROI rgb value: {0, 255, 255}
; ROI npts: 58
;
; ROI name: Region #6
; ROI rgb value: {255, 0, 255}
; ROI npts: 85
;
; ROI name: Region #7
; ROI rgb value: {176, 48, 96}
; ROI npts: 59
;
; ROI name: Region #8
; ROI rgb value: {46, 139, 87}
; ROI npts: 40
;
; ROI name: Region #9
; ROI rgb value: {160, 32, 240}
; ROI npts: 65
;
; ROI name: Region #10
; ROI rgb value: {255, 127, 80}
; ROI npts: 85
;
; ROI name: Region #11
; ROI rgb value: {127, 255, 212}
; ROI npts: 73
;
; ROI name: Region #12
; ROI rgb value: {218, 112, 214}
; ROI npts: 105
;
; ROI name: Region #13
; ROI rgb value: {160, 82, 45}
; ROI npts: 98
;   ID    X    Y         B1         B2         B3
     1  154  280  -190.9695    85.4122   -30.5076
     2  155  280  -190.9662    85.4113   -30.5078
     3  152  281  -190.9740    85.4138   -30.5067
     4  153  281  -190.9672    85.4127   -30.5073
     5  150  282  -190.9638    85.4145   -30.5071
     6  151  282  -190.9657    85.4140   -30.5068
     7  149  283  -190.9599    85.4149   -30.5069
     8  148  283  -190.9619    85.4157   -30.5067
     9  147  283  -190.9582    85.4161   -30.5071
    10  145  284  -190.9632    85.4177   -30.5062
    11  146  284  -190.9574    85.4167   -30.5066
    12  143  285  -190.9572    85.4187   -30.5062
    13  144  285  -190.9599    85.4182   -30.5059
    14  142  286  -190.9636    85.4198   -30.5050
    15  141  286  -190.9549    85.4199   -30.5059
    16  140  286  -190.9623    85.4210   -30.5053
    17  138  287  -190.9684    85.4228   -30.5042
    18  139  287  -190.9673    85.4221   -30.5043
    19  136  288  -190.9621    85.4237   -30.5043
    20  137  288  -190.9573    85.4227   -30.5046
    21  134  289  -190.9559    85.4246   -30.5043
    22  133  289  -190.9499    85.4248   -30.5049
    23  135  289  -190.9565    85.4240   -30.5042
    24  132  290  -190.9462    85.4253   -30.5047
    25  131  290  -190.9419    85.4256   -30.5051
    26  129  291  -190.9346    85.4265   -30.5053
    27  128  291  -190.9398    85.4275   -30.5049
    28  130  291  -190.9364    85.4260   -30.5050
    29  126  292  -190.9348    85.4285   -30.5048
    30  127  292  -190.9373    85.4280   -30.5045
    31  125  293  -190.9323    85.4290   -30.5045
    32  124  293  -190.9351    85.4298   -30.5043
    33  122  294  -190.9348    85.4311   -30.5038
    34  121  294  -190.9375    85.4319   -30.5036
    35  123  294  -190.9345    85.4305   -30.5037
    36  120  295  -190.9369    85.4326   -30.5031
    37  119  295  -190.9369    85.4332   -30.5031
    38  111  295  -190.9394    85.4385   -30.5034
    39  112  295  -190.9361    85.4376   -30.5037
    40  118  296  -190.9366    85.4339   -30.5026
    41  110  296  -190.9421    85.4394   -30.5026
    42  109  296  -190.9406    85.4399   -30.5028
    43  117  296  -190.9348    85.4344   -30.5028
    44  107  297  -190.9423    85.4414   -30.5021
    45  106  297  -190.9403    85.4419   -30.5024
    46  108  297  -190.9490    85.4412   -30.5015
    47  105  298  -190.9380    85.4424   -30.5020
    48  104  298  -190.9367    85.4429   -30.5022
    49  102  299  -190.9314    85.4439   -30.5021
    50  103  299  -190.9342    85.4435   -30.5018
    51  100  300  -190.9363    85.4456   -30.5012
    52   99  300  -190.9322    85.4459   -30.5016
    53  101  300  -190.9342    85.4448   -30.5013
    54   98  301  -190.9314    85.4466   -30.5011
    55   97  301  -190.9331    85.4473   -30.5010
    56   95  302  -190.9325    85.4486   -30.5005
    57   94  302  -190.9301    85.4491   -30.5008
    58   96  302  -190.9274    85.4476   -30.5009
    59   93  303  -190.9304    85.4498   -30.5002
    60   92  303  -190.9362    85.4509   -30.4997
    61   90  304  -190.9364    85.4522   -30.4992
    62   91  304  -190.9341    85.4514   -30.4994
    63   88  305  -190.9262    85.4528   -30.4996
    64   87  305  -190.9300    85.4537   -30.4993
    65   89  305  -190.9338    85.4528   -30.4988
    66   86  306  -190.9228    85.4539   -30.4994
    67   85  306  -190.9227    85.4546   -30.4995
    68   83  307  -190.9232    85.4559   -30.4990
    69   82  307  -190.9257    85.4567   -30.4988
    70   84  307  -190.9215    85.4552   -30.4991
    71   81  308  -190.9208    85.4571   -30.4987
    72   80  308  -190.9252    85.4580   -30.4983
    73   79  308  -190.9231    85.4585   -30.4986
    74   78  308  -190.9214    85.4590   -30.4988
    75   76  309  -190.9192    85.4602   -30.4985
    76   75  309  -190.9253    85.4613   -30.4980
    77   77  309  -190.9168    85.4594   -30.4987
    78   73  310  -190.9421    85.4638   -30.4960
    79   72  310  -190.9327    85.4638   -30.4969
    80   74  310  -190.9208    85.4616   -30.4979
    81   71  311  -190.9214    85.4637   -30.4973
    82   70  311  -190.9225    85.4644   -30.4973
    83   69  311  -190.9113    85.4642   -30.4984
    84   68  311  -190.9097    85.4647   -30.4986
    85   66  312  -190.9107    85.4661   -30.4980
    86   65  312  -190.9104    85.4667   -30.4981
    87   67  312  -190.9090    85.4654   -30.4981
    88   64  313  -190.9093    85.4673   -30.4976
    89   63  313  -190.9088    85.4679   -30.4977
    90   62  313  -190.9108    85.4687   -30.4976
    91   60  314  -190.9127    85.4702   -30.4969
    92   59  314  -190.9021    85.4700   -30.4980
    93   58  314  -190.9059    85.4709   -30.4977
    94   61  314  -190.9092    85.4693   -30.4972
    95   57  315  -190.9160    85.4724   -30.4962
    96   56  315  -190.9181    85.4732   -30.4961
    97   55  315  -190.9094    85.4732   -30.4969
    98   53  316  -190.8949    85.4734   -30.4977
    99   52  316  -190.9182    85.4758   -30.4957
   100   51  316  -190.9174    85.4763   -30.4958
   101   54  316  -190.8986    85.4731   -30.4973
   102   50  317  -190.9218    85.4774   -30.4949
   103   49  317  -190.9264    85.4783   -30.4945
   104   48  317  -190.9214    85.4786   -30.4950
   105   46  318  -190.9135    85.4793   -30.4952
   106   45  318  -190.9169    85.4802   -30.4950
   107   44  318  -190.9153    85.4807   -30.4952
   108   47  318  -190.9130    85.4787   -30.4952
   109   43  319  -190.9110    85.4811   -30.4950
   110   42  319  -190.9190    85.4823   -30.4944
   111   41  319  -190.8969    85.4813   -30.4964
   112   39  320  -190.9098    85.4836   -30.4947
   113   38  320  -190.9123    85.4844   -30.4946
   114   37  320  -190.9098    85.4849   -30.4949
   115   40  320  -190.9182    85.4836   -30.4939
   116   35  321  -190.9072    85.4860   -30.4946
   117   36  321  -190.9046    85.4852   -30.4948

    1  452  274  -190.9939    85.2231   -30.4898
    2  453  274  -190.9927    85.2224   -30.4899
    3  450  275  -190.9928    85.2244   -30.4894
    4  449  275  -190.9928    85.2250   -30.4895
    5  451  275  -190.9939    85.2238   -30.4893
    6  448  276  -190.9917    85.2257   -30.4890
    7  447  276  -190.9920    85.2263   -30.4891
    8  446  276  -190.9901    85.2269   -30.4893
    9  444  277  -190.9865    85.2281   -30.4891
   10  443  277  -190.9870    85.2287   -30.4891
   11  445  277  -190.9874    85.2275   -30.4890
   12  441  278  -190.9866    85.2301   -30.4886
   13  442  278  -190.9877    85.2295   -30.4885
   14  439  279  -190.9880    85.2315   -30.4880
   15  440  279  -190.9878    85.2308   -30.4879
   16  438  280  -190.9885    85.2322   -30.4873
   17  437  281  -190.9867    85.2328   -30.4869
   18  435  282  -190.9855    85.2342   -30.4865
   19  436  282  -190.9865    85.2336   -30.4864
   20  433  283  -190.9810    85.2353   -30.4864
   21  434  283  -190.9821    85.2347   -30.4862
   22  432  284  -190.9779    85.2359   -30.4861
   23  431  284  -190.9797    85.2366   -30.4860
   24  430  284  -190.9827    85.2374   -30.4858
   25  428  285  -190.9861    85.2389   -30.4850
   26  427  285  -190.9849    85.2394   -30.4852
   27  429  285  -190.9861    85.2382   -30.4849
   28  425  286  -190.9858    85.2408   -30.4846
   29  424  286  -190.9804    85.2412   -30.4851
   30  426  286  -190.9859    85.2402   -30.4845
   31  420  287  -190.9883    85.2442   -30.4840
   32  421  287  -190.9874    85.2435   -30.4841
   33  422  287  -190.9889    85.2430   -30.4839
   34  423  287  -190.9852    85.2422   -30.4841
   35  418  288  -190.9873    85.2455   -30.4836
   36  417  288  -190.9858    85.2461   -30.4838
   37  419  288  -190.9876    85.2449   -30.4835
   38  415  289  -190.9812    85.2472   -30.4837
   39  414  289  -190.9800    85.2478   -30.4839
   40  416  289  -190.9831    85.2467   -30.4835
   41  413  290  -190.9748    85.2483   -30.4838
   42  412  290  -190.9717    85.2488   -30.4841
   43  411  290  -190.9708    85.2494   -30.4842
   44  409  291  -190.9692    85.2506   -30.4839
   45  408  291  -190.9667    85.2512   -30.4842
   46  407  291  -190.9682    85.2519   -30.4841
   47  410  291  -190.9718    85.2501   -30.4836
   48  406  292  -190.9658    85.2525   -30.4837
   49  405  292  -190.9657    85.2531   -30.4838
   50  404  292  -190.9654    85.2537   -30.4839
   51  402  293  -190.9620    85.2549   -30.4837
   52  403  293  -190.9627    85.2543   -30.4836
   53  400  294  -190.9578    85.2560   -30.4836
   54  401  294  -190.9586    85.2554   -30.4835
   55  398  295  -190.9545    85.2572   -30.4834
   56  399  295  -190.9557    85.2566   -30.4833
   57  397  296  -190.9537    85.2579   -30.4829
   58  396  296  -190.9538    85.2585   -30.4830
   59  394  297  -190.9538    85.2599   -30.4825
   60  395  297  -190.9549    85.2593   -30.4823
   61  392  298  -190.9542    85.2612   -30.4819
   62  393  298  -190.9566    85.2607   -30.4816
   63  390  299  -190.9549    85.2626   -30.4813
   64  391  299  -190.9536    85.2619   -30.4814

    1  509  309  -190.9778    85.1885   -30.4649
    2  510  309  -190.9751    85.1877   -30.4651
    3  507  310  -190.9763    85.1898   -30.4646
    4  508  310  -190.9753    85.1891   -30.4646
    5  506  311  -190.9706    85.1903   -30.4645
    6  505  311  -190.9720    85.1909   -30.4645
    7  504  311  -190.9693    85.1915   -30.4648
    8  502  312  -190.9658    85.1927   -30.4646
    9  501  312  -190.9653    85.1933   -30.4647
   10  503  312  -190.9659    85.1920   -30.4645
   11  499  313  -190.9608    85.1945   -30.4646
   12  500  313  -190.9608    85.1938   -30.4645
   13  498  314  -190.9609    85.1952   -30.4640
   14  497  314  -190.9609    85.1958   -30.4641
   15  496  314  -190.9607    85.1964   -30.4642
   16  494  315  -190.9609    85.1978   -30.4636
   17  493  315  -190.9593    85.1984   -30.4639
   18  495  315  -190.9616    85.1972   -30.4635
   19  491  316  -190.9596    85.1997   -30.4633
   20  492  316  -190.9595    85.1991   -30.4633
   21  490  317  -190.9613    85.2005   -30.4625
   22  489  317  -190.9608    85.2011   -30.4627
   23  488  317  -190.9600    85.2017   -30.4628
   24  486  318  -190.9604    85.2031   -30.4623
   25  485  318  -190.9581    85.2036   -30.4625
   26  487  318  -190.9610    85.2025   -30.4621
   27  483  319  -190.9562    85.2049   -30.4622
   28  482  319  -190.9576    85.2056   -30.4622
   29  484  319  -190.9572    85.2043   -30.4620
   30  479  320  -190.9568    85.2075   -30.4618
   31  480  320  -190.9561    85.2069   -30.4618
   32  481  320  -190.9565    85.2062   -30.4617
   33  477  321  -190.9557    85.2088   -30.4614
   34  478  321  -190.9557    85.2082   -30.4613
   35  475  322  -190.9539    85.2101   -30.4610
   36  474  322  -190.9538    85.2107   -30.4611
   37  476  322  -190.9543    85.2095   -30.4609
   38  473  323  -190.9526    85.2114   -30.4607
   39  472  323  -190.9536    85.2121   -30.4606
   40  471  323  -190.9529    85.2127   -30.4607
   41  469  324  -190.9480    85.2138   -30.4607
   42  468  324  -190.9476    85.2144   -30.4608
   43  470  324  -190.9506    85.2133   -30.4604
   44  466  325  -190.9436    85.2156   -30.4607
   45  467  325  -190.9439    85.2150   -30.4606
   46  465  326  -190.9420    85.2162   -30.4603
   47  464  326  -190.9411    85.2168   -30.4604
   48  462  327  -190.9386    85.2181   -30.4601
   49  461  327  -190.9398    85.2188   -30.4601
   50  463  327  -190.9396    85.2175   -30.4600
   51  459  328  -190.9378    85.2200   -30.4598
   52  460  328  -190.9379    85.2194   -30.4597
   53  458  329  -190.9356    85.2206   -30.4594
   54  457  329  -190.9380    85.2214   -30.4593
   55  456  329  -190.9380    85.2220   -30.4594
   56  454  330  -190.9337    85.2231   -30.4593
   57  455  330  -190.9345    85.2225   -30.4591
   58  452  331  -190.9303    85.2243   -30.4590
   59  453  331  -190.9313    85.2237   -30.4589
   60  450  332  -190.9301    85.2257   -30.4585
   61  451  332  -190.9312    85.2251   -30.4584

    1  283  357  -190.8568    85.3293   -30.4603
    2  284  357  -190.8495    85.3282   -30.4609
    3  281  358  -190.8656    85.3311   -30.4590
    4  282  358  -190.8631    85.3303   -30.4592
    5  280  359  -190.8681    85.3319   -30.4582
    6  279  359  -190.8688    85.3326   -30.4581
    7  278  359  -190.8689    85.3333   -30.4582
    8  276  360  -190.8659    85.3344   -30.4580
    9  277  360  -190.8661    85.3338   -30.4579
   10  275  361  -190.8626    85.3349   -30.4577
   11  274  361  -190.8656    85.3357   -30.4575
   12  272  362  -190.8622    85.3369   -30.4573
   13  271  362  -190.8610    85.3374   -30.4574
   14  273  362  -190.8612    85.3362   -30.4573
   15  269  363  -190.8630    85.3389   -30.4568
   16  270  363  -190.8629    85.3382   -30.4567
   17  267  364  -190.8658    85.3404   -30.4560
   18  266  364  -190.8648    85.3409   -30.4562
   19  268  364  -190.8661    85.3398   -30.4559
   20  265  365  -190.8609    85.3414   -30.4560
   21  264  365  -190.8600    85.3420   -30.4561
   22  262  366  -190.8594    85.3433   -30.4557
   23  261  366  -190.8593    85.3439   -30.4557
   24  263  366  -190.8583    85.3426   -30.4557
   25  260  367  -190.8588    85.3446   -30.4552
   26  259  367  -190.8593    85.3452   -30.4552
   27  258  367  -190.8598    85.3459   -30.4552
   28  256  368  -190.8590    85.3472   -30.4548
   29  255  368  -190.8589    85.3478   -30.4549
   30  257  368  -190.8605    85.3466   -30.4546
   31  254  369  -190.8601    85.3486   -30.4542
   32  253  369  -190.8593    85.3491   -30.4543
   33  252  369  -190.8607    85.3499   -30.4543
   34  250  370  -190.8598    85.3511   -30.4538
   35  249  370  -190.8564    85.3516   -30.4542
   36  251  370  -190.8603    85.3505   -30.4537
   37  247  371  -190.8567    85.3529   -30.4536
   38  246  371  -190.8571    85.3536   -30.4537
   39  248  371  -190.8573    85.3523   -30.4535
   40  243  372  -190.8603    85.3557   -30.4530
   41  244  372  -190.8603    85.3551   -30.4529
   42  245  372  -190.8558    85.3542   -30.4532
   43  241  373  -190.8580    85.3569   -30.4527
   44  240  373  -190.8568    85.3575   -30.4529
   45  239  373  -190.8584    85.3582   -30.4528
   46  242  373  -190.8581    85.3563   -30.4526
   47  237  374  -190.8564    85.3594   -30.4524
   48  236  374  -190.8562    85.3600   -30.4525
   49  238  374  -190.8546    85.3587   -30.4525
   50  235  375  -190.8574    85.3608   -30.4518
   51  234  375  -190.8561    85.3613   -30.4520
   52  233  375  -190.8566    85.3620   -30.4520
   53  231  376  -190.8572    85.3633   -30.4515
   54  230  376  -190.8537    85.3638   -30.4519
   55  229  376  -190.8561    85.3645   -30.4517
   56  232  376  -190.8558    85.3626   -30.4516
   57  227  377  -190.8494    85.3655   -30.4519
   58  226  377  -190.8493    85.3661   -30.4520
   59  228  377  -190.8501    85.3649   -30.4518
   60  225  378  -190.8519    85.3669   -30.4511
   61  224  378  -190.8473    85.3673   -30.4516
   62  223  378  -190.8483    85.3680   -30.4516
   63  221  379  -190.8470    85.3692   -30.4512
   64  222  379  -190.8455    85.3685   -30.4513
   65  219  380  -190.8413    85.3702   -30.4512
   66  218  380  -190.8400    85.3707   -30.4514
   67  220  380  -190.8389    85.3694   -30.4514
   68  216  381  -190.8369    85.3719   -30.4512
   69  217  381  -190.8390    85.3714   -30.4510
   70  215  382  -190.8347    85.3724   -30.4509
   71  214  382  -190.8331    85.3730   -30.4511
   72  213  382  -190.8343    85.3737   -30.4511
   73  211  383  -190.8323    85.3749   -30.4508
   74  212  383  -190.8326    85.3743   -30.4507
   75  210  384  -190.8300    85.3754   -30.4504
   76  209  384  -190.8300    85.3760   -30.4505
   77  208  384  -190.8281    85.3765   -30.4507
   78  206  385  -190.8261    85.3777   -30.4504
   79  207  385  -190.8273    85.3772   -30.4502
   80  204  386  -190.8247    85.3790   -30.4500
   81  205  386  -190.8257    85.3784   -30.4499

    1  175  369  -190.8335    85.3965   -30.4617
    2  173  370  -190.8316    85.3977   -30.4614
    3  174  370  -190.8337    85.3972   -30.4611
    4  171  371  -190.8341    85.3992   -30.4607
    5  172  371  -190.8338    85.3985   -30.4606
    6  170  372  -190.8310    85.3997   -30.4604
    7  169  372  -190.8273    85.4001   -30.4608
    8  167  373  -190.8248    85.4012   -30.4606
    9  166  373  -190.8223    85.4017   -30.4609
   10  168  373  -190.8254    85.4006   -30.4605
   11  164  374  -190.8186    85.4027   -30.4608
   12  165  374  -190.8203    85.4022   -30.4605
   13  163  375  -190.8184    85.4034   -30.4602
   14  162  375  -190.8208    85.4042   -30.4601
   15  161  375  -190.8255    85.4052   -30.4597
   16  159  376  -190.8243    85.4064   -30.4593
   17  158  376  -190.8246    85.4070   -30.4593
   18  160  376  -190.8226    85.4057   -30.4594
   19  156  377  -190.8242    85.4083   -30.4588
   20  157  377  -190.8241    85.4077   -30.4588
   21  155  378  -190.8202    85.4088   -30.4586
   22  154  378  -190.8218    85.4095   -30.4585
   23  152  379  -190.8237    85.4110   -30.4578
   24  153  379  -190.8193    85.4100   -30.4582
   25  150  380  -190.8230    85.4122   -30.4574
   26  151  380  -190.8217    85.4115   -30.4574
   27  148  381  -190.8195    85.4133   -30.4572
   28  149  381  -190.8204    85.4128   -30.4571
   29  146  382  -190.8194    85.4146   -30.4567
   30  147  382  -190.8196    85.4140   -30.4566
   31  144  383  -190.8180    85.4159   -30.4563
   32  145  383  -190.8198    85.4154   -30.4561
   33  142  384  -190.8160    85.4170   -30.4560
   34  141  384  -190.8196    85.4179   -30.4557
   35  143  384  -190.8185    85.4166   -30.4557
   36  140  385  -190.8154    85.4183   -30.4556
   37  139  385  -190.8136    85.4188   -30.4558
   38  137  386  -190.8180    85.4205   -30.4549
   39  136  386  -190.8164    85.4210   -30.4551
   40  138  386  -190.8164    85.4197   -30.4549
   41  134  387  -190.8141    85.4221   -30.4548
   42  133  387  -190.8116    85.4226   -30.4551
   43  135  387  -190.8161    85.4216   -30.4545
   44  132  388  -190.8092    85.4231   -30.4548
   45  131  388  -190.8065    85.4236   -30.4551
   46  129  389  -190.8043    85.4247   -30.4548
   47  128  389  -190.8033    85.4253   -30.4549
   48  130  389  -190.8044    85.4241   -30.4547
   49  126  390  -190.8028    85.4266   -30.4544
   50  125  390  -190.8017    85.4271   -30.4546
   51  127  390  -190.8048    85.4261   -30.4542
   52  124  391  -190.7970    85.4275   -30.4544
   53  123  391  -190.7952    85.4280   -30.4547
   54  121  392  -190.7929    85.4291   -30.4545
   55  120  392  -190.7974    85.4301   -30.4541
   56  122  392  -190.7952    85.4287   -30.4541
   57  118  393  -190.7966    85.4313   -30.4537
   58  119  393  -190.7968    85.4307   -30.4536

    1  828  392  -190.8602    84.9886   -30.4019
    2  826  393  -190.8601    84.9900   -30.4014
    3  827  393  -190.8581    84.9893   -30.4015
    4  825  394  -190.8571    84.9906   -30.4010
    5  824  394  -190.8577    84.9912   -30.4011
    6  822  395  -190.8531    84.9925   -30.4010
    7  823  395  -190.8529    84.9919   -30.4010
    8  820  396  -190.8507    84.9938   -30.4008
    9  821  396  -190.8508    84.9931   -30.4007
   10  819  397  -190.8504    84.9945   -30.4002
   11  818  397  -190.8494    84.9951   -30.4004
   12  816  398  -190.8463    84.9964   -30.4002
   13  817  398  -190.8463    84.9957   -30.4001
   14  814  399  -190.8445    84.9976   -30.3999
   15  813  399  -190.8428    84.9982   -30.4001
   16  812  399  -190.8433    84.9989   -30.4002
   17  815  399  -190.8454    84.9970   -30.3997
   18  810  400  -190.8376    85.0001   -30.4002
   19  811  400  -190.8374    84.9995   -30.4002
   20  809  401  -190.8353    85.0008   -30.3998
   21  808  401  -190.8350    85.0014   -30.3999
   22  807  402  -190.8314    85.0020   -30.3997
   23  806  403  -190.8294    85.0027   -30.3994
   24  804  404  -190.8261    85.0039   -30.3991
   25  805  404  -190.8301    85.0034   -30.3987
   26  803  405  -190.8228    85.0046   -30.3989
   27  802  405  -190.8265    85.0053   -30.3986
   28  800  406  -190.8252    85.0066   -30.3982
   29  799  406  -190.8243    85.0072   -30.3984
   30  801  406  -190.8285    85.0060   -30.3978
   31  798  407  -190.8146    85.0077   -30.3988
   32  797  407  -190.8170    85.0084   -30.3986
   33  796  407  -190.8184    85.0090   -30.3985
   34  795  407  -190.8230    85.0097   -30.3981
   35  793  408  -190.8263    85.0111   -30.3973
   36  792  408  -190.8337    85.0119   -30.3966
   37  794  408  -190.8214    85.0104   -30.3977
   38  790  409  -190.8219    85.0130   -30.3973
   39  789  409  -190.8219    85.0136   -30.3974
   40  791  409  -190.8259    85.0124   -30.3968
   41  788  410  -190.8203    85.0143   -30.3970
   42  787  410  -190.8168    85.0148   -30.3974
   43  786  410  -190.8181    85.0155   -30.3973
   44  785  410  -190.8203    85.0161   -30.3972
   45  783  411  -190.8118    85.0173   -30.3975
   46  782  411  -190.8029    85.0177   -30.3986
   47  784  411  -190.8021    85.0165   -30.3985
   48  780  412  -190.8015    85.0190   -30.3982
   49  779  412  -190.8035    85.0197   -30.3981
   50  778  412  -190.8067    85.0204   -30.3978
   51  781  412  -190.8000    85.0184   -30.3983
   52  777  413  -190.8033    85.0210   -30.3976
   53  776  413  -190.8056    85.0217   -30.3974
   54  775  413  -190.7998    85.0222   -30.3981
   55  774  413  -190.7962    85.0227   -30.3985
   56  772  414  -190.7928    85.0240   -30.3983
   57  773  414  -190.7946    85.0234   -30.3981
   58  770  415  -190.7914    85.0253   -30.3980
   59  771  415  -190.7871    85.0246   -30.3984
   60  768  416  -190.7914    85.0266   -30.3975
   61  769  416  -190.7850    85.0258   -30.3981
   62  766  417  -190.7882    85.0278   -30.3973
   63  767  417  -190.7910    85.0273   -30.3969
   64  765  418  -190.7866    85.0285   -30.3969
   65  764  418  -190.7852    85.0291   -30.3971
   66  763  419  -190.7858    85.0298   -30.3965
   67  761  420  -190.7863    85.0311   -30.3959
   68  762  420  -190.7872    85.0305   -30.3958
   69  760  421  -190.7830    85.0317   -30.3957
   70  759  421  -190.7871    85.0324   -30.3954
   71  757  422  -190.7862    85.0337   -30.3950
   72  758  422  -190.7854    85.0331   -30.3950
   73  755  423  -190.7824    85.0350   -30.3949
   74  756  423  -190.7838    85.0344   -30.3946
   75  754  424  -190.7772    85.0355   -30.3948
   76  753  424  -190.7796    85.0362   -30.3947
   77  751  425  -190.7793    85.0375   -30.3941
   78  752  425  -190.7790    85.0369   -30.3941
   79  750  426  -190.7745    85.0381   -30.3941
   80  749  426  -190.7755    85.0388   -30.3941
   81  748  426  -190.7760    85.0394   -30.3940
   82  746  427  -190.7730    85.0406   -30.3938
   83  747  427  -190.7721    85.0400   -30.3939
   84  744  428  -190.7683    85.0419   -30.3938
   85  745  428  -190.7720    85.0413   -30.3934

    1  733  497  -190.7131    85.0520   -30.3570
    2  733  498  -190.7115    85.0520   -30.3566
    3  733  499  -190.7111    85.0521   -30.3560
    4  733  500  -190.7108    85.0521   -30.3555
    5  732  501  -190.7109    85.0528   -30.3549
    6  732  502  -190.7100    85.0529   -30.3544
    7  732  503  -190.7093    85.0529   -30.3538
    8  731  504  -190.7088    85.0536   -30.3533
    9  730  504  -190.7079    85.0542   -30.3535
   10  729  505  -190.7090    85.0549   -30.3528
   11  727  506  -190.7084    85.0562   -30.3523
   12  728  506  -190.7093    85.0556   -30.3521
   13  725  507  -190.7085    85.0575   -30.3518
   14  726  507  -190.7091    85.0569   -30.3517
   15  724  508  -190.7076    85.0582   -30.3513
   16  723  509  -190.7061    85.0588   -30.3509
   17  721  510  -190.7057    85.0601   -30.3504
   18  722  510  -190.7059    85.0595   -30.3504
   19  720  511  -190.7052    85.0608   -30.3499
   20  718  512  -190.7031    85.0620   -30.3497
   21  719  512  -190.7049    85.0615   -30.3494
   22  717  513  -190.7022    85.0627   -30.3492
   23  716  513  -190.7015    85.0633   -30.3493
   24  715  513  -190.7009    85.0639   -30.3495
   25  714  513  -190.6997    85.0645   -30.3497
   26  712  514  -190.6992    85.0658   -30.3492
   27  711  514  -190.6993    85.0664   -30.3493
   28  713  514  -190.6983    85.0652   -30.3493
   29  710  515  -190.6971    85.0670   -30.3490
   30  710  516  -190.6966    85.0671   -30.3483
   31  709  517  -190.6934    85.0677   -30.3481
   32  708  518  -190.6930    85.0684   -30.3476
   33  708  519  -190.6929    85.0685   -30.3470
   34  707  520  -190.6903    85.0691   -30.3467
   35  706  521  -190.6874    85.0697   -30.3465
   36  705  521  -190.6868    85.0703   -30.3466
   37  704  521  -190.6843    85.0708   -30.3469
   38  702  522  -190.6807    85.0720   -30.3468
   39  701  522  -190.6813    85.0727   -30.3468
   40  700  522  -190.6812    85.0733   -30.3469
   41  699  522  -190.6812    85.0739   -30.3470
   42  703  522  -190.6818    85.0714   -30.3467
   43  698  523  -190.6772    85.0745   -30.3469
   44  697  523  -190.6760    85.0751   -30.3471
   45  696  523  -190.6753    85.0757   -30.3472
   46  695  524  -190.6743    85.0763   -30.3467
   47  695  525  -190.6726    85.0763   -30.3463
   48  695  526  -190.6725    85.0764   -30.3456
   49  695  527  -190.6738    85.0765   -30.3449
   50  693  528  -190.6719    85.0778   -30.3446
   51  694  528  -190.6724    85.0771   -30.3445
   52  692  529  -190.6690    85.0784   -30.3444
   53  691  529  -190.6710    85.0790   -30.3442
   54  690  530  -190.6689    85.0797   -30.3439
   55  688  531  -190.6658    85.0809   -30.3438
   56  689  531  -190.6655    85.0802   -30.3437
   57  686  532  -190.6638    85.0821   -30.3435
   58  687  532  -190.6610    85.0814   -30.3438
   59  685  533  -190.6599    85.0827   -30.3434

    1  657  543  -190.6518    85.1004   -30.3398
    2  655  544  -190.6494    85.1016   -30.3395
    3  656  544  -190.6504    85.1010   -30.3394
    4  653  545  -190.6446    85.1027   -30.3396
    5  654  545  -190.6463    85.1022   -30.3393
    6  652  546  -190.6426    85.1034   -30.3393
    7  650  547  -190.6428    85.1047   -30.3388
    8  651  547  -190.6441    85.1041   -30.3386
    9  648  548  -190.6428    85.1060   -30.3383
   10  649  548  -190.6418    85.1053   -30.3383
   11  647  549  -190.6422    85.1066   -30.3378
   12  646  549  -190.6442    85.1073   -30.3376
   13  645  549  -190.6419    85.1078   -30.3379
   14  643  550  -190.6497    85.1094   -30.3365
   15  642  550  -190.6490    85.1100   -30.3367
   16  644  550  -190.6409    85.1085   -30.3375
   17  640  551  -190.6385    85.1109   -30.3374
   18  641  551  -190.6354    85.1102   -30.3376
   19  638  552  -190.6345    85.1121   -30.3373
   20  639  552  -190.6364    85.1116   -30.3370
   21  637  553  -190.6263    85.1125   -30.3377
   22  636  553  -190.6316    85.1133   -30.3371
   23  634  554  -190.6318    85.1146   -30.3366
   24  635  554  -190.6297    85.1139   -30.3368
   25  632  555  -190.6300    85.1159   -30.3363
   26  633  555  -190.6269    85.1151   -30.3366
   27  630  556  -190.6284    85.1171   -30.3360
   28  631  556  -190.6235    85.1163   -30.3365
   29  628  557  -190.6280    85.1184   -30.3356
   30  629  557  -190.6314    85.1179   -30.3351
   31  627  558  -190.6279    85.1191   -30.3350
   32  626  558  -190.6288    85.1197   -30.3350
   33  624  559  -190.6301    85.1210   -30.3343
   34  625  559  -190.6297    85.1204   -30.3343
   35  622  560  -190.6239    85.1221   -30.3346
   36  623  560  -190.6252    85.1216   -30.3344
   37  620  561  -190.6200    85.1233   -30.3345
   38  621  561  -190.6251    85.1228   -30.3339
   39  618  562  -190.6168    85.1245   -30.3344
   40  619  562  -190.6197    85.1240   -30.3340

    1  1229  892  -189.8957    84.7795   -30.1912
    2  1230  892  -189.8968    84.7789   -30.1910
    3  1227  893  -189.8934    84.7807   -30.1910
    4  1226  893  -189.8939    84.7812   -30.1910
    5  1225  893  -189.8943    84.7818   -30.1910
    6  1228  893  -189.8958    84.7801   -30.1907
    7  1224  894  -189.8921    84.7824   -30.1908
    8  1223  894  -189.8917    84.7830   -30.1909
    9  1222  894  -189.8923    84.7835   -30.1909
   10  1220  895  -189.8909    84.7847   -30.1906
   11  1219  895  -189.8907    84.7853   -30.1907
   12  1218  895  -189.8915    84.7858   -30.1907
   13  1221  895  -189.8898    84.7842   -30.1907
   14  1217  896  -189.8867    84.7865   -30.1908
   15  1216  896  -189.8884    84.7870   -30.1907
   16  1215  896  -189.8875    84.7876   -30.1908
   17  1214  896  -189.8865    84.7881   -30.1910
   18  1212  897  -189.8877    84.7893   -30.1904
   19  1213  897  -189.8839    84.7888   -30.1909
   20  1192  905  -189.8725    84.8010   -30.1892
   21  1193  905  -189.8730    84.8004   -30.1891
   22  1190  906  -189.8819    84.8021   -30.1873
   23  1189  906  -189.8795    84.8027   -30.1878
   24  1191  906  -189.8714    84.8016   -30.1888
   25  1188  907  -189.8764    84.8033   -30.1877
   26  1187  907  -189.8754    84.8038   -30.1879
   27  1185  908  -189.8627    84.8051   -30.1893
   28  1184  908  -189.8625    84.8056   -30.1894
   29  1186  908  -189.8730    84.8045   -30.1877
   30  1182  909  -189.8570    84.8068   -30.1897
   31  1181  909  -189.8618    84.8074   -30.1891
   32  1183  909  -189.8613    84.8063   -30.1890
   33  1180  910  -189.8620    84.8080   -30.1885
   34  1179  910  -189.8570    84.8086   -30.1893
   35  1177  911  -189.8630    84.8097   -30.1880
   36  1176  911  -189.8566    84.8103   -30.1889
   37  1178  911  -189.8627    84.8092   -30.1880
   38  1174  912  -189.8643    84.8114   -30.1874
   39  1173  912  -189.8643    84.8120   -30.1874
   40  1175  912  -189.8582    84.8109   -30.1882
   41  1172  913  -189.8631    84.8126   -30.1871
   42  1171  913  -189.8627    84.8131   -30.1872
   43  1169  914  -189.8607    84.8143   -30.1870
   44  1168  914  -189.8603    84.8149   -30.1871
   45  1170  914  -189.8592    84.8138   -30.1872
   46  1166  915  -189.8582    84.8161   -30.1870
   47  1167  915  -189.8556    84.8155   -30.1873
   48  1158  918  -189.8538    84.8207   -30.1864
   49  1157  918  -189.8554    84.8212   -30.1862
   50  1156  918  -189.8537    84.8218   -30.1865
   51  1154  919  -189.8543    84.8229   -30.1860
   52  1153  919  -189.8568    84.8235   -30.1857
   53  1152  919  -189.8578    84.8240   -30.1856
   54  1155  919  -189.8533    84.8224   -30.1861
   55  1151  920  -189.8546    84.8247   -30.1855
   56  1150  920  -189.8556    84.8252   -30.1854
   57  1149  920  -189.8552    84.8258   -30.1855
   58  1148  920  -189.8563    84.8263   -30.1854
   59  1146  921  -189.8559    84.8275   -30.1850
   60  1145  921  -189.8578    84.8280   -30.1848
   61  1144  921  -189.8598    84.8286   -30.1846
   62  1147  921  -189.8560    84.8269   -30.1850
   63  1142  922  -189.8556    84.8298   -30.1847
   64  1141  922  -189.8549    84.8303   -30.1849
   65  1143  922  -189.8557    84.8292   -30.1847

    1  1228  902  -189.8813    84.7808   -30.1876
    2  1229  902  -189.8813    84.7802   -30.1876
    3  1227  903  -189.8803    84.7814   -30.1873
    4  1226  903  -189.8811    84.7820   -30.1872
    5  1225  903  -189.8829    84.7825   -30.1870
    6  1223  904  -189.8802    84.7837   -30.1869
    7  1222  904  -189.8810    84.7842   -30.1868
    8  1221  904  -189.8805    84.7848   -30.1870
    9  1224  904  -189.8791    84.7831   -30.1870
   10  1220  905  -189.8797    84.7854   -30.1866
   11  1219  905  -189.8792    84.7860   -30.1867
   12  1218  905  -189.8785    84.7865   -30.1869
   13  1216  906  -189.8787    84.7877   -30.1864
   14  1217  906  -189.8779    84.7871   -30.1865
   15  1215  907  -189.8786    84.7883   -30.1860
   16  1214  907  -189.8777    84.7889   -30.1861
   17  1213  907  -189.8758    84.7894   -30.1864
   18  1211  908  -189.8748    84.7906   -30.1861
   19  1212  908  -189.8742    84.7901   -30.1861
   20  1209  909  -189.8733    84.7918   -30.1858
   21  1210  909  -189.8741    84.7912   -30.1857
   22  1208  910  -189.8743    84.7924   -30.1852
   23  1207  910  -189.8743    84.7930   -30.1853
   24  1205  911  -189.8726    84.7941   -30.1851
   25  1206  911  -189.8732    84.7936   -30.1849
   26  1203  912  -189.8728    84.7953   -30.1846
   27  1204  912  -189.8736    84.7947   -30.1844
   28  1198  915  -189.8665    84.7983   -30.1841
   29  1197  915  -189.8655    84.7989   -30.1843
   30  1196  915  -189.8639    84.7994   -30.1845
   31  1194  916  -189.8619    84.8006   -30.1844
   32  1193  916  -189.8603    84.8012   -30.1846
   33  1192  916  -189.8615    84.8017   -30.1845
   34  1195  916  -189.8614    84.8000   -30.1844
   35  1191  917  -189.8588    84.8023   -30.1844
   36  1190  917  -189.8569    84.8029   -30.1848
   37  1189  917  -189.8566    84.8035   -30.1848
   38  1188  917  -189.8551    84.8040   -30.1851
   39  1186  918  -189.8524    84.8052   -30.1850
   40  1187  918  -189.8538    84.8046   -30.1848
   41  1184  919  -189.8499    84.8064   -30.1850
   42  1185  919  -189.8503    84.8058   -30.1849
   43  1183  920  -189.8471    84.8070   -30.1849
   44  1182  920  -189.8463    84.8076   -30.1850
   45  1181  920  -189.8467    84.8081   -30.1850
   46  1179  921  -189.8445    84.8093   -30.1849
   47  1178  921  -189.8440    84.8098   -30.1850
   48  1180  921  -189.8456    84.8087   -30.1847
   49  1176  922  -189.8458    84.8110   -30.1843
   50  1177  922  -189.8450    84.8104   -30.1844
   51  1174  923  -189.8465    84.8122   -30.1838
   52  1173  923  -189.8460    84.8127   -30.1839
   53  1175  923  -189.8475    84.8116   -30.1836
   54  1172  924  -189.8487    84.8133   -30.1830
   55  1171  924  -189.8501    84.8139   -30.1829
   56  1170  924  -189.8482    84.8144   -30.1832
   57  1169  924  -189.8485    84.8150   -30.1832
   58  1168  924  -189.8485    84.8155   -30.1833
   59  1167  924  -189.8478    84.8161   -30.1834
   60  1166  924  -189.8490    84.8166   -30.1833
   61  1165  924  -189.8499    84.8172   -30.1832
   62  1164  924  -189.8509    84.8177   -30.1831
   63  1163  924  -189.8508    84.8183   -30.1832
   64  1161  925  -189.8510    84.8194   -30.1827
   65  1162  925  -189.8508    84.8189   -30.1827
   66  1160  926  -189.8497    84.8201   -30.1824
   67  1159  926  -189.8501    84.8206   -30.1824
   68  1157  927  -189.8481    84.8218   -30.1822
   69  1158  927  -189.8487    84.8212   -30.1820
   70  1155  928  -189.8437    84.8230   -30.1823
   71  1156  928  -189.8449    84.8224   -30.1821
   72  1154  929  -189.8432    84.8236   -30.1819
   73  1153  930  -189.8445    84.8242   -30.1812
   74  1151  931  -189.8447    84.8253   -30.1808
   75  1152  931  -189.8458    84.8248   -30.1806
   76  1150  932  -189.8453    84.8260   -30.1802
   77  1149  933  -189.8433    84.8266   -30.1800
   78  1148  933  -189.8431    84.8271   -30.1801
   79  1146  934  -189.8413    84.8283   -30.1799
   80  1145  934  -189.8416    84.8288   -30.1799
   81  1147  934  -189.8416    84.8277   -30.1798
   82  1143  935  -189.8410    84.8300   -30.1795
   83  1142  935  -189.8408    84.8306   -30.1796
   84  1141  935  -189.8419    84.8311   -30.1795
   85  1144  935  -189.8411    84.8295   -30.1794

    1  1110  945  -189.8005    84.8489   -30.1814
    2  1111  945  -189.8007    84.8483   -30.1813
    3  1108  946  -189.7991    84.8500   -30.1812
    4  1107  946  -189.7956    84.8506   -30.1818
    5  1109  946  -189.7966    84.8495   -30.1815
    6  1106  947  -189.7947    84.8512   -30.1814
    7  1105  947  -189.7898    84.8517   -30.1822
    8  1104  947  -189.7934    84.8523   -30.1817
    9  1103  947  -189.7935    84.8528   -30.1818
   10  1101  948  -189.7925    84.8540   -30.1815
   11  1100  948  -189.7933    84.8545   -30.1814
   12  1099  948  -189.7881    84.8551   -30.1822
   13  1098  948  -189.7914    84.8556   -30.1818
   14  1102  948  -189.7923    84.8534   -30.1814
   15  1097  949  -189.7915    84.8563   -30.1813
   16  1096  949  -189.7918    84.8568   -30.1813
   17  1095  949  -189.7938    84.8574   -30.1810
   18  1094  949  -189.7943    84.8579   -30.1810
   19  1093  949  -189.7934    84.8585   -30.1812
   20  1092  949  -189.7934    84.8590   -30.1813
   21  1090  950  -189.7968    84.8602   -30.1803
   22  1089  950  -189.7961    84.8607   -30.1805
   23  1088  950  -189.7966    84.8613   -30.1805
   24  1087  950  -189.7955    84.8618   -30.1807
   25  1091  950  -189.7959    84.8596   -30.1804
   26  1086  951  -189.7885    84.8624   -30.1812
   27  1085  951  -189.7911    84.8630   -30.1809
   28  1084  951  -189.7861    84.8635   -30.1816
   29  1083  951  -189.7813    84.8640   -30.1824
   30  1082  951  -189.7878    84.8646   -30.1815
   31  1080  952  -189.7852    84.8658   -30.1814
   32  1079  952  -189.7849    84.8663   -30.1815
   33  1078  952  -189.7878    84.8669   -30.1812
   34  1081  952  -189.7778    84.8652   -30.1824
   35  1077  953  -189.7871    84.8675   -30.1808
   36  1076  953  -189.7846    84.8680   -30.1812
   37  1075  953  -189.7892    84.8686   -30.1806
   38  1074  953  -189.7929    84.8691   -30.1801
   39  1060  953  -189.8033    84.8769   -30.1795
   40  1061  953  -189.8004    84.8763   -30.1798
   41  1062  953  -189.8037    84.8758   -30.1793
   42  1063  953  -189.8017    84.8752   -30.1795
   43  1064  953  -189.7977    84.8746   -30.1800
   44  1065  953  -189.7945    84.8741   -30.1804
   45  1067  954  -189.7970    84.8730   -30.1794
   46  1066  954  -189.7959    84.8736   -30.1796
   47  1068  954  -189.7923    84.8725   -30.1800
   48  1069  954  -189.7894    84.8719   -30.1803
   49  1070  954  -189.7899    84.8714   -30.1802
   50  1071  954  -189.7910    84.8708   -30.1800
   51  1072  954  -189.7899    84.8703   -30.1801
   52  1073  954  -189.7868    84.8697   -30.1804
   53  1059  954  -189.8000    84.8775   -30.1794
   54  1058  954  -189.8001    84.8780   -30.1794
   55  1057  954  -189.7999    84.8786   -30.1795
   56  1056  954  -189.8002    84.8791   -30.1795
   57  1055  955  -189.7999    84.8797   -30.1791
   58  1054  955  -189.8011    84.8803   -30.1789
   59  1053  955  -189.8016    84.8808   -30.1789
   60  1052  955  -189.8029    84.8814   -30.1788
   61  1050  956  -189.8018    84.8825   -30.1785
   62  1049  956  -189.8033    84.8831   -30.1783
   63  1048  956  -189.7970    84.8836   -30.1793
   64  1047  956  -189.8052    84.8842   -30.1782
   65  1051  956  -189.8022    84.8820   -30.1784
   66  1046  957  -189.8011    84.8848   -30.1783
   67  1045  957  -189.8023    84.8854   -30.1782
   68  1044  957  -189.8003    84.8859   -30.1785
   69  1043  957  -189.7980    84.8864   -30.1789
   70  1042  957  -189.7994    84.8870   -30.1788
   71  1040  958  -189.7970    84.8881   -30.1787
   72  1039  958  -189.7982    84.8887   -30.1786
   73  1041  958  -189.7982    84.8876   -30.1784

     1  1300  930  -189.8740    84.7427   -30.1689
     2  1301  930  -189.8732    84.7422   -30.1689
     3  1298  931  -189.8749    84.7439   -30.1683
     4  1297  931  -189.8763    84.7444   -30.1681
     5  1299  931  -189.8740    84.7433   -30.1684
     6  1296  932  -189.8745    84.7450   -30.1679
     7  1295  932  -189.8748    84.7456   -30.1679
     8  1294  932  -189.8749    84.7461   -30.1679
     9  1292  933  -189.8742    84.7473   -30.1676
    10  1291  933  -189.8737    84.7479   -30.1677
    11  1293  933  -189.8743    84.7468   -30.1675
    12  1290  934  -189.8723    84.7485   -30.1674
    13  1289  934  -189.8741    84.7490   -30.1672
    14  1288  934  -189.8739    84.7496   -30.1672
    15  1287  934  -189.8738    84.7501   -30.1673
    16  1285  935  -189.8732    84.7513   -30.1669
    17  1284  935  -189.8730    84.7519   -30.1670
    18  1286  935  -189.8745    84.7507   -30.1667
    19  1282  936  -189.8721    84.7531   -30.1667
    20  1281  936  -189.8719    84.7536   -30.1668
    21  1280  936  -189.8721    84.7542   -30.1668
    22  1283  936  -189.8729    84.7525   -30.1665
    23  1279  937  -189.8722    84.7548   -30.1663
    24  1278  937  -189.8737    84.7553   -30.1661
    25  1277  937  -189.8745    84.7558   -30.1660
    26  1276  937  -189.8734    84.7564   -30.1662
    27  1275  938  -189.8728    84.7570   -30.1658
    28  1274  938  -189.8732    84.7576   -30.1658
    29  1273  938  -189.8757    84.7581   -30.1655
    30  1272  938  -189.8721    84.7587   -30.1661
    31  1271  938  -189.8733    84.7592   -30.1659
    32  1270  938  -189.8734    84.7598   -30.1660
    33  1268  939  -189.8711    84.7610   -30.1659
    34  1267  939  -189.8693    84.7616   -30.1662
    35  1269  939  -189.8727    84.7604   -30.1656
    36  1265  940  -189.8680    84.7627   -30.1659
    37  1266  940  -189.8687    84.7622   -30.1658
    38  1264  941  -189.8671    84.7634   -30.1656
    39  1263  941  -189.8665    84.7639   -30.1657
    40  1261  942  -189.8644    84.7651   -30.1656
    41  1262  942  -189.8648    84.7645   -30.1654
    42  1259  943  -189.8600    84.7663   -30.1657
    43  1260  943  -189.8603    84.7658   -30.1657
    44  1257  944  -189.8574    84.7675   -30.1657
    45  1258  944  -189.8578    84.7670   -30.1656
    46  1256  945  -189.8565    84.7681   -30.1653
    47  1255  945  -189.8545    84.7687   -30.1657
    48  1253  946  -189.8514    84.7699   -30.1657
    49  1254  946  -189.8530    84.7693   -30.1654
    50  1246  949  -189.8418    84.7740   -30.1658
    51  1247  949  -189.8429    84.7735   -30.1656
    52  1243  950  -189.8392    84.7758   -30.1657
    53  1244  950  -189.8393    84.7752   -30.1657
    54  1245  950  -189.8401    84.7747   -30.1655
    55  1241  951  -189.8366    84.7770   -30.1657
    56  1240  951  -189.8400    84.7775   -30.1652
    57  1242  951  -189.8381    84.7764   -30.1654
    58  1239  952  -189.8382    84.7781   -30.1650
    59  1238  952  -189.8396    84.7786   -30.1648
    60  1237  952  -189.8349    84.7792   -30.1656
    61  1235  953  -189.8400    84.7803   -30.1644
    62  1234  953  -189.8373    84.7809   -30.1648
    63  1236  953  -189.8410    84.7798   -30.1642
    64  1233  954  -189.8350    84.7816   -30.1647
    65  1232  954  -189.8358    84.7821   -30.1646
    66  1231  954  -189.8369    84.7826   -30.1645
    67  1230  954  -189.8341    84.7832   -30.1650
    68  1228  955  -189.8321    84.7844   -30.1648
    69  1227  955  -189.8334    84.7849   -30.1647
    70  1229  955  -189.8311    84.7839   -30.1649
    71  1225  956  -189.8386    84.7860   -30.1635
    72  1224  956  -189.8440    84.7866   -30.1627
    73  1226  956  -189.8376    84.7855   -30.1636
    74  1223  957  -189.8373    84.7872   -30.1632
    75  1222  957  -189.8407    84.7877   -30.1628
    76  1221  957  -189.8399    84.7883   -30.1629
    77  1219  958  -189.8422    84.7894   -30.1621
    78  1218  958  -189.8410    84.7900   -30.1624
    79  1220  958  -189.8395    84.7889   -30.1625
    80  1217  959  -189.8437    84.7906   -30.1615
    81  1216  959  -189.8471    84.7911   -30.1610
    82  1215  959  -189.8503    84.7916   -30.1606
    83  1213  960  -189.8444    84.7929   -30.1610
    84  1212  960  -189.8401    84.7934   -30.1617
    85  1214  960  -189.8448    84.7923   -30.1609
    86  1211  961  -189.8443    84.7940   -30.1606
    87  1210  961  -189.8443    84.7946   -30.1606
    88  1209  961  -189.8454    84.7951   -30.1605
    89  1208  961  -189.8477    84.7957   -30.1602
    90  1207  961  -189.8454    84.7962   -30.1606
    91  1206  961  -189.8428    84.7968   -30.1611
    92  1205  961  -189.8416    84.7973   -30.1613
    93  1204  961  -189.8415    84.7979   -30.1614
    94  1203  961  -189.8428    84.7984   -30.1612
    95  1202  961  -189.8387    84.7990   -30.1619
    96  1201  962  -189.8387    84.7996   -30.1614
    97  1200  962  -189.8398    84.8002   -30.1613
    98  1199  962  -189.8386    84.8007   -30.1615
    99  1198  962  -189.8420    84.8013   -30.1611
   100  1197  962  -189.8413    84.8018   -30.1613
   101  1196  962  -189.8344    84.8024   -30.1623
   102  1195  962  -189.8368    84.8029   -30.1621
   103  1194  962  -189.8346    84.8035   -30.1624
   104  1193  962  -189.8334    84.8041   -30.1627
   105  1192  962  -189.8310    84.8046   -30.1631

    1  1002  890  -189.8954    84.9057   -30.2054
    2  1000  891  -189.8880    84.9068   -30.2060
    3  1001  891  -189.8901    84.9063   -30.2057
    4   998  892  -189.8916    84.9080   -30.2050
    5   999  892  -189.8931    84.9075   -30.2047
    6   997  893  -189.8944    84.9087   -30.2041
    7   996  893  -189.8889    84.9092   -30.2049
    8   994  894  -189.8882    84.9104   -30.2045
    9   995  894  -189.8946    84.9099   -30.2035
   10   993  895  -189.9099    84.9112   -30.2009
   11   992  896  -189.9025    84.9117   -30.2014
   12   991  896  -189.9012    84.9123   -30.2017
   13   989  897  -189.9019    84.9135   -30.2011
   14   990  897  -189.9000    84.9129   -30.2013
   15   987  898  -189.9017    84.9146   -30.2007
   16   988  898  -189.8976    84.9140   -30.2012
   17   986  899  -189.8979    84.9152   -30.2007
   18   985  899  -189.9001    84.9158   -30.2004
   19   983  900  -189.8967    84.9169   -30.2005
   20   982  900  -189.8958    84.9175   -30.2007
   21   984  900  -189.8933    84.9164   -30.2009
   22   980  901  -189.8915    84.9186   -30.2008
   23   981  901  -189.8923    84.9181   -30.2006
   24   979  902  -189.8904    84.9192   -30.2005
   25   978  902  -189.8854    84.9197   -30.2012
   26   977  902  -189.8947    84.9204   -30.1999
   27   975  903  -189.8923    84.9216   -30.1998
   28   976  903  -189.8897    84.9210   -30.2002
   29   973  904  -189.8932    84.9227   -30.1992
   30   972  904  -189.8999    84.9234   -30.1983
   31   974  904  -189.8893    84.9221   -30.1998
   32   971  905  -189.8932    84.9239   -30.1988
   33   970  905  -189.8989    84.9245   -30.1980
   34   968  906  -189.8968    84.9257   -30.1979
   35   967  906  -189.8931    84.9262   -30.1984
   36   969  906  -189.8948    84.9251   -30.1981
   37   966  907  -189.8838    84.9267   -30.1993
   38   965  907  -189.8817    84.9273   -30.1996
   39   963  908  -189.8820    84.9284   -30.1992
   40   964  908  -189.8813    84.9279   -30.1992
   41   962  909  -189.8858    84.9291   -30.1981
   42   961  910  -189.8723    84.9296   -30.1995
   43   960  911  -189.8728    84.9302   -30.1990
   44   959  912  -189.8624    84.9307   -30.2000
   45   958  912  -189.8563    84.9312   -30.2009
   46   957  913  -189.8598    84.9318   -30.1999
   47   956  914  -189.8539    84.9324   -30.2002
   48   954  915  -189.8567    84.9336   -30.1993
   49   955  915  -189.8535    84.9330   -30.1998
   50   953  916  -189.8592    84.9342   -30.1984
   51   952  916  -189.8586    84.9348   -30.1986
   52   951  916  -189.8658    84.9354   -30.1976
   53   950  916  -189.8591    84.9359   -30.1986
   54   948  917  -189.8618    84.9371   -30.1977
   55   947  917  -189.8626    84.9377   -30.1977
   56   949  917  -189.8504    84.9364   -30.1993
   57   945  918  -189.8564    84.9388   -30.1981
   58   944  918  -189.8551    84.9393   -30.1983
   59   943  918  -189.8579    84.9399   -30.1980
   60   946  918  -189.8480    84.9381   -30.1993
   61   942  919  -189.8529    84.9405   -30.1982
   62   941  919  -189.8528    84.9410   -30.1982
   63   940  919  -189.8514    84.9416   -30.1985
   64   939  919  -189.8509    84.9421   -30.1986
   65   937  920  -189.8534    84.9433   -30.1979
   66   936  920  -189.8472    84.9438   -30.1988
   67   938  920  -189.8506    84.9427   -30.1982
   68   935  921  -189.8465    84.9444   -30.1984
   69   934  921  -189.8483    84.9450   -30.1982
   70   933  921  -189.8458    84.9455   -30.1986
   71   931  922  -189.8472    84.9467   -30.1980
   72   930  922  -189.8454    84.9472   -30.1983
   73   929  922  -189.8451    84.9478   -30.1984
   74   932  922  -189.8479    84.9461   -30.1978
   75   928  923  -189.8464    84.9484   -30.1977
   76   927  923  -189.8481    84.9490   -30.1975
   77   925  924  -189.8486    84.9502   -30.1970
   78   926  924  -189.8459    84.9496   -30.1973
   79   923  925  -189.8426    84.9513   -30.1974
   80   924  925  -189.8468    84.9508   -30.1967
   81   922  926  -189.8421    84.9519   -30.1969
   82   921  926  -189.8396    84.9524   -30.1973
   83   919  927  -189.8351    84.9535   -30.1975
   84   918  927  -189.8346    84.9540   -30.1977
   85   917  927  -189.8364    84.9546   -30.1975
   86   920  927  -189.8378    84.9530   -30.1971
   87   916  928  -189.8349    84.9552   -30.1972
   88   915  928  -189.8344    84.9557   -30.1973
   89   914  928  -189.8329    84.9563   -30.1976
   90   912  929  -189.8351    84.9575   -30.1968
   91   911  929  -189.8335    84.9580   -30.1971
   92   913  929  -189.8333    84.9569   -30.1970
   93   910  930  -189.8333    84.9586   -30.1966
   94   909  930  -189.8345    84.9592   -30.1965
   95   908  930  -189.8331    84.9597   -30.1968
   96   907  930  -189.8382    84.9604   -30.1961
   97   905  931  -189.8321    84.9614   -30.1965
   98   906  931  -189.8330    84.9609   -30.1963
