; ENVI Output of ROIs (5.4) [Tue Aug 13 18:27:08 2019]
; Number of ROIs: 13
; File Dimension: 1328 x 1184
;
; ROI name: Region #1
; ROI rgb value: {255, 0, 0}
; ROI npts: 117
;
; ROI name: Region #2
; ROI rgb value: {0, 255, 0}
; ROI npts: 64
;
; ROI name: Region #3
; ROI rgb value: {0, 0, 255}
; ROI npts: 61
;
; ROI name: Region #4
; ROI rgb value: {255, 255, 0}
; ROI npts: 81
;
; ROI name: Region #5
; ROI rgb value: {0, 255, 255}
; ROI npts: 58
;
; ROI name: Region #6
; ROI rgb value: {255, 0, 255}
; ROI npts: 85
;
; ROI name: Region #7
; ROI rgb value: {176, 48, 96}
; ROI npts: 59
;
; ROI name: Region #8
; ROI rgb value: {46, 139, 87}
; ROI npts: 40
;
; ROI name: Region #9
; ROI rgb value: {160, 32, 240}
; ROI npts: 65
;
; ROI name: Region #10
; ROI rgb value: {255, 127, 80}
; ROI npts: 85
;
; ROI name: Region #11
; ROI rgb value: {127, 255, 212}
; ROI npts: 73
;
; ROI name: Region #12
; ROI rgb value: {218, 112, 214}
; ROI npts: 105
;
; ROI name: Region #13
; ROI rgb value: {160, 82, 45}
; ROI npts: 98
;   ID    X    Y      B1      B2      B3
     1  154  280  0.0357  0.0022  0.0034
     2  155  280  0.0356  0.0022  0.0034
     3  152  281  0.0357  0.0022  0.0034
     4  153  281  0.0356  0.0022  0.0034
     5  150  282  0.0356  0.0022  0.0034
     6  151  282  0.0356  0.0022  0.0034
     7  149  283  0.0356  0.0022  0.0034
     8  148  283  0.0356  0.0022  0.0034
     9  147  283  0.0355  0.0022  0.0034
    10  145  284  0.0356  0.0022  0.0034
    11  146  284  0.0355  0.0022  0.0034
    12  143  285  0.0355  0.0022  0.0034
    13  144  285  0.0356  0.0022  0.0034
    14  142  286  0.0356  0.0023  0.0034
    15  141  286  0.0355  0.0022  0.0034
    16  140  286  0.0356  0.0023  0.0034
    17  138  287  0.0356  0.0023  0.0034
    18  139  287  0.0356  0.0023  0.0034
    19  136  288  0.0356  0.0023  0.0034
    20  137  288  0.0355  0.0023  0.0034
    21  134  289  0.0355  0.0023  0.0034
    22  133  289  0.0355  0.0023  0.0034
    23  135  289  0.0355  0.0023  0.0034
    24  132  290  0.0354  0.0023  0.0034
    25  131  290  0.0354  0.0023  0.0034
    26  129  291  0.0353  0.0023  0.0034
    27  128  291  0.0354  0.0023  0.0034
    28  130  291  0.0353  0.0023  0.0034
    29  126  292  0.0353  0.0023  0.0034
    30  127  292  0.0353  0.0023  0.0034
    31  125  293  0.0353  0.0023  0.0034
    32  124  293  0.0353  0.0023  0.0034
    33  122  294  0.0353  0.0023  0.0034
    34  121  294  0.0353  0.0023  0.0034
    35  123  294  0.0353  0.0023  0.0034
    36  120  295  0.0353  0.0023  0.0034
    37  119  295  0.0353  0.0023  0.0034
    38  111  295  0.0353  0.0023  0.0034
    39  112  295  0.0353  0.0023  0.0034
    40  118  296  0.0353  0.0023  0.0034
    41  110  296  0.0354  0.0023  0.0034
    42  109  296  0.0354  0.0023  0.0034
    43  117  296  0.0353  0.0023  0.0034
    44  107  297  0.0354  0.0023  0.0034
    45  106  297  0.0354  0.0023  0.0034
    46  108  297  0.0355  0.0023  0.0034
    47  105  298  0.0354  0.0023  0.0034
    48  104  298  0.0353  0.0023  0.0034
    49  102  299  0.0353  0.0023  0.0034
    50  103  299  0.0353  0.0023  0.0034
    51  100  300  0.0353  0.0023  0.0034
    52   99  300  0.0353  0.0023  0.0034
    53  101  300  0.0353  0.0023  0.0034
    54   98  301  0.0353  0.0023  0.0034
    55   97  301  0.0353  0.0023  0.0034
    56   95  302  0.0353  0.0024  0.0034
    57   94  302  0.0353  0.0024  0.0034
    58   96  302  0.0352  0.0023  0.0034
    59   93  303  0.0353  0.0024  0.0034
    60   92  303  0.0354  0.0024  0.0034
    61   90  304  0.0354  0.0024  0.0034
    62   91  304  0.0353  0.0024  0.0034
    63   88  305  0.0352  0.0024  0.0034
    64   87  305  0.0353  0.0024  0.0034
    65   89  305  0.0353  0.0024  0.0034
    66   86  306  0.0352  0.0024  0.0034
    67   85  306  0.0352  0.0024  0.0034
    68   83  307  0.0352  0.0024  0.0034
    69   82  307  0.0352  0.0024  0.0034
    70   84  307  0.0352  0.0024  0.0034
    71   81  308  0.0352  0.0024  0.0034
    72   80  308  0.0352  0.0024  0.0034
    73   79  308  0.0352  0.0024  0.0034
    74   78  308  0.0352  0.0024  0.0034
    75   76  309  0.0352  0.0024  0.0034
    76   75  309  0.0352  0.0024  0.0034
    77   77  309  0.0351  0.0024  0.0034
    78   73  310  0.0354  0.0024  0.0034
    79   72  310  0.0353  0.0024  0.0034
    80   74  310  0.0352  0.0024  0.0034
    81   71  311  0.0352  0.0024  0.0034
    82   70  311  0.0352  0.0024  0.0034
    83   69  311  0.0351  0.0024  0.0034
    84   68  311  0.0350  0.0024  0.0034
    85   66  312  0.0351  0.0024  0.0034
    86   65  312  0.0351  0.0024  0.0034
    87   67  312  0.0350  0.0024  0.0034
    88   64  313  0.0350  0.0024  0.0034
    89   63  313  0.0350  0.0024  0.0034
    90   62  313  0.0351  0.0024  0.0034
    91   60  314  0.0351  0.0024  0.0034
    92   59  314  0.0350  0.0024  0.0034
    93   58  314  0.0350  0.0024  0.0034
    94   61  314  0.0350  0.0024  0.0034
    95   57  315  0.0351  0.0024  0.0034
    96   56  315  0.0351  0.0024  0.0034
    97   55  315  0.0350  0.0024  0.0034
    98   53  316  0.0349  0.0024  0.0034
    99   52  316  0.0351  0.0024  0.0034
   100   51  316  0.0351  0.0025  0.0034
   101   54  316  0.0349  0.0024  0.0034
   102   50  317  0.0351  0.0025  0.0034
   103   49  317  0.0352  0.0025  0.0034
   104   48  317  0.0351  0.0025  0.0034
   105   46  318  0.0351  0.0025  0.0034
   106   45  318  0.0351  0.0025  0.0034
   107   44  318  0.0351  0.0025  0.0034
   108   47  318  0.0351  0.0025  0.0034
   109   43  319  0.0350  0.0025  0.0034
   110   42  319  0.0351  0.0025  0.0034
   111   41  319  0.0349  0.0025  0.0034
   112   39  320  0.0350  0.0025  0.0034
   113   38  320  0.0350  0.0025  0.0034
   114   37  320  0.0350  0.0025  0.0034
   115   40  320  0.0351  0.0025  0.0034
   116   35  321  0.0350  0.0025  0.0034
   117   36  321  0.0350  0.0025  0.0034

    1  452  274  0.0361  0.0015  0.0035
    2  453  274  0.0361  0.0015  0.0035
    3  450  275  0.0361  0.0015  0.0035
    4  449  275  0.0361  0.0015  0.0035
    5  451  275  0.0361  0.0015  0.0035
    6  448  276  0.0361  0.0015  0.0035
    7  447  276  0.0361  0.0015  0.0035
    8  446  276  0.0361  0.0015  0.0035
    9  444  277  0.0360  0.0015  0.0035
   10  443  277  0.0361  0.0015  0.0035
   11  445  277  0.0361  0.0015  0.0035
   12  441  278  0.0361  0.0015  0.0035
   13  442  278  0.0361  0.0015  0.0035
   14  439  279  0.0361  0.0015  0.0035
   15  440  279  0.0361  0.0015  0.0035
   16  438  280  0.0361  0.0015  0.0035
   17  437  281  0.0361  0.0015  0.0035
   18  435  282  0.0361  0.0015  0.0035
   19  436  282  0.0361  0.0015  0.0035
   20  433  283  0.0360  0.0015  0.0035
   21  434  283  0.0360  0.0015  0.0035
   22  432  284  0.0360  0.0015  0.0035
   23  431  284  0.0360  0.0015  0.0035
   24  430  284  0.0360  0.0015  0.0035
   25  428  285  0.0361  0.0016  0.0035
   26  427  285  0.0361  0.0016  0.0035
   27  429  285  0.0361  0.0015  0.0035
   28  425  286  0.0361  0.0016  0.0035
   29  424  286  0.0360  0.0016  0.0035
   30  426  286  0.0361  0.0016  0.0035
   31  420  287  0.0361  0.0016  0.0035
   32  421  287  0.0361  0.0016  0.0035
   33  422  287  0.0361  0.0016  0.0035
   34  423  287  0.0361  0.0016  0.0035
   35  418  288  0.0361  0.0016  0.0035
   36  417  288  0.0361  0.0016  0.0035
   37  419  288  0.0361  0.0016  0.0035
   38  415  289  0.0360  0.0016  0.0035
   39  414  289  0.0360  0.0016  0.0035
   40  416  289  0.0360  0.0016  0.0035
   41  413  290  0.0360  0.0016  0.0035
   42  412  290  0.0359  0.0016  0.0035
   43  411  290  0.0359  0.0016  0.0035
   44  409  291  0.0359  0.0016  0.0035
   45  408  291  0.0359  0.0016  0.0035
   46  407  291  0.0359  0.0016  0.0035
   47  410  291  0.0359  0.0016  0.0035
   48  406  292  0.0359  0.0016  0.0035
   49  405  292  0.0359  0.0016  0.0035
   50  404  292  0.0359  0.0016  0.0035
   51  402  293  0.0358  0.0016  0.0035
   52  403  293  0.0358  0.0016  0.0035
   53  400  294  0.0358  0.0016  0.0035
   54  401  294  0.0358  0.0016  0.0035
   55  398  295  0.0357  0.0016  0.0035
   56  399  295  0.0357  0.0016  0.0035
   57  397  296  0.0357  0.0016  0.0035
   58  396  296  0.0357  0.0016  0.0035
   59  394  297  0.0357  0.0016  0.0035
   60  395  297  0.0357  0.0016  0.0035
   61  392  298  0.0357  0.0016  0.0035
   62  393  298  0.0358  0.0016  0.0035
   63  390  299  0.0357  0.0016  0.0035
   64  391  299  0.0357  0.0016  0.0035

    1  509  309  0.0361  0.0014  0.0036
    2  510  309  0.0361  0.0014  0.0036
    3  507  310  0.0361  0.0014  0.0036
    4  508  310  0.0361  0.0014  0.0036
    5  506  311  0.0360  0.0014  0.0036
    6  505  311  0.0360  0.0014  0.0036
    7  504  311  0.0360  0.0014  0.0036
    8  502  312  0.0360  0.0014  0.0036
    9  501  312  0.0360  0.0014  0.0036
   10  503  312  0.0360  0.0014  0.0036
   11  499  313  0.0359  0.0014  0.0036
   12  500  313  0.0359  0.0014  0.0036
   13  498  314  0.0359  0.0014  0.0036
   14  497  314  0.0359  0.0014  0.0036
   15  496  314  0.0359  0.0014  0.0036
   16  494  315  0.0359  0.0014  0.0036
   17  493  315  0.0359  0.0014  0.0036
   18  495  315  0.0359  0.0014  0.0036
   19  491  316  0.0359  0.0014  0.0036
   20  492  316  0.0359  0.0014  0.0036
   21  490  317  0.0359  0.0014  0.0036
   22  489  317  0.0359  0.0014  0.0036
   23  488  317  0.0359  0.0014  0.0036
   24  486  318  0.0359  0.0014  0.0036
   25  485  318  0.0359  0.0014  0.0036
   26  487  318  0.0359  0.0014  0.0036
   27  483  319  0.0359  0.0014  0.0036
   28  482  319  0.0359  0.0014  0.0036
   29  484  319  0.0359  0.0014  0.0036
   30  479  320  0.0359  0.0014  0.0036
   31  480  320  0.0359  0.0014  0.0036
   32  481  320  0.0359  0.0014  0.0036
   33  477  321  0.0359  0.0014  0.0036
   34  478  321  0.0359  0.0014  0.0036
   35  475  322  0.0359  0.0014  0.0036
   36  474  322  0.0358  0.0014  0.0036
   37  476  322  0.0359  0.0014  0.0036
   38  473  323  0.0358  0.0014  0.0036
   39  472  323  0.0359  0.0014  0.0036
   40  471  323  0.0358  0.0014  0.0036
   41  469  324  0.0358  0.0014  0.0036
   42  468  324  0.0358  0.0015  0.0036
   43  470  324  0.0358  0.0014  0.0036
   44  466  325  0.0358  0.0015  0.0036
   45  467  325  0.0357  0.0015  0.0036
   46  465  326  0.0357  0.0015  0.0036
   47  464  326  0.0357  0.0015  0.0036
   48  462  327  0.0357  0.0015  0.0036
   49  461  327  0.0357  0.0015  0.0036
   50  463  327  0.0357  0.0015  0.0036
   51  459  328  0.0357  0.0015  0.0036
   52  460  328  0.0357  0.0015  0.0036
   53  458  329  0.0356  0.0015  0.0036
   54  457  329  0.0356  0.0015  0.0036
   55  456  329  0.0357  0.0015  0.0036
   56  454  330  0.0356  0.0015  0.0036
   57  455  330  0.0356  0.0015  0.0036
   58  452  331  0.0356  0.0015  0.0036
   59  453  331  0.0356  0.0015  0.0036
   60  450  332  0.0356  0.0015  0.0036
   61  451  332  0.0356  0.0015  0.0036

    1  283  357  0.0348  0.0019  0.0035
    2  284  357  0.0347  0.0019  0.0035
    3  281  358  0.0349  0.0019  0.0035
    4  282  358  0.0348  0.0019  0.0035
    5  280  359  0.0349  0.0019  0.0035
    6  279  359  0.0349  0.0019  0.0035
    7  278  359  0.0349  0.0019  0.0035
    8  276  360  0.0349  0.0019  0.0035
    9  277  360  0.0349  0.0019  0.0035
   10  275  361  0.0349  0.0019  0.0035
   11  274  361  0.0349  0.0019  0.0035
   12  272  362  0.0349  0.0019  0.0035
   13  271  362  0.0349  0.0019  0.0035
   14  273  362  0.0348  0.0019  0.0035
   15  269  363  0.0349  0.0019  0.0035
   16  270  363  0.0349  0.0019  0.0035
   17  267  364  0.0349  0.0019  0.0035
   18  266  364  0.0349  0.0019  0.0035
   19  268  364  0.0349  0.0019  0.0035
   20  265  365  0.0348  0.0019  0.0035
   21  264  365  0.0348  0.0019  0.0035
   22  262  366  0.0348  0.0019  0.0035
   23  261  366  0.0348  0.0019  0.0035
   24  263  366  0.0348  0.0019  0.0035
   25  260  367  0.0348  0.0019  0.0035
   26  259  367  0.0348  0.0019  0.0035
   27  258  367  0.0348  0.0019  0.0035
   28  256  368  0.0348  0.0020  0.0035
   29  255  368  0.0348  0.0020  0.0035
   30  257  368  0.0348  0.0020  0.0035
   31  254  369  0.0348  0.0020  0.0035
   32  253  369  0.0348  0.0020  0.0035
   33  252  369  0.0348  0.0020  0.0035
   34  250  370  0.0349  0.0020  0.0035
   35  249  370  0.0348  0.0020  0.0035
   36  251  370  0.0349  0.0020  0.0035
   37  247  371  0.0348  0.0020  0.0035
   38  246  371  0.0348  0.0020  0.0035
   39  248  371  0.0348  0.0020  0.0035
   40  243  372  0.0348  0.0020  0.0035
   41  244  372  0.0348  0.0020  0.0035
   42  245  372  0.0348  0.0020  0.0035
   43  241  373  0.0348  0.0020  0.0035
   44  240  373  0.0348  0.0020  0.0035
   45  239  373  0.0348  0.0020  0.0035
   46  242  373  0.0348  0.0020  0.0035
   47  237  374  0.0348  0.0020  0.0035
   48  236  374  0.0348  0.0020  0.0035
   49  238  374  0.0348  0.0020  0.0035
   50  235  375  0.0348  0.0020  0.0035
   51  234  375  0.0348  0.0020  0.0035
   52  233  375  0.0348  0.0020  0.0035
   53  231  376  0.0348  0.0020  0.0035
   54  230  376  0.0348  0.0020  0.0035
   55  229  376  0.0348  0.0020  0.0035
   56  232  376  0.0348  0.0020  0.0035
   57  227  377  0.0347  0.0020  0.0035
   58  226  377  0.0347  0.0020  0.0035
   59  228  377  0.0347  0.0020  0.0035
   60  225  378  0.0348  0.0020  0.0035
   61  224  378  0.0347  0.0020  0.0035
   62  223  378  0.0347  0.0020  0.0035
   63  221  379  0.0347  0.0020  0.0035
   64  222  379  0.0347  0.0020  0.0035
   65  219  380  0.0346  0.0020  0.0035
   66  218  380  0.0346  0.0020  0.0035
   67  220  380  0.0346  0.0020  0.0035
   68  216  381  0.0346  0.0020  0.0035
   69  217  381  0.0346  0.0020  0.0035
   70  215  382  0.0346  0.0020  0.0035
   71  214  382  0.0345  0.0020  0.0035
   72  213  382  0.0345  0.0020  0.0035
   73  211  383  0.0345  0.0021  0.0035
   74  212  383  0.0345  0.0020  0.0035
   75  210  384  0.0345  0.0020  0.0035
   76  209  384  0.0345  0.0021  0.0035
   77  208  384  0.0345  0.0021  0.0035
   78  206  385  0.0345  0.0021  0.0035
   79  207  385  0.0345  0.0021  0.0035
   80  204  386  0.0345  0.0021  0.0035
   81  205  386  0.0345  0.0021  0.0035

    1  175  369  0.0346  0.0021  0.0035
    2  173  370  0.0345  0.0021  0.0035
    3  174  370  0.0346  0.0021  0.0035
    4  171  371  0.0345  0.0021  0.0035
    5  172  371  0.0346  0.0021  0.0035
    6  170  372  0.0345  0.0021  0.0035
    7  169  372  0.0345  0.0021  0.0035
    8  167  373  0.0344  0.0021  0.0035
    9  166  373  0.0344  0.0021  0.0035
   10  168  373  0.0344  0.0021  0.0035
   11  164  374  0.0343  0.0022  0.0035
   12  165  374  0.0344  0.0021  0.0035
   13  163  375  0.0344  0.0022  0.0035
   14  162  375  0.0344  0.0022  0.0035
   15  161  375  0.0344  0.0022  0.0035
   16  159  376  0.0344  0.0022  0.0035
   17  158  376  0.0344  0.0022  0.0035
   18  160  376  0.0344  0.0022  0.0035
   19  156  377  0.0344  0.0022  0.0035
   20  157  377  0.0344  0.0022  0.0035
   21  155  378  0.0344  0.0022  0.0035
   22  154  378  0.0344  0.0022  0.0035
   23  152  379  0.0344  0.0022  0.0035
   24  153  379  0.0344  0.0022  0.0035
   25  150  380  0.0344  0.0022  0.0035
   26  151  380  0.0344  0.0022  0.0035
   27  148  381  0.0344  0.0022  0.0035
   28  149  381  0.0344  0.0022  0.0035
   29  146  382  0.0344  0.0022  0.0035
   30  147  382  0.0344  0.0022  0.0035
   31  144  383  0.0344  0.0022  0.0035
   32  145  383  0.0344  0.0022  0.0035
   33  142  384  0.0344  0.0022  0.0035
   34  141  384  0.0344  0.0022  0.0035
   35  143  384  0.0344  0.0022  0.0035
   36  140  385  0.0344  0.0022  0.0035
   37  139  385  0.0343  0.0022  0.0035
   38  137  386  0.0344  0.0022  0.0035
   39  136  386  0.0344  0.0022  0.0035
   40  138  386  0.0344  0.0022  0.0035
   41  134  387  0.0343  0.0022  0.0035
   42  133  387  0.0343  0.0022  0.0035
   43  135  387  0.0344  0.0022  0.0035
   44  132  388  0.0343  0.0022  0.0035
   45  131  388  0.0343  0.0022  0.0035
   46  129  389  0.0343  0.0022  0.0035
   47  128  389  0.0343  0.0022  0.0035
   48  130  389  0.0343  0.0022  0.0035
   49  126  390  0.0343  0.0022  0.0035
   50  125  390  0.0343  0.0022  0.0035
   51  127  390  0.0343  0.0022  0.0035
   52  124  391  0.0342  0.0022  0.0035
   53  123  391  0.0342  0.0022  0.0035
   54  121  392  0.0342  0.0022  0.0035
   55  120  392  0.0342  0.0022  0.0035
   56  122  392  0.0342  0.0022  0.0035
   57  118  393  0.0342  0.0023  0.0035
   58  119  393  0.0342  0.0022  0.0035

    1  828  392  0.0354  0.0006  0.0038
    2  826  393  0.0354  0.0006  0.0038
    3  827  393  0.0354  0.0006  0.0038
    4  825  394  0.0354  0.0006  0.0038
    5  824  394  0.0354  0.0006  0.0038
    6  822  395  0.0353  0.0006  0.0038
    7  823  395  0.0353  0.0006  0.0038
    8  820  396  0.0353  0.0006  0.0038
    9  821  396  0.0353  0.0006  0.0038
   10  819  397  0.0353  0.0006  0.0038
   11  818  397  0.0353  0.0006  0.0038
   12  816  398  0.0353  0.0006  0.0038
   13  817  398  0.0353  0.0006  0.0038
   14  814  399  0.0352  0.0006  0.0038
   15  813  399  0.0352  0.0006  0.0038
   16  812  399  0.0352  0.0006  0.0038
   17  815  399  0.0352  0.0006  0.0038
   18  810  400  0.0352  0.0006  0.0038
   19  811  400  0.0352  0.0006  0.0038
   20  809  401  0.0352  0.0006  0.0038
   21  808  401  0.0352  0.0006  0.0038
   22  807  402  0.0351  0.0006  0.0038
   23  806  403  0.0351  0.0007  0.0038
   24  804  404  0.0351  0.0007  0.0038
   25  805  404  0.0351  0.0007  0.0038
   26  803  405  0.0351  0.0007  0.0038
   27  802  405  0.0351  0.0007  0.0038
   28  800  406  0.0351  0.0007  0.0038
   29  799  406  0.0351  0.0007  0.0038
   30  801  406  0.0351  0.0007  0.0038
   31  798  407  0.0350  0.0007  0.0038
   32  797  407  0.0350  0.0007  0.0038
   33  796  407  0.0350  0.0007  0.0038
   34  795  407  0.0351  0.0007  0.0038
   35  793  408  0.0351  0.0007  0.0038
   36  792  408  0.0352  0.0007  0.0038
   37  794  408  0.0351  0.0007  0.0038
   38  790  409  0.0351  0.0007  0.0038
   39  789  409  0.0351  0.0007  0.0038
   40  791  409  0.0351  0.0007  0.0038
   41  788  410  0.0351  0.0007  0.0038
   42  787  410  0.0350  0.0007  0.0038
   43  786  410  0.0350  0.0007  0.0038
   44  785  410  0.0351  0.0007  0.0038
   45  783  411  0.0350  0.0007  0.0038
   46  782  411  0.0349  0.0007  0.0038
   47  784  411  0.0349  0.0007  0.0038
   48  780  412  0.0348  0.0007  0.0038
   49  779  412  0.0349  0.0007  0.0038
   50  778  412  0.0349  0.0007  0.0038
   51  781  412  0.0348  0.0007  0.0038
   52  777  413  0.0349  0.0007  0.0038
   53  776  413  0.0349  0.0007  0.0038
   54  775  413  0.0348  0.0007  0.0038
   55  774  413  0.0348  0.0007  0.0038
   56  772  414  0.0348  0.0007  0.0038
   57  773  414  0.0348  0.0007  0.0038
   58  770  415  0.0347  0.0007  0.0038
   59  771  415  0.0347  0.0007  0.0038
   60  768  416  0.0347  0.0007  0.0038
   61  769  416  0.0347  0.0007  0.0038
   62  766  417  0.0347  0.0007  0.0038
   63  767  417  0.0347  0.0007  0.0038
   64  765  418  0.0347  0.0007  0.0038
   65  764  418  0.0347  0.0007  0.0038
   66  763  419  0.0347  0.0007  0.0038
   67  761  420  0.0347  0.0007  0.0038
   68  762  420  0.0347  0.0007  0.0038
   69  760  421  0.0346  0.0007  0.0038
   70  759  421  0.0347  0.0008  0.0038
   71  757  422  0.0347  0.0008  0.0038
   72  758  422  0.0347  0.0008  0.0038
   73  755  423  0.0346  0.0008  0.0038
   74  756  423  0.0346  0.0008  0.0038
   75  754  424  0.0346  0.0008  0.0038
   76  753  424  0.0346  0.0008  0.0038
   77  751  425  0.0346  0.0008  0.0038
   78  752  425  0.0346  0.0008  0.0038
   79  750  426  0.0346  0.0008  0.0038
   80  749  426  0.0346  0.0008  0.0038
   81  748  426  0.0346  0.0008  0.0038
   82  746  427  0.0346  0.0008  0.0038
   83  747  427  0.0346  0.0008  0.0038
   84  744  428  0.0345  0.0008  0.0038
   85  745  428  0.0346  0.0008  0.0038

    1  733  497  0.0340  0.0008  0.0039
    2  733  498  0.0340  0.0008  0.0039
    3  733  499  0.0340  0.0008  0.0039
    4  733  500  0.0340  0.0008  0.0039
    5  732  501  0.0340  0.0008  0.0039
    6  732  502  0.0340  0.0008  0.0039
    7  732  503  0.0340  0.0008  0.0040
    8  731  504  0.0340  0.0008  0.0040
    9  730  504  0.0340  0.0008  0.0039
   10  729  505  0.0340  0.0008  0.0040
   11  727  506  0.0340  0.0008  0.0040
   12  728  506  0.0340  0.0008  0.0040
   13  725  507  0.0340  0.0008  0.0040
   14  726  507  0.0340  0.0008  0.0040
   15  724  508  0.0340  0.0008  0.0040
   16  723  509  0.0340  0.0008  0.0040
   17  721  510  0.0340  0.0008  0.0040
   18  722  510  0.0340  0.0008  0.0040
   19  720  511  0.0340  0.0008  0.0040
   20  718  512  0.0340  0.0008  0.0040
   21  719  512  0.0340  0.0008  0.0040
   22  717  513  0.0340  0.0008  0.0040
   23  716  513  0.0340  0.0008  0.0040
   24  715  513  0.0340  0.0008  0.0040
   25  714  513  0.0339  0.0009  0.0040
   26  712  514  0.0339  0.0009  0.0040
   27  711  514  0.0339  0.0009  0.0040
   28  713  514  0.0339  0.0009  0.0040
   29  710  515  0.0339  0.0009  0.0040
   30  710  516  0.0339  0.0009  0.0040
   31  709  517  0.0339  0.0009  0.0040
   32  708  518  0.0339  0.0009  0.0040
   33  708  519  0.0339  0.0009  0.0040
   34  707  520  0.0339  0.0009  0.0040
   35  706  521  0.0338  0.0009  0.0040
   36  705  521  0.0338  0.0009  0.0040
   37  704  521  0.0338  0.0009  0.0040
   38  702  522  0.0338  0.0009  0.0040
   39  701  522  0.0338  0.0009  0.0040
   40  700  522  0.0338  0.0009  0.0040
   41  699  522  0.0338  0.0009  0.0040
   42  703  522  0.0338  0.0009  0.0040
   43  698  523  0.0337  0.0009  0.0040
   44  697  523  0.0337  0.0009  0.0040
   45  696  523  0.0337  0.0009  0.0039
   46  695  524  0.0337  0.0009  0.0039
   47  695  525  0.0337  0.0009  0.0039
   48  695  526  0.0337  0.0009  0.0040
   49  695  527  0.0337  0.0009  0.0040
   50  693  528  0.0337  0.0009  0.0040
   51  694  528  0.0337  0.0009  0.0040
   52  692  529  0.0337  0.0009  0.0040
   53  691  529  0.0337  0.0009  0.0040
   54  690  530  0.0337  0.0009  0.0040
   55  688  531  0.0336  0.0009  0.0040
   56  689  531  0.0336  0.0009  0.0040
   57  686  532  0.0336  0.0009  0.0040
   58  687  532  0.0336  0.0009  0.0040
   59  685  533  0.0336  0.0009  0.0040

    1  657  543  0.0335  0.0010  0.0040
    2  655  544  0.0335  0.0010  0.0040
    3  656  544  0.0335  0.0010  0.0040
    4  653  545  0.0334  0.0010  0.0040
    5  654  545  0.0335  0.0010  0.0040
    6  652  546  0.0334  0.0010  0.0040
    7  650  547  0.0334  0.0010  0.0040
    8  651  547  0.0334  0.0010  0.0040
    9  648  548  0.0334  0.0010  0.0040
   10  649  548  0.0334  0.0010  0.0040
   11  647  549  0.0334  0.0010  0.0040
   12  646  549  0.0334  0.0010  0.0040
   13  645  549  0.0334  0.0010  0.0040
   14  643  550  0.0335  0.0010  0.0040
   15  642  550  0.0335  0.0010  0.0040
   16  644  550  0.0334  0.0010  0.0040
   17  640  551  0.0334  0.0010  0.0040
   18  641  551  0.0333  0.0010  0.0040
   19  638  552  0.0333  0.0010  0.0040
   20  639  552  0.0334  0.0010  0.0040
   21  637  553  0.0333  0.0010  0.0040
   22  636  553  0.0333  0.0010  0.0040
   23  634  554  0.0333  0.0010  0.0040
   24  635  554  0.0333  0.0010  0.0040
   25  632  555  0.0333  0.0010  0.0040
   26  633  555  0.0333  0.0010  0.0040
   27  630  556  0.0333  0.0010  0.0040
   28  631  556  0.0332  0.0010  0.0040
   29  628  557  0.0333  0.0010  0.0040
   30  629  557  0.0333  0.0010  0.0040
   31  627  558  0.0333  0.0010  0.0040
   32  626  558  0.0333  0.0010  0.0040
   33  624  559  0.0333  0.0010  0.0040
   34  625  559  0.0333  0.0010  0.0040
   35  622  560  0.0332  0.0011  0.0040
   36  623  560  0.0332  0.0010  0.0040
   37  620  561  0.0332  0.0011  0.0040
   38  621  561  0.0332  0.0011  0.0040
   39  618  562  0.0331  0.0011  0.0040
   40  619  562  0.0332  0.0011  0.0040

    1  1229  892  0.0281  0.0004  0.0042
    2  1230  892  0.0281  0.0004  0.0042
    3  1227  893  0.0281  0.0004  0.0042
    4  1226  893  0.0281  0.0004  0.0042
    5  1225  893  0.0281  0.0004  0.0042
    6  1228  893  0.0281  0.0004  0.0042
    7  1224  894  0.0281  0.0004  0.0042
    8  1223  894  0.0281  0.0004  0.0042
    9  1222  894  0.0281  0.0004  0.0042
   10  1220  895  0.0281  0.0004  0.0042
   11  1219  895  0.0281  0.0004  0.0042
   12  1218  895  0.0281  0.0004  0.0042
   13  1221  895  0.0281  0.0004  0.0042
   14  1217  896  0.0280  0.0004  0.0042
   15  1216  896  0.0280  0.0004  0.0042
   16  1215  896  0.0280  0.0004  0.0042
   17  1214  896  0.0280  0.0004  0.0042
   18  1212  897  0.0280  0.0004  0.0042
   19  1213  897  0.0280  0.0004  0.0042
   20  1192  905  0.0279  0.0003  0.0042
   21  1193  905  0.0279  0.0003  0.0042
   22  1190  906  0.0280  0.0003  0.0042
   23  1189  906  0.0280  0.0003  0.0042
   24  1191  906  0.0279  0.0003  0.0042
   25  1188  907  0.0279  0.0003  0.0042
   26  1187  907  0.0279  0.0003  0.0042
   27  1185  908  0.0278  0.0003  0.0042
   28  1184  908  0.0278  0.0003  0.0042
   29  1186  908  0.0279  0.0003  0.0042
   30  1182  909  0.0277  0.0003  0.0042
   31  1181  909  0.0278  0.0003  0.0042
   32  1183  909  0.0278  0.0003  0.0042
   33  1180  910  0.0278  0.0003  0.0042
   34  1179  910  0.0277  0.0003  0.0042
   35  1177  911  0.0278  0.0003  0.0042
   36  1176  911  0.0277  0.0003  0.0042
   37  1178  911  0.0278  0.0003  0.0042
   38  1174  912  0.0278  0.0003  0.0042
   39  1173  912  0.0278  0.0003  0.0042
   40  1175  912  0.0278  0.0003  0.0042
   41  1172  913  0.0278  0.0003  0.0042
   42  1171  913  0.0278  0.0003  0.0042
   43  1169  914  0.0278  0.0003  0.0042
   44  1168  914  0.0278  0.0003  0.0042
   45  1170  914  0.0278  0.0003  0.0042
   46  1166  915  0.0278  0.0003  0.0042
   47  1167  915  0.0277  0.0003  0.0042
   48  1158  918  0.0277  0.0002  0.0042
   49  1157  918  0.0277  0.0002  0.0042
   50  1156  918  0.0277  0.0002  0.0042
   51  1154  919  0.0277  0.0002  0.0042
   52  1153  919  0.0278  0.0002  0.0042
   53  1152  919  0.0278  0.0002  0.0042
   54  1155  919  0.0277  0.0002  0.0042
   55  1151  920  0.0277  0.0002  0.0042
   56  1150  920  0.0277  0.0002  0.0042
   57  1149  920  0.0277  0.0002  0.0042
   58  1148  920  0.0278  0.0002  0.0042
   59  1146  921  0.0277  0.0002  0.0042
   60  1145  921  0.0278  0.0002  0.0042
   61  1144  921  0.0278  0.0002  0.0042
   62  1147  921  0.0277  0.0002  0.0042
   63  1142  922  0.0277  0.0002  0.0042
   64  1141  922  0.0277  0.0002  0.0042
   65  1143  922  0.0278  0.0002  0.0042

    1  1228  902  0.0280  0.0004  0.0043
    2  1229  902  0.0280  0.0004  0.0043
    3  1227  903  0.0280  0.0004  0.0043
    4  1226  903  0.0280  0.0004  0.0043
    5  1225  903  0.0280  0.0004  0.0043
    6  1223  904  0.0280  0.0004  0.0043
    7  1222  904  0.0280  0.0004  0.0043
    8  1221  904  0.0280  0.0004  0.0043
    9  1224  904  0.0280  0.0004  0.0043
   10  1220  905  0.0280  0.0004  0.0043
   11  1219  905  0.0280  0.0004  0.0043
   12  1218  905  0.0279  0.0004  0.0043
   13  1216  906  0.0279  0.0004  0.0043
   14  1217  906  0.0279  0.0004  0.0043
   15  1215  907  0.0279  0.0004  0.0043
   16  1214  907  0.0279  0.0004  0.0043
   17  1213  907  0.0279  0.0004  0.0043
   18  1211  908  0.0279  0.0003  0.0043
   19  1212  908  0.0279  0.0003  0.0043
   20  1209  909  0.0279  0.0003  0.0043
   21  1210  909  0.0279  0.0003  0.0043
   22  1208  910  0.0279  0.0003  0.0043
   23  1207  910  0.0279  0.0003  0.0043
   24  1205  911  0.0279  0.0003  0.0043
   25  1206  911  0.0279  0.0003  0.0043
   26  1203  912  0.0279  0.0003  0.0043
   27  1204  912  0.0279  0.0003  0.0043
   28  1198  915  0.0278  0.0003  0.0043
   29  1197  915  0.0278  0.0003  0.0043
   30  1196  915  0.0278  0.0003  0.0043
   31  1194  916  0.0278  0.0003  0.0043
   32  1193  916  0.0278  0.0003  0.0042
   33  1192  916  0.0278  0.0003  0.0042
   34  1195  916  0.0278  0.0003  0.0042
   35  1191  917  0.0278  0.0003  0.0043
   36  1190  917  0.0278  0.0003  0.0042
   37  1189  917  0.0278  0.0003  0.0042
   38  1188  917  0.0277  0.0003  0.0042
   39  1186  918  0.0277  0.0003  0.0042
   40  1187  918  0.0277  0.0003  0.0042
   41  1184  919  0.0277  0.0003  0.0042
   42  1185  919  0.0277  0.0003  0.0042
   43  1183  920  0.0277  0.0003  0.0042
   44  1182  920  0.0276  0.0003  0.0042
   45  1181  920  0.0277  0.0003  0.0042
   46  1179  921  0.0276  0.0003  0.0042
   47  1178  921  0.0276  0.0003  0.0042
   48  1180  921  0.0276  0.0003  0.0042
   49  1176  922  0.0276  0.0003  0.0042
   50  1177  922  0.0276  0.0003  0.0042
   51  1174  923  0.0276  0.0003  0.0042
   52  1173  923  0.0277  0.0003  0.0042
   53  1175  923  0.0277  0.0003  0.0042
   54  1172  924  0.0277  0.0003  0.0042
   55  1171  924  0.0277  0.0003  0.0042
   56  1170  924  0.0277  0.0003  0.0042
   57  1169  924  0.0277  0.0003  0.0042
   58  1168  924  0.0277  0.0003  0.0042
   59  1167  924  0.0277  0.0003  0.0042
   60  1166  924  0.0277  0.0002  0.0042
   61  1165  924  0.0277  0.0002  0.0042
   62  1164  924  0.0277  0.0002  0.0042
   63  1163  924  0.0277  0.0002  0.0042
   64  1161  925  0.0277  0.0002  0.0042
   65  1162  925  0.0277  0.0002  0.0042
   66  1160  926  0.0277  0.0002  0.0042
   67  1159  926  0.0277  0.0002  0.0042
   68  1157  927  0.0277  0.0002  0.0042
   69  1158  927  0.0277  0.0002  0.0042
   70  1155  928  0.0276  0.0002  0.0042
   71  1156  928  0.0277  0.0002  0.0042
   72  1154  929  0.0276  0.0002  0.0042
   73  1153  930  0.0277  0.0002  0.0042
   74  1151  931  0.0277  0.0002  0.0042
   75  1152  931  0.0277  0.0002  0.0042
   76  1150  932  0.0277  0.0002  0.0043
   77  1149  933  0.0276  0.0002  0.0043
   78  1148  933  0.0276  0.0002  0.0043
   79  1146  934  0.0276  0.0002  0.0042
   80  1145  934  0.0276  0.0002  0.0042
   81  1147  934  0.0276  0.0002  0.0042
   82  1143  935  0.0276  0.0002  0.0042
   83  1142  935  0.0276  0.0002  0.0043
   84  1141  935  0.0276  0.0002  0.0043
   85  1144  935  0.0276  0.0002  0.0043

    1  1110  945  0.0273  0.0001  0.0042
    2  1111  945  0.0273  0.0001  0.0042
    3  1108  946  0.0273  0.0001  0.0042
    4  1107  946  0.0273  0.0001  0.0042
    5  1109  946  0.0273  0.0001  0.0042
    6  1106  947  0.0272  0.0001  0.0042
    7  1105  947  0.0272  0.0001  0.0042
    8  1104  947  0.0272  0.0001  0.0042
    9  1103  947  0.0272  0.0001  0.0042
   10  1101  948  0.0272  0.0001  0.0042
   11  1100  948  0.0272  0.0001  0.0042
   12  1099  948  0.0272  0.0001  0.0042
   13  1098  948  0.0272  0.0001  0.0042
   14  1102  948  0.0272  0.0001  0.0042
   15  1097  949  0.0272  0.0001  0.0042
   16  1096  949  0.0272  0.0001  0.0042
   17  1095  949  0.0272  0.0001  0.0042
   18  1094  949  0.0272  0.0001  0.0042
   19  1093  949  0.0272  0.0001  0.0042
   20  1092  949  0.0272  0.0001  0.0042
   21  1090  950  0.0273  0.0001  0.0042
   22  1089  950  0.0273  0.0001  0.0042
   23  1088  950  0.0273  0.0001  0.0042
   24  1087  950  0.0273  0.0001  0.0042
   25  1091  950  0.0273  0.0001  0.0042
   26  1086  951  0.0272  0.0001  0.0042
   27  1085  951  0.0272  0.0001  0.0042
   28  1084  951  0.0272  0.0001  0.0042
   29  1083  951  0.0271  0.0001  0.0042
   30  1082  951  0.0272  0.0001  0.0042
   31  1080  952  0.0272  0.0002  0.0042
   32  1079  952  0.0271  0.0002  0.0042
   33  1078  952  0.0272  0.0002  0.0042
   34  1081  952  0.0271  0.0001  0.0042
   35  1077  953  0.0272  0.0002  0.0042
   36  1076  953  0.0272  0.0002  0.0042
   37  1075  953  0.0272  0.0002  0.0042
   38  1074  953  0.0272  0.0002  0.0042
   39  1060  953  0.0273  0.0002  0.0042
   40  1061  953  0.0273  0.0002  0.0042
   41  1062  953  0.0273  0.0002  0.0042
   42  1063  953  0.0273  0.0002  0.0042
   43  1064  953  0.0272  0.0002  0.0042
   44  1065  953  0.0272  0.0002  0.0042
   45  1067  954  0.0272  0.0002  0.0042
   46  1066  954  0.0272  0.0002  0.0042
   47  1068  954  0.0272  0.0002  0.0042
   48  1069  954  0.0272  0.0002  0.0042
   49  1070  954  0.0272  0.0002  0.0042
   50  1071  954  0.0272  0.0002  0.0042
   51  1072  954  0.0272  0.0002  0.0042
   52  1073  954  0.0272  0.0002  0.0042
   53  1059  954  0.0273  0.0002  0.0042
   54  1058  954  0.0272  0.0002  0.0042
   55  1057  954  0.0272  0.0002  0.0042
   56  1056  954  0.0272  0.0002  0.0042
   57  1055  955  0.0273  0.0002  0.0042
   58  1054  955  0.0273  0.0002  0.0042
   59  1053  955  0.0273  0.0002  0.0042
   60  1052  955  0.0273  0.0002  0.0042
   61  1050  956  0.0273  0.0002  0.0042
   62  1049  956  0.0273  0.0002  0.0042
   63  1048  956  0.0272  0.0002  0.0042
   64  1047  956  0.0273  0.0002  0.0042
   65  1051  956  0.0273  0.0002  0.0042
   66  1046  957  0.0273  0.0002  0.0042
   67  1045  957  0.0273  0.0002  0.0042
   68  1044  957  0.0272  0.0002  0.0042
   69  1043  957  0.0272  0.0002  0.0042
   70  1042  957  0.0272  0.0002  0.0042
   71  1040  958  0.0272  0.0002  0.0042
   72  1039  958  0.0272  0.0002  0.0042
   73  1041  958  0.0272  0.0002  0.0042

     1  1300  930  0.0280  0.0005  0.0043
     2  1301  930  0.0279  0.0005  0.0043
     3  1298  931  0.0280  0.0005  0.0043
     4  1297  931  0.0280  0.0005  0.0043
     5  1299  931  0.0280  0.0005  0.0043
     6  1296  932  0.0280  0.0005  0.0043
     7  1295  932  0.0280  0.0005  0.0043
     8  1294  932  0.0280  0.0005  0.0043
     9  1292  933  0.0280  0.0005  0.0043
    10  1291  933  0.0280  0.0005  0.0043
    11  1293  933  0.0280  0.0005  0.0043
    12  1290  934  0.0280  0.0005  0.0043
    13  1289  934  0.0280  0.0005  0.0043
    14  1288  934  0.0280  0.0005  0.0043
    15  1287  934  0.0280  0.0005  0.0043
    16  1285  935  0.0280  0.0005  0.0043
    17  1284  935  0.0280  0.0005  0.0043
    18  1286  935  0.0280  0.0005  0.0043
    19  1282  936  0.0280  0.0005  0.0043
    20  1281  936  0.0280  0.0005  0.0043
    21  1280  936  0.0280  0.0005  0.0043
    22  1283  936  0.0280  0.0005  0.0043
    23  1279  937  0.0280  0.0005  0.0043
    24  1278  937  0.0280  0.0005  0.0043
    25  1277  937  0.0280  0.0005  0.0043
    26  1276  937  0.0280  0.0005  0.0043
    27  1275  938  0.0280  0.0005  0.0043
    28  1274  938  0.0280  0.0005  0.0043
    29  1273  938  0.0280  0.0005  0.0043
    30  1272  938  0.0280  0.0005  0.0043
    31  1271  938  0.0280  0.0005  0.0043
    32  1270  938  0.0280  0.0005  0.0043
    33  1268  939  0.0280  0.0005  0.0043
    34  1267  939  0.0280  0.0005  0.0043
    35  1269  939  0.0280  0.0005  0.0043
    36  1265  940  0.0280  0.0005  0.0043
    37  1266  940  0.0280  0.0005  0.0043
    38  1264  941  0.0279  0.0004  0.0043
    39  1263  941  0.0279  0.0004  0.0043
    40  1261  942  0.0279  0.0004  0.0043
    41  1262  942  0.0279  0.0004  0.0043
    42  1259  943  0.0279  0.0004  0.0043
    43  1260  943  0.0279  0.0004  0.0043
    44  1257  944  0.0278  0.0004  0.0043
    45  1258  944  0.0279  0.0004  0.0043
    46  1256  945  0.0278  0.0004  0.0043
    47  1255  945  0.0278  0.0004  0.0043
    48  1253  946  0.0278  0.0004  0.0043
    49  1254  946  0.0278  0.0004  0.0043
    50  1246  949  0.0277  0.0004  0.0043
    51  1247  949  0.0277  0.0004  0.0043
    52  1243  950  0.0277  0.0004  0.0043
    53  1244  950  0.0277  0.0004  0.0043
    54  1245  950  0.0277  0.0004  0.0043
    55  1241  951  0.0277  0.0004  0.0043
    56  1240  951  0.0277  0.0004  0.0043
    57  1242  951  0.0277  0.0004  0.0043
    58  1239  952  0.0277  0.0004  0.0043
    59  1238  952  0.0277  0.0004  0.0043
    60  1237  952  0.0276  0.0004  0.0043
    61  1235  953  0.0277  0.0004  0.0043
    62  1234  953  0.0277  0.0004  0.0043
    63  1236  953  0.0277  0.0004  0.0043
    64  1233  954  0.0276  0.0004  0.0043
    65  1232  954  0.0276  0.0004  0.0043
    66  1231  954  0.0277  0.0004  0.0043
    67  1230  954  0.0276  0.0004  0.0043
    68  1228  955  0.0276  0.0004  0.0043
    69  1227  955  0.0276  0.0004  0.0043
    70  1229  955  0.0276  0.0004  0.0043
    71  1225  956  0.0277  0.0004  0.0043
    72  1224  956  0.0277  0.0004  0.0043
    73  1226  956  0.0276  0.0004  0.0043
    74  1223  957  0.0276  0.0004  0.0043
    75  1222  957  0.0277  0.0004  0.0043
    76  1221  957  0.0277  0.0004  0.0043
    77  1219  958  0.0277  0.0004  0.0043
    78  1218  958  0.0277  0.0003  0.0043
    79  1220  958  0.0277  0.0004  0.0043
    80  1217  959  0.0277  0.0003  0.0043
    81  1216  959  0.0277  0.0003  0.0043
    82  1215  959  0.0278  0.0003  0.0043
    83  1213  960  0.0277  0.0003  0.0043
    84  1212  960  0.0277  0.0003  0.0043
    85  1214  960  0.0277  0.0003  0.0043
    86  1211  961  0.0277  0.0003  0.0043
    87  1210  961  0.0277  0.0003  0.0043
    88  1209  961  0.0277  0.0003  0.0043
    89  1208  961  0.0277  0.0003  0.0043
    90  1207  961  0.0277  0.0003  0.0043
    91  1206  961  0.0277  0.0003  0.0043
    92  1205  961  0.0277  0.0003  0.0043
    93  1204  961  0.0277  0.0003  0.0043
    94  1203  961  0.0277  0.0003  0.0043
    95  1202  961  0.0277  0.0003  0.0043
    96  1201  962  0.0277  0.0003  0.0043
    97  1200  962  0.0277  0.0003  0.0043
    98  1199  962  0.0277  0.0003  0.0043
    99  1198  962  0.0277  0.0003  0.0043
   100  1197  962  0.0277  0.0003  0.0043
   101  1196  962  0.0276  0.0003  0.0043
   102  1195  962  0.0276  0.0003  0.0043
   103  1194  962  0.0276  0.0003  0.0043
   104  1193  962  0.0276  0.0003  0.0043
   105  1192  962  0.0276  0.0003  0.0043

    1  1002  890  0.0279  0.0003  0.0042
    2  1000  891  0.0278  0.0003  0.0042
    3  1001  891  0.0278  0.0003  0.0042
    4   998  892  0.0278  0.0003  0.0042
    5   999  892  0.0279  0.0003  0.0042
    6   997  893  0.0279  0.0003  0.0042
    7   996  893  0.0278  0.0003  0.0042
    8   994  894  0.0278  0.0003  0.0042
    9   995  894  0.0279  0.0003  0.0042
   10   993  895  0.0281  0.0003  0.0042
   11   992  896  0.0280  0.0003  0.0042
   12   991  896  0.0280  0.0003  0.0042
   13   989  897  0.0280  0.0003  0.0042
   14   990  897  0.0280  0.0003  0.0042
   15   987  898  0.0280  0.0003  0.0042
   16   988  898  0.0279  0.0003  0.0042
   17   986  899  0.0279  0.0003  0.0042
   18   985  899  0.0280  0.0003  0.0042
   19   983  900  0.0279  0.0003  0.0042
   20   982  900  0.0279  0.0003  0.0042
   21   984  900  0.0279  0.0003  0.0042
   22   980  901  0.0279  0.0003  0.0042
   23   981  901  0.0279  0.0003  0.0042
   24   979  902  0.0279  0.0003  0.0042
   25   978  902  0.0278  0.0003  0.0042
   26   977  902  0.0279  0.0003  0.0042
   27   975  903  0.0279  0.0003  0.0042
   28   976  903  0.0279  0.0003  0.0042
   29   973  904  0.0279  0.0003  0.0042
   30   972  904  0.0280  0.0003  0.0042
   31   974  904  0.0279  0.0003  0.0042
   32   971  905  0.0279  0.0003  0.0042
   33   970  905  0.0280  0.0003  0.0042
   34   968  906  0.0280  0.0003  0.0042
   35   967  906  0.0279  0.0003  0.0042
   36   969  906  0.0279  0.0003  0.0042
   37   966  907  0.0278  0.0003  0.0042
   38   965  907  0.0278  0.0003  0.0042
   39   963  908  0.0278  0.0003  0.0042
   40   964  908  0.0278  0.0003  0.0042
   41   962  909  0.0278  0.0004  0.0042
   42   961  910  0.0277  0.0004  0.0042
   43   960  911  0.0277  0.0004  0.0042
   44   959  912  0.0276  0.0004  0.0042
   45   958  912  0.0275  0.0004  0.0042
   46   957  913  0.0276  0.0004  0.0042
   47   956  914  0.0275  0.0004  0.0042
   48   954  915  0.0276  0.0004  0.0042
   49   955  915  0.0275  0.0004  0.0042
   50   953  916  0.0276  0.0004  0.0042
   51   952  916  0.0276  0.0004  0.0042
   52   951  916  0.0277  0.0004  0.0042
   53   950  916  0.0276  0.0004  0.0042
   54   948  917  0.0276  0.0004  0.0042
   55   947  917  0.0276  0.0004  0.0042
   56   949  917  0.0275  0.0004  0.0042
   57   945  918  0.0276  0.0004  0.0042
   58   944  918  0.0276  0.0004  0.0042
   59   943  918  0.0276  0.0004  0.0042
   60   946  918  0.0275  0.0004  0.0042
   61   942  919  0.0276  0.0004  0.0042
   62   941  919  0.0276  0.0004  0.0042
   63   940  919  0.0275  0.0004  0.0042
   64   939  919  0.0275  0.0004  0.0042
   65   937  920  0.0276  0.0004  0.0042
   66   936  920  0.0275  0.0004  0.0042
   67   938  920  0.0275  0.0004  0.0042
   68   935  921  0.0275  0.0004  0.0042
   69   934  921  0.0275  0.0004  0.0042
   70   933  921  0.0275  0.0004  0.0042
   71   931  922  0.0275  0.0004  0.0042
   72   930  922  0.0275  0.0004  0.0042
   73   929  922  0.0275  0.0004  0.0042
   74   932  922  0.0275  0.0004  0.0042
   75   928  923  0.0275  0.0004  0.0042
   76   927  923  0.0275  0.0004  0.0042
   77   925  924  0.0275  0.0004  0.0042
   78   926  924  0.0275  0.0004  0.0042
   79   923  925  0.0275  0.0004  0.0042
   80   924  925  0.0275  0.0004  0.0042
   81   922  926  0.0275  0.0004  0.0042
   82   921  926  0.0274  0.0004  0.0042
   83   919  927  0.0274  0.0004  0.0041
   84   918  927  0.0274  0.0004  0.0041
   85   917  927  0.0274  0.0004  0.0042
   86   920  927  0.0274  0.0004  0.0042
   87   916  928  0.0274  0.0004  0.0042
   88   915  928  0.0274  0.0004  0.0041
   89   914  928  0.0274  0.0004  0.0041
   90   912  929  0.0274  0.0004  0.0042
   91   911  929  0.0274  0.0004  0.0041
   92   913  929  0.0274  0.0004  0.0041
   93   910  930  0.0274  0.0004  0.0042
   94   909  930  0.0274  0.0004  0.0042
   95   908  930  0.0274  0.0004  0.0041
   96   907  930  0.0274  0.0004  0.0042
   97   905  931  0.0273  0.0005  0.0041
   98   906  931  0.0274  0.0004  0.0041
