; ENVI Output of ROIs (5.4) [Sat Aug 17 18:45:46 2019]
; Number of ROIs: 12
; File Dimension: 1328 x 1184
;
; ROI name: Region #1
; ROI rgb value: {255, 0, 0}
; ROI npts: 119
;
; ROI name: Region #2
; ROI rgb value: {0, 255, 0}
; ROI npts: 41
;
; ROI name: Region #3
; ROI rgb value: {0, 0, 255}
; ROI npts: 58
;
; ROI name: Region #4
; ROI rgb value: {255, 255, 0}
; ROI npts: 30
;
; ROI name: Region #5
; ROI rgb value: {0, 255, 255}
; ROI npts: 77
;
; ROI name: Region #6
; ROI rgb value: {255, 0, 255}
; ROI npts: 101
;
; ROI name: Region #7
; ROI rgb value: {176, 48, 96}
; ROI npts: 54
;
; ROI name: Region #8
; ROI rgb value: {46, 139, 87}
; ROI npts: 28
;
; ROI name: Region #9
; ROI rgb value: {160, 32, 240}
; ROI npts: 100
;
; ROI name: Region #10
; ROI rgb value: {255, 127, 80}
; ROI npts: 55
;
; ROI name: Region #11
; ROI rgb value: {127, 255, 212}
; ROI npts: 88
;
; ROI name: Region #12
; ROI rgb value: {218, 112, 214}
; ROI npts: 58
;   ID    X    Y      B1      B2      B3
     1  156  279  0.0357  0.0022  0.0034
     2  154  280  0.0357  0.0022  0.0034
     3  155  280  0.0356  0.0022  0.0034
     4  152  281  0.0357  0.0022  0.0034
     5  153  281  0.0356  0.0022  0.0034
     6  151  282  0.0356  0.0022  0.0034
     7  150  282  0.0356  0.0022  0.0034
     8  148  283  0.0356  0.0022  0.0034
     9  149  283  0.0356  0.0022  0.0034
    10  146  284  0.0355  0.0022  0.0034
    11  147  284  0.0356  0.0022  0.0034
    12  144  285  0.0356  0.0022  0.0034
    13  145  285  0.0355  0.0022  0.0034
    14  143  286  0.0356  0.0022  0.0034
    15  142  286  0.0356  0.0023  0.0034
    16  141  286  0.0355  0.0022  0.0034
    17  139  287  0.0356  0.0023  0.0034
    18  140  287  0.0358  0.0023  0.0034
    19  137  288  0.0355  0.0023  0.0034
    20  136  288  0.0356  0.0023  0.0034
    21  138  288  0.0356  0.0023  0.0034
    22  135  289  0.0355  0.0023  0.0034
    23  134  289  0.0355  0.0023  0.0034
    24  133  289  0.0355  0.0023  0.0034
    25  131  290  0.0354  0.0023  0.0034
    26  132  290  0.0354  0.0023  0.0034
    27  130  291  0.0353  0.0023  0.0034
    28  129  291  0.0353  0.0023  0.0034
    29  128  291  0.0354  0.0023  0.0034
    30  127  291  0.0353  0.0023  0.0034
    31  125  292  0.0353  0.0023  0.0034
    32  124  292  0.0353  0.0023  0.0034
    33  123  292  0.0353  0.0023  0.0034
    34  126  292  0.0353  0.0023  0.0034
    35  122  293  0.0353  0.0023  0.0034
    36  121  293  0.0353  0.0023  0.0034
    37  120  293  0.0353  0.0023  0.0034
    38  119  293  0.0353  0.0023  0.0034
    39  117  294  0.0353  0.0023  0.0034
    40  116  294  0.0353  0.0023  0.0034
    41  115  294  0.0353  0.0023  0.0034
    42  114  294  0.0353  0.0023  0.0034
    43  118  294  0.0354  0.0023  0.0034
    44  113  295  0.0353  0.0023  0.0034
    45  112  295  0.0353  0.0023  0.0034
    46  111  295  0.0353  0.0023  0.0034
    47  110  295  0.0355  0.0023  0.0034
    48  108  296  0.0355  0.0023  0.0034
    49  107  296  0.0354  0.0023  0.0034
    50  109  296  0.0354  0.0023  0.0034
    51  105  297  0.0354  0.0023  0.0034
    52  106  297  0.0354  0.0023  0.0034
    53  104  298  0.0353  0.0023  0.0034
    54  103  298  0.0353  0.0023  0.0034
    55  102  298  0.0353  0.0023  0.0034
    56  100  299  0.0353  0.0023  0.0034
    57   99  299  0.0353  0.0023  0.0034
    58  101  299  0.0354  0.0023  0.0034
    59   96  300  0.0353  0.0024  0.0034
    60   97  300  0.0353  0.0023  0.0034
    61   98  300  0.0353  0.0023  0.0034
    62   94  301  0.0353  0.0024  0.0034
    63   93  301  0.0353  0.0024  0.0034
    64   95  301  0.0353  0.0023  0.0034
    65   91  302  0.0354  0.0024  0.0034
    66   90  302  0.0354  0.0024  0.0034
    67   92  302  0.0353  0.0024  0.0034
    68   89  303  0.0354  0.0024  0.0034
    69   88  303  0.0354  0.0024  0.0034
    70   87  303  0.0353  0.0024  0.0034
    71   85  304  0.0352  0.0024  0.0034
    72   84  304  0.0353  0.0024  0.0034
    73   86  304  0.0353  0.0024  0.0034
    74   83  305  0.0352  0.0024  0.0034
    75   82  305  0.0352  0.0024  0.0034
    76   81  305  0.0352  0.0024  0.0034
    77   79  306  0.0352  0.0024  0.0034
    78   78  306  0.0352  0.0024  0.0034
    79   80  306  0.0352  0.0024  0.0034
    80   76  307  0.0352  0.0024  0.0034
    81   75  307  0.0352  0.0024  0.0034
    82   77  307  0.0351  0.0024  0.0034
    83   74  308  0.0351  0.0024  0.0034
    84   73  308  0.0352  0.0024  0.0034
    85   72  308  0.0352  0.0024  0.0034
    86   70  309  0.0353  0.0024  0.0034
    87   71  309  0.0353  0.0024  0.0034
    88   68  310  0.0351  0.0024  0.0034
    89   69  310  0.0352  0.0024  0.0034
    90   67  311  0.0351  0.0024  0.0034
    91   66  311  0.0349  0.0024  0.0034
    92   64  312  0.0350  0.0024  0.0034
    93   63  312  0.0350  0.0024  0.0034
    94   65  312  0.0351  0.0024  0.0034
    95   61  313  0.0351  0.0024  0.0034
    96   62  313  0.0351  0.0024  0.0034
    97   60  314  0.0351  0.0024  0.0034
    98   59  314  0.0350  0.0024  0.0034
    99   57  315  0.0351  0.0024  0.0034
   100   58  315  0.0351  0.0024  0.0034
   101   55  316  0.0349  0.0024  0.0034
   102   54  316  0.0349  0.0024  0.0034
   103   56  316  0.0351  0.0024  0.0034
   104   53  317  0.0349  0.0024  0.0034
   105   52  317  0.0351  0.0025  0.0034
   106   51  317  0.0352  0.0025  0.0034
   107   50  317  0.0351  0.0025  0.0034
   108   48  318  0.0351  0.0025  0.0034
   109   47  318  0.0351  0.0025  0.0034
   110   46  318  0.0351  0.0025  0.0034
   111   49  318  0.0351  0.0025  0.0034
   112   45  319  0.0350  0.0025  0.0034
   113   44  319  0.0351  0.0025  0.0034
   114   43  319  0.0350  0.0025  0.0034
   115   41  320  0.0350  0.0025  0.0034
   116   40  320  0.0351  0.0025  0.0034
   117   42  320  0.0350  0.0025  0.0034
   118   38  321  0.0350  0.0025  0.0034
   119   39  321  0.0351  0.0025  0.0034

    1  387  309  0.0358  0.0017  0.0035
    2  385  310  0.0358  0.0017  0.0035
    3  386  310  0.0358  0.0017  0.0035
    4  384  311  0.0357  0.0017  0.0035
    5  383  312  0.0357  0.0017  0.0035
    6  381  313  0.0357  0.0017  0.0035
    7  382  313  0.0357  0.0017  0.0035
    8  380  314  0.0357  0.0017  0.0035
    9  379  315  0.0357  0.0017  0.0035
   10  378  315  0.0356  0.0017  0.0035
   11  376  316  0.0355  0.0017  0.0035
   12  377  316  0.0356  0.0017  0.0035
   13  375  317  0.0355  0.0017  0.0035
   14  374  317  0.0355  0.0017  0.0035
   15  373  317  0.0356  0.0017  0.0035
   16  371  318  0.0356  0.0017  0.0035
   17  370  318  0.0355  0.0017  0.0035
   18  369  318  0.0355  0.0017  0.0035
   19  372  318  0.0356  0.0017  0.0035
   20  368  319  0.0355  0.0017  0.0035
   21  367  319  0.0354  0.0017  0.0035
   22  365  320  0.0354  0.0017  0.0035
   23  366  320  0.0354  0.0017  0.0035
   24  363  321  0.0355  0.0017  0.0035
   25  364  321  0.0355  0.0017  0.0035
   26  362  322  0.0355  0.0017  0.0035
   27  361  322  0.0354  0.0017  0.0035
   28  360  322  0.0354  0.0017  0.0035
   29  359  322  0.0354  0.0017  0.0035
   30  358  322  0.0354  0.0017  0.0035
   31  357  323  0.0354  0.0017  0.0035
   32  356  323  0.0354  0.0017  0.0035
   33  354  324  0.0354  0.0017  0.0035
   34  355  324  0.0354  0.0017  0.0035
   35  353  325  0.0354  0.0017  0.0035
   36  352  326  0.0354  0.0017  0.0035
   37  351  326  0.0354  0.0017  0.0035
   38  349  327  0.0354  0.0017  0.0035
   39  350  327  0.0354  0.0017  0.0035
   40  347  328  0.0354  0.0017  0.0035
   41  348  328  0.0353  0.0017  0.0035

    1  175  370  0.0345  0.0021  0.0035
    2  176  370  0.0346  0.0021  0.0035
    3  173  371  0.0346  0.0021  0.0035
    4  172  371  0.0346  0.0021  0.0035
    5  171  371  0.0345  0.0021  0.0035
    6  174  371  0.0345  0.0021  0.0035
    7  170  372  0.0345  0.0021  0.0035
    8  169  372  0.0345  0.0021  0.0035
    9  167  373  0.0344  0.0021  0.0035
   10  168  373  0.0344  0.0021  0.0035
   11  166  374  0.0344  0.0021  0.0035
   12  164  375  0.0344  0.0022  0.0035
   13  165  375  0.0344  0.0021  0.0035
   14  163  376  0.0344  0.0022  0.0035
   15  162  376  0.0344  0.0022  0.0035
   16  161  376  0.0344  0.0022  0.0035
   17  160  376  0.0344  0.0022  0.0035
   18  158  377  0.0344  0.0022  0.0035
   19  157  377  0.0344  0.0022  0.0035
   20  156  377  0.0344  0.0022  0.0035
   21  159  377  0.0344  0.0022  0.0035
   22  155  378  0.0344  0.0022  0.0035
   23  154  378  0.0344  0.0022  0.0035
   24  152  379  0.0344  0.0022  0.0035
   25  153  379  0.0344  0.0022  0.0035
   26  150  380  0.0344  0.0022  0.0035
   27  151  380  0.0344  0.0022  0.0035
   28  149  381  0.0344  0.0022  0.0035
   29  148  381  0.0344  0.0022  0.0035
   30  146  382  0.0344  0.0022  0.0035
   31  147  382  0.0344  0.0022  0.0035
   32  144  383  0.0344  0.0022  0.0035
   33  145  383  0.0344  0.0022  0.0035
   34  142  384  0.0344  0.0022  0.0035
   35  143  384  0.0344  0.0022  0.0035
   36  141  385  0.0344  0.0022  0.0035
   37  140  385  0.0344  0.0022  0.0035
   38  139  385  0.0343  0.0022  0.0035
   39  137  386  0.0344  0.0022  0.0035
   40  136  386  0.0344  0.0022  0.0035
   41  138  386  0.0344  0.0022  0.0035
   42  134  387  0.0343  0.0022  0.0035
   43  135  387  0.0344  0.0022  0.0035
   44  133  388  0.0343  0.0022  0.0035
   45  132  388  0.0343  0.0022  0.0035
   46  131  388  0.0343  0.0022  0.0035
   47  129  389  0.0343  0.0022  0.0035
   48  130  389  0.0343  0.0022  0.0035
   49  127  390  0.0343  0.0022  0.0035
   50  126  390  0.0343  0.0022  0.0035
   51  128  390  0.0343  0.0022  0.0035
   52  125  391  0.0342  0.0022  0.0035
   53  124  391  0.0342  0.0022  0.0035
   54  123  391  0.0342  0.0022  0.0035
   55  121  392  0.0342  0.0022  0.0035
   56  122  392  0.0342  0.0022  0.0035
   57  119  393  0.0342  0.0022  0.0035
   58  120  393  0.0342  0.0022  0.0035

    1  191  390  0.0344  0.0021  0.0035
    2  192  390  0.0344  0.0021  0.0035
    3  189  391  0.0344  0.0021  0.0035
    4  188  391  0.0344  0.0021  0.0035
    5  187  391  0.0344  0.0021  0.0035
    6  190  391  0.0344  0.0021  0.0035
    7  186  392  0.0344  0.0021  0.0035
    8  185  392  0.0344  0.0021  0.0035
    9  184  392  0.0344  0.0021  0.0035
   10  182  393  0.0344  0.0021  0.0035
   11  183  393  0.0344  0.0021  0.0035
   12  180  394  0.0344  0.0021  0.0035
   13  181  394  0.0344  0.0021  0.0035
   14  179  395  0.0344  0.0021  0.0035
   15  178  395  0.0344  0.0021  0.0035
   16  176  396  0.0343  0.0021  0.0035
   17  175  396  0.0343  0.0021  0.0035
   18  177  396  0.0343  0.0021  0.0035
   19  173  397  0.0343  0.0021  0.0035
   20  172  397  0.0343  0.0021  0.0035
   21  174  397  0.0343  0.0021  0.0035
   22  171  398  0.0343  0.0021  0.0035
   23  170  398  0.0343  0.0021  0.0035
   24  168  399  0.0343  0.0021  0.0035
   25  167  399  0.0343  0.0021  0.0035
   26  169  399  0.0343  0.0021  0.0035
   27  165  400  0.0343  0.0022  0.0035
   28  166  400  0.0343  0.0021  0.0035
   29  163  401  0.0343  0.0022  0.0035
   30  164  401  0.0343  0.0021  0.0035

    1  1111  945  0.0273  0.0001  0.0042
    2  1112  945  0.0273  0.0001  0.0042
    3  1110  946  0.0273  0.0001  0.0042
    4  1109  946  0.0273  0.0001  0.0042
    5  1108  946  0.0273  0.0001  0.0042
    6  1107  946  0.0273  0.0001  0.0042
    7  1105  947  0.0272  0.0001  0.0042
    8  1104  947  0.0272  0.0001  0.0042
    9  1106  947  0.0272  0.0001  0.0042
   10  1103  948  0.0272  0.0001  0.0042
   11  1102  948  0.0272  0.0001  0.0042
   12  1101  948  0.0272  0.0001  0.0042
   13  1100  948  0.0272  0.0001  0.0042
   14  1098  949  0.0272  0.0001  0.0042
   15  1097  949  0.0272  0.0001  0.0042
   16  1096  949  0.0272  0.0001  0.0042
   17  1099  949  0.0272  0.0001  0.0042
   18  1094  950  0.0272  0.0001  0.0042
   19  1093  950  0.0272  0.0001  0.0042
   20  1092  950  0.0272  0.0001  0.0042
   21  1095  950  0.0272  0.0001  0.0042
   22  1091  951  0.0272  0.0001  0.0042
   23  1090  951  0.0272  0.0001  0.0042
   24  1089  951  0.0272  0.0001  0.0042
   25  1088  951  0.0272  0.0001  0.0042
   26  1087  951  0.0272  0.0001  0.0042
   27  1085  952  0.0272  0.0001  0.0042
   28  1084  952  0.0271  0.0001  0.0042
   29  1083  952  0.0272  0.0001  0.0042
   30  1082  952  0.0271  0.0001  0.0042
   31  1086  952  0.0272  0.0001  0.0042
   32  1081  953  0.0271  0.0001  0.0042
   33  1080  953  0.0271  0.0001  0.0042
   34  1079  953  0.0271  0.0002  0.0042
   35  1078  953  0.0271  0.0002  0.0042
   36  1077  953  0.0272  0.0002  0.0042
   37  1076  953  0.0272  0.0002  0.0042
   38  1064  953  0.0272  0.0002  0.0042
   39  1065  953  0.0272  0.0002  0.0042
   40  1066  953  0.0273  0.0002  0.0042
   41  1067  953  0.0272  0.0002  0.0042
   42  1068  953  0.0272  0.0002  0.0042
   43  1069  953  0.0272  0.0002  0.0042
   44  1071  954  0.0272  0.0002  0.0042
   45  1072  954  0.0272  0.0002  0.0042
   46  1073  954  0.0272  0.0002  0.0042
   47  1074  954  0.0272  0.0002  0.0042
   48  1075  954  0.0272  0.0002  0.0042
   49  1070  954  0.0272  0.0002  0.0042
   50  1063  954  0.0273  0.0002  0.0042
   51  1062  954  0.0273  0.0002  0.0042
   52  1061  954  0.0273  0.0002  0.0042
   53  1060  954  0.0272  0.0002  0.0042
   54  1059  954  0.0273  0.0002  0.0042
   55  1057  955  0.0273  0.0002  0.0042
   56  1056  955  0.0272  0.0002  0.0042
   57  1055  955  0.0273  0.0002  0.0042
   58  1058  955  0.0273  0.0002  0.0042
   59  1053  956  0.0273  0.0002  0.0042
   60  1052  956  0.0273  0.0002  0.0042
   61  1051  956  0.0273  0.0002  0.0042
   62  1054  956  0.0272  0.0002  0.0042
   63  1050  957  0.0273  0.0002  0.0042
   64  1049  957  0.0273  0.0002  0.0042
   65  1048  957  0.0273  0.0002  0.0042
   66  1047  957  0.0273  0.0002  0.0042
   67  1045  958  0.0272  0.0002  0.0042
   68  1044  958  0.0272  0.0002  0.0042
   69  1043  958  0.0272  0.0002  0.0042
   70  1046  958  0.0272  0.0002  0.0042
   71  1042  959  0.0272  0.0002  0.0042
   72  1041  959  0.0272  0.0002  0.0042
   73  1040  959  0.0272  0.0002  0.0042
   74  1039  959  0.0272  0.0002  0.0042
   75  1037  960  0.0272  0.0002  0.0042
   76  1036  960  0.0272  0.0002  0.0042
   77  1038  960  0.0272  0.0002  0.0042

     1  1000  891  0.0278  0.0003  0.0042
     2  1001  891  0.0278  0.0003  0.0042
     3   998  892  0.0278  0.0003  0.0042
     4   999  892  0.0279  0.0003  0.0042
     5   996  893  0.0278  0.0003  0.0042
     6   997  893  0.0279  0.0003  0.0042
     7   995  894  0.0279  0.0003  0.0042
     8   994  894  0.0278  0.0003  0.0042
     9   993  895  0.0281  0.0003  0.0042
    10   993  896  0.0279  0.0003  0.0042
    11   991  897  0.0279  0.0003  0.0042
    12   992  897  0.0280  0.0003  0.0042
    13   990  898  0.0280  0.0003  0.0042
    14   989  898  0.0280  0.0003  0.0042
    15   987  899  0.0280  0.0003  0.0042
    16   986  899  0.0279  0.0003  0.0042
    17   988  899  0.0279  0.0003  0.0042
    18   984  900  0.0279  0.0003  0.0042
    19   985  900  0.0279  0.0003  0.0042
    20   983  901  0.0279  0.0003  0.0042
    21   982  901  0.0279  0.0003  0.0042
    22   981  901  0.0279  0.0003  0.0042
    23   979  902  0.0279  0.0003  0.0042
    24   980  902  0.0278  0.0003  0.0042
    25   978  903  0.0278  0.0003  0.0042
    26   977  903  0.0278  0.0003  0.0042
    27   975  904  0.0279  0.0003  0.0042
    28   976  904  0.0279  0.0003  0.0042
    29   973  905  0.0279  0.0003  0.0042
    30   974  905  0.0280  0.0003  0.0042
    31   972  906  0.0279  0.0003  0.0042
    32   971  906  0.0279  0.0003  0.0042
    33   970  906  0.0280  0.0003  0.0042
    34   968  907  0.0279  0.0003  0.0042
    35   969  907  0.0279  0.0003  0.0042
    36   966  908  0.0279  0.0003  0.0042
    37   967  908  0.0278  0.0003  0.0042
    38   965  909  0.0278  0.0003  0.0042
    39   964  909  0.0276  0.0003  0.0042
    40   963  910  0.0276  0.0003  0.0042
    41   961  911  0.0277  0.0004  0.0042
    42   962  911  0.0275  0.0004  0.0042
    43   960  912  0.0276  0.0004  0.0042
    44   959  913  0.0276  0.0004  0.0042
    45   958  913  0.0275  0.0004  0.0042
    46   957  914  0.0276  0.0004  0.0042
    47   955  915  0.0275  0.0004  0.0042
    48   956  915  0.0275  0.0004  0.0042
    49   953  916  0.0276  0.0004  0.0042
    50   954  916  0.0277  0.0004  0.0042
    51   952  917  0.0275  0.0004  0.0042
    52   951  917  0.0277  0.0004  0.0042
    53   950  917  0.0277  0.0004  0.0042
    54   948  918  0.0275  0.0004  0.0042
    55   947  918  0.0276  0.0004  0.0042
    56   946  918  0.0275  0.0004  0.0042
    57   949  918  0.0276  0.0004  0.0042
    58   945  919  0.0275  0.0004  0.0042
    59   944  919  0.0276  0.0004  0.0042
    60   943  919  0.0275  0.0004  0.0042
    61   941  920  0.0276  0.0004  0.0042
    62   940  920  0.0276  0.0004  0.0042
    63   942  920  0.0276  0.0004  0.0042
    64   939  921  0.0275  0.0004  0.0042
    65   938  921  0.0275  0.0004  0.0042
    66   937  921  0.0275  0.0004  0.0042
    67   936  921  0.0275  0.0004  0.0042
    68   934  922  0.0275  0.0004  0.0042
    69   933  922  0.0275  0.0004  0.0042
    70   935  922  0.0275  0.0004  0.0042
    71   932  923  0.0275  0.0004  0.0042
    72   931  923  0.0275  0.0004  0.0042
    73   930  923  0.0275  0.0004  0.0042
    74   928  924  0.0275  0.0004  0.0042
    75   927  924  0.0275  0.0004  0.0042
    76   929  924  0.0275  0.0004  0.0042
    77   926  925  0.0275  0.0004  0.0042
    78   925  925  0.0275  0.0004  0.0042
    79   924  925  0.0275  0.0004  0.0042
    80   922  926  0.0275  0.0004  0.0042
    81   923  926  0.0275  0.0004  0.0042
    82   920  927  0.0274  0.0004  0.0042
    83   919  927  0.0274  0.0004  0.0041
    84   921  927  0.0274  0.0004  0.0042
    85   918  928  0.0274  0.0004  0.0042
    86   917  928  0.0274  0.0004  0.0041
    87   916  928  0.0274  0.0004  0.0042
    88   915  928  0.0274  0.0004  0.0041
    89   914  928  0.0274  0.0004  0.0041
    90   913  928  0.0274  0.0004  0.0042
    91   912  929  0.0274  0.0004  0.0042
    92   911  929  0.0274  0.0004  0.0041
    93   910  929  0.0274  0.0004  0.0041
    94   909  929  0.0273  0.0004  0.0041
    95   908  929  0.0274  0.0004  0.0041
    96   907  929  0.0274  0.0004  0.0041
    97   905  930  0.0273  0.0005  0.0041
    98   904  930  0.0274  0.0005  0.0041
    99   906  930  0.0274  0.0004  0.0042
   100   902  931  0.0274  0.0005  0.0041
   101   903  931  0.0273  0.0005  0.0041

    1  1037  907  0.0277  0.0002  0.0042
    2  1036  907  0.0276  0.0002  0.0042
    3  1035  907  0.0276  0.0002  0.0042
    4  1034  907  0.0276  0.0002  0.0042
    5  1033  907  0.0276  0.0002  0.0042
    6  1038  907  0.0276  0.0002  0.0042
    7  1032  908  0.0276  0.0002  0.0042
    8  1031  908  0.0276  0.0002  0.0042
    9  1029  909  0.0276  0.0002  0.0042
   10  1030  909  0.0276  0.0002  0.0042
   11  1027  910  0.0276  0.0002  0.0042
   12  1028  910  0.0276  0.0002  0.0042
   13  1026  911  0.0276  0.0002  0.0042
   14  1025  911  0.0275  0.0002  0.0042
   15  1024  912  0.0276  0.0002  0.0042
   16  1024  913  0.0276  0.0002  0.0042
   17  1023  914  0.0276  0.0002  0.0042
   18  1022  915  0.0277  0.0002  0.0042
   19  1021  916  0.0276  0.0002  0.0042
   20  1020  916  0.0276  0.0003  0.0042
   21  1018  917  0.0276  0.0003  0.0042
   22  1017  917  0.0277  0.0003  0.0042
   23  1019  917  0.0276  0.0003  0.0042
   24  1015  918  0.0276  0.0003  0.0042
   25  1016  918  0.0277  0.0003  0.0042
   26  1014  919  0.0276  0.0003  0.0042
   27  1013  919  0.0276  0.0003  0.0042
   28  1011  920  0.0277  0.0003  0.0042
   29  1012  920  0.0276  0.0003  0.0042
   30  1009  921  0.0277  0.0003  0.0042
   31  1010  921  0.0276  0.0003  0.0042
   32  1008  922  0.0276  0.0003  0.0042
   33  1007  922  0.0276  0.0003  0.0042
   34  1006  922  0.0277  0.0003  0.0042
   35  1004  923  0.0276  0.0003  0.0042
   36  1003  923  0.0276  0.0003  0.0042
   37  1002  923  0.0277  0.0003  0.0042
   38  1005  923  0.0276  0.0003  0.0042
   39  1001  924  0.0277  0.0003  0.0042
   40  1000  924  0.0276  0.0003  0.0042
   41   999  924  0.0277  0.0003  0.0042
   42   998  924  0.0276  0.0003  0.0042
   43   996  925  0.0276  0.0003  0.0042
   44   995  925  0.0276  0.0003  0.0042
   45   994  925  0.0276  0.0003  0.0042
   46   997  925  0.0276  0.0003  0.0042
   47   993  926  0.0276  0.0003  0.0042
   48   992  926  0.0275  0.0003  0.0042
   49   991  926  0.0275  0.0003  0.0042
   50   989  927  0.0275  0.0003  0.0042
   51   988  927  0.0275  0.0003  0.0042
   52   990  927  0.0275  0.0003  0.0042
   53   986  928  0.0275  0.0003  0.0042
   54   987  928  0.0275  0.0003  0.0042

    1  844  927  0.0276  0.0006  0.0042
    2  845  927  0.0276  0.0006  0.0042
    3  842  928  0.0275  0.0006  0.0042
    4  841  928  0.0275  0.0006  0.0042
    5  843  928  0.0276  0.0006  0.0042
    6  840  929  0.0275  0.0006  0.0042
    7  839  929  0.0275  0.0006  0.0042
    8  838  929  0.0275  0.0006  0.0042
    9  836  930  0.0275  0.0006  0.0042
   10  835  930  0.0275  0.0006  0.0042
   11  837  930  0.0275  0.0006  0.0042
   12  834  931  0.0275  0.0006  0.0042
   13  830  931  0.0275  0.0006  0.0041
   14  831  931  0.0275  0.0006  0.0041
   15  832  931  0.0275  0.0006  0.0041
   16  833  931  0.0275  0.0006  0.0042
   17  828  932  0.0275  0.0006  0.0042
   18  827  932  0.0275  0.0006  0.0042
   19  826  932  0.0275  0.0006  0.0042
   20  825  932  0.0275  0.0006  0.0042
   21  829  932  0.0275  0.0006  0.0041
   22  824  933  0.0275  0.0006  0.0041
   23  823  933  0.0275  0.0006  0.0042
   24  822  933  0.0275  0.0006  0.0041
   25  821  933  0.0275  0.0006  0.0041
   26  819  934  0.0275  0.0006  0.0041
   27  818  934  0.0274  0.0006  0.0041
   28  820  934  0.0274  0.0006  0.0041

     1  909  953  0.0271  0.0004  0.0042
     2  910  953  0.0271  0.0004  0.0042
     3  907  954  0.0271  0.0004  0.0042
     4  908  954  0.0271  0.0004  0.0042
     5  906  955  0.0271  0.0004  0.0042
     6  905  955  0.0271  0.0005  0.0042
     7  904  955  0.0271  0.0005  0.0042
     8  902  956  0.0271  0.0005  0.0042
     9  901  956  0.0271  0.0005  0.0042
    10  900  956  0.0271  0.0005  0.0042
    11  903  956  0.0271  0.0005  0.0042
    12  899  957  0.0271  0.0005  0.0042
    13  898  957  0.0271  0.0005  0.0042
    14  897  957  0.0271  0.0005  0.0042
    15  896  957  0.0271  0.0005  0.0042
    16  895  957  0.0271  0.0005  0.0042
    17  894  957  0.0271  0.0005  0.0042
    18  892  958  0.0271  0.0005  0.0042
    19  891  958  0.0271  0.0005  0.0042
    20  890  958  0.0271  0.0005  0.0042
    21  889  958  0.0271  0.0005  0.0042
    22  888  958  0.0271  0.0005  0.0042
    23  893  958  0.0271  0.0005  0.0042
    24  887  959  0.0271  0.0005  0.0042
    25  886  959  0.0271  0.0005  0.0042
    26  885  959  0.0271  0.0005  0.0042
    27  884  959  0.0271  0.0005  0.0042
    28  883  959  0.0271  0.0005  0.0042
    29  881  960  0.0271  0.0005  0.0042
    30  880  960  0.0271  0.0005  0.0042
    31  882  960  0.0271  0.0005  0.0042
    32  878  961  0.0271  0.0005  0.0042
    33  879  961  0.0271  0.0005  0.0042
    34  877  962  0.0270  0.0005  0.0042
    35  876  962  0.0270  0.0005  0.0042
    36  874  963  0.0270  0.0005  0.0042
    37  873  963  0.0270  0.0005  0.0042
    38  875  963  0.0270  0.0005  0.0042
    39  872  964  0.0270  0.0005  0.0042
    40  871  964  0.0270  0.0005  0.0042
    41  870  964  0.0270  0.0005  0.0042
    42  869  964  0.0270  0.0005  0.0042
    43  868  964  0.0270  0.0005  0.0042
    44  866  965  0.0270  0.0005  0.0042
    45  865  965  0.0269  0.0005  0.0041
    46  864  965  0.0269  0.0005  0.0041
    47  867  965  0.0270  0.0005  0.0042
    48  862  966  0.0269  0.0005  0.0041
    49  863  966  0.0269  0.0005  0.0041
    50  861  967  0.0269  0.0005  0.0041
    51  860  968  0.0269  0.0005  0.0041
    52  859  968  0.0269  0.0005  0.0041
    53  857  969  0.0269  0.0005  0.0041
    54  856  969  0.0269  0.0005  0.0041
    55  855  969  0.0269  0.0005  0.0041
    56  854  969  0.0269  0.0005  0.0041
    57  853  969  0.0269  0.0005  0.0041
    58  858  969  0.0268  0.0005  0.0041
    59  852  970  0.0269  0.0005  0.0041
    60  851  970  0.0269  0.0005  0.0041
    61  850  970  0.0268  0.0005  0.0041
    62  849  970  0.0269  0.0005  0.0041
    63  848  970  0.0269  0.0005  0.0041
    64  847  970  0.0268  0.0006  0.0041
    65  845  971  0.0269  0.0006  0.0042
    66  844  971  0.0269  0.0006  0.0042
    67  843  971  0.0270  0.0006  0.0042
    68  846  971  0.0269  0.0006  0.0041
    69  841  972  0.0269  0.0006  0.0042
    70  840  972  0.0269  0.0006  0.0042
    71  839  972  0.0269  0.0006  0.0042
    72  842  972  0.0269  0.0006  0.0042
    73  838  973  0.0269  0.0006  0.0042
    74  837  973  0.0269  0.0006  0.0041
    75  836  973  0.0269  0.0006  0.0041
    76  835  973  0.0269  0.0006  0.0042
    77  834  973  0.0269  0.0006  0.0042
    78  825  973  0.0269  0.0006  0.0041
    79  826  973  0.0269  0.0006  0.0041
    80  827  973  0.0269  0.0006  0.0042
    81  828  973  0.0269  0.0006  0.0041
    82  830  974  0.0269  0.0006  0.0041
    83  831  974  0.0269  0.0006  0.0041
    84  832  974  0.0269  0.0006  0.0041
    85  833  974  0.0269  0.0006  0.0041
    86  824  974  0.0269  0.0006  0.0042
    87  823  974  0.0269  0.0006  0.0042
    88  822  974  0.0270  0.0006  0.0042
    89  829  974  0.0269  0.0006  0.0041
    90  821  975  0.0270  0.0006  0.0042
    91  820  975  0.0270  0.0006  0.0042
    92  819  975  0.0270  0.0006  0.0042
    93  817  976  0.0270  0.0006  0.0042
    94  818  976  0.0270  0.0006  0.0042
    95  815  977  0.0269  0.0006  0.0042
    96  816  977  0.0269  0.0006  0.0041
    97  813  978  0.0269  0.0006  0.0041
    98  814  978  0.0269  0.0006  0.0041
    99  811  979  0.0269  0.0006  0.0041
   100  812  979  0.0269  0.0006  0.0041

    1  1268  901  0.0283  0.0005  0.0043
    2  1267  901  0.0283  0.0005  0.0043
    3  1266  901  0.0282  0.0005  0.0043
    4  1265  901  0.0282  0.0005  0.0043
    5  1269  901  0.0282  0.0005  0.0043
    6  1264  902  0.0282  0.0005  0.0043
    7  1263  902  0.0282  0.0005  0.0043
    8  1262  902  0.0281  0.0005  0.0043
    9  1261  902  0.0281  0.0005  0.0043
   10  1260  902  0.0281  0.0004  0.0043
   11  1259  902  0.0281  0.0004  0.0043
   12  1258  903  0.0281  0.0004  0.0043
   13  1257  903  0.0281  0.0004  0.0043
   14  1256  904  0.0280  0.0004  0.0043
   15  1255  905  0.0280  0.0004  0.0043
   16  1254  906  0.0280  0.0004  0.0043
   17  1253  907  0.0280  0.0004  0.0043
   18  1252  907  0.0280  0.0004  0.0043
   19  1251  908  0.0280  0.0004  0.0043
   20  1249  909  0.0280  0.0004  0.0043
   21  1248  909  0.0280  0.0004  0.0043
   22  1250  909  0.0279  0.0004  0.0043
   23  1247  910  0.0281  0.0004  0.0043
   24  1246  910  0.0280  0.0004  0.0043
   25  1245  910  0.0280  0.0004  0.0043
   26  1244  910  0.0280  0.0004  0.0043
   27  1243  910  0.0280  0.0004  0.0043
   28  1242  910  0.0280  0.0004  0.0043
   29  1240  911  0.0280  0.0004  0.0043
   30  1239  911  0.0280  0.0004  0.0043
   31  1238  911  0.0280  0.0004  0.0043
   32  1237  911  0.0280  0.0004  0.0043
   33  1236  911  0.0280  0.0004  0.0043
   34  1235  911  0.0280  0.0004  0.0043
   35  1241  911  0.0280  0.0004  0.0043
   36  1234  912  0.0279  0.0004  0.0043
   37  1233  912  0.0279  0.0004  0.0043
   38  1232  912  0.0279  0.0004  0.0043
   39  1231  912  0.0278  0.0004  0.0043
   40  1230  912  0.0279  0.0004  0.0043
   41  1229  912  0.0278  0.0004  0.0043
   42  1228  912  0.0278  0.0004  0.0043
   43  1226  913  0.0278  0.0004  0.0043
   44  1225  913  0.0278  0.0004  0.0043
   45  1227  913  0.0278  0.0004  0.0043
   46  1223  914  0.0278  0.0004  0.0043
   47  1222  914  0.0278  0.0004  0.0043
   48  1224  914  0.0278  0.0004  0.0043
   49  1221  915  0.0279  0.0004  0.0043
   50  1220  915  0.0278  0.0004  0.0043
   51  1218  916  0.0278  0.0004  0.0043
   52  1217  916  0.0278  0.0004  0.0043
   53  1219  916  0.0278  0.0004  0.0043
   54  1215  917  0.0278  0.0004  0.0043
   55  1216  917  0.0278  0.0004  0.0043

    1  1229  902  0.0280  0.0004  0.0043
    2  1227  903  0.0280  0.0004  0.0043
    3  1226  903  0.0280  0.0004  0.0043
    4  1228  903  0.0280  0.0004  0.0043
    5  1224  904  0.0280  0.0004  0.0043
    6  1223  904  0.0280  0.0004  0.0043
    7  1222  904  0.0280  0.0004  0.0043
    8  1225  904  0.0280  0.0004  0.0043
    9  1221  905  0.0280  0.0004  0.0043
   10  1220  905  0.0280  0.0004  0.0043
   11  1219  905  0.0280  0.0004  0.0043
   12  1218  905  0.0279  0.0004  0.0043
   13  1216  906  0.0279  0.0004  0.0043
   14  1215  906  0.0279  0.0004  0.0043
   15  1217  906  0.0279  0.0004  0.0043
   16  1214  907  0.0279  0.0004  0.0043
   17  1214  908  0.0279  0.0004  0.0043
   18  1212  909  0.0279  0.0003  0.0043
   19  1213  909  0.0279  0.0003  0.0043
   20  1211  910  0.0279  0.0003  0.0043
   21  1210  910  0.0279  0.0003  0.0043
   22  1209  910  0.0279  0.0003  0.0043
   23  1207  911  0.0279  0.0003  0.0043
   24  1206  911  0.0279  0.0003  0.0043
   25  1205  911  0.0279  0.0003  0.0043
   26  1208  911  0.0279  0.0003  0.0043
   27  1203  912  0.0279  0.0003  0.0043
   28  1202  912  0.0279  0.0003  0.0043
   29  1204  912  0.0279  0.0003  0.0043
   30  1198  914  0.0278  0.0003  0.0043
   31  1197  915  0.0278  0.0003  0.0043
   32  1196  915  0.0278  0.0003  0.0043
   33  1194  916  0.0278  0.0003  0.0043
   34  1195  916  0.0278  0.0003  0.0042
   35  1193  917  0.0278  0.0003  0.0043
   36  1192  917  0.0278  0.0003  0.0043
   37  1191  917  0.0278  0.0003  0.0043
   38  1189  918  0.0277  0.0003  0.0042
   39  1190  918  0.0277  0.0003  0.0042
   40  1187  919  0.0277  0.0003  0.0042
   41  1188  919  0.0277  0.0003  0.0042
   42  1186  920  0.0277  0.0003  0.0042
   43  1185  920  0.0277  0.0003  0.0042
   44  1183  920  0.0277  0.0003  0.0042
   45  1184  920  0.0277  0.0003  0.0042
   46  1181  921  0.0276  0.0003  0.0042
   47  1180  921  0.0276  0.0003  0.0042
   48  1179  921  0.0276  0.0003  0.0042
   49  1182  921  0.0276  0.0003  0.0042
   50  1178  922  0.0276  0.0003  0.0042
   51  1177  922  0.0276  0.0003  0.0042
   52  1176  922  0.0276  0.0003  0.0042
   53  1174  923  0.0276  0.0003  0.0042
   54  1175  923  0.0277  0.0003  0.0042
   55  1173  924  0.0277  0.0003  0.0043
   56  1172  924  0.0277  0.0003  0.0042
   57  1171  924  0.0277  0.0003  0.0042
   58  1170  924  0.0277  0.0003  0.0042
   59  1169  924  0.0277  0.0003  0.0042
   60  1168  924  0.0277  0.0003  0.0042
   61  1167  924  0.0277  0.0003  0.0042
   62  1166  924  0.0277  0.0002  0.0042
   63  1164  925  0.0277  0.0002  0.0042
   64  1165  925  0.0277  0.0002  0.0042
   65  1163  926  0.0277  0.0002  0.0042
   66  1162  926  0.0277  0.0002  0.0042
   67  1161  926  0.0277  0.0002  0.0042
   68  1159  927  0.0277  0.0002  0.0042
   69  1160  927  0.0277  0.0002  0.0043
   70  1157  928  0.0277  0.0002  0.0042
   71  1158  928  0.0277  0.0002  0.0042
   72  1156  929  0.0277  0.0002  0.0042
   73  1155  929  0.0277  0.0002  0.0042
   74  1153  930  0.0277  0.0002  0.0042
   75  1154  930  0.0276  0.0002  0.0042
   76  1152  931  0.0277  0.0002  0.0042
   77  1151  932  0.0276  0.0002  0.0042
   78  1150  933  0.0276  0.0002  0.0043
   79  1149  933  0.0276  0.0002  0.0043
   80  1148  934  0.0276  0.0002  0.0043
   81  1147  935  0.0276  0.0002  0.0043
   82  1146  935  0.0276  0.0002  0.0043
   83  1145  935  0.0276  0.0002  0.0043
   84  1144  935  0.0276  0.0002  0.0043
   85  1143  935  0.0276  0.0002  0.0042
   86  1142  935  0.0276  0.0002  0.0043
   87  1141  935  0.0276  0.0002  0.0043
   88  1140  935  0.0276  0.0002  0.0042

    1  509  309  0.0361  0.0014  0.0036
    2  510  309  0.0361  0.0014  0.0036
    3  507  310  0.0361  0.0014  0.0036
    4  508  310  0.0361  0.0014  0.0036
    5  505  311  0.0360  0.0014  0.0036
    6  504  311  0.0360  0.0014  0.0036
    7  506  311  0.0360  0.0014  0.0036
    8  503  312  0.0360  0.0014  0.0036
    9  502  312  0.0360  0.0014  0.0036
   10  501  312  0.0360  0.0014  0.0036
   11  499  313  0.0359  0.0014  0.0036
   12  500  313  0.0359  0.0014  0.0036
   13  497  314  0.0359  0.0014  0.0036
   14  496  314  0.0359  0.0014  0.0036
   15  498  314  0.0359  0.0014  0.0036
   16  495  315  0.0359  0.0014  0.0036
   17  494  315  0.0359  0.0014  0.0036
   18  493  315  0.0359  0.0014  0.0036
   19  491  316  0.0359  0.0014  0.0036
   20  492  316  0.0359  0.0014  0.0036
   21  489  317  0.0359  0.0014  0.0036
   22  488  317  0.0359  0.0014  0.0036
   23  490  317  0.0359  0.0014  0.0036
   24  487  318  0.0359  0.0014  0.0036
   25  486  318  0.0359  0.0014  0.0036
   26  485  318  0.0359  0.0014  0.0036
   27  483  319  0.0359  0.0014  0.0036
   28  484  319  0.0359  0.0014  0.0036
   29  482  320  0.0359  0.0014  0.0036
   30  481  320  0.0359  0.0014  0.0036
   31  480  320  0.0359  0.0014  0.0036
   32  478  321  0.0359  0.0014  0.0036
   33  477  321  0.0359  0.0014  0.0036
   34  479  321  0.0359  0.0014  0.0036
   35  475  322  0.0359  0.0014  0.0036
   36  476  322  0.0359  0.0014  0.0036
   37  474  323  0.0358  0.0014  0.0036
   38  473  323  0.0358  0.0014  0.0036
   39  471  324  0.0358  0.0014  0.0036
   40  472  324  0.0358  0.0014  0.0036
   41  469  325  0.0358  0.0014  0.0036
   42  468  325  0.0358  0.0015  0.0036
   43  470  325  0.0358  0.0015  0.0036
   44  467  326  0.0357  0.0015  0.0036
   45  466  326  0.0357  0.0015  0.0036
   46  464  327  0.0357  0.0015  0.0036
   47  463  327  0.0357  0.0015  0.0036
   48  465  327  0.0357  0.0015  0.0036
   49  461  328  0.0357  0.0015  0.0036
   50  460  328  0.0357  0.0015  0.0036
   51  462  328  0.0357  0.0015  0.0036
   52  459  329  0.0356  0.0015  0.0036
   53  458  329  0.0356  0.0015  0.0036
   54  456  330  0.0356  0.0015  0.0036
   55  455  330  0.0356  0.0015  0.0036
   56  457  330  0.0356  0.0015  0.0036
   57  453  331  0.0356  0.0015  0.0036
   58  454  331  0.0356  0.0015  0.0036
