; ENVI Output of ROIs (5.4) [Tue Aug 06 15:15:34 2019]
; Number of ROIs: 15
; File Dimension: 1328 x 1184
;
; ROI name: Region #1
; ROI rgb value: {255, 0, 0}
; ROI npts: 135
;
; ROI name: Region #2
; ROI rgb value: {0, 255, 0}
; ROI npts: 69
;
; ROI name: Region #3
; ROI rgb value: {0, 0, 255}
; ROI npts: 46
;
; ROI name: Region #4
; ROI rgb value: {255, 255, 0}
; ROI npts: 57
;
; ROI name: Region #5
; ROI rgb value: {0, 255, 255}
; ROI npts: 115
;
; ROI name: Region #6
; ROI rgb value: {255, 0, 255}
; ROI npts: 189
;
; ROI name: Region #7
; ROI rgb value: {176, 48, 96}
; ROI npts: 114
;
; ROI name: Region #8
; ROI rgb value: {46, 139, 87}
; ROI npts: 130
;
; ROI name: Region #9
; ROI rgb value: {160, 32, 240}
; ROI npts: 75
;
; ROI name: Region #10
; ROI rgb value: {255, 127, 80}
; ROI npts: 81
;
; ROI name: Region #11
; ROI rgb value: {127, 255, 212}
; ROI npts: 83
;
; ROI name: Region #12
; ROI rgb value: {218, 112, 214}
; ROI npts: 257
;
; ROI name: Region #13
; ROI rgb value: {160, 82, 45}
; ROI npts: 115
;
; ROI name: Region #14
; ROI rgb value: {127, 255, 0}
; ROI npts: 220
;
; ROI name: Region #15
; ROI rgb value: {216, 191, 216}
; ROI npts: 168
;   ID    X    Y        B1        B2        B3
     1  645  805  200.1891  169.0292   10.5851
     2  644  805  200.1897  169.0299   10.5850
     3  643  805  200.1859  169.0304   10.5850
     4  642  805  200.1882  169.0311   10.5850
     5  641  805  200.1895  169.0317   10.5849
     6  640  805  200.1903  169.0324   10.5849
     7  639  805  200.1915  169.0330   10.5849
     8  638  805  200.1896  169.0336   10.5848
     9  637  805  200.1909  169.0343   10.5848
    10  637  806  200.1912  169.0343   10.5854
    11  636  806  200.1788  169.0346   10.5853
    12  635  806  200.1856  169.0354   10.5853
    13  634  806  200.1862  169.0361   10.5852
    14  633  807  200.1944  169.0369   10.5858
    15  632  807  200.1964  169.0376   10.5858
    16  631  807  200.1966  169.0382   10.5858
    17  630  807  200.1999  169.0389   10.5858
    18  629  807  200.2047  169.0397   10.5858
    19  627  807  200.1972  169.0407   10.5857
    20  626  807  200.1988  169.0414   10.5857
    21  625  807  200.1969  169.0420   10.5857
    22  624  807  200.2056  169.0428   10.5857
    23  623  807  200.1986  169.0433   10.5856
    24  617  808  200.1991  169.0471   10.5861
    25  620  808  200.2091  169.0454   10.5862
    26  613  810  200.2042  169.0497   10.5873
    27  610  810  200.2057  169.0516   10.5872
    28  609  810  200.2031  169.0522   10.5872
    29  588  813  200.2059  169.0654   10.5883
    30  586  813  200.2065  169.0667   10.5883
    31  585  813  200.2081  169.0674   10.5882
    32  584  813  200.2130  169.0681   10.5882
    33  583  813  200.2154  169.0688   10.5882
    34  578  813  200.2094  169.0717   10.5880
    35  577  813  200.2064  169.0723   10.5880
    36  589  813  200.2068  169.0648   10.5884
    37  574  814  200.2080  169.0742   10.5885
    38  572  814  200.2100  169.0755   10.5884
    39  571  814  200.2047  169.0760   10.5884
    43  561  815  200.2022  169.0823   10.5886
    44  562  815  200.2065  169.0817   10.5887
    46  560  815  200.0491  169.0801   10.5882
    51  552  815  200.2131  169.0881   10.5884
    52  551  815  200.2130  169.0887   10.5884
    53  549  816  200.2130  169.0900   10.5890
    54  548  816  200.2100  169.0905   10.5889
    55  547  816  200.2081  169.0911   10.5889
    56  546  816  200.2107  169.0918   10.5889
    57  545  816  200.2102  169.0924   10.5888
    58  544  816  200.2095  169.0930   10.5888
    59  543  816  200.2090  169.0936   10.5888
    60  542  816  200.2115  169.0943   10.5887
    61  541  816  200.2103  169.0949   10.5887
    62  539  816  200.2111  169.0962   10.5887
    63  537  816  200.2081  169.0974   10.5886
    64  535  816  200.2083  169.0986   10.5885
    65  534  816  200.2098  169.0993   10.5885
    66  533  816  200.2113  169.0999   10.5885
    67  532  816  200.2133  169.1006   10.5884
    68  531  816  200.2145  169.1012   10.5884
    69  528  817  200.2091  169.1030   10.5889
    70  527  817  200.2103  169.1037   10.5888
    71  526  817  200.2106  169.1043   10.5888
    72  525  817  200.2122  169.1049   10.5888
    73  524  817  200.2138  169.1056   10.5888
    74  523  817  200.2168  169.1062   10.5887
    75  521  817  200.2175  169.1075   10.5887
    76  529  817  200.2110  169.1024   10.5889
    77  519  818  200.2164  169.1088   10.5892
    78  515  818  200.2173  169.1113   10.5891
    79  478  818  200.2133  169.1342   10.5880
    80  479  818  200.2136  169.1336   10.5880
    81  477  818  200.2049  169.1348   10.5880
    82  510  819  200.2133  169.1143   10.5895
    83  512  819  200.2132  169.1131   10.5896
    84  506  819  200.2051  169.1167   10.5893
    85  507  819  200.2046  169.1161   10.5894
    86  475  819  200.1994  169.1360   10.5885
    87  470  819  200.1988  169.1391   10.5883
    88  467  819  200.2094  169.1411   10.5882
    89  465  819  200.2101  169.1423   10.5881
    90  398  819  200.1987  169.1839   10.5860
    91  400  819  200.1976  169.1827   10.5860
    92  401  819  200.2023  169.1821   10.5861
    93  397  819  200.1987  169.1846   10.5860
    94  456  820  200.2105  169.1480   10.5885
    95  455  820  200.2121  169.1486   10.5885
    96  454  820  200.2155  169.1493   10.5884
    97  452  820  200.2189  169.1505   10.5884
    98  460  820  200.2099  169.1455   10.5886
    99  458  820  200.2074  169.1467   10.5885
   100  402  820  200.2103  169.1816   10.5868
   101  403  820  200.2055  169.1809   10.5868
   102  457  820  200.2125  169.1474   10.5885
   103  404  820  200.2041  169.1803   10.5868
   104  461  820  200.2101  169.1449   10.5886
   105  419  821  200.2191  169.1711   10.5879
   106  405  821  200.2111  169.1797   10.5875
   107  406  821  200.2101  169.1791   10.5875
   108  408  821  200.2079  169.1778   10.5875
   109  409  821  200.2115  169.1772   10.5876
   110  412  821  200.2138  169.1754   10.5877
   111  416  821  200.2110  169.1729   10.5878
   112  417  821  200.2176  169.1723   10.5879
   113  418  821  200.2206  169.1717   10.5879
   114  420  821  200.2195  169.1705   10.5880
   115  450  821  200.2211  169.1518   10.5890
   116  426  822  200.2236  169.1668   10.5888
   117  424  822  200.2221  169.1680   10.5887
   118  423  822  200.2192  169.1686   10.5887
   119  442  822  200.2249  169.1569   10.5893
   120  439  822  200.2234  169.1587   10.5893
   121  431  822  200.2243  169.1637   10.5890
   122  432  822  200.2227  169.1631   10.5890
   123  433  822  200.2229  169.1624   10.5891
   124  434  822  200.2226  169.1618   10.5891
   125  435  822  200.2212  169.1612   10.5891
   126  436  822  200.2219  169.1606   10.5891
   127  437  822  200.2229  169.1600   10.5892
   128  438  822  200.2245  169.1594   10.5892
   129  443  822  200.2268  169.1563   10.5894
   130  445  822  200.2283  169.1550   10.5894
   131  446  822  200.2242  169.1544   10.5894
   132  448  822  200.2180  169.1531   10.5895
   133  428  822  200.2226  169.1656   10.5889
   134  430  822  200.2247  169.1643   10.5890
   135  444  822  200.2294  169.1557   10.5894

    1  511  832  200.2236  169.1143   10.5978
    2  510  832  200.2241  169.1149   10.5977
    3  511  833  200.2248  169.1143   10.5984
    4  512  833  200.2229  169.1137   10.5984
    5  513  833  200.2231  169.1131   10.5985
    6  514  833  200.2216  169.1124   10.5985
    7  515  833  200.2229  169.1118   10.5985
    8  516  834  200.2242  169.1113   10.5992
    9  517  834  200.2239  169.1106   10.5992
   10  515  834  200.2236  169.1119   10.5991
   11  517  835  200.2207  169.1106   10.5998
   12  518  835  200.2182  169.1100   10.5999
   13  519  835  200.2160  169.1093   10.5999
   14  570  835  200.2052  169.0773   10.6015
   15  522  836  200.2142  169.1074   10.6006
   16  523  836  200.2111  169.1068   10.6006
   17  524  836  200.2133  169.1062   10.6006
   18  525  836  200.2175  169.1056   10.6007
   19  521  836  200.2149  169.1081   10.6005
   20  520  836  200.2142  169.1087   10.6005
   21  569  836  200.2043  169.0780   10.6021
   22  568  836  200.2034  169.0786   10.6020
   23  567  836  200.2066  169.0793   10.6020
   24  566  836  200.2022  169.0798   10.6020
   25  565  836  200.2030  169.0805   10.6019
   26  564  836  200.1997  169.0810   10.6019
   27  560  836  200.2073  169.0836   10.6018
   28  551  836  200.2043  169.0892   10.6015
   29  550  836  200.2061  169.0899   10.6015
   30  546  837  200.2122  169.0925   10.6020
   31  547  837  200.2123  169.0919   10.6020
   32  549  837  200.2126  169.0906   10.6020
   33  550  837  200.2128  169.0900   10.6021
   34  545  837  200.2063  169.0930   10.6019
   35  544  837  200.2040  169.0936   10.6019
   36  559  837  200.2157  169.0845   10.6024
   37  560  837  200.2102  169.0837   10.6024
   38  543  837  200.2033  169.0942   10.6019
   39  542  837  200.2023  169.0948   10.6018
   40  541  837  200.2018  169.0954   10.6018
   41  540  837  200.2031  169.0961   10.6018
   42  539  837  200.2055  169.0967   10.6017
   43  538  837  200.2100  169.0974   10.6017
   44  537  837  200.2112  169.0981   10.6017
   45  526  837  200.2162  169.1050   10.6014
   46  616  837  200.2141  169.0489   10.6041
   47  617  837  200.2224  169.0485   10.6042
   48  618  837  200.2151  169.0477   10.6042
   49  618  838  200.2175  169.0478   10.6048
   52  622  838  200.2049  169.0450   10.6049
   53  623  838  200.2015  169.0443   10.6049
   54  624  838  200.2030  169.0437   10.6050
   55  625  838  200.1980  169.0430   10.6050
   56  626  838  200.2072  169.0426   10.6050
   57  628  838  200.2113  169.0414   10.6051
   58  629  838  200.2246  169.0411   10.6052
   59  630  838  200.2405  169.0409   10.6052
   60  631  838  200.2381  169.0402   10.6053
   61  633  838  200.2366  169.0389   10.6054
   62  634  838  200.2372  169.0383   10.6054
   63  635  838  200.2256  169.0374   10.6054
   64  636  838  200.2325  169.0370   10.6054
   65  637  838  200.2288  169.0362   10.6055
   66  638  838  200.2237  169.0355   10.6055
   67  639  838  200.2188  169.0348   10.6055
   68  640  839  200.2204  169.0342   10.6062
   69  639  839  200.2180  169.0348   10.6061

    1  296  801  200.0562  169.2470   10.5707
    2  295  801  200.0556  169.2477   10.5706
    3  294  801  200.0559  169.2483   10.5706
    4  293  801  200.0557  169.2489   10.5706
    5  297  801  200.0558  169.2464   10.5707
    6  292  802  200.0516  169.2496   10.5712
    7  291  802  200.0503  169.2502   10.5711
    8  290  802  200.0507  169.2509   10.5711
    9  289  802  200.0501  169.2515   10.5710
   10  288  802  200.0479  169.2521   10.5710
   11  287  802  200.0489  169.2528   10.5710
   12  286  803  200.0476  169.2534   10.5716
   13  285  803  200.0488  169.2541   10.5715
   14  283  803  200.0471  169.2553   10.5715
   15  284  803  200.0468  169.2547   10.5715
   16  282  804  200.0494  169.2560   10.5721
   17  280  804  200.0547  169.2572   10.5720
   18  279  804  200.0604  169.2579   10.5720
   19  278  804  200.0636  169.2585   10.5720
   20  276  804  200.0684  169.2597   10.5720
   21  281  804  200.0532  169.2566   10.5721
   22  270  805  200.0666  169.2635   10.5724
   23  269  805  200.0680  169.2642   10.5724
   24  273  805  200.0662  169.2617   10.5725
   25  275  805  200.0683  169.2604   10.5726
   26  268  805  200.0658  169.2648   10.5724
   27  267  805  200.0689  169.2654   10.5724
   28  266  805  200.0683  169.2661   10.5723
   29  262  805  200.0736  169.2686   10.5722
   30  271  805  200.0672  169.2629   10.5725
   31  263  805  200.0715  169.2680   10.5722
   32  261  805  200.0745  169.2692   10.5722
   33  264  805  200.0711  169.2673   10.5723
   34  258  806  200.0746  169.2711   10.5727
   35  260  806  200.0735  169.2699   10.5728
   36  256  807  200.0709  169.2724   10.5733
   37  255  807  200.0662  169.2731   10.5732
   38  257  807  200.0749  169.2718   10.5733
   42  250  808  200.0757  169.2762   10.5737
   43  249  808  200.0785  169.2768   10.5737
   44  248  808  200.0778  169.2775   10.5737
   45  247  808  200.0782  169.2781   10.5736
   46  246  808  200.0791  169.2787   10.5736

    1  314  781  200.0468  169.2350   10.5584
    2  313  781  200.0455  169.2356   10.5584
    3  316  781  200.0448  169.2337   10.5585
    4  311  782  200.0501  169.2369   10.5590
    5  309  783  200.0472  169.2382   10.5595
    6  308  783  200.0475  169.2389   10.5595
    7  310  783  200.0519  169.2376   10.5596
    8  307  784  200.0458  169.2395   10.5601
    9  306  784  200.0497  169.2402   10.5601
   10  304  784  200.0494  169.2414   10.5600
   11  303  784  200.0493  169.2421   10.5600
   12  302  784  200.0495  169.2427   10.5600
   13  300  784  200.0486  169.2440   10.5599
   14  299  784  200.0476  169.2446   10.5599
   15  296  785  200.0498  169.2465   10.5604
   16  294  786  200.0527  169.2478   10.5610
   17  292  787  200.0493  169.2491   10.5616
   18  288  788  200.0546  169.2517   10.5622
   19  290  788  200.0500  169.2504   10.5622
   20  288  789  200.0543  169.2517   10.5628
   21  287  789  200.0534  169.2523   10.5627
   22  286  789  200.0567  169.2530   10.5627
   23  285  789  200.0560  169.2536   10.5627
   24  284  789  200.0590  169.2542   10.5627
   25  269  789  200.0682  169.2637   10.5622
   26  272  789  200.0615  169.2618   10.5623
   27  273  789  200.0637  169.2612   10.5623
   28  274  789  200.0670  169.2605   10.5624
   29  276  789  200.0620  169.2593   10.5624
   30  278  789  200.0605  169.2580   10.5625
   31  279  789  200.0613  169.2574   10.5625
   32  281  789  200.0592  169.2561   10.5626
   33  282  789  200.0589  169.2555   10.5626
   34  266  790  200.0665  169.2656   10.5628
   35  265  790  200.0689  169.2662   10.5627
   36  267  790  200.0665  169.2650   10.5628
   37  265  791  200.0671  169.2663   10.5634
   38  264  791  200.0684  169.2669   10.5633
   39  263  791  200.0698  169.2675   10.5633
   40  262  791  200.0724  169.2681   10.5633
   41  261  791  200.0738  169.2688   10.5633
   42  260  791  200.0767  169.2694   10.5633
   43  259  791  200.0759  169.2700   10.5632
   44  258  791  200.0752  169.2706   10.5632
   45  257  791  200.0787  169.2713   10.5632
   46  257  792  200.0804  169.2713   10.5638
   47  256  792  200.0812  169.2719   10.5638
   48  254  793  200.0810  169.2732   10.5643
   49  253  793  200.0820  169.2738   10.5643
   50  252  793  200.0819  169.2745   10.5643
   51  251  793  200.0832  169.2751   10.5642
   52  249  793  200.0823  169.2764   10.5642
   53  248  793  200.0850  169.2770   10.5642

     1  316  768  200.0301  169.2333   10.5501
     2  314  768  200.0311  169.2346   10.5501
     3  313  768  200.0323  169.2352   10.5500
     4  315  768  200.0306  169.2339   10.5501
     5  311  769  200.0342  169.2365   10.5506
     6  308  769  200.0354  169.2384   10.5505
     7  306  769  200.0347  169.2397   10.5505
     8  310  769  200.0321  169.2372   10.5506
     9  309  769  200.0334  169.2378   10.5506
    10  307  769  200.0351  169.2391   10.5505
    11  303  770  200.0369  169.2416   10.5510
    12  305  770  200.0371  169.2404   10.5511
    13  300  771  200.0386  169.2435   10.5516
    14  299  771  200.0422  169.2442   10.5516
    15  298  771  200.0416  169.2448   10.5515
    16  297  771  200.0381  169.2455   10.5515
    17  296  771  200.0400  169.2461   10.5514
    18  301  771  200.0396  169.2429   10.5516
    19  294  771  200.0429  169.2473   10.5514
    20  293  771  200.0431  169.2480   10.5514
    21  292  771  200.0439  169.2486   10.5513
    22  291  771  200.0443  169.2493   10.5513
    23  302  771  200.0379  169.2423   10.5516
    24  295  771  200.0432  169.2467   10.5514
    25  194  772  200.0224  169.3108   10.5486
    26  193  772  200.0202  169.3115   10.5485
    27  192  772  200.0201  169.3121   10.5484
    28  191  772  200.0206  169.3127   10.5484
    29  189  772  200.0216  169.3140   10.5484
    30  190  772  200.0219  169.3134   10.5484
    31  195  772  200.0237  169.3102   10.5486
    32  278  772  200.0501  169.2575   10.5516
    33  196  772  200.0243  169.3095   10.5486
    34  280  772  200.0499  169.2562   10.5517
    35  281  772  200.0501  169.2556   10.5517
    36  282  772  200.0458  169.2550   10.5517
    37  283  772  200.0439  169.2543   10.5517
    38  284  772  200.0500  169.2537   10.5518
    39  286  772  200.0423  169.2525   10.5518
    40  287  772  200.0449  169.2518   10.5518
    41  289  772  200.0450  169.2505   10.5519
    42  290  772  200.0423  169.2499   10.5519
    43  197  772  200.0244  169.3089   10.5487
    44  212  772  200.0405  169.2993   10.5493
    45  222  772  200.0541  169.2929   10.5498
    46  221  772  200.0564  169.2935   10.5498
    47  220  772  200.0526  169.2942   10.5497
    48  219  772  200.0548  169.2948   10.5497
    49  218  772  200.0520  169.2954   10.5496
    50  217  772  200.0503  169.2961   10.5496
    51  216  772  200.0439  169.2967   10.5495
    52  215  772  200.0435  169.2974   10.5495
    53  214  772  200.0426  169.2980   10.5494
    54  279  772  200.0549  169.2569   10.5517
    55  213  772  200.0428  169.2986   10.5494
    56  277  773  200.0495  169.2582   10.5522
    57  276  773  200.0468  169.2588   10.5522
    58  199  773  200.0277  169.3076   10.5494
    59  200  773  200.0303  169.3070   10.5495
    60  201  773  200.0316  169.3064   10.5495
    61  202  773  200.0346  169.3057   10.5496
    62  203  773  200.0332  169.3051   10.5496
    63  204  773  200.0369  169.3044   10.5497
    64  205  773  200.0402  169.3038   10.5497
    65  206  773  200.0376  169.3031   10.5497
    66  207  773  200.0368  169.3025   10.5498
    67  208  773  200.0403  169.3018   10.5498
    68  209  773  200.0421  169.3012   10.5499
    69  210  773  200.0393  169.3006   10.5499
    70  211  773  200.0437  169.2999   10.5500
    71  212  773  200.0438  169.2993   10.5500
    72  198  773  200.0285  169.3083   10.5494
    73  229  773  200.0507  169.2885   10.5506
    74  228  773  200.0531  169.2891   10.5506
    75  227  773  200.0513  169.2898   10.5506
    76  226  773  200.0521  169.2904   10.5505
    77  225  773  200.0528  169.2910   10.5505
    78  224  773  200.0541  169.2916   10.5505
    79  223  773  200.0527  169.2923   10.5505
    80  222  773  200.0540  169.2929   10.5504
    81  229  774  200.0495  169.2885   10.5513
    82  274  774  200.0532  169.2601   10.5528
    83  273  774  200.0539  169.2607   10.5527
    84  272  774  200.0581  169.2613   10.5527
    85  232  774  200.0566  169.2866   10.5515
    86  231  774  200.0511  169.2873   10.5513
    87  230  774  200.0505  169.2879   10.5513
    88  251  775  200.0644  169.2746   10.5527
    89  250  775  200.0635  169.2752   10.5527
    90  249  775  200.0644  169.2759   10.5526
    91  248  775  200.0655  169.2765   10.5526
    92  252  775  200.0643  169.2740   10.5527
    93  253  775  200.0649  169.2733   10.5528
    94  254  775  200.0640  169.2727   10.5528
    95  233  775  200.0508  169.2860   10.5521
    96  234  775  200.0528  169.2854   10.5521
    97  238  775  200.0477  169.2829   10.5522
    98  237  775  200.0491  169.2835   10.5522
    99  236  775  200.0488  169.2842   10.5521
   100  267  775  200.0609  169.2645   10.5532
   101  269  775  200.0598  169.2633   10.5533
   102  271  775  200.0576  169.2620   10.5533
   103  255  775  200.0632  169.2721   10.5529
   104  256  775  200.0626  169.2715   10.5529
   105  240  775  200.0496  169.2816   10.5523
   106  239  775  200.0493  169.2823   10.5522
   107  246  775  200.0652  169.2778   10.5525
   108  244  775  200.0602  169.2790   10.5525
   109  242  775  200.0581  169.2803   10.5524
   110  235  775  200.0536  169.2848   10.5522
   111  261  776  200.0596  169.2683   10.5537
   112  262  776  200.0634  169.2677   10.5537
   113  264  776  200.0650  169.2664   10.5538
   114  259  776  200.0592  169.2696   10.5536
   115  258  776  200.0619  169.2702   10.5536

     1  721  384  199.4107  168.9432   10.2960
     2  722  384  199.4084  168.9424   10.2959
     3  723  385  199.4154  168.9420   10.2969
     4  722  385  199.4115  168.9426   10.2967
     5  147  386  199.2484  169.3363   10.2721
     6  144  386  199.2457  169.3385   10.2719
     7  143  386  199.2434  169.3392   10.2718
     8  146  386  199.2492  169.3370   10.2721
     9  145  386  199.2462  169.3378   10.2720
    10  725  386  199.4310  168.9412   10.2982
    11  724  386  199.4287  168.9418   10.2981
    12  142  386  199.2466  169.3398   10.2719
    13  727  386  199.4417  168.9402   10.2986
    14  728  386  199.4577  168.9400   10.2992
    15  729  386  199.4647  168.9396   10.2995
    16  730  386  199.4620  168.9388   10.2995
    17  732  386  199.4573  168.9373   10.2993
    18  733  386  199.4569  168.9366   10.2994
    19  734  386  199.4467  168.9356   10.2990
    20  151  387  199.2643  169.3335   10.2736
    21  154  387  199.2648  169.3314   10.2737
    22  155  387  199.2717  169.3306   10.2740
    23  156  387  199.2673  169.3300   10.2739
    24  157  387  199.2730  169.3292   10.2741
    25  158  387  199.2710  169.3286   10.2741
    26  152  387  199.2651  169.3328   10.2736
    27  153  387  199.2627  169.3321   10.2736
    28  150  387  199.2589  169.3342   10.2733
    29  149  387  199.2552  169.3349   10.2731
    30  148  387  199.2586  169.3356   10.2732
    31  735  387  199.4310  168.9344   10.2992
    32  737  387  199.4370  168.9332   10.2995
    33  738  387  199.4412  168.9327   10.2997
    34  741  387  199.4324  168.9304   10.2995
    35  742  387  199.4503  168.9303   10.3002
    36  166  388  199.2791  169.3230   10.2753
    37  756  388  199.4454  168.9206   10.3011
    38  754  388  199.4305  168.9215   10.3005
    39  749  388  199.4272  168.9248   10.3002
    40  176  388  199.2968  169.3160   10.2764
    41  175  388  199.3133  169.3165   10.2770
    42  174  388  199.2590  169.3177   10.2749
    43  173  388  199.2877  169.3181   10.2759
    44  172  388  199.3047  169.3187   10.2765
    45  171  388  199.2551  169.3198   10.2746
    46  170  388  199.2632  169.3204   10.2749
    47  169  388  199.2821  169.3209   10.2756
    48  168  388  199.2720  169.3217   10.2752
    49  167  388  199.2742  169.3224   10.2752
    50  757  388  199.4496  168.9201   10.3014
    51  163  388  199.2831  169.3251   10.2754
    52  162  388  199.2788  169.3258   10.2752
    53  161  388  199.2764  169.3265   10.2751
    54  160  388  199.2750  169.3272   10.2750
    55  159  388  199.2748  169.3279   10.2750
    56  743  388  199.4637  168.9301   10.3014
    57  745  388  199.4411  168.9280   10.3006
    58  747  388  199.4332  168.9263   10.3004
    59  748  388  199.4346  168.9257   10.3005
    60  178  389  199.2874  169.3147   10.2767
    61  180  389  199.2892  169.3133   10.2769
    62  179  389  199.2873  169.3140   10.2768
    63  177  389  199.3070  169.3152   10.2775
    64  758  389  199.4723  168.9202   10.3029
    65  759  389  199.4534  168.9189   10.3022
    66  761  389  199.4076  168.9159   10.3006
    68  766  390  199.3618  168.9109   10.2998
    69  764  390  199.3331  168.9113   10.2987
    70  763  390  199.3713  168.9133   10.3000
    71  762  390  199.3800  168.9143   10.3003
    72  192  390  199.2795  169.3052   10.2776
    73  191  390  199.2902  169.3058   10.2780
    74  190  390  199.2905  169.3065   10.2780
    75  189  390  199.2873  169.3072   10.2778
    76  188  390  199.2830  169.3079   10.2776
    77  187  390  199.2761  169.3087   10.2773
    78  186  390  199.2806  169.3093   10.2774
    79  185  390  199.2867  169.3100   10.2777
    80  184  390  199.2926  169.3106   10.2778
    81  183  390  199.2849  169.3113   10.2775
    82  182  390  199.2871  169.3120   10.2776
    83  180  390  199.2861  169.3134   10.2774
    84  181  390  199.2864  169.3127   10.2775
    85  207  391  199.2823  169.2949   10.2788
    86  193  391  199.2881  169.3045   10.2786
    87  195  391  199.2655  169.3033   10.2779
    88  196  391  199.2762  169.3025   10.2783
    89  197  391  199.2833  169.3017   10.2786
    90  198  391  199.2818  169.3011   10.2786
    91  199  391  199.2823  169.3004   10.2786
    92  769  391  199.3779  168.9094   10.3011
    93  200  391  199.2767  169.2997   10.2784
    94  206  391  199.2768  169.2956   10.2786
    95  204  391  199.2787  169.2970   10.2786
    96  201  391  199.2752  169.2990   10.2784
    97  202  391  199.2762  169.2983   10.2785
    98  775  391  199.2134  168.8994   10.2955
   100  771  391  199.4377  168.9102   10.3034
   101  203  391  199.2760  169.2977   10.2785
   102  194  391  199.2733  169.3039   10.2781
   122  807  394  199.2171  168.8773   10.2988
   123  808  394  199.2267  168.8770   10.2992
   126  815  395  199.1988  168.8710   10.2992
   127  816  395  199.1949  168.8702   10.2991
   128  817  395  199.1917  168.8693   10.2990
   129  818  395  199.1919  168.8687   10.2991
   130  819  395  199.1778  168.8674   10.2986
   134  265  396  199.3283  169.2550   10.2859
   135  266  396  199.3282  169.2543   10.2860
   136  267  396  199.3279  169.2536   10.2860
   137  268  396  199.3290  169.2529   10.2861
   138  264  396  199.3286  169.2556   10.2859
   139  263  396  199.3297  169.2563   10.2859
   140  262  396  199.3297  169.2570   10.2859
   141  827  396  199.4075  168.8710   10.3076
   142  826  396  199.4113  168.8719   10.3077
   143  824  396  199.1809  168.8641   10.2996
   144  822  396  199.1988  168.8662   10.3001
   145  821  396  199.2122  168.8674   10.3006
   146  828  396  199.4564  168.8723   10.3094
   147  829  396  199.2973  168.8652   10.3037
   148  820  396  199.2200  168.8684   10.3008
   149  261  396  199.3267  169.2577   10.2857
   150  260  396  199.3276  169.2584   10.2858
   151  259  396  199.3256  169.2591   10.2856
   152  258  396  199.3261  169.2598   10.2856
   153  830  396  199.2831  168.8640   10.3032
   154  256  396  199.3220  169.2612   10.2854
   155  268  397  199.3307  169.2529   10.2868
   156  269  397  199.3289  169.2523   10.2868
   157  270  397  199.3277  169.2516   10.2868
   158  271  397  199.3313  169.2509   10.2869
   159  272  397  199.3318  169.2502   10.2870
   160  273  397  199.3317  169.2495   10.2870
   161  274  397  199.3359  169.2488   10.2872
   162  276  397  199.3342  169.2474   10.2872
   163  278  397  199.3360  169.2461   10.2873
   164  279  397  199.3358  169.2454   10.2873
   165  280  397  199.3349  169.2447   10.2874
   166  281  397  199.3376  169.2440   10.2875
   167  848  397  199.4427  168.8582   10.3103
   168  846  397  199.4418  168.8595   10.3101
   169  845  397  199.4501  168.8605   10.3104
   170  843  397  199.4643  168.8625   10.3109
   171  842  397  199.4462  168.8624   10.3102
   172  839  397  199.4537  168.8648   10.3104
   174  836  397  199.2910  168.8601   10.3042
   175  275  397  199.3290  169.2481   10.2870
   176  832  397  199.2242  168.8602   10.3019
   177  833  397  199.2141  168.8591   10.3015
   179  854  398  199.4668  168.8552   10.3121
   180  853  398  199.4434  168.8549   10.3111
   181  852  398  199.4678  168.8566   10.3120
   182  851  398  199.4559  168.8567   10.3116
   183  849  398  199.4570  168.8581   10.3115
   184  856  398  199.4478  168.8530   10.3114
   185  857  399  199.4677  168.8532   10.3129
   186  858  399  199.4573  168.8521   10.3125
   187  859  399  199.4712  168.8520   10.3131
   188  860  399  199.4626  168.8509   10.3127
   189  856  399  199.4669  168.8539   10.3128

     1  684  399  199.4325  168.9696   10.3058
     2  685  399  199.4309  168.9689   10.3057
     3  686  399  199.4303  168.9682   10.3057
     4  688  399  199.4334  168.9669   10.3059
     5  690  399  199.4294  168.9655   10.3058
     6  692  399  199.4292  168.9641   10.3059
     7  683  399  199.4348  168.9704   10.3058
     8  693  400  199.4334  168.9636   10.3068
     9  694  400  199.4310  168.9628   10.3067
    10  709  400  199.4315  168.9526   10.3072
    11  708  400  199.4324  168.9533   10.3072
    12  710  400  199.4311  168.9519   10.3072
    13  707  400  199.4360  168.9541   10.3073
    14  706  400  199.4363  168.9548   10.3073
    15  702  401  199.4354  168.9575   10.3078
    16  703  401  199.4346  168.9568   10.3078
    17  704  401  199.4365  168.9562   10.3079
    18  705  401  199.4380  168.9556   10.3080
    19  699  401  199.4377  168.9596   10.3078
    20  698  401  199.4345  168.9602   10.3076
    21  696  401  199.4326  168.9615   10.3075
    22  695  401  199.4308  168.9622   10.3074
    23  697  401  199.4357  168.9609   10.3077
    24  710  401  199.4330  168.9520   10.3080
    25  711  401  199.4347  168.9514   10.3081
    26  712  401  199.4340  168.9507   10.3081
    27  713  401  199.4301  168.9499   10.3080
    28  714  401  199.4361  168.9494   10.3082
    29  715  401  199.4424  168.9489   10.3085
    30  716  402  199.4356  168.9480   10.3090
    31  717  402  199.4363  168.9474   10.3090
    32  719  402  199.4507  168.9465   10.3096
    33  720  402  199.4486  168.9457   10.3096
    34  722  402  199.4564  168.9446   10.3099
    35  723  402  199.4395  168.9434   10.3093
    36  724  402  199.4540  168.9432   10.3099
    37  725  402  199.4489  168.9423   10.3097
    38  726  402  199.4451  168.9415   10.3096
    39  728  402  199.4522  168.9404   10.3100
    40  729  402  199.4494  168.9396   10.3099
    41  730  402  199.4510  168.9390   10.3100
    42  731  403  199.4548  168.9385   10.3108
    43  732  403  199.4541  168.9378   10.3108
    44  733  403  199.4599  168.9373   10.3111
    45  734  403  199.4611  168.9366   10.3112
    46  735  403  199.4679  168.9362   10.3114
    47  736  403  199.4650  168.9354   10.3113
    48  730  403  199.4516  168.9390   10.3107
    49  739  404  199.4641  168.9334   10.3121
    50  740  404  199.4699  168.9329   10.3123
    51  741  404  199.4670  168.9321   10.3123
    52  743  404  199.4656  168.9307   10.3123
    53  744  404  199.4614  168.9299   10.3122
    54  745  404  199.4557  168.9290   10.3120
    55  746  404  199.4552  168.9283   10.3120
    56  747  404  199.4546  168.9276   10.3120
    57  749  404  199.4550  168.9263   10.3121
    58  750  404  199.4502  168.9254   10.3120
    59  751  404  199.4512  168.9248   10.3120
    60  752  404  199.4532  168.9241   10.3121
    61  754  404  199.4555  168.9229   10.3123
    62  755  404  199.4536  168.9221   10.3122
    63  756  404  199.4519  168.9214   10.3122
    64  757  404  199.4538  168.9208   10.3123
    65  758  404  199.4544  168.9201   10.3124
    66  760  405  199.4484  168.9186   10.3129
    67  761  405  199.4496  168.9179   10.3130
    68  762  405  199.4518  168.9173   10.3131
    69  763  405  199.4606  168.9170   10.3134
    70  764  405  199.4588  168.9162   10.3134
    71  759  405  199.4536  168.9194   10.3131
    72  766  406  199.4540  168.9147   10.3140
    73  765  406  199.4531  168.9154   10.3139
    74  798  411  199.4540  168.8931   10.3185
    75  799  411  199.4579  168.8926   10.3187
    76  800  411  199.4503  168.8916   10.3184
    77  801  411  199.4520  168.8910   10.3185
    78  802  411  199.4497  168.8903   10.3185
    79  803  411  199.4470  168.8895   10.3184
    80  804  411  199.4538  168.8891   10.3187
    81  805  411  199.4515  168.8883   10.3186
    82  806  411  199.4533  168.8877   10.3187
    83  807  411  199.4560  168.8871   10.3189
    84  808  411  199.4515  168.8862   10.3188
    85  809  411  199.4415  168.8852   10.3184
    86  810  411  199.4357  168.8843   10.3183
    87  811  411  199.4335  168.8835   10.3182
    88  812  411  199.4348  168.8829   10.3183
    89  813  411  199.4284  168.8819   10.3181
    90  814  411  199.4368  168.8816   10.3185
    91  815  411  199.4493  168.8814   10.3189
    92  816  411  199.4445  168.8805   10.3188
    93  817  411  199.4467  168.8799   10.3189
    94  818  411  199.4504  168.8794   10.3191
    95  819  411  199.4535  168.8788   10.3192
    96  820  411  199.4583  168.8784   10.3194
    97  821  411  199.4623  168.8778   10.3196
    98  822  411  199.4582  168.8770   10.3195
    99  842  411  199.4906  168.8647   10.3213
   100  841  411  199.4780  168.8649   10.3209
   101  840  411  199.4936  168.8662   10.3214
   102  839  411  199.4979  168.8671   10.3215
   103  838  411  199.4966  168.8677   10.3214
   104  833  411  199.4676  168.8699   10.3202
   105  834  411  199.4732  168.8694   10.3205
   106  835  411  199.4689  168.8686   10.3204
   107  836  411  199.4722  168.8681   10.3205
   108  837  411  199.5035  168.8687   10.3216
   109  843  411  199.4922  168.8641   10.3214
   110  830  412  199.4564  168.8715   10.3204
   111  829  412  199.4469  168.8718   10.3201
   112  828  412  199.4463  168.8725   10.3200
   113  832  412  199.4670  168.8706   10.3209
   114  833  412  199.4661  168.8699   10.3209

     1  429  365  199.3179  169.1410   10.2696
     2  428  365  199.3170  169.1417   10.2695
     3  431  366  199.3231  169.1397   10.2705
     4  432  366  199.3238  169.1390   10.2706
     5  429  366  199.3160  169.1410   10.2702
     6  435  367  199.3229  169.1370   10.2714
     7  434  367  199.3218  169.1377   10.2713
     8  436  368  199.3191  169.1363   10.2720
     9  439  368  199.3260  169.1343   10.2724
    10  440  368  199.3198  169.1335   10.2721
    11  441  368  199.3201  169.1329   10.2722
    12  443  368  199.3185  169.1315   10.2722
    13  445  368  199.3203  169.1301   10.2724
    14  446  368  199.3162  169.1294   10.2722
    15  447  368  199.3100  169.1286   10.2720
    16  448  368  199.3155  169.1280   10.2723
    17  449  368  199.3151  169.1273   10.2723
    18  449  369  199.3159  169.1273   10.2730
    19  451  369  199.3233  169.1260   10.2734
    20  452  369  199.3259  169.1254   10.2735
    21  453  369  199.3215  169.1246   10.2733
    22  454  370  199.3344  169.1241   10.2746
    23  455  370  199.3344  169.1235   10.2746
    24  457  370  199.3301  169.1220   10.2745
    25  469  370  199.3150  169.1136   10.2743
    26  468  370  199.3148  169.1142   10.2743
    27  467  370  199.3227  169.1151   10.2745
    28  462  371  199.3176  169.1185   10.2749
    29  464  371  199.3237  169.1172   10.2752
    30  465  371  199.3197  169.1164   10.2750
    31  460  371  199.3214  169.1199   10.2749
    32  459  371  199.3189  169.1205   10.2748
    33  458  371  199.3402  169.1215   10.2756
    34  470  371  199.3103  169.1128   10.2748
    35  471  371  199.3163  169.1122   10.2751
    36  473  371  199.3197  169.1109   10.2753
    37  474  371  199.3238  169.1103   10.2755
    38  476  372  199.3223  169.1089   10.2762
    39  478  372  199.3124  169.1074   10.2759
    40  475  372  199.3120  169.1095   10.2758
    41  478  373  199.3215  169.1076   10.2769
    42  479  373  199.3188  169.1068   10.2769
    43  480  373  199.3184  169.1061   10.2769
    44  482  374  199.3306  169.1050   10.2781
    45  483  374  199.3300  169.1043   10.2781
    46  485  374  199.3296  169.1029   10.2782
    47  486  374  199.3226  169.1021   10.2779
    48  488  374  199.3167  169.1006   10.2778
    49  489  374  199.3186  169.1000   10.2779
    50  491  374  199.3188  169.0986   10.2780
    51  493  374  199.3163  169.0972   10.2779
    52  496  374  199.3262  169.0953   10.2784
    53  498  374  199.3260  169.0939   10.2785
    54  499  374  199.3462  169.0935   10.2792
    55  500  374  199.3469  169.0928   10.2793
    56  501  374  199.3314  169.0919   10.2788
    57  503  374  199.3656  169.0910   10.2801
    58  504  374  199.3569  169.0902   10.2798
    62  490  374  199.3164  169.0992   10.2778
    63  525  375  199.3320  169.0754   10.2803
    64  530  375  199.3385  169.0721   10.2807
    65  527  375  199.3418  169.0742   10.2807
    66  526  375  199.3355  169.0748   10.2805
    67  511  375  199.3213  169.0849   10.2794
    68  509  375  199.3388  169.0865   10.2800
    69  524  375  199.3398  169.0762   10.2805
    70  523  375  199.3421  169.0770   10.2806
    71  533  375  199.3364  169.0700   10.2807
    72  512  376  199.3415  169.0845   10.2808
    73  514  376  199.3329  169.0830   10.2806
    74  516  376  199.3417  169.0818   10.2810
    75  519  376  199.3530  169.0799   10.2816
    76  521  376  199.3417  169.0784   10.2812
    77  534  376  199.3327  169.0693   10.2813
    78  536  376  199.3309  169.0678   10.2813
    79  538  376  199.3326  169.0665   10.2814
    80  541  376  199.3401  169.0646   10.2818
    81  518  376  199.3534  169.0806   10.2815
    82  545  377  199.3561  169.0622   10.2832
    83  547  377  199.3654  169.0610   10.2836
    84  549  377  199.3570  169.0594   10.2834
    85  550  377  199.3583  169.0588   10.2835
    86  552  377  199.3651  169.0575   10.2838
    87  555  377  199.3640  169.0555   10.2839
    88  558  377  199.3604  169.0533   10.2838
    89  543  377  199.3545  169.0635   10.2831
    90  561  378  199.3610  169.0513   10.2847
    91  564  378  199.3613  169.0492   10.2848
    92  566  378  199.3598  169.0479   10.2848
    93  567  378  199.3560  169.0471   10.2847
    94  568  378  199.3580  169.0464   10.2848
    95  569  378  199.3549  169.0457   10.2847
    96  570  378  199.3554  169.0450   10.2848
    97  571  378  199.3617  169.0444   10.2850
    98  573  378  199.3511  169.0428   10.2847
    99  574  378  199.3508  169.0422   10.2847
   100  576  378  199.3598  169.0410   10.2851
   101  578  378  199.3605  169.0396   10.2852
   102  579  378  199.3616  169.0390   10.2853
   103  580  378  199.3759  169.0386   10.2858
   104  582  378  199.3708  169.0371   10.2857
   105  583  378  199.3646  169.0363   10.2855
   106  585  378  199.3638  169.0349   10.2855
   107  610  378  199.3671  169.0178   10.2866
   108  611  378  199.3680  169.0171   10.2866
   109  586  379  199.3667  169.0343   10.2864
   110  609  379  199.3728  169.0186   10.2874
   111  608  379  199.3703  169.0193   10.2873
   112  588  379  199.3763  169.0331   10.2868
   113  589  380  199.3709  169.0324   10.2874
   114  592  380  199.3722  169.0303   10.2875
   115  608  380  199.3712  169.0193   10.2880
   116  607  380  199.3721  169.0200   10.2880
   117  606  380  199.3738  169.0208   10.2880
   118  591  380  199.3733  169.0311   10.2875
   119  593  380  199.3698  169.0296   10.2874
   120  602  381  199.3740  169.0235   10.2886
   121  600  381  199.3693  169.0248   10.2883
   122  604  381  199.3759  169.0222   10.2887
   123  605  381  199.3779  169.0216   10.2888
   124  599  381  199.3616  169.0253   10.2880
   125  598  381  199.3599  169.0260   10.2879
   126  597  381  199.3630  169.0267   10.2880
   127  596  381  199.3678  169.0275   10.2882
   128  603  381  199.3744  169.0229   10.2886
   129  595  381  199.3695  169.0282   10.2882
   130  601  381  199.3762  169.0243   10.2886

    1  770  345  199.3349  168.9056   10.2681
    2  771  345  199.3394  168.9051   10.2683
    3  772  345  199.3379  168.9044   10.2683
    4  773  345  199.3390  168.9037   10.2683
    5  774  345  199.3460  168.9033   10.2687
    6  776  345  199.3425  168.9018   10.2686
    7  777  345  199.3568  168.9016   10.2692
    8  778  345  199.3433  168.9004   10.2687
    9  780  345  199.3589  168.8996   10.2693
   10  781  345  199.3528  168.8987   10.2692
   11  782  345  199.3501  168.8979   10.2691
   12  783  345  199.3575  168.8975   10.2694
   13  784  345  199.3533  168.8967   10.2693
   14  785  345  199.3466  168.8957   10.2691
   15  787  345  199.3503  168.8945   10.2693
   16  788  345  199.3531  168.8939   10.2694
   17  790  346  199.3504  168.8925   10.2701
   18  792  346  199.3547  168.8913   10.2703
   19  793  346  199.3577  168.8907   10.2704
   20  795  346  199.3441  168.8888   10.2700
   21  796  346  199.3483  168.8883   10.2702
   22  797  346  199.3531  168.8877   10.2704
   23  799  346  199.3482  168.8862   10.2703
   24  800  346  199.3520  168.8857   10.2704
   25  801  346  199.3485  168.8848   10.2703
   26  802  346  199.3573  168.8845   10.2707
   27  804  346  199.3485  168.8828   10.2704
   28  807  347  199.3605  168.8812   10.2717
   29  808  347  199.3548  168.8803   10.2715
   30  809  347  199.3747  168.8804   10.2723
   31  811  347  199.3734  168.8790   10.2723
   32  806  347  199.3582  168.8818   10.2716
   33  813  348  199.3740  168.8776   10.2731
   34  828  349  199.3718  168.8673   10.2742
   35  826  349  199.3722  168.8687   10.2742
   36  823  349  199.3796  168.8710   10.2744
   37  822  349  199.3701  168.8714   10.2740
   38  821  349  199.3692  168.8720   10.2739
   39  820  349  199.3738  168.8729   10.2740
   40  818  349  199.3798  168.8745   10.2742
   41  817  349  199.3665  168.8746   10.2737
   42  815  349  199.3782  168.8765   10.2741
   43  833  350  199.3857  168.8645   10.2756
   44  834  350  199.3855  168.8638   10.2756
   45  835  350  199.3758  168.8627   10.2753
   46  836  350  199.3726  168.8619   10.2752
   47  831  350  199.3754  168.8654   10.2751
   48  836  351  199.3831  168.8623   10.2763
   49  837  351  199.3862  168.8618   10.2764
   50  838  351  199.3815  168.8609   10.2763
   51  839  351  199.3890  168.8605   10.2766
   52  840  351  199.3670  168.8589   10.2758
   53  842  351  199.3618  168.8573   10.2757
   54  843  352  199.3814  168.8575   10.2772
   55  844  352  199.3746  168.8565   10.2769
   56  845  352  199.3669  168.8555   10.2767
   57  846  352  199.3694  168.8549   10.2768
   58  842  352  199.3752  168.8579   10.2769
   59  847  353  199.3778  168.8547   10.2779
   60  848  353  199.3778  168.8540   10.2779
   61  849  353  199.3829  168.8535   10.2781
   62  850  353  199.3822  168.8528   10.2781
   63  852  353  199.3832  168.8515   10.2783
   64  853  353  199.3855  168.8509   10.2784
   65  855  353  199.3946  168.8499   10.2788
   66  857  353  199.3857  168.8481   10.2785
   67  859  353  199.3879  168.8469   10.2787
   68  860  353  199.3810  168.8459   10.2784
   69  862  353  199.3829  168.8446   10.2786
   70  864  353  199.3844  168.8433   10.2787
   71  865  353  199.3855  168.8427   10.2788
   72  866  353  199.3879  168.8421   10.2789
   73  867  353  199.3811  168.8411   10.2787
   74  870  353  199.3885  168.8394   10.2790
   75  871  353  199.3743  168.8381   10.2785

    1  714  435  199.5131  168.9530   10.3339
    2  715  435  199.5116  168.9522   10.3339
    3  716  435  199.5128  168.9516   10.3340
    4  717  435  199.5101  168.9509   10.3339
    5  713  435  199.5169  168.9538   10.3340
    6  717  436  199.5101  168.9509   10.3346
    7  718  436  199.5173  168.9504   10.3348
    8  719  436  199.5159  168.9497   10.3348
    9  720  436  199.5200  168.9492   10.3350
   10  721  436  199.5177  168.9484   10.3350
   11  722  436  199.5184  168.9478   10.3350
   12  723  436  199.5180  168.9471   10.3351
   13  726  437  199.5161  168.9450   10.3358
   14  727  437  199.5162  168.9444   10.3358
   15  728  437  199.5134  168.9436   10.3357
   16  729  437  199.5132  168.9429   10.3358
   17  730  437  199.5091  168.9421   10.3357
   18  731  437  199.5104  168.9415   10.3357
   19  725  437  199.5140  168.9456   10.3356
   20  732  438  199.5172  168.9410   10.3366
   21  733  438  199.5210  168.9405   10.3368
   22  734  438  199.5203  168.9398   10.3368
   23  735  438  199.5213  168.9391   10.3368
   24  736  438  199.5232  168.9385   10.3370
   25  737  438  199.5231  168.9379   10.3370
   26  738  438  199.5224  168.9372   10.3370
   27  739  438  199.5253  168.9366   10.3371
   28  740  438  199.5237  168.9359   10.3371
   29  742  438  199.5224  168.9345   10.3372
   30  743  438  199.5218  168.9338   10.3373
   31  744  438  199.5262  168.9332   10.3375
   32  745  438  199.5321  168.9328   10.3377
   33  746  438  199.5324  168.9321   10.3377
   34  750  438  199.5412  168.9297   10.3380
   35  763  438  199.5382  168.9208   10.3384
   36  762  438  199.5365  168.9215   10.3383
   37  761  438  199.5368  168.9221   10.3383
   38  764  438  199.5388  168.9202   10.3385
   39  754  439  199.5424  168.9271   10.3389
   40  755  439  199.5429  168.9264   10.3390
   41  756  439  199.5440  168.9258   10.3390
   42  757  439  199.5428  168.9251   10.3390
   43  758  439  199.5455  168.9245   10.3391
   44  759  439  199.5444  168.9238   10.3391
   45  760  439  199.5408  168.9230   10.3391
   46  752  439  199.5416  168.9284   10.3388
   47  751  439  199.5408  168.9290   10.3387
   48  750  439  199.5432  168.9298   10.3388
   49  753  439  199.5452  168.9279   10.3390
   50  764  439  199.5478  168.9205   10.3394
   51  765  439  199.5448  168.9198   10.3394
   52  766  439  199.5414  168.9190   10.3393
   53  771  440  199.5479  168.9159   10.3404
   54  772  440  199.5445  168.9151   10.3403
   55  773  440  199.5408  168.9143   10.3402
   56  774  440  199.5413  168.9136   10.3402
   57  777  440  199.5344  168.9113   10.3401
   58  770  440  199.5454  168.9165   10.3402
   59  777  441  199.5380  168.9115   10.3409
   60  779  441  199.5392  168.9102   10.3410
   61  780  441  199.5456  168.9098   10.3412
   62  781  441  199.5536  168.9094   10.3415
   63  783  441  199.5474  168.9078   10.3414
   64  784  441  199.5436  168.9070   10.3413
   65  785  442  199.5435  168.9063   10.3420
   66  786  442  199.5445  168.9057   10.3421
   67  787  442  199.5448  168.9050   10.3421
   68  790  442  199.5467  168.9031   10.3422
   69  791  442  199.5460  168.9024   10.3423
   70  792  442  199.5474  168.9018   10.3423
   71  793  442  199.5470  168.9011   10.3424
   72  794  442  199.5473  168.9004   10.3424
   73  796  442  199.5457  168.8990   10.3424
   74  797  442  199.5419  168.8982   10.3423
   75  798  442  199.5361  168.8973   10.3422
   76  800  442  199.5338  168.8959   10.3422
   77  801  442  199.5351  168.8952   10.3423
   78  802  442  199.5374  168.8947   10.3424
   79  803  442  199.5406  168.8941   10.3425
   80  804  442  199.5436  168.8936   10.3426
   81  805  442  199.5457  168.8930   10.3427

    1  730  426  199.4927  168.9412   10.3278
    2  731  426  199.4927  168.9405   10.3278
    3  732  426  199.4920  168.9398   10.3278
    4  733  426  199.4915  168.9391   10.3278
    5  729  426  199.4980  168.9420   10.3279
    6  733  427  199.4894  168.9391   10.3285
    7  734  427  199.4908  168.9384   10.3285
    8  735  427  199.4935  168.9379   10.3286
    9  736  427  199.4987  168.9373   10.3288
   10  737  427  199.4962  168.9366   10.3288
   11  737  428  199.4980  168.9367   10.3295
   12  738  428  199.5001  168.9361   10.3296
   13  739  428  199.4991  168.9354   10.3296
   14  740  428  199.4992  168.9347   10.3297
   15  741  428  199.5019  168.9341   10.3298
   16  742  428  199.4999  168.9334   10.3298
   17  743  428  199.4946  168.9325   10.3296
   18  744  428  199.5039  168.9321   10.3299
   19  745  428  199.4975  168.9313   10.3298
   20  746  428  199.4944  168.9305   10.3297
   21  747  428  199.4999  168.9300   10.3299
   22  748  428  199.4904  168.9290   10.3296
   23  749  428  199.4918  168.9284   10.3297
   24  750  428  199.5089  168.9283   10.3303
   25  751  428  199.5030  168.9274   10.3301
   26  752  428  199.5000  168.9266   10.3300
   27  753  428  199.4943  168.9257   10.3299
   28  754  428  199.5095  168.9256   10.3304
   29  755  428  199.5007  168.9246   10.3302
   30  756  428  199.4969  168.9238   10.3301
   31  757  428  199.4990  168.9232   10.3302
   32  758  428  199.4969  168.9224   10.3301
   33  759  428  199.5099  168.9222   10.3306
   34  760  428  199.5047  168.9214   10.3305
   35  761  428  199.5137  168.9210   10.3308
   36  762  428  199.4913  168.9195   10.3301
   37  763  428  199.5235  168.9200   10.3312
   38  766  429  199.5305  168.9182   10.3322
   39  767  429  199.5243  168.9173   10.3320
   40  768  429  199.5135  168.9163   10.3317
   41  769  429  199.5133  168.9156   10.3317
   42  770  429  199.5105  168.9148   10.3317
   43  771  429  199.5055  168.9140   10.3315
   44  772  429  199.5208  168.9138   10.3321
   45  773  429  199.5133  168.9129   10.3319
   46  774  429  199.5298  168.9128   10.3325
   47  775  429  199.5265  168.9120   10.3324
   48  776  429  199.5306  168.9115   10.3326
   49  777  429  199.5123  168.9102   10.3320
   50  778  429  199.5362  168.9104   10.3328
   51  779  429  199.5309  168.9095   10.3327
   52  780  429  199.5106  168.9081   10.3320
   53  785  431  199.5309  168.9055   10.3342
   54  786  431  199.5291  168.9048   10.3342
   55  787  431  199.5223  168.9038   10.3340
   56  788  431  199.5245  168.9032   10.3341
   57  789  431  199.5265  168.9026   10.3342
   58  790  431  199.5161  168.9016   10.3339
   59  791  431  199.5182  168.9010   10.3340
   60  792  431  199.5161  168.9002   10.3339
   61  793  431  199.5210  168.8997   10.3341
   62  794  431  199.5193  168.8990   10.3341
   63  795  431  199.5265  168.8986   10.3344
   64  796  431  199.5258  168.8979   10.3344
   65  797  431  199.5293  168.8974   10.3346
   66  798  431  199.5276  168.8966   10.3345
   67  799  431  199.5228  168.8958   10.3344
   68  800  431  199.5177  168.8949   10.3343
   69  801  431  199.5226  168.8944   10.3344
   70  802  431  199.5122  168.8933   10.3341
   71  810  432  199.5211  168.8883   10.3354
   72  811  432  199.5210  168.8876   10.3354
   73  812  432  199.5233  168.8870   10.3355
   74  813  432  199.5234  168.8864   10.3355
   75  814  432  199.5235  168.8857   10.3356
   76  815  432  199.5201  168.8849   10.3355
   77  816  432  199.5156  168.8840   10.3354
   78  817  432  199.5181  168.8835   10.3355
   79  818  432  199.5164  168.8827   10.3355
   80  819  432  199.5152  168.8820   10.3355
   81  820  432  199.5148  168.8813   10.3355
   82  821  432  199.5126  168.8805   10.3355
   83  822  432  199.5124  168.8799   10.3355

     1  283  396  199.3429  169.2426   10.2871
     2  283  397  199.3414  169.2426   10.2877
     3  284  397  199.3401  169.2419   10.2877
     4  285  397  199.3392  169.2413   10.2877
     5  286  397  199.3436  169.2406   10.2879
     6  287  397  199.3426  169.2399   10.2879
     7  288  397  199.3433  169.2392   10.2879
     8  289  397  199.3358  169.2385   10.2877
     9  290  397  199.3504  169.2378   10.2882
    10  291  397  199.3449  169.2371   10.2881
    11  292  397  199.3407  169.2365   10.2879
    12  293  397  199.3388  169.2358   10.2879
    13  295  397  199.3403  169.2344   10.2880
    14  297  397  199.3336  169.2330   10.2878
    15  298  397  199.3345  169.2323   10.2879
    16  299  397  199.3348  169.2316   10.2880
    17  300  397  199.3426  169.2310   10.2883
    18  301  397  199.3538  169.2303   10.2887
    19  302  397  199.3510  169.2296   10.2887
    20  303  397  199.3365  169.2289   10.2881
    21  304  398  199.3257  169.2282   10.2884
    22  306  398  199.3371  169.2269   10.2889
    23  307  398  199.3349  169.2262   10.2889
    24  308  398  199.3386  169.2255   10.2891
    25  309  398  199.3384  169.2248   10.2891
    26  311  398  199.3326  169.2234   10.2889
    27  303  398  199.3325  169.2289   10.2887
    28  312  399  199.3390  169.2228   10.2899
    29  313  399  199.3563  169.2222   10.2906
    30  315  399  199.3479  169.2208   10.2904
    31  316  399  199.3452  169.2201   10.2903
    32  317  399  199.3450  169.2194   10.2903
    33  319  399  199.3411  169.2180   10.2903
    34  320  399  199.3377  169.2173   10.2902
    35  321  399  199.3330  169.2166   10.2900
    36  323  399  199.3295  169.2152   10.2900
    37  324  399  199.3273  169.2145   10.2900
    38  326  399  199.3241  169.2132   10.2899
    39  327  399  199.3260  169.2125   10.2900
    40  328  399  199.3349  169.2118   10.2904
    41  329  399  199.3360  169.2111   10.2904
    42  330  399  199.3372  169.2104   10.2905
    43  331  399  199.3495  169.2098   10.2910
    44  332  399  199.3439  169.2091   10.2908
    45  341  399  199.3424  169.2029   10.2911
    46  342  399  199.3472  169.2022   10.2913
    47  344  400  199.3433  169.2009   10.2919
    48  345  400  199.3421  169.2002   10.2919
    49  346  400  199.3412  169.1995   10.2919
    50  347  400  199.3336  169.1988   10.2916
    51  348  400  199.3348  169.1981   10.2917
    52  349  400  199.3405  169.1974   10.2920
    53  350  400  199.3347  169.1967   10.2918
    54  343  400  199.3424  169.2016   10.2918
    55  351  401  199.3413  169.1961   10.2927
    56  353  401  199.3473  169.1948   10.2930
    57  354  401  199.3465  169.1941   10.2930
    58  355  401  199.3454  169.1934   10.2930
    59  356  401  199.3443  169.1927   10.2930
    60  357  401  199.3449  169.1920   10.2931
    61  358  401  199.3441  169.1913   10.2931
    62  360  401  199.3405  169.1899   10.2930
    63  362  401  199.3493  169.1886   10.2934
    64  364  401  199.3583  169.1873   10.2938
    65  365  401  199.3601  169.1866   10.2939
    66  366  401  199.3551  169.1859   10.2937
    67  369  402  199.3531  169.1839   10.2944
    68  368  402  199.3577  169.1846   10.2946
    69  408  405  199.3749  169.1574   10.2985
    70  409  405  199.3745  169.1567   10.2986
    71  410  405  199.3701  169.1560   10.2984
    72  411  405  199.3790  169.1554   10.2988
    73  412  405  199.3750  169.1546   10.2987
    74  414  405  199.3897  169.1534   10.2993
    75  415  405  199.3942  169.1528   10.2995
    76  416  405  199.3802  169.1520   10.2990
    77  417  405  199.3646  169.1511   10.2984
    78  418  405  199.3680  169.1505   10.2986
    79  420  405  199.3837  169.1493   10.2992
    80  421  405  199.3721  169.1485   10.2989
    81  423  405  199.3728  169.1471   10.2990
    82  424  405  199.3728  169.1464   10.2990
    83  426  405  199.3696  169.1450   10.2990
    84  427  405  199.3837  169.1445   10.2995
    85  428  405  199.3685  169.1436   10.2990
    86  429  405  199.3773  169.1430   10.2993
    87  430  405  199.3740  169.1423   10.2993
    88  431  405  199.3941  169.1418   10.3000
    89  432  405  199.3926  169.1411   10.3000
    90  434  405  199.3736  169.1396   10.2994
    91  435  405  199.3779  169.1389   10.2996
    92  436  405  199.3746  169.1382   10.2995
    93  437  405  199.3802  169.1376   10.2997
    94  438  405  199.3730  169.1368   10.2995
    95  439  406  199.3842  169.1363   10.3006
    96  440  406  199.3918  169.1357   10.3010
    97  441  406  199.3926  169.1350   10.3010
    98  442  406  199.3812  169.1342   10.3006
    99  443  406  199.3940  169.1337   10.3011
   100  444  406  199.3845  169.1329   10.3008
   101  445  406  199.3871  169.1322   10.3009
   102  446  406  199.3885  169.1316   10.3010
   103  447  406  199.3770  169.1307   10.3006
   104  448  406  199.3926  169.1302   10.3012
   105  449  406  199.3881  169.1295   10.3011
   106  450  406  199.3906  169.1288   10.3012
   107  452  406  199.3859  169.1274   10.3011
   108  453  406  199.3806  169.1267   10.3010
   109  455  406  199.3717  169.1252   10.3007
   110  456  406  199.3755  169.1246   10.3008
   111  457  406  199.3723  169.1238   10.3008
   112  459  407  199.3807  169.1226   10.3018
   113  461  407  199.3812  169.1212   10.3019
   114  458  407  199.3781  169.1232   10.3017
   115  463  408  199.3813  169.1199   10.3027
   116  464  408  199.3817  169.1192   10.3027
   117  465  408  199.3808  169.1185   10.3027
   118  473  408  199.3784  169.1130   10.3029
   119  474  408  199.3797  169.1124   10.3030
   120  475  408  199.3798  169.1117   10.3030
   121  476  408  199.3816  169.1110   10.3031
   122  478  409  199.3824  169.1097   10.3039
   123  480  409  199.3815  169.1083   10.3039
   124  482  409  199.3813  169.1069   10.3040
   125  484  409  199.3803  169.1055   10.3040
   126  485  409  199.3818  169.1049   10.3041
   127  486  409  199.3831  169.1042   10.3042
   128  479  409  199.3826  169.1090   10.3039
   129  490  410  199.3852  169.1015   10.3052
   130  491  410  199.3830  169.1008   10.3051
   131  492  410  199.3885  169.1002   10.3053
   132  493  410  199.3924  169.0996   10.3055
   133  494  410  199.3881  169.0988   10.3054
   134  487  410  199.3796  169.1035   10.3048
   135  488  410  199.3783  169.1028   10.3048
   136  495  410  199.3920  169.0982   10.3056
   137  524  411  199.4041  169.0786   10.3076
   138  525  411  199.4044  169.0779   10.3076
   139  526  411  199.4039  169.0773   10.3076
   140  528  411  199.4060  169.0759   10.3078
   141  529  411  199.4091  169.0753   10.3079
   142  532  411  199.4177  169.0734   10.3083
   143  533  411  199.4141  169.0726   10.3082
   144  534  411  199.4132  169.0719   10.3082
   145  535  411  199.4110  169.0712   10.3082
   146  536  411  199.4120  169.0706   10.3082
   147  537  412  199.4446  169.0705   10.3101
   148  538  412  199.4211  169.0694   10.3093
   149  539  412  199.4257  169.0688   10.3095
   150  558  412  199.4299  169.0559   10.3103
   151  559  412  199.4282  169.0552   10.3103
   152  560  412  199.4252  169.0545   10.3102
   153  561  412  199.4308  169.0539   10.3105
   154  536  412  199.4115  169.0706   10.3089
   155  561  413  199.4326  169.0540   10.3112
   156  562  413  199.4325  169.0533   10.3112
   157  563  413  199.4382  169.0527   10.3115
   158  564  413  199.4301  169.0519   10.3112
   159  565  413  199.4305  169.0512   10.3112
   160  566  413  199.4372  169.0507   10.3115
   161  567  413  199.4355  169.0499   10.3115
   162  568  413  199.4366  169.0493   10.3116
   163  569  413  199.4427  169.0487   10.3118
   164  570  413  199.4329  169.0479   10.3115
   165  571  413  199.4418  169.0473   10.3118
   166  572  413  199.4364  169.0466   10.3116
   167  573  413  199.4343  169.0458   10.3116
   168  574  413  199.4446  169.0454   10.3120
   169  575  413  199.4398  169.0446   10.3119
   170  576  413  199.4332  169.0438   10.3117
   171  577  413  199.4313  169.0430   10.3116
   172  579  413  199.4335  169.0417   10.3118
   173  580  413  199.4341  169.0411   10.3118
   174  582  413  199.4328  169.0397   10.3119
   175  583  413  199.4272  169.0389   10.3117
   176  584  413  199.4158  169.0379   10.3113
   177  585  413  199.4204  169.0374   10.3115
   178  586  413  199.4193  169.0366   10.3115
   179  587  413  199.4138  169.0358   10.3114
   180  588  413  199.4070  169.0350   10.3112
   181  589  413  199.4072  169.0343   10.3112
   182  590  413  199.3958  169.0334   10.3109
   183  591  413  199.3928  169.0326   10.3108
   185  593  414  199.3756  169.0309   10.3110
   186  594  414  199.4404  169.0317   10.3132
   187  595  414  199.4099  169.0303   10.3122
   188  596  414  199.4332  169.0302   10.3130
   189  597  414  199.4272  169.0293   10.3128
   190  598  414  199.4194  169.0285   10.3126
   191  599  414  199.4388  169.0282   10.3133
   192  600  414  199.4361  169.0275   10.3132
   193  601  414  199.4167  169.0264   10.3126
   194  602  414  199.4239  169.0259   10.3129
   195  603  414  199.4232  169.0252   10.3129
   196  604  414  199.4040  169.0240   10.3122
   197  605  414  199.4029  169.0233   10.3123
   198  606  414  199.3978  169.0225   10.3121
   199  607  414  199.4155  169.0222   10.3127
   200  608  414  199.4372  169.0221   10.3135
   201  609  414  199.4392  169.0214   10.3136
   202  610  414  199.4398  169.0208   10.3137
   203  611  414  199.4534  169.0204   10.3142
   204  613  414  199.4367  169.0187   10.3137
   205  613  415  199.4597  169.0192   10.3152
   206  614  415  199.4350  169.0180   10.3143
   207  615  415  199.4538  169.0177   10.3150
   208  616  415  199.4458  169.0169   10.3148
   209  617  415  199.4447  169.0162   10.3148
   210  618  415  199.4422  169.0154   10.3147
   211  619  415  199.4421  169.0147   10.3148
   212  620  415  199.4287  169.0137   10.3143
   213  625  415  199.4320  169.0104   10.3146
   214  626  415  199.4062  169.0091   10.3138
   215  627  415  199.4266  169.0089   10.3145
   216  629  415  199.4230  169.0074   10.3145
   217  653  415  199.4525  168.9919   10.3162
   218  652  415  199.4558  168.9926   10.3163
   219  651  415  199.4594  168.9934   10.3164
   220  650  415  199.4528  168.9939   10.3162
   221  649  415  199.4663  168.9949   10.3166
   222  648  415  199.4645  168.9956   10.3165
   223  647  415  199.4652  168.9963   10.3165
   224  646  415  199.4693  168.9971   10.3166
   225  645  415  199.4730  168.9978   10.3167
   226  644  415  199.4752  168.9986   10.3167
   227  640  415  199.4665  169.0011   10.3163
   228  641  415  199.4638  169.0003   10.3163
   229  642  415  199.4718  168.9998   10.3166
   230  643  415  199.4752  168.9993   10.3167
   231  638  416  199.4322  169.0016   10.3158
   232  637  416  199.4615  169.0030   10.3167
   233  636  416  199.4618  169.0037   10.3167
   234  635  416  199.4622  169.0044   10.3167
   235  634  416  199.3992  169.0035   10.3145
   236  633  416  199.4008  169.0042   10.3145
   237  632  416  199.4477  169.0061   10.3161
   238  631  416  199.4488  169.0068   10.3161
   239  630  416  199.4264  169.0069   10.3153
   240  629  416  199.4443  169.0080   10.3159
   241  653  416  199.4562  168.9920   10.3171
   242  654  416  199.4621  168.9915   10.3173
   243  655  416  199.4605  168.9908   10.3173
   244  656  416  199.4613  168.9901   10.3173
   245  657  416  199.4631  168.9895   10.3174
   246  658  416  199.4613  168.9887   10.3174
   247  659  416  199.4644  168.9881   10.3175
   248  660  416  199.4644  168.9875   10.3175
   249  661  416  199.4688  168.9869   10.3178
   250  662  416  199.4655  168.9861   10.3176
   251  663  416  199.4668  168.9855   10.3177
   252  664  417  199.4708  168.9850   10.3186
   253  665  417  199.4700  168.9843   10.3186
   254  666  417  199.4718  168.9836   10.3187
   255  667  417  199.4672  168.9828   10.3186
   256  668  417  199.4663  168.9821   10.3186
   257  663  417  199.4699  168.9856   10.3185

     1  334  411  199.3633  169.2082   10.2998
     2  344  411  199.3626  169.2014   10.3001
     3  343  411  199.3633  169.2020   10.3001
     4  342  411  199.3657  169.2027   10.3002
     5  341  411  199.3606  169.2034   10.2999
     6  340  411  199.3619  169.2041   10.3000
     7  339  411  199.3588  169.2048   10.2998
     8  338  411  199.3568  169.2054   10.2997
     9  337  411  199.3594  169.2061   10.2998
    10  336  411  199.3614  169.2068   10.2998
    11  335  411  199.3651  169.2075   10.2999
    12  404  413  199.3657  169.1603   10.3036
    13  405  413  199.3660  169.1597   10.3036
    14  406  413  199.3660  169.1590   10.3037
    15  407  413  199.3689  169.1583   10.3038
    16  403  413  199.3631  169.1610   10.3034
    17  410  414  199.3746  169.1563   10.3047
    18  411  414  199.3751  169.1557   10.3048
    19  420  414  199.3761  169.1495   10.3051
    20  419  414  199.3782  169.1502   10.3051
    21  418  414  199.3793  169.1509   10.3051
    22  417  414  199.3794  169.1516   10.3051
    23  415  414  199.3769  169.1529   10.3050
    24  414  414  199.3805  169.1536   10.3051
    25  413  414  199.3754  169.1543   10.3048
    26  412  414  199.3754  169.1550   10.3048
    27  408  414  199.3718  169.1577   10.3046
    28  435  415  199.3783  169.1393   10.3064
    29  439  415  199.3789  169.1366   10.3066
    30  438  415  199.3762  169.1372   10.3064
    31  437  415  199.3807  169.1379   10.3066
    32  436  415  199.3774  169.1386   10.3064
    33  440  415  199.3791  169.1359   10.3066
    34  434  415  199.3784  169.1400   10.3064
    35  472  416  199.3967  169.1142   10.3090
    36  473  416  199.3964  169.1135   10.3090
    37  474  416  199.3943  169.1128   10.3090
    38  475  416  199.3939  169.1121   10.3090
    39  476  417  199.3927  169.1115   10.3097
    40  475  417  199.3947  169.1122   10.3097
    41  481  417  199.3977  169.1081   10.3101
    42  477  417  199.3964  169.1108   10.3099
    43  478  417  199.3967  169.1102   10.3099
    44  479  417  199.3956  169.1095   10.3099
    45  480  417  199.3973  169.1088   10.3100
    46  481  418  199.3973  169.1082   10.3107
    47  488  418  199.3926  169.1033   10.3108
    48  482  418  199.3996  169.1075   10.3108
    49  483  418  199.3997  169.1068   10.3109
    50  484  418  199.3993  169.1061   10.3109
    51  485  418  199.4006  169.1055   10.3110
    52  486  418  199.3978  169.1047   10.3109
    53  487  418  199.3915  169.1040   10.3107
    54  562  421  199.4459  169.0538   10.3172
    55  561  421  199.4450  169.0545   10.3171
    56  555  421  199.4253  169.0582   10.3162
    57  552  421  199.4252  169.0602   10.3161
    58  563  421  199.4416  169.0531   10.3171
    59  554  421  199.4279  169.0589   10.3163
    60  553  421  199.4251  169.0596   10.3162
    61  551  421  199.4300  169.0610   10.3162
    62  550  421  199.4260  169.0616   10.3161
    63  532  422  199.4258  169.0739   10.3161
    64  563  422  199.4464  169.0532   10.3179
    65  564  422  199.4508  169.0526   10.3181
    66  565  422  199.4527  169.0520   10.3182
    67  566  422  199.4528  169.0513   10.3182
    68  567  422  199.4529  169.0506   10.3183
    69  568  422  199.4503  169.0499   10.3182
    70  569  422  199.4352  169.0489   10.3177
    71  570  422  199.4455  169.0484   10.3181
    72  571  422  199.4431  169.0477   10.3180
    73  533  422  199.4288  169.0733   10.3162
    74  534  422  199.4344  169.0727   10.3165
    75  535  422  199.4351  169.0721   10.3165
    76  536  422  199.4349  169.0714   10.3166
    77  537  422  199.4246  169.0705   10.3163
    78  538  422  199.4255  169.0698   10.3163
    79  539  422  199.4288  169.0692   10.3165
    80  540  422  199.4234  169.0684   10.3163
    81  541  422  199.4226  169.0677   10.3163
    82  542  422  199.4292  169.0672   10.3166
    83  547  422  199.4233  169.0637   10.3166
    84  546  422  199.4258  169.0644   10.3166
    85  545  422  199.4256  169.0651   10.3166
    86  544  422  199.4261  169.0658   10.3166
    87  543  422  199.4270  169.0665   10.3166
    88  617  423  199.4695  169.0170   10.3210
    89  605  423  199.4559  169.0249   10.3202
    90  606  423  199.4490  169.0240   10.3200
    91  608  423  199.4347  169.0223   10.3196
    92  609  423  199.4667  169.0224   10.3207
    93  610  423  199.4539  169.0214   10.3203
    94  611  423  199.4440  169.0205   10.3200
    95  612  423  199.4527  169.0200   10.3203
    96  613  423  199.4496  169.0193   10.3203
    97  614  423  199.4391  169.0184   10.3199
    98  615  423  199.4814  169.0187   10.3214
    99  616  423  199.4561  169.0174   10.3206
   100  619  423  199.4482  169.0152   10.3204
   101  618  423  199.4633  169.0162   10.3208
   102  607  423  199.4393  169.0231   10.3197
   103  654  425  199.4717  168.9921   10.3238
   104  655  425  199.4730  168.9914   10.3238
   105  656  425  199.4742  168.9908   10.3239
   106  657  425  199.4736  168.9901   10.3239
   107  658  425  199.4741  168.9894   10.3240
   108  659  425  199.4733  168.9887   10.3240
   109  660  425  199.4720  168.9880   10.3240
   110  661  425  199.4719  168.9873   10.3240
   111  663  425  199.4828  168.9863   10.3244
   112  662  425  199.4706  168.9866   10.3240
   113  664  426  199.4834  168.9856   10.3252
   114  665  426  199.4852  168.9850   10.3252
   115  663  426  199.4820  168.9863   10.3251

     1   32  271  199.0043  169.4160   10.1774
     2   33  271  199.0033  169.4153   10.1774
     3   34  271  199.0041  169.4146   10.1775
     4   31  271  199.0055  169.4167   10.1774
     5   34  272  199.0037  169.4146   10.1782
     6   35  272  199.0034  169.4139   10.1782
     7   36  272  199.0042  169.4132   10.1783
     8   37  272  199.0060  169.4125   10.1784
     9   38  272  199.0084  169.4117   10.1786
    10   38  273  199.0073  169.4118   10.1792
    11   39  273  199.0119  169.4110   10.1794
    12   40  273  199.0128  169.4103   10.1795
    13   41  273  199.0215  169.4094   10.1799
    14   42  273  199.0204  169.4087   10.1799
    15   44  273  199.0157  169.4074   10.1798
    16   45  273  199.0178  169.4067   10.1799
    17   46  273  199.0230  169.4059   10.1802
    18   47  273  199.0216  169.4052   10.1801
    19   48  273  199.0212  169.4045   10.1802
    20   50  273  199.0266  169.4030   10.1805
    21   51  273  199.0256  169.4023   10.1805
    22   52  274  199.0183  169.4017   10.1809
    23   54  274  199.0172  169.4004   10.1809
    24   55  274  199.0237  169.3995   10.1812
    25   56  274  199.0271  169.3988   10.1814
    26   58  275  199.0273  169.3974   10.1822
    27   59  275  199.0303  169.3967   10.1824
    28   60  275  199.0319  169.3959   10.1825
    29   61  275  199.0312  169.3952   10.1825
    30   62  275  199.0350  169.3945   10.1827
    31   57  275  199.0303  169.3981   10.1823
    32   63  276  199.0387  169.3937   10.1836
    33   64  276  199.0381  169.3930   10.1836
    34   65  276  199.0419  169.3923   10.1838
    35   66  276  199.0427  169.3916   10.1839
    36   67  276  199.0381  169.3909   10.1837
    37   68  276  199.0336  169.3903   10.1835
    38   69  276  199.0361  169.3895   10.1837
    39   70  276  199.0319  169.3889   10.1835
    40   71  276  199.0337  169.3882   10.1837
    41   72  276  199.0349  169.3875   10.1838
    42   75  276  199.0271  169.3855   10.1835
    43   76  276  199.0303  169.3847   10.1837
    44   77  276  199.0290  169.3840   10.1837
    45   78  276  199.0342  169.3832   10.1839
    46   79  277  199.0297  169.3826   10.1844
    47   81  277  199.0350  169.3811   10.1847
    48   82  277  199.0362  169.3804   10.1848
    49   83  277  199.0362  169.3797   10.1848
    50   84  277  199.0358  169.3790   10.1848
    51   85  277  199.0344  169.3783   10.1848
    52   86  277  199.0323  169.3777   10.1847
    53   87  277  199.0250  169.3770   10.1844
    54   88  277  199.0323  169.3762   10.1848
    55   89  277  199.0297  169.3756   10.1847
    56   90  277  199.0322  169.3748   10.1848
    57   91  277  199.0346  169.3741   10.1849
    58   92  277  199.0384  169.3733   10.1851
    59   94  278  199.0327  169.3720   10.1856
    60   93  278  199.0371  169.3727   10.1858
    61   96  279  199.0477  169.3705   10.1872
    62   97  279  199.0500  169.3697   10.1873
    63   98  279  199.0475  169.3690   10.1872
    64  100  279  199.0356  169.3678   10.1867
    65  101  279  199.0384  169.3671   10.1868
    66  102  279  199.0388  169.3663   10.1869
    67  103  279  199.0394  169.3656   10.1870
    68  104  279  199.0390  169.3649   10.1870
    69  105  279  199.0399  169.3642   10.1871
    70  106  279  199.0457  169.3634   10.1874
    71  107  279  199.0414  169.3628   10.1872
    72  108  279  199.0434  169.3621   10.1873
    73  109  279  199.0435  169.3614   10.1874
    74  110  279  199.0439  169.3606   10.1874
    75  110  280  199.0421  169.3607   10.1881
    76  111  281  199.0436  169.3600   10.1889
    77  112  281  199.0426  169.3593   10.1889
    78  113  281  199.0418  169.3586   10.1888
    79  114  281  199.0430  169.3579   10.1889
    80  115  281  199.0439  169.3572   10.1890
    81  116  281  199.0503  169.3564   10.1893
    82  117  281  199.0551  169.3557   10.1896
    83  118  281  199.0494  169.3550   10.1894
    84  119  281  199.0521  169.3543   10.1895
    85  120  281  199.0513  169.3536   10.1895
    86  121  281  199.0481  169.3529   10.1894
    87  122  281  199.0495  169.3522   10.1895
    88  123  281  199.0446  169.3515   10.1893
    89  124  281  199.0512  169.3508   10.1896
    90  125  282  199.0449  169.3502   10.1901
    91  126  282  199.0480  169.3494   10.1903
    92  127  282  199.0447  169.3488   10.1901
    93  128  282  199.0459  169.3480   10.1902
    94  129  282  199.0499  169.3473   10.1904
    95  130  282  199.0497  169.3466   10.1905
    96  131  282  199.0501  169.3459   10.1905
    97  132  282  199.0472  169.3452   10.1904
    98  133  282  199.0523  169.3445   10.1907
    99  134  282  199.0526  169.3437   10.1907
   100  135  282  199.0538  169.3430   10.1908
   101  136  282  199.0544  169.3423   10.1909
   102  137  282  199.0550  169.3416   10.1910
   103  139  282  199.0574  169.3402   10.1911
   104  140  282  199.0573  169.3395   10.1912
   105  141  282  199.0611  169.3387   10.1914
   106  142  282  199.0661  169.3380   10.1916
   107  143  282  199.0604  169.3373   10.1914
   108  144  282  199.0724  169.3365   10.1920
   109  144  283  199.0651  169.3366   10.1923
   110  145  283  199.0786  169.3358   10.1930
   111  146  283  199.0682  169.3352   10.1926
   112  147  283  199.0684  169.3345   10.1926
   113  148  284  199.0728  169.3337   10.1936
   114  149  284  199.0671  169.3331   10.1933
   115  150  284  199.0717  169.3324   10.1936
   116  151  284  199.0638  169.3317   10.1932
   117  152  284  199.0623  169.3310   10.1932
   118  153  284  199.0645  169.3303   10.1933
   119  154  284  199.0624  169.3296   10.1933
   120  155  284  199.0597  169.3289   10.1932
   121  156  284  199.0597  169.3282   10.1932
   122  158  284  199.0566  169.3269   10.1932
   123  160  284  199.0528  169.3255   10.1930
   124  161  284  199.0574  169.3247   10.1933
   125  162  284  199.0567  169.3240   10.1933
   126  163  284  199.0571  169.3233   10.1933
   127  164  284  199.0569  169.3226   10.1934
   128  166  285  199.0546  169.3213   10.1940
   129  167  285  199.0596  169.3205   10.1943
   130  168  285  199.0498  169.3199   10.1939
   131  169  285  199.0590  169.3191   10.1943
   132  170  285  199.0558  169.3185   10.1942
   133  171  285  199.0554  169.3177   10.1942
   134  165  285  199.0555  169.3220   10.1940
   135  175  286  199.0507  169.3150   10.1949
   136  176  286  199.0501  169.3143   10.1949
   137  177  286  199.0517  169.3136   10.1950
   138  178  286  199.0530  169.3129   10.1951
   139  179  286  199.0563  169.3121   10.1952
   140  180  286  199.0564  169.3114   10.1953
   141  181  286  199.0664  169.3106   10.1957
   142  182  286  199.0647  169.3100   10.1957
   143  183  286  199.0698  169.3092   10.1960
   144  184  286  199.0652  169.3085   10.1958
   145  185  286  199.0674  169.3078   10.1959
   146  186  286  199.0682  169.3071   10.1959
   147  187  286  199.0692  169.3064   10.1960
   148  188  286  199.0774  169.3056   10.1964
   149  189  286  199.0728  169.3050   10.1963
   150  190  286  199.0724  169.3043   10.1963
   151  191  286  199.0737  169.3035   10.1964
   152  192  286  199.0743  169.3028   10.1964
   153  193  286  199.0712  169.3022   10.1963
   154  194  286  199.0701  169.3015   10.1963
   155  194  287  199.0729  169.3015   10.1972
   156  195  287  199.0758  169.3008   10.1973
   157  196  287  199.0786  169.3000   10.1975
   158  197  287  199.0762  169.2993   10.1974
   159  198  287  199.0803  169.2986   10.1976
   160  199  287  199.0792  169.2979   10.1976
   161  200  287  199.0780  169.2972   10.1976
   162  202  287  199.0786  169.2958   10.1977
   163  203  287  199.0755  169.2951   10.1976
   164  204  288  199.0691  169.2945   10.1980
   165  205  288  199.0716  169.2938   10.1982
   166  206  288  199.0756  169.2930   10.1984
   167  207  288  199.0728  169.2924   10.1983
   168  208  288  199.0748  169.2916   10.1984
   169  209  288  199.0795  169.2909   10.1987
   170  210  288  199.0895  169.2901   10.1991
   171  212  289  199.0864  169.2888   10.1998
   172  213  289  199.0862  169.2881   10.1998
   173  211  289  199.0917  169.2895   10.2000
   174  215  290  199.0944  169.2867   10.2010
   175  216  291  199.0918  169.2860   10.2016
   176  217  291  199.0943  169.2853   10.2017
   177  218  291  199.0954  169.2846   10.2018
   178  219  291  199.0951  169.2839   10.2018
   179  220  291  199.0959  169.2832   10.2019
   180  221  291  199.0958  169.2825   10.2019
   181  222  291  199.0942  169.2818   10.2019
   182  223  291  199.0957  169.2811   10.2020
   183  224  291  199.0975  169.2804   10.2021
   184  225  291  199.0970  169.2797   10.2021
   185  226  292  199.0973  169.2790   10.2029
   186  227  292  199.0981  169.2783   10.2029
   187  228  292  199.0978  169.2776   10.2030
   188  225  292  199.0966  169.2797   10.2028
   189  233  293  199.1108  169.2741   10.2044
   190  234  293  199.1127  169.2734   10.2046
   191  236  293  199.1153  169.2720   10.2047
   192  237  293  199.1178  169.2712   10.2049
   193  238  293  199.1143  169.2706   10.2048
   194  239  294  199.1196  169.2699   10.2057
   195  240  294  199.1179  169.2692   10.2057
   196  241  294  199.1181  169.2685   10.2057
   197  242  294  199.1173  169.2678   10.2057
   198  243  294  199.1165  169.2671   10.2057
   199  243  295  199.1181  169.2671   10.2065
   200  244  295  199.1180  169.2664   10.2065
   201  245  295  199.1171  169.2657   10.2065
   202  246  295  199.1162  169.2650   10.2065
   203  247  295  199.1174  169.2643   10.2066
   204  248  295  199.1170  169.2636   10.2066
   205  249  295  199.1183  169.2629   10.2067
   206  250  295  199.1161  169.2622   10.2066
   207  251  295  199.1155  169.2615   10.2066
   208  252  295  199.1145  169.2608   10.2066
   209  253  295  199.1130  169.2601   10.2066
   210  254  295  199.1112  169.2594   10.2065
   211  255  295  199.1125  169.2587   10.2066
   212  256  295  199.1103  169.2580   10.2065
   213  257  295  199.1092  169.2573   10.2065
   214  258  295  199.1102  169.2566   10.2066
   215  259  295  199.1091  169.2559   10.2065
   216  260  295  199.1088  169.2552   10.2066
   217  261  295  199.1082  169.2545   10.2066
   218  262  295  199.1096  169.2538   10.2067
   219  263  295  199.1084  169.2531   10.2066
   220  264  295  199.1088  169.2524   10.2067

     1  136  347  199.1927  169.3432   10.2424
     2  135  347  199.1939  169.3438   10.2424
     3  137  348  199.1893  169.3425   10.2430
     4  138  348  199.1892  169.3418   10.2430
     5  139  348  199.1901  169.3411   10.2431
     6  136  348  199.1887  169.3432   10.2430
     7  141  349  199.1898  169.3398   10.2439
     8  142  349  199.1893  169.3391   10.2439
     9  143  349  199.1857  169.3385   10.2438
    10  144  349  199.1855  169.3378   10.2438
    11  146  349  199.1849  169.3364   10.2439
    12  147  349  199.1911  169.3356   10.2442
    13  148  349  199.1907  169.3349   10.2442
    14  149  349  199.1927  169.3342   10.2443
    15  150  349  199.1946  169.3335   10.2444
    16  151  349  199.1963  169.3328   10.2445
    17  152  349  199.2001  169.3320   10.2447
    18  153  349  199.1987  169.3314   10.2447
    19  154  349  199.1973  169.3307   10.2447
    20  155  349  199.1934  169.3300   10.2446
    21  156  349  199.1926  169.3293   10.2446
    22  157  349  199.1815  169.3288   10.2441
    23  159  349  199.1855  169.3273   10.2444
    24  160  349  199.1831  169.3267   10.2443
    25  161  349  199.1825  169.3260   10.2443
    26  162  349  199.1945  169.3252   10.2448
    27  163  349  199.1940  169.3245   10.2448
    28  163  350  199.1902  169.3245   10.2454
    29  164  350  199.2001  169.3238   10.2458
    30  165  350  199.2077  169.3230   10.2462
    31  166  350  199.2145  169.3222   10.2465
    32  168  350  199.2091  169.3209   10.2463
    33  169  350  199.1967  169.3203   10.2458
    34  170  350  199.1937  169.3196   10.2457
    35  171  350  199.1888  169.3190   10.2456
    36  172  350  199.1983  169.3182   10.2460
    37  173  350  199.1892  169.3176   10.2457
    38  174  350  199.1434  169.3173   10.2438
    40  176  350  199.1891  169.3155   10.2458
    41  177  350  199.1593  169.3151   10.2446
    42  178  350  199.1529  169.3144   10.2444
    43  179  350  199.1515  169.3137   10.2443
    44  180  351  199.1360  169.3132   10.2444
    45  181  351  199.1624  169.3123   10.2455
    46  182  351  199.1290  169.3118   10.2442
    47  183  351  199.1209  169.3112   10.2439
    48  184  351  199.1511  169.3103   10.2451
    49  185  351  199.1268  169.3098   10.2442
    50  179  351  199.1474  169.3138   10.2449
    51  185  352  199.1570  169.3096   10.2461
    52  186  352  199.1779  169.3087   10.2470
    53  187  352  199.1855  169.3080   10.2473
    54  188  352  199.1711  169.3074   10.2467
    55  191  352  199.1959  169.3051   10.2479
    56  192  352  199.1830  169.3045   10.2473
    75  215  354  199.2101  169.2884   10.2507
    76  216  354  199.1804  169.2879   10.2495
    77  217  354  199.1675  169.2872   10.2490
    78  218  354  199.1929  169.2864   10.2501
    79  220  355  199.1296  169.2854   10.2483
    80  221  355  199.1395  169.2846   10.2487
    81  222  355  199.1429  169.2839   10.2489
    82  223  355  199.1459  169.2832   10.2490
    83  224  355  199.0971  169.2827   10.2471
    84  225  355  199.1607  169.2817   10.2497
    85  226  355  199.1623  169.2810   10.2498
    86  227  355  199.1621  169.2803   10.2499
    87  228  355  199.1795  169.2796   10.2506
    88  231  356  199.1602  169.2776   10.2506
    90  232  357  199.2164  169.2767   10.2535
    91  233  357  199.2253  169.2760   10.2539
    92  234  357  199.2396  169.2752   10.2545
    93  235  357  199.1837  169.2747   10.2523
    94  236  357  199.1932  169.2740   10.2527
    95  237  357  199.1768  169.2734   10.2521
    96  238  357  199.1557  169.2727   10.2512
    97  239  357  199.1767  169.2720   10.2521
    98  240  357  199.1852  169.2712   10.2525
    99  241  357  199.0612  169.2710   10.2476
   100  242  357  199.0616  169.2703   10.2476
   101  244  357  199.0623  169.2688   10.2477
   103  247  357  199.1801  169.2664   10.2525
   104  248  357  199.1644  169.2657   10.2519
   105  249  357  199.1572  169.2650   10.2517
   106  251  357  199.1791  169.2636   10.2526
   107  252  357  199.1459  169.2630   10.2513
   110  255  357  199.1872  169.2608   10.2531
   111  256  357  199.2158  169.2600   10.2543
   112  257  357  199.2268  169.2593   10.2548
   113  258  357  199.1893  169.2587   10.2533
   114  259  357  199.1536  169.2581   10.2519
   115  260  357  199.1457  169.2574   10.2516
   116  260  358  199.2009  169.2573   10.2545
   117  261  358  199.1803  169.2567   10.2538
   118  262  358  199.2140  169.2559   10.2551
   119  263  358  199.2098  169.2552   10.2550
   120  264  358  199.2145  169.2545   10.2552
   121  265  358  199.2071  169.2538   10.2550
   122  266  358  199.1839  169.2532   10.2540
   123  267  358  199.1839  169.2525   10.2541
   124  268  358  199.1667  169.2518   10.2534
   125  269  358  199.1638  169.2511   10.2533
   126  270  358  199.1678  169.2504   10.2535
   127  271  358  199.2142  169.2496   10.2554
   128  272  358  199.2140  169.2489   10.2554
   129  273  358  199.1821  169.2483   10.2542
   130  274  358  199.1824  169.2476   10.2542
   131  275  358  199.1884  169.2469   10.2545
   132  276  358  199.1860  169.2462   10.2544
   133  277  358  199.1984  169.2455   10.2550
   134  279  358  199.2442  169.2440   10.2569
   135  280  358  199.2443  169.2434   10.2569
   136  281  358  199.2386  169.2427   10.2567
   137  283  359  199.2362  169.2413   10.2574
   138  282  359  199.2379  169.2420   10.2574
   139  284  360  199.2410  169.2407   10.2583
   140  285  360  199.2460  169.2400   10.2586
   141  286  360  199.2424  169.2393   10.2584
   142  287  360  199.2471  169.2386   10.2587
   143  288  360  199.2466  169.2379   10.2587
   144  289  360  199.2525  169.2372   10.2590
   145  290  360  199.2652  169.2365   10.2595
   146  291  360  199.2761  169.2358   10.2600
   147  292  360  199.2780  169.2351   10.2600
   148  293  360  199.2757  169.2344   10.2600
   149  294  360  199.2883  169.2337   10.2605
   150  296  361  199.2752  169.2324   10.2608
   151  297  361  199.2758  169.2317   10.2608
   152  295  361  199.2844  169.2331   10.2611
   153  297  362  199.2705  169.2317   10.2613
   154  298  362  199.2639  169.2310   10.2611
   155  299  362  199.2729  169.2304   10.2615
   156  300  362  199.2641  169.2297   10.2612
   157  301  362  199.2646  169.2290   10.2612
   158  303  362  199.2601  169.2276   10.2611
   159  304  362  199.2595  169.2269   10.2611
   160  305  362  199.2672  169.2262   10.2614
   161  306  362  199.2581  169.2255   10.2611
   162  307  362  199.2585  169.2248   10.2612
   163  308  362  199.2638  169.2241   10.2614
   164  309  362  199.2670  169.2234   10.2616
   165  310  362  199.2710  169.2227   10.2618
   166  311  362  199.2773  169.2221   10.2621
   167  312  362  199.2753  169.2214   10.2620
   168  313  362  199.2733  169.2207   10.2620
