; ENVI Output of ROIs (5.4) [Tue Aug 06 15:15:45 2019]
; Number of ROIs: 15
; File Dimension: 1328 x 1184
;
; ROI name: Region #1
; ROI rgb value: {255, 0, 0}
; ROI npts: 135
;
; ROI name: Region #2
; ROI rgb value: {0, 255, 0}
; ROI npts: 69
;
; ROI name: Region #3
; ROI rgb value: {0, 0, 255}
; ROI npts: 46
;
; ROI name: Region #4
; ROI rgb value: {255, 255, 0}
; ROI npts: 57
;
; ROI name: Region #5
; ROI rgb value: {0, 255, 255}
; ROI npts: 115
;
; ROI name: Region #6
; ROI rgb value: {255, 0, 255}
; ROI npts: 189
;
; ROI name: Region #7
; ROI rgb value: {176, 48, 96}
; ROI npts: 114
;
; ROI name: Region #8
; ROI rgb value: {46, 139, 87}
; ROI npts: 130
;
; ROI name: Region #9
; ROI rgb value: {160, 32, 240}
; ROI npts: 75
;
; ROI name: Region #10
; ROI rgb value: {255, 127, 80}
; ROI npts: 81
;
; ROI name: Region #11
; ROI rgb value: {127, 255, 212}
; ROI npts: 83
;
; ROI name: Region #12
; ROI rgb value: {218, 112, 214}
; ROI npts: 257
;
; ROI name: Region #13
; ROI rgb value: {160, 82, 45}
; ROI npts: 115
;
; ROI name: Region #14
; ROI rgb value: {127, 255, 0}
; ROI npts: 220
;
; ROI name: Region #15
; ROI rgb value: {216, 191, 216}
; ROI npts: 168
;   ID    X    Y      B1      B2      B3
     1  645  805  0.0345  0.0010  0.0006
     2  644  805  0.0344  0.0010  0.0006
     3  643  805  0.0345  0.0010  0.0006
     4  642  805  0.0345  0.0010  0.0006
     5  641  805  0.0344  0.0010  0.0006
     6  640  805  0.0344  0.0010  0.0006
     7  639  805  0.0344  0.0009  0.0006
     8  638  805  0.0344  0.0009  0.0006
     9  637  805  0.0344  0.0009  0.0006
    10  637  806  0.0344  0.0009  0.0006
    11  636  806  0.0345  0.0010  0.0006
    12  635  806  0.0344  0.0009  0.0006
    13  634  806  0.0344  0.0009  0.0006
    14  633  807  0.0343  0.0009  0.0006
    15  632  807  0.0343  0.0009  0.0006
    16  631  807  0.0343  0.0009  0.0006
    17  630  807  0.0343  0.0009  0.0006
    18  629  807  0.0342  0.0009  0.0006
    19  627  807  0.0343  0.0009  0.0006
    20  626  807  0.0343  0.0009  0.0006
    21  625  807  0.0343  0.0009  0.0006
    22  624  807  0.0343  0.0009  0.0006
    23  623  807  0.0343  0.0009  0.0006
    24  617  808  0.0343  0.0009  0.0006
    25  620  808  0.0342  0.0009  0.0006
    26  613  810  0.0343  0.0009  0.0006
    27  610  810  0.0343  0.0009  0.0006
    28  609  810  0.0343  0.0009  0.0006
    29  588  813  0.0342  0.0008  0.0006
    30  586  813  0.0342  0.0008  0.0006
    31  585  813  0.0342  0.0008  0.0006
    32  584  813  0.0342  0.0008  0.0006
    33  583  813  0.0342  0.0008  0.0006
    34  578  813  0.0342  0.0008  0.0006
    35  577  813  0.0342  0.0008  0.0006
    36  589  813  0.0342  0.0008  0.0006
    37  574  814  0.0342  0.0008  0.0006
    38  572  814  0.0342  0.0008  0.0006
    39  571  814  0.0342  0.0008  0.0006
    43  561  815  0.0342  0.0007  0.0006
    44  562  815  0.0342  0.0008  0.0006
    46  560  815  0.0356  0.0008  0.0006
    51  552  815  0.0341  0.0007  0.0006
    52  551  815  0.0341  0.0007  0.0006
    53  549  816  0.0341  0.0007  0.0006
    54  548  816  0.0341  0.0007  0.0006
    55  547  816  0.0342  0.0007  0.0006
    56  546  816  0.0341  0.0007  0.0006
    57  545  816  0.0341  0.0007  0.0006
    58  544  816  0.0342  0.0007  0.0006
    59  543  816  0.0342  0.0007  0.0006
    60  542  816  0.0341  0.0007  0.0006
    61  541  816  0.0342  0.0007  0.0006
    62  539  816  0.0341  0.0007  0.0006
    63  537  816  0.0341  0.0007  0.0006
    64  535  816  0.0341  0.0007  0.0006
    65  534  816  0.0341  0.0007  0.0006
    66  533  816  0.0341  0.0007  0.0006
    67  532  816  0.0341  0.0007  0.0006
    68  531  816  0.0341  0.0007  0.0006
    69  528  817  0.0341  0.0007  0.0006
    70  527  817  0.0341  0.0007  0.0006
    71  526  817  0.0341  0.0006  0.0006
    72  525  817  0.0341  0.0007  0.0006
    73  524  817  0.0341  0.0006  0.0006
    74  523  817  0.0340  0.0006  0.0006
    75  521  817  0.0340  0.0006  0.0006
    76  529  817  0.0341  0.0007  0.0006
    77  519  818  0.0340  0.0006  0.0006
    78  515  818  0.0340  0.0006  0.0006
    79  478  818  0.0341  0.0005  0.0006
    80  479  818  0.0341  0.0005  0.0006
    81  477  818  0.0342  0.0005  0.0006
    82  510  819  0.0340  0.0006  0.0006
    83  512  819  0.0340  0.0006  0.0006
    84  506  819  0.0341  0.0006  0.0006
    85  507  819  0.0341  0.0006  0.0006
    86  475  819  0.0342  0.0005  0.0006
    87  470  819  0.0342  0.0005  0.0006
    88  467  819  0.0341  0.0005  0.0006
    89  465  819  0.0340  0.0005  0.0006
    90  398  819  0.0341  0.0003  0.0006
    91  400  819  0.0341  0.0003  0.0006
    92  401  819  0.0340  0.0003  0.0006
    93  397  819  0.0341  0.0003  0.0006
    94  456  820  0.0340  0.0005  0.0006
    95  455  820  0.0340  0.0005  0.0006
    96  454  820  0.0340  0.0005  0.0006
    97  452  820  0.0339  0.0005  0.0006
    98  460  820  0.0340  0.0005  0.0006
    99  458  820  0.0341  0.0005  0.0006
   100  402  820  0.0340  0.0003  0.0006
   101  403  820  0.0340  0.0003  0.0006
   102  457  820  0.0340  0.0005  0.0006
   103  404  820  0.0340  0.0003  0.0006
   104  461  820  0.0340  0.0005  0.0006
   105  419  821  0.0339  0.0004  0.0006
   106  405  821  0.0339  0.0004  0.0006
   107  406  821  0.0339  0.0003  0.0006
   108  408  821  0.0340  0.0004  0.0006
   109  409  821  0.0339  0.0004  0.0006
   110  412  821  0.0339  0.0004  0.0006
   111  416  821  0.0340  0.0004  0.0006
   112  417  821  0.0339  0.0004  0.0006
   113  418  821  0.0339  0.0004  0.0006
   114  420  821  0.0339  0.0004  0.0006
   115  450  821  0.0339  0.0005  0.0006
   116  426  822  0.0339  0.0004  0.0006
   117  424  822  0.0339  0.0004  0.0006
   118  423  822  0.0339  0.0004  0.0006
   119  442  822  0.0339  0.0004  0.0006
   120  439  822  0.0339  0.0004  0.0006
   121  431  822  0.0339  0.0004  0.0006
   122  432  822  0.0339  0.0004  0.0006
   123  433  822  0.0339  0.0004  0.0006
   124  434  822  0.0339  0.0004  0.0006
   125  435  822  0.0339  0.0004  0.0006
   126  436  822  0.0339  0.0004  0.0006
   127  437  822  0.0339  0.0004  0.0006
   128  438  822  0.0339  0.0004  0.0006
   129  443  822  0.0339  0.0005  0.0006
   130  445  822  0.0338  0.0004  0.0006
   131  446  822  0.0339  0.0005  0.0006
   132  448  822  0.0339  0.0005  0.0006
   133  428  822  0.0339  0.0004  0.0006
   134  430  822  0.0339  0.0004  0.0006
   135  444  822  0.0338  0.0004  0.0006

    1  511  832  0.0340  0.0006  0.0006
    2  510  832  0.0340  0.0006  0.0006
    3  511  833  0.0340  0.0006  0.0006
    4  512  833  0.0340  0.0006  0.0006
    5  513  833  0.0340  0.0006  0.0006
    6  514  833  0.0340  0.0006  0.0006
    7  515  833  0.0340  0.0006  0.0006
    8  516  834  0.0340  0.0006  0.0006
    9  517  834  0.0340  0.0006  0.0006
   10  515  834  0.0340  0.0006  0.0006
   11  517  835  0.0340  0.0006  0.0006
   12  518  835  0.0340  0.0006  0.0006
   13  519  835  0.0341  0.0006  0.0006
   14  570  835  0.0342  0.0008  0.0006
   15  522  836  0.0341  0.0006  0.0006
   16  523  836  0.0341  0.0006  0.0006
   17  524  836  0.0341  0.0007  0.0006
   18  525  836  0.0341  0.0006  0.0006
   19  521  836  0.0341  0.0006  0.0006
   20  520  836  0.0341  0.0006  0.0006
   21  569  836  0.0342  0.0008  0.0006
   22  568  836  0.0342  0.0008  0.0006
   23  567  836  0.0342  0.0008  0.0006
   24  566  836  0.0342  0.0008  0.0006
   25  565  836  0.0342  0.0008  0.0006
   26  564  836  0.0342  0.0008  0.0006
   27  560  836  0.0342  0.0007  0.0006
   28  551  836  0.0342  0.0007  0.0006
   29  550  836  0.0342  0.0007  0.0006
   30  546  837  0.0341  0.0007  0.0006
   31  547  837  0.0341  0.0007  0.0006
   32  549  837  0.0341  0.0007  0.0006
   33  550  837  0.0341  0.0007  0.0006
   34  545  837  0.0342  0.0007  0.0006
   35  544  837  0.0342  0.0007  0.0006
   36  559  837  0.0341  0.0007  0.0006
   37  560  837  0.0341  0.0007  0.0006
   38  543  837  0.0342  0.0007  0.0006
   39  542  837  0.0342  0.0007  0.0006
   40  541  837  0.0342  0.0007  0.0006
   41  540  837  0.0342  0.0007  0.0006
   42  539  837  0.0342  0.0007  0.0006
   43  538  837  0.0341  0.0007  0.0006
   44  537  837  0.0341  0.0007  0.0006
   45  526  837  0.0341  0.0007  0.0006
   46  616  837  0.0341  0.0009  0.0006
   47  617  837  0.0341  0.0009  0.0006
   48  618  837  0.0341  0.0009  0.0006
   49  618  838  0.0341  0.0009  0.0006
   52  622  838  0.0342  0.0009  0.0006
   53  623  838  0.0342  0.0009  0.0006
   54  624  838  0.0342  0.0009  0.0006
   55  625  838  0.0343  0.0009  0.0006
   56  626  838  0.0342  0.0009  0.0006
   57  628  838  0.0342  0.0009  0.0006
   58  629  838  0.0341  0.0009  0.0006
   59  630  838  0.0339  0.0009  0.0006
   60  631  838  0.0340  0.0009  0.0006
   61  633  838  0.0340  0.0009  0.0006
   62  634  838  0.0340  0.0009  0.0006
   63  635  838  0.0341  0.0009  0.0006
   64  636  838  0.0340  0.0009  0.0006
   65  637  838  0.0341  0.0009  0.0006
   66  638  838  0.0341  0.0009  0.0006
   67  639  838  0.0341  0.0009  0.0006
   68  640  839  0.0341  0.0010  0.0006
   69  639  839  0.0341  0.0010  0.0006

    1  296  801  0.0352  0.0001  0.0007
    2  295  801  0.0352  0.0001  0.0007
    3  294  801  0.0352  0.0002  0.0007
    4  293  801  0.0352  0.0002  0.0007
    5  297  801  0.0352  0.0002  0.0007
    6  292  802  0.0352  0.0002  0.0007
    7  291  802  0.0352  0.0002  0.0007
    8  290  802  0.0352  0.0002  0.0007
    9  289  802  0.0352  0.0002  0.0007
   10  288  802  0.0352  0.0002  0.0007
   11  287  802  0.0352  0.0002  0.0007
   12  286  803  0.0352  0.0002  0.0007
   13  285  803  0.0352  0.0002  0.0007
   14  283  803  0.0352  0.0002  0.0007
   15  284  803  0.0352  0.0002  0.0007
   16  282  804  0.0352  0.0002  0.0007
   17  280  804  0.0352  0.0002  0.0007
   18  279  804  0.0351  0.0002  0.0007
   19  278  804  0.0351  0.0002  0.0007
   20  276  804  0.0350  0.0002  0.0007
   21  281  804  0.0352  0.0002  0.0007
   22  270  805  0.0351  0.0002  0.0007
   23  269  805  0.0350  0.0002  0.0007
   24  273  805  0.0350  0.0002  0.0007
   25  275  805  0.0350  0.0002  0.0007
   26  268  805  0.0351  0.0002  0.0007
   27  267  805  0.0350  0.0002  0.0007
   28  266  805  0.0350  0.0002  0.0007
   29  262  805  0.0350  0.0002  0.0007
   30  271  805  0.0350  0.0002  0.0007
   31  263  805  0.0350  0.0002  0.0007
   32  261  805  0.0350  0.0002  0.0007
   33  264  805  0.0350  0.0002  0.0007
   34  258  806  0.0350  0.0002  0.0007
   35  260  806  0.0350  0.0002  0.0007
   36  256  807  0.0350  0.0002  0.0007
   37  255  807  0.0350  0.0002  0.0007
   38  257  807  0.0350  0.0002  0.0007
   42  250  808  0.0349  0.0002  0.0007
   43  249  808  0.0349  0.0002  0.0007
   44  248  808  0.0349  0.0003  0.0007
   45  247  808  0.0349  0.0003  0.0007
   46  246  808  0.0349  0.0003  0.0007

    1  314  781  0.0352  0.0001  0.0008
    2  313  781  0.0352  0.0001  0.0008
    3  316  781  0.0352  0.0001  0.0008
    4  311  782  0.0352  0.0001  0.0008
    5  309  783  0.0352  0.0001  0.0008
    6  308  783  0.0352  0.0001  0.0008
    7  310  783  0.0352  0.0001  0.0008
    8  307  784  0.0352  0.0001  0.0008
    9  306  784  0.0352  0.0001  0.0008
   10  304  784  0.0352  0.0001  0.0008
   11  303  784  0.0352  0.0001  0.0008
   12  302  784  0.0352  0.0001  0.0008
   13  300  784  0.0352  0.0001  0.0008
   14  299  784  0.0352  0.0001  0.0008
   15  296  785  0.0352  0.0001  0.0008
   16  294  786  0.0352  0.0002  0.0007
   17  292  787  0.0352  0.0002  0.0007
   18  288  788  0.0352  0.0002  0.0007
   19  290  788  0.0352  0.0002  0.0007
   20  288  789  0.0352  0.0002  0.0007
   21  287  789  0.0352  0.0002  0.0007
   22  286  789  0.0351  0.0002  0.0007
   23  285  789  0.0351  0.0002  0.0007
   24  284  789  0.0351  0.0002  0.0007
   25  269  789  0.0350  0.0002  0.0007
   26  272  789  0.0351  0.0002  0.0007
   27  273  789  0.0351  0.0002  0.0007
   28  274  789  0.0350  0.0002  0.0007
   29  276  789  0.0351  0.0002  0.0007
   30  278  789  0.0351  0.0002  0.0007
   31  279  789  0.0351  0.0002  0.0007
   32  281  789  0.0351  0.0002  0.0007
   33  282  789  0.0351  0.0002  0.0007
   34  266  790  0.0350  0.0002  0.0007
   35  265  790  0.0350  0.0002  0.0007
   36  267  790  0.0350  0.0002  0.0007
   37  265  791  0.0350  0.0002  0.0007
   38  264  791  0.0350  0.0002  0.0007
   39  263  791  0.0350  0.0002  0.0007
   40  262  791  0.0350  0.0002  0.0007
   41  261  791  0.0350  0.0002  0.0007
   42  260  791  0.0349  0.0002  0.0007
   43  259  791  0.0349  0.0002  0.0007
   44  258  791  0.0349  0.0002  0.0007
   45  257  791  0.0349  0.0002  0.0007
   46  257  792  0.0349  0.0002  0.0007
   47  256  792  0.0349  0.0002  0.0007
   48  254  793  0.0349  0.0002  0.0007
   49  253  793  0.0349  0.0002  0.0007
   50  252  793  0.0349  0.0002  0.0007
   51  251  793  0.0349  0.0002  0.0007
   52  249  793  0.0348  0.0002  0.0007
   53  248  793  0.0348  0.0002  0.0007

     1  316  768  0.0354  0.0001  0.0008
     2  314  768  0.0354  0.0001  0.0008
     3  313  768  0.0354  0.0001  0.0008
     4  315  768  0.0354  0.0001  0.0008
     5  311  769  0.0354  0.0001  0.0008
     6  308  769  0.0353  0.0001  0.0008
     7  306  769  0.0353  0.0001  0.0008
     8  310  769  0.0354  0.0001  0.0008
     9  309  769  0.0354  0.0001  0.0008
    10  307  769  0.0353  0.0001  0.0008
    11  303  770  0.0353  0.0001  0.0008
    12  305  770  0.0353  0.0001  0.0008
    13  300  771  0.0353  0.0001  0.0008
    14  299  771  0.0353  0.0001  0.0008
    15  298  771  0.0353  0.0001  0.0008
    16  297  771  0.0353  0.0001  0.0008
    17  296  771  0.0353  0.0002  0.0008
    18  301  771  0.0353  0.0001  0.0008
    19  294  771  0.0353  0.0001  0.0008
    20  293  771  0.0352  0.0002  0.0008
    21  292  771  0.0352  0.0002  0.0008
    22  291  771  0.0352  0.0002  0.0008
    23  302  771  0.0353  0.0001  0.0008
    24  295  771  0.0353  0.0002  0.0008
    25  194  772  0.0353  0.0004  0.0008
    26  193  772  0.0353  0.0004  0.0008
    27  192  772  0.0353  0.0004  0.0008
    28  191  772  0.0353  0.0004  0.0008
    29  189  772  0.0353  0.0004  0.0008
    30  190  772  0.0353  0.0004  0.0008
    31  195  772  0.0353  0.0004  0.0008
    32  278  772  0.0352  0.0002  0.0008
    33  196  772  0.0352  0.0004  0.0008
    34  280  772  0.0352  0.0002  0.0008
    35  281  772  0.0352  0.0002  0.0008
    36  282  772  0.0352  0.0002  0.0008
    37  283  772  0.0352  0.0002  0.0008
    38  284  772  0.0352  0.0002  0.0008
    39  286  772  0.0353  0.0002  0.0008
    40  287  772  0.0352  0.0002  0.0008
    41  289  772  0.0352  0.0002  0.0008
    42  290  772  0.0353  0.0002  0.0008
    43  197  772  0.0353  0.0004  0.0008
    44  212  772  0.0352  0.0003  0.0008
    45  222  772  0.0351  0.0003  0.0008
    46  221  772  0.0350  0.0003  0.0008
    47  220  772  0.0351  0.0003  0.0008
    48  219  772  0.0351  0.0003  0.0008
    49  218  772  0.0351  0.0003  0.0008
    50  217  772  0.0351  0.0003  0.0008
    51  216  772  0.0351  0.0003  0.0008
    52  215  772  0.0351  0.0003  0.0008
    53  214  772  0.0352  0.0003  0.0008
    54  279  772  0.0351  0.0002  0.0008
    55  213  772  0.0351  0.0003  0.0008
    56  277  773  0.0352  0.0002  0.0008
    57  276  773  0.0352  0.0002  0.0008
    58  199  773  0.0352  0.0004  0.0008
    59  200  773  0.0352  0.0003  0.0008
    60  201  773  0.0352  0.0003  0.0008
    61  202  773  0.0352  0.0003  0.0008
    62  203  773  0.0352  0.0003  0.0008
    63  204  773  0.0352  0.0003  0.0008
    64  205  773  0.0351  0.0003  0.0008
    65  206  773  0.0352  0.0003  0.0008
    66  207  773  0.0352  0.0003  0.0008
    67  208  773  0.0352  0.0003  0.0008
    68  209  773  0.0352  0.0003  0.0008
    69  210  773  0.0352  0.0003  0.0008
    70  211  773  0.0351  0.0003  0.0008
    71  212  773  0.0351  0.0003  0.0008
    72  198  773  0.0352  0.0004  0.0008
    73  229  773  0.0351  0.0003  0.0008
    74  228  773  0.0351  0.0003  0.0008
    75  227  773  0.0351  0.0003  0.0008
    76  226  773  0.0351  0.0003  0.0008
    77  225  773  0.0351  0.0003  0.0008
    78  224  773  0.0351  0.0003  0.0008
    79  223  773  0.0351  0.0003  0.0008
    80  222  773  0.0351  0.0003  0.0008
    81  229  774  0.0351  0.0003  0.0008
    82  274  774  0.0352  0.0002  0.0008
    83  273  774  0.0352  0.0002  0.0008
    84  272  774  0.0351  0.0002  0.0008
    85  232  774  0.0351  0.0003  0.0008
    86  231  774  0.0351  0.0003  0.0008
    87  230  774  0.0351  0.0003  0.0008
    88  251  775  0.0350  0.0002  0.0008
    89  250  775  0.0350  0.0002  0.0008
    90  249  775  0.0350  0.0002  0.0008
    91  248  775  0.0350  0.0002  0.0008
    92  252  775  0.0350  0.0002  0.0008
    93  253  775  0.0350  0.0002  0.0008
    94  254  775  0.0350  0.0002  0.0008
    95  233  775  0.0351  0.0003  0.0008
    96  234  775  0.0351  0.0003  0.0008
    97  238  775  0.0352  0.0003  0.0008
    98  237  775  0.0351  0.0003  0.0008
    99  236  775  0.0352  0.0003  0.0008
   100  267  775  0.0351  0.0002  0.0008
   101  269  775  0.0351  0.0002  0.0008
   102  271  775  0.0351  0.0002  0.0008
   103  255  775  0.0350  0.0002  0.0008
   104  256  775  0.0351  0.0002  0.0008
   105  240  775  0.0351  0.0003  0.0008
   106  239  775  0.0351  0.0003  0.0008
   107  246  775  0.0350  0.0003  0.0008
   108  244  775  0.0350  0.0003  0.0008
   109  242  775  0.0351  0.0003  0.0008
   110  235  775  0.0351  0.0003  0.0008
   111  261  776  0.0351  0.0002  0.0008
   112  262  776  0.0350  0.0002  0.0008
   113  264  776  0.0350  0.0002  0.0008
   114  259  776  0.0351  0.0002  0.0008
   115  258  776  0.0350  0.0002  0.0008

     1  721  384  0.0415  0.0015  0.0020
     2  722  384  0.0415  0.0015  0.0020
     3  723  385  0.0414  0.0015  0.0020
     4  722  385  0.0415  0.0015  0.0020
     5  147  386  0.0422  0.0005  0.0021
     6  144  386  0.0422  0.0005  0.0021
     7  143  386  0.0422  0.0005  0.0021
     8  146  386  0.0422  0.0005  0.0021
     9  145  386  0.0422  0.0005  0.0021
    10  725  386  0.0413  0.0015  0.0020
    11  724  386  0.0413  0.0015  0.0020
    12  142  386  0.0422  0.0005  0.0021
    13  727  386  0.0412  0.0015  0.0020
    14  728  386  0.0411  0.0015  0.0020
    15  729  386  0.0410  0.0015  0.0020
    16  730  386  0.0410  0.0015  0.0020
    17  732  386  0.0411  0.0015  0.0020
    18  733  386  0.0411  0.0015  0.0020
    19  734  386  0.0412  0.0015  0.0020
    20  151  387  0.0420  0.0005  0.0021
    21  154  387  0.0421  0.0005  0.0021
    22  155  387  0.0420  0.0005  0.0021
    23  156  387  0.0420  0.0005  0.0021
    24  157  387  0.0420  0.0005  0.0021
    25  158  387  0.0420  0.0005  0.0021
    26  152  387  0.0420  0.0005  0.0021
    27  153  387  0.0421  0.0005  0.0021
    28  150  387  0.0421  0.0005  0.0021
    29  149  387  0.0421  0.0005  0.0021
    30  148  387  0.0421  0.0005  0.0021
    31  735  387  0.0413  0.0015  0.0020
    32  737  387  0.0413  0.0015  0.0020
    33  738  387  0.0412  0.0015  0.0020
    34  741  387  0.0413  0.0015  0.0020
    35  742  387  0.0412  0.0015  0.0020
    36  166  388  0.0420  0.0004  0.0021
    37  756  388  0.0412  0.0016  0.0020
    38  754  388  0.0414  0.0016  0.0020
    39  749  388  0.0414  0.0015  0.0020
    40  176  388  0.0418  0.0004  0.0021
    41  175  388  0.0417  0.0004  0.0021
    42  174  388  0.0422  0.0004  0.0021
    43  173  388  0.0419  0.0004  0.0021
    44  172  388  0.0418  0.0004  0.0021
    45  171  388  0.0422  0.0004  0.0021
    46  170  388  0.0421  0.0004  0.0021
    47  169  388  0.0420  0.0004  0.0021
    48  168  388  0.0420  0.0004  0.0021
    49  167  388  0.0420  0.0004  0.0021
    50  757  388  0.0412  0.0016  0.0020
    51  163  388  0.0419  0.0005  0.0021
    52  162  388  0.0419  0.0004  0.0021
    53  161  388  0.0420  0.0005  0.0021
    54  160  388  0.0420  0.0005  0.0021
    55  159  388  0.0420  0.0005  0.0021
    56  743  388  0.0411  0.0015  0.0020
    57  745  388  0.0413  0.0015  0.0020
    58  747  388  0.0413  0.0015  0.0020
    59  748  388  0.0413  0.0015  0.0020
    60  178  389  0.0419  0.0004  0.0021
    61  180  389  0.0419  0.0004  0.0021
    62  179  389  0.0419  0.0004  0.0021
    63  177  389  0.0417  0.0004  0.0021
    64  758  389  0.0410  0.0016  0.0020
    65  759  389  0.0412  0.0016  0.0020
    66  761  389  0.0415  0.0016  0.0020
    68  766  390  0.0419  0.0016  0.0020
    69  764  390  0.0421  0.0016  0.0020
    70  763  390  0.0418  0.0016  0.0020
    71  762  390  0.0418  0.0016  0.0020
    72  192  390  0.0420  0.0004  0.0021
    73  191  390  0.0419  0.0004  0.0021
    74  190  390  0.0419  0.0004  0.0021
    75  189  390  0.0419  0.0004  0.0021
    76  188  390  0.0420  0.0004  0.0021
    77  187  390  0.0420  0.0004  0.0021
    78  186  390  0.0420  0.0004  0.0021
    79  185  390  0.0419  0.0004  0.0021
    80  184  390  0.0419  0.0004  0.0021
    81  183  390  0.0419  0.0004  0.0021
    82  182  390  0.0419  0.0004  0.0021
    83  180  390  0.0419  0.0004  0.0021
    84  181  390  0.0419  0.0004  0.0021
    85  207  391  0.0419  0.0003  0.0021
    86  193  391  0.0419  0.0004  0.0021
    87  195  391  0.0421  0.0004  0.0021
    88  196  391  0.0420  0.0004  0.0021
    89  197  391  0.0420  0.0004  0.0021
    90  198  391  0.0420  0.0004  0.0021
    91  199  391  0.0420  0.0004  0.0021
    92  769  391  0.0418  0.0016  0.0020
    93  200  391  0.0420  0.0004  0.0021
    94  206  391  0.0420  0.0003  0.0021
    95  204  391  0.0420  0.0003  0.0021
    96  201  391  0.0420  0.0004  0.0021
    97  202  391  0.0420  0.0003  0.0021
    98  775  391  0.0432  0.0017  0.0020
   100  771  391  0.0413  0.0016  0.0020
   101  203  391  0.0420  0.0003  0.0021
   102  194  391  0.0420  0.0004  0.0021
   122  807  394  0.0432  0.0018  0.0020
   123  808  394  0.0431  0.0018  0.0020
   126  815  395  0.0434  0.0018  0.0020
   127  816  395  0.0434  0.0018  0.0020
   128  817  395  0.0435  0.0018  0.0020
   129  818  395  0.0435  0.0018  0.0020
   130  819  395  0.0436  0.0019  0.0020
   134  265  396  0.0416  0.0002  0.0020
   135  266  396  0.0416  0.0002  0.0020
   136  267  396  0.0416  0.0002  0.0020
   137  268  396  0.0416  0.0002  0.0020
   138  264  396  0.0416  0.0002  0.0020
   139  263  396  0.0416  0.0002  0.0020
   140  262  396  0.0416  0.0002  0.0020
   141  827  396  0.0416  0.0018  0.0020
   142  826  396  0.0416  0.0018  0.0020
   143  824  396  0.0436  0.0019  0.0020
   144  822  396  0.0434  0.0018  0.0020
   145  821  396  0.0433  0.0018  0.0020
   146  828  396  0.0412  0.0018  0.0019
   147  829  396  0.0425  0.0018  0.0020
   148  820  396  0.0432  0.0018  0.0020
   149  261  396  0.0416  0.0002  0.0020
   150  260  396  0.0416  0.0002  0.0020
   151  259  396  0.0416  0.0002  0.0020
   152  258  396  0.0416  0.0002  0.0020
   153  830  396  0.0426  0.0018  0.0020
   154  256  396  0.0417  0.0002  0.0020
   155  268  397  0.0416  0.0002  0.0020
   156  269  397  0.0416  0.0002  0.0020
   157  270  397  0.0416  0.0002  0.0020
   158  271  397  0.0416  0.0002  0.0020
   159  272  397  0.0416  0.0002  0.0020
   160  273  397  0.0416  0.0002  0.0020
   161  274  397  0.0416  0.0002  0.0020
   162  276  397  0.0416  0.0002  0.0020
   163  278  397  0.0416  0.0002  0.0020
   164  279  397  0.0416  0.0002  0.0020
   165  280  397  0.0416  0.0002  0.0020
   166  281  397  0.0416  0.0002  0.0020
   167  848  397  0.0413  0.0018  0.0019
   168  846  397  0.0413  0.0018  0.0019
   169  845  397  0.0413  0.0018  0.0019
   170  843  397  0.0412  0.0018  0.0019
   171  842  397  0.0413  0.0018  0.0019
   172  839  397  0.0412  0.0018  0.0019
   174  836  397  0.0424  0.0018  0.0020
   175  275  397  0.0416  0.0002  0.0020
   176  832  397  0.0431  0.0019  0.0020
   177  833  397  0.0432  0.0019  0.0020
   179  854  398  0.0412  0.0019  0.0019
   180  853  398  0.0413  0.0019  0.0019
   181  852  398  0.0411  0.0019  0.0019
   182  851  398  0.0413  0.0018  0.0019
   183  849  398  0.0412  0.0018  0.0019
   184  856  398  0.0413  0.0019  0.0019
   185  857  399  0.0412  0.0019  0.0019
   186  858  399  0.0412  0.0019  0.0019
   187  859  399  0.0412  0.0019  0.0019
   188  860  399  0.0412  0.0019  0.0019
   189  856  399  0.0412  0.0019  0.0019

     1  684  399  0.0413  0.0013  0.0020
     2  685  399  0.0413  0.0013  0.0020
     3  686  399  0.0413  0.0013  0.0020
     4  688  399  0.0413  0.0013  0.0020
     5  690  399  0.0413  0.0014  0.0020
     6  692  399  0.0413  0.0014  0.0020
     7  683  399  0.0412  0.0013  0.0020
     8  693  400  0.0413  0.0014  0.0019
     9  694  400  0.0413  0.0014  0.0019
    10  709  400  0.0413  0.0014  0.0019
    11  708  400  0.0413  0.0014  0.0019
    12  710  400  0.0413  0.0014  0.0019
    13  707  400  0.0412  0.0014  0.0019
    14  706  400  0.0412  0.0014  0.0019
    15  702  401  0.0412  0.0014  0.0019
    16  703  401  0.0413  0.0014  0.0019
    17  704  401  0.0412  0.0014  0.0019
    18  705  401  0.0412  0.0014  0.0019
    19  699  401  0.0412  0.0014  0.0019
    20  698  401  0.0412  0.0014  0.0019
    21  696  401  0.0413  0.0014  0.0019
    22  695  401  0.0413  0.0014  0.0019
    23  697  401  0.0412  0.0014  0.0019
    24  710  401  0.0413  0.0014  0.0019
    25  711  401  0.0413  0.0014  0.0019
    26  712  401  0.0413  0.0014  0.0019
    27  713  401  0.0413  0.0014  0.0019
    28  714  401  0.0412  0.0014  0.0019
    29  715  401  0.0412  0.0014  0.0019
    30  716  402  0.0413  0.0014  0.0019
    31  717  402  0.0413  0.0014  0.0019
    32  719  402  0.0411  0.0014  0.0019
    33  720  402  0.0411  0.0014  0.0019
    34  722  402  0.0411  0.0014  0.0019
    35  723  402  0.0412  0.0015  0.0019
    36  724  402  0.0411  0.0015  0.0019
    37  725  402  0.0412  0.0015  0.0019
    38  726  402  0.0412  0.0015  0.0019
    39  728  402  0.0411  0.0015  0.0019
    40  729  402  0.0412  0.0015  0.0019
    41  730  402  0.0411  0.0015  0.0019
    42  731  403  0.0411  0.0015  0.0019
    43  732  403  0.0411  0.0015  0.0019
    44  733  403  0.0411  0.0015  0.0019
    45  734  403  0.0411  0.0015  0.0019
    46  735  403  0.0410  0.0015  0.0019
    47  736  403  0.0410  0.0015  0.0019
    48  730  403  0.0411  0.0015  0.0019
    49  739  404  0.0410  0.0015  0.0019
    50  740  404  0.0410  0.0015  0.0019
    51  741  404  0.0410  0.0015  0.0019
    52  743  404  0.0410  0.0015  0.0019
    53  744  404  0.0411  0.0015  0.0019
    54  745  404  0.0411  0.0015  0.0019
    55  746  404  0.0411  0.0015  0.0019
    56  747  404  0.0411  0.0015  0.0019
    57  749  404  0.0411  0.0015  0.0019
    58  750  404  0.0412  0.0015  0.0019
    59  751  404  0.0411  0.0015  0.0019
    60  752  404  0.0411  0.0015  0.0019
    61  754  404  0.0411  0.0016  0.0019
    62  755  404  0.0411  0.0016  0.0019
    63  756  404  0.0411  0.0016  0.0019
    64  757  404  0.0411  0.0016  0.0019
    65  758  404  0.0411  0.0016  0.0019
    66  760  405  0.0412  0.0016  0.0019
    67  761  405  0.0412  0.0016  0.0019
    68  762  405  0.0411  0.0016  0.0019
    69  763  405  0.0411  0.0016  0.0019
    70  764  405  0.0411  0.0016  0.0019
    71  759  405  0.0411  0.0016  0.0019
    72  766  406  0.0411  0.0016  0.0019
    73  765  406  0.0412  0.0016  0.0019
    74  798  411  0.0412  0.0017  0.0019
    75  799  411  0.0411  0.0017  0.0019
    76  800  411  0.0412  0.0017  0.0019
    77  801  411  0.0412  0.0017  0.0019
    78  802  411  0.0412  0.0017  0.0019
    79  803  411  0.0412  0.0017  0.0019
    80  804  411  0.0412  0.0017  0.0019
    81  805  411  0.0412  0.0017  0.0019
    82  806  411  0.0412  0.0017  0.0019
    83  807  411  0.0412  0.0017  0.0019
    84  808  411  0.0412  0.0017  0.0019
    85  809  411  0.0413  0.0017  0.0019
    86  810  411  0.0413  0.0017  0.0019
    87  811  411  0.0414  0.0017  0.0019
    88  812  411  0.0414  0.0017  0.0019
    89  813  411  0.0414  0.0017  0.0019
    90  814  411  0.0414  0.0017  0.0019
    91  815  411  0.0412  0.0017  0.0019
    92  816  411  0.0413  0.0018  0.0019
    93  817  411  0.0413  0.0018  0.0019
    94  818  411  0.0413  0.0018  0.0019
    95  819  411  0.0412  0.0017  0.0019
    96  820  411  0.0412  0.0017  0.0019
    97  821  411  0.0412  0.0018  0.0019
    98  822  411  0.0412  0.0018  0.0019
    99  842  411  0.0410  0.0018  0.0019
   100  841  411  0.0411  0.0018  0.0019
   101  840  411  0.0409  0.0018  0.0019
   102  839  411  0.0409  0.0018  0.0019
   103  838  411  0.0409  0.0018  0.0019
   104  833  411  0.0412  0.0018  0.0019
   105  834  411  0.0411  0.0018  0.0019
   106  835  411  0.0412  0.0018  0.0019
   107  836  411  0.0411  0.0018  0.0019
   108  837  411  0.0409  0.0018  0.0019
   109  843  411  0.0409  0.0018  0.0019
   110  830  412  0.0412  0.0018  0.0019
   111  829  412  0.0413  0.0018  0.0019
   112  828  412  0.0413  0.0018  0.0019
   113  832  412  0.0412  0.0018  0.0019
   114  833  412  0.0412  0.0018  0.0019

     1  429  365  0.0420  0.0006  0.0021
     2  428  365  0.0420  0.0006  0.0021
     3  431  366  0.0419  0.0006  0.0021
     4  432  366  0.0419  0.0006  0.0021
     5  429  366  0.0420  0.0006  0.0021
     6  435  367  0.0419  0.0006  0.0021
     7  434  367  0.0419  0.0006  0.0021
     8  436  368  0.0420  0.0006  0.0021
     9  439  368  0.0419  0.0006  0.0021
    10  440  368  0.0420  0.0006  0.0021
    11  441  368  0.0420  0.0006  0.0021
    12  443  368  0.0420  0.0006  0.0021
    13  445  368  0.0420  0.0006  0.0021
    14  446  368  0.0420  0.0006  0.0021
    15  447  368  0.0421  0.0006  0.0021
    16  448  368  0.0420  0.0006  0.0021
    17  449  368  0.0420  0.0006  0.0021
    18  449  369  0.0420  0.0006  0.0021
    19  451  369  0.0420  0.0006  0.0021
    20  452  369  0.0419  0.0006  0.0021
    21  453  369  0.0420  0.0006  0.0021
    22  454  370  0.0419  0.0006  0.0021
    23  455  370  0.0419  0.0006  0.0021
    24  457  370  0.0419  0.0006  0.0021
    25  469  370  0.0420  0.0007  0.0021
    26  468  370  0.0420  0.0007  0.0021
    27  467  370  0.0420  0.0007  0.0021
    28  462  371  0.0420  0.0007  0.0021
    29  464  371  0.0420  0.0007  0.0021
    30  465  371  0.0420  0.0007  0.0021
    31  460  371  0.0420  0.0007  0.0021
    32  459  371  0.0420  0.0007  0.0021
    33  458  371  0.0418  0.0007  0.0021
    34  470  371  0.0421  0.0007  0.0021
    35  471  371  0.0420  0.0007  0.0021
    36  473  371  0.0420  0.0007  0.0021
    37  474  371  0.0420  0.0007  0.0021
    38  476  372  0.0420  0.0007  0.0021
    39  478  372  0.0421  0.0007  0.0021
    40  475  372  0.0421  0.0007  0.0021
    41  478  373  0.0420  0.0007  0.0021
    42  479  373  0.0420  0.0007  0.0021
    43  480  373  0.0420  0.0007  0.0021
    44  482  374  0.0419  0.0007  0.0021
    45  483  374  0.0419  0.0007  0.0021
    46  485  374  0.0419  0.0007  0.0021
    47  486  374  0.0420  0.0008  0.0021
    48  488  374  0.0421  0.0008  0.0021
    49  489  374  0.0420  0.0007  0.0021
    50  491  374  0.0421  0.0008  0.0021
    51  493  374  0.0421  0.0008  0.0021
    52  496  374  0.0420  0.0008  0.0021
    53  498  374  0.0420  0.0008  0.0021
    54  499  374  0.0418  0.0008  0.0021
    55  500  374  0.0418  0.0008  0.0021
    56  501  374  0.0420  0.0008  0.0021
    57  503  374  0.0416  0.0008  0.0021
    58  504  374  0.0417  0.0008  0.0021
    62  490  374  0.0421  0.0008  0.0021
    63  525  375  0.0420  0.0009  0.0021
    64  530  375  0.0419  0.0009  0.0021
    65  527  375  0.0419  0.0009  0.0021
    66  526  375  0.0419  0.0009  0.0021
    67  511  375  0.0420  0.0008  0.0021
    68  509  375  0.0419  0.0008  0.0021
    69  524  375  0.0419  0.0009  0.0021
    70  523  375  0.0419  0.0009  0.0021
    71  533  375  0.0420  0.0009  0.0021
    72  512  376  0.0418  0.0008  0.0021
    73  514  376  0.0419  0.0008  0.0021
    74  516  376  0.0419  0.0008  0.0021
    75  519  376  0.0418  0.0008  0.0021
    76  521  376  0.0419  0.0009  0.0021
    77  534  376  0.0420  0.0009  0.0021
    78  536  376  0.0420  0.0009  0.0021
    79  538  376  0.0420  0.0009  0.0021
    80  541  376  0.0419  0.0009  0.0021
    81  518  376  0.0418  0.0008  0.0021
    82  545  377  0.0418  0.0009  0.0021
    83  547  377  0.0417  0.0009  0.0021
    84  549  377  0.0418  0.0009  0.0021
    85  550  377  0.0418  0.0009  0.0021
    86  552  377  0.0417  0.0009  0.0021
    87  555  377  0.0417  0.0010  0.0021
    88  558  377  0.0418  0.0010  0.0021
    89  543  377  0.0418  0.0009  0.0021
    90  561  378  0.0418  0.0010  0.0021
    91  564  378  0.0418  0.0010  0.0021
    92  566  378  0.0418  0.0010  0.0021
    93  567  378  0.0418  0.0010  0.0021
    94  568  378  0.0418  0.0010  0.0021
    95  569  378  0.0418  0.0010  0.0021
    96  570  378  0.0418  0.0010  0.0021
    97  571  378  0.0418  0.0010  0.0021
    98  573  378  0.0419  0.0010  0.0021
    99  574  378  0.0419  0.0010  0.0021
   100  576  378  0.0418  0.0010  0.0021
   101  578  378  0.0418  0.0010  0.0021
   102  579  378  0.0418  0.0010  0.0021
   103  580  378  0.0416  0.0010  0.0021
   104  582  378  0.0417  0.0010  0.0021
   105  583  378  0.0417  0.0010  0.0021
   106  585  378  0.0417  0.0010  0.0021
   107  610  378  0.0418  0.0011  0.0021
   108  611  378  0.0418  0.0011  0.0021
   109  586  379  0.0417  0.0010  0.0020
   110  609  379  0.0417  0.0011  0.0020
   111  608  379  0.0417  0.0011  0.0020
   112  588  379  0.0417  0.0010  0.0020
   113  589  380  0.0417  0.0011  0.0020
   114  592  380  0.0417  0.0011  0.0020
   115  608  380  0.0417  0.0011  0.0020
   116  607  380  0.0417  0.0011  0.0020
   117  606  380  0.0417  0.0011  0.0020
   118  591  380  0.0417  0.0011  0.0020
   119  593  380  0.0417  0.0011  0.0020
   120  602  381  0.0417  0.0011  0.0020
   121  600  381  0.0417  0.0011  0.0020
   122  604  381  0.0417  0.0011  0.0020
   123  605  381  0.0417  0.0011  0.0020
   124  599  381  0.0418  0.0011  0.0020
   125  598  381  0.0418  0.0011  0.0020
   126  597  381  0.0418  0.0011  0.0020
   127  596  381  0.0418  0.0011  0.0020
   128  603  381  0.0417  0.0011  0.0020
   129  595  381  0.0417  0.0011  0.0020
   130  601  381  0.0417  0.0011  0.0020

    1  770  345  0.0423  0.0017  0.0022
    2  771  345  0.0423  0.0017  0.0021
    3  772  345  0.0423  0.0017  0.0021
    4  773  345  0.0423  0.0017  0.0021
    5  774  345  0.0422  0.0017  0.0021
    6  776  345  0.0423  0.0017  0.0021
    7  777  345  0.0421  0.0017  0.0021
    8  778  345  0.0422  0.0017  0.0021
    9  780  345  0.0421  0.0017  0.0021
   10  781  345  0.0422  0.0017  0.0021
   11  782  345  0.0422  0.0017  0.0021
   12  783  345  0.0421  0.0017  0.0021
   13  784  345  0.0422  0.0017  0.0021
   14  785  345  0.0422  0.0017  0.0021
   15  787  345  0.0422  0.0017  0.0021
   16  788  345  0.0422  0.0017  0.0021
   17  790  346  0.0422  0.0017  0.0021
   18  792  346  0.0421  0.0017  0.0021
   19  793  346  0.0421  0.0017  0.0021
   20  795  346  0.0422  0.0017  0.0021
   21  796  346  0.0422  0.0017  0.0021
   22  797  346  0.0421  0.0017  0.0021
   23  799  346  0.0422  0.0017  0.0021
   24  800  346  0.0422  0.0017  0.0021
   25  801  346  0.0422  0.0017  0.0021
   26  802  346  0.0421  0.0018  0.0021
   27  804  346  0.0422  0.0017  0.0021
   28  807  347  0.0421  0.0018  0.0021
   29  808  347  0.0421  0.0018  0.0021
   30  809  347  0.0420  0.0018  0.0021
   31  811  347  0.0420  0.0018  0.0021
   32  806  347  0.0421  0.0018  0.0021
   33  813  348  0.0420  0.0018  0.0021
   34  828  349  0.0420  0.0018  0.0021
   35  826  349  0.0420  0.0018  0.0021
   36  823  349  0.0420  0.0018  0.0021
   37  822  349  0.0420  0.0018  0.0021
   38  821  349  0.0420  0.0018  0.0021
   39  820  349  0.0420  0.0018  0.0021
   40  818  349  0.0420  0.0018  0.0021
   41  817  349  0.0421  0.0018  0.0021
   42  815  349  0.0420  0.0018  0.0021
   43  833  350  0.0419  0.0018  0.0021
   44  834  350  0.0419  0.0018  0.0021
   45  835  350  0.0420  0.0018  0.0021
   46  836  350  0.0420  0.0018  0.0021
   47  831  350  0.0420  0.0018  0.0021
   48  836  351  0.0419  0.0018  0.0021
   49  837  351  0.0419  0.0018  0.0021
   50  838  351  0.0419  0.0018  0.0021
   51  839  351  0.0419  0.0019  0.0021
   52  840  351  0.0421  0.0019  0.0021
   53  842  351  0.0421  0.0019  0.0021
   54  843  352  0.0419  0.0019  0.0021
   55  844  352  0.0420  0.0019  0.0021
   56  845  352  0.0421  0.0019  0.0021
   57  846  352  0.0421  0.0019  0.0021
   58  842  352  0.0420  0.0019  0.0021
   59  847  353  0.0420  0.0019  0.0021
   60  848  353  0.0420  0.0019  0.0021
   61  849  353  0.0419  0.0019  0.0021
   62  850  353  0.0420  0.0019  0.0021
   63  852  353  0.0420  0.0019  0.0021
   64  853  353  0.0419  0.0019  0.0021
   65  855  353  0.0419  0.0019  0.0021
   66  857  353  0.0419  0.0019  0.0021
   67  859  353  0.0419  0.0019  0.0021
   68  860  353  0.0420  0.0019  0.0021
   69  862  353  0.0420  0.0019  0.0021
   70  864  353  0.0420  0.0019  0.0021
   71  865  353  0.0420  0.0019  0.0021
   72  866  353  0.0419  0.0019  0.0021
   73  867  353  0.0420  0.0019  0.0021
   74  870  353  0.0419  0.0019  0.0021
   75  871  353  0.0420  0.0020  0.0021

    1  714  435  0.0405  0.0014  0.0018
    2  715  435  0.0406  0.0014  0.0018
    3  716  435  0.0406  0.0014  0.0018
    4  717  435  0.0406  0.0014  0.0018
    5  713  435  0.0405  0.0014  0.0018
    6  717  436  0.0406  0.0014  0.0018
    7  718  436  0.0405  0.0014  0.0018
    8  719  436  0.0405  0.0014  0.0018
    9  720  436  0.0405  0.0014  0.0018
   10  721  436  0.0405  0.0014  0.0018
   11  722  436  0.0405  0.0014  0.0018
   12  723  436  0.0405  0.0014  0.0018
   13  726  437  0.0405  0.0014  0.0018
   14  727  437  0.0405  0.0014  0.0018
   15  728  437  0.0406  0.0014  0.0018
   16  729  437  0.0405  0.0014  0.0018
   17  730  437  0.0406  0.0014  0.0018
   18  731  437  0.0406  0.0014  0.0018
   19  725  437  0.0405  0.0014  0.0018
   20  732  438  0.0405  0.0015  0.0018
   21  733  438  0.0405  0.0015  0.0018
   22  734  438  0.0405  0.0015  0.0018
   23  735  438  0.0404  0.0015  0.0018
   24  736  438  0.0405  0.0015  0.0018
   25  737  438  0.0404  0.0015  0.0018
   26  738  438  0.0404  0.0015  0.0018
   27  739  438  0.0404  0.0015  0.0018
   28  740  438  0.0405  0.0015  0.0018
   29  742  438  0.0405  0.0015  0.0018
   30  743  438  0.0405  0.0015  0.0018
   31  744  438  0.0405  0.0015  0.0018
   32  745  438  0.0405  0.0015  0.0018
   33  746  438  0.0404  0.0015  0.0018
   34  750  438  0.0403  0.0015  0.0018
   35  763  438  0.0404  0.0015  0.0018
   36  762  438  0.0404  0.0015  0.0018
   37  761  438  0.0404  0.0015  0.0018
   38  764  438  0.0404  0.0016  0.0018
   39  754  439  0.0403  0.0015  0.0018
   40  755  439  0.0403  0.0015  0.0018
   41  756  439  0.0403  0.0015  0.0018
   42  757  439  0.0403  0.0015  0.0018
   43  758  439  0.0403  0.0015  0.0018
   44  759  439  0.0403  0.0015  0.0018
   45  760  439  0.0404  0.0015  0.0018
   46  752  439  0.0404  0.0015  0.0018
   47  751  439  0.0403  0.0015  0.0018
   48  750  439  0.0403  0.0015  0.0018
   49  753  439  0.0403  0.0015  0.0018
   50  764  439  0.0403  0.0015  0.0018
   51  765  439  0.0403  0.0016  0.0018
   52  766  439  0.0404  0.0016  0.0018
   53  771  440  0.0403  0.0016  0.0018
   54  772  440  0.0404  0.0016  0.0018
   55  773  440  0.0404  0.0016  0.0018
   56  774  440  0.0404  0.0016  0.0018
   57  777  440  0.0404  0.0016  0.0018
   58  770  440  0.0404  0.0016  0.0018
   59  777  441  0.0404  0.0016  0.0018
   60  779  441  0.0404  0.0016  0.0018
   61  780  441  0.0403  0.0016  0.0018
   62  781  441  0.0403  0.0016  0.0018
   63  783  441  0.0403  0.0016  0.0018
   64  784  441  0.0403  0.0016  0.0018
   65  785  442  0.0404  0.0016  0.0018
   66  786  442  0.0404  0.0016  0.0018
   67  787  442  0.0403  0.0016  0.0018
   68  790  442  0.0403  0.0016  0.0018
   69  791  442  0.0403  0.0016  0.0018
   70  792  442  0.0403  0.0016  0.0018
   71  793  442  0.0403  0.0016  0.0018
   72  794  442  0.0403  0.0016  0.0018
   73  796  442  0.0403  0.0016  0.0018
   74  797  442  0.0404  0.0016  0.0018
   75  798  442  0.0404  0.0016  0.0018
   76  800  442  0.0404  0.0017  0.0018
   77  801  442  0.0404  0.0017  0.0018
   78  802  442  0.0404  0.0017  0.0018
   79  803  442  0.0404  0.0017  0.0018
   80  804  442  0.0404  0.0017  0.0018
   81  805  442  0.0404  0.0017  0.0018

    1  730  426  0.0408  0.0015  0.0018
    2  731  426  0.0408  0.0015  0.0018
    3  732  426  0.0408  0.0015  0.0018
    4  733  426  0.0408  0.0015  0.0018
    5  729  426  0.0408  0.0014  0.0018
    6  733  427  0.0408  0.0015  0.0018
    7  734  427  0.0408  0.0015  0.0018
    8  735  427  0.0408  0.0015  0.0018
    9  736  427  0.0407  0.0015  0.0018
   10  737  427  0.0408  0.0015  0.0018
   11  737  428  0.0407  0.0015  0.0018
   12  738  428  0.0407  0.0015  0.0018
   13  739  428  0.0407  0.0015  0.0018
   14  740  428  0.0407  0.0015  0.0018
   15  741  428  0.0407  0.0015  0.0018
   16  742  428  0.0407  0.0015  0.0018
   17  743  428  0.0408  0.0015  0.0018
   18  744  428  0.0407  0.0015  0.0018
   19  745  428  0.0408  0.0015  0.0018
   20  746  428  0.0408  0.0015  0.0018
   21  747  428  0.0408  0.0015  0.0018
   22  748  428  0.0408  0.0015  0.0018
   23  749  428  0.0408  0.0015  0.0018
   24  750  428  0.0406  0.0015  0.0018
   25  751  428  0.0407  0.0015  0.0018
   26  752  428  0.0407  0.0015  0.0018
   27  753  428  0.0408  0.0015  0.0018
   28  754  428  0.0407  0.0015  0.0018
   29  755  428  0.0407  0.0015  0.0018
   30  756  428  0.0408  0.0015  0.0018
   31  757  428  0.0407  0.0015  0.0018
   32  758  428  0.0407  0.0015  0.0018
   33  759  428  0.0406  0.0015  0.0018
   34  760  428  0.0407  0.0016  0.0018
   35  761  428  0.0406  0.0015  0.0018
   36  762  428  0.0408  0.0016  0.0018
   37  763  428  0.0405  0.0016  0.0018
   38  766  429  0.0405  0.0016  0.0018
   39  767  429  0.0405  0.0016  0.0018
   40  768  429  0.0406  0.0016  0.0018
   41  769  429  0.0406  0.0016  0.0018
   42  770  429  0.0406  0.0016  0.0018
   43  771  429  0.0407  0.0016  0.0018
   44  772  429  0.0405  0.0016  0.0018
   45  773  429  0.0406  0.0016  0.0018
   46  774  429  0.0405  0.0016  0.0018
   47  775  429  0.0405  0.0016  0.0018
   48  776  429  0.0405  0.0016  0.0018
   49  777  429  0.0406  0.0016  0.0018
   50  778  429  0.0404  0.0016  0.0018
   51  779  429  0.0405  0.0016  0.0018
   52  780  429  0.0407  0.0016  0.0018
   53  785  431  0.0405  0.0016  0.0018
   54  786  431  0.0405  0.0016  0.0018
   55  787  431  0.0406  0.0016  0.0018
   56  788  431  0.0406  0.0016  0.0018
   57  789  431  0.0405  0.0016  0.0018
   58  790  431  0.0406  0.0016  0.0018
   59  791  431  0.0406  0.0016  0.0018
   60  792  431  0.0406  0.0016  0.0018
   61  793  431  0.0406  0.0016  0.0018
   62  794  431  0.0406  0.0016  0.0018
   63  795  431  0.0405  0.0017  0.0018
   64  796  431  0.0405  0.0017  0.0018
   65  797  431  0.0405  0.0016  0.0018
   66  798  431  0.0405  0.0017  0.0018
   67  799  431  0.0406  0.0017  0.0018
   68  800  431  0.0406  0.0017  0.0018
   69  801  431  0.0406  0.0017  0.0018
   70  802  431  0.0407  0.0017  0.0018
   71  810  432  0.0406  0.0017  0.0018
   72  811  432  0.0406  0.0017  0.0018
   73  812  432  0.0406  0.0017  0.0018
   74  813  432  0.0406  0.0017  0.0018
   75  814  432  0.0406  0.0017  0.0018
   76  815  432  0.0406  0.0017  0.0018
   77  816  432  0.0406  0.0017  0.0018
   78  817  432  0.0406  0.0017  0.0018
   79  818  432  0.0406  0.0017  0.0018
   80  819  432  0.0406  0.0017  0.0018
   81  820  432  0.0407  0.0017  0.0018
   82  821  432  0.0407  0.0017  0.0018
   83  822  432  0.0407  0.0017  0.0018

     1  283  396  0.0415  0.0002  0.0020
     2  283  397  0.0415  0.0001  0.0020
     3  284  397  0.0415  0.0001  0.0020
     4  285  397  0.0416  0.0001  0.0020
     5  286  397  0.0415  0.0001  0.0020
     6  287  397  0.0415  0.0001  0.0020
     7  288  397  0.0415  0.0001  0.0020
     8  289  397  0.0416  0.0001  0.0020
     9  290  397  0.0415  0.0001  0.0020
    10  291  397  0.0415  0.0001  0.0020
    11  292  397  0.0415  0.0001  0.0020
    12  293  397  0.0416  0.0001  0.0020
    13  295  397  0.0415  0.0002  0.0020
    14  297  397  0.0416  0.0001  0.0020
    15  298  397  0.0416  0.0001  0.0020
    16  299  397  0.0416  0.0001  0.0020
    17  300  397  0.0415  0.0002  0.0020
    18  301  397  0.0414  0.0002  0.0020
    19  302  397  0.0415  0.0002  0.0020
    20  303  397  0.0416  0.0002  0.0020
    21  304  398  0.0417  0.0002  0.0020
    22  306  398  0.0416  0.0002  0.0020
    23  307  398  0.0416  0.0002  0.0020
    24  308  398  0.0416  0.0002  0.0020
    25  309  398  0.0416  0.0002  0.0020
    26  311  398  0.0416  0.0002  0.0020
    27  303  398  0.0416  0.0002  0.0020
    28  312  399  0.0416  0.0002  0.0020
    29  313  399  0.0415  0.0002  0.0020
    30  315  399  0.0415  0.0002  0.0020
    31  316  399  0.0416  0.0002  0.0020
    32  317  399  0.0416  0.0002  0.0020
    33  319  399  0.0416  0.0002  0.0020
    34  320  399  0.0416  0.0002  0.0020
    35  321  399  0.0417  0.0002  0.0020
    36  323  399  0.0417  0.0002  0.0020
    37  324  399  0.0417  0.0002  0.0020
    38  326  399  0.0418  0.0002  0.0020
    39  327  399  0.0418  0.0002  0.0020
    40  328  399  0.0417  0.0002  0.0020
    41  329  399  0.0417  0.0003  0.0020
    42  330  399  0.0417  0.0003  0.0020
    43  331  399  0.0416  0.0002  0.0020
    44  332  399  0.0416  0.0003  0.0020
    45  341  399  0.0416  0.0003  0.0020
    46  342  399  0.0416  0.0003  0.0020
    47  344  400  0.0416  0.0003  0.0020
    48  345  400  0.0416  0.0003  0.0020
    49  346  400  0.0417  0.0003  0.0020
    50  347  400  0.0417  0.0003  0.0020
    51  348  400  0.0417  0.0003  0.0020
    52  349  400  0.0417  0.0003  0.0020
    53  350  400  0.0417  0.0003  0.0020
    54  343  400  0.0416  0.0003  0.0020
    55  351  401  0.0417  0.0003  0.0020
    56  353  401  0.0416  0.0003  0.0020
    57  354  401  0.0416  0.0003  0.0020
    58  355  401  0.0416  0.0003  0.0020
    59  356  401  0.0416  0.0003  0.0020
    60  357  401  0.0416  0.0003  0.0020
    61  358  401  0.0416  0.0003  0.0020
    62  360  401  0.0417  0.0003  0.0020
    63  362  401  0.0416  0.0003  0.0020
    64  364  401  0.0415  0.0003  0.0020
    65  365  401  0.0415  0.0004  0.0020
    66  366  401  0.0415  0.0004  0.0020
    67  369  402  0.0416  0.0004  0.0020
    68  368  402  0.0415  0.0004  0.0020
    69  408  405  0.0414  0.0005  0.0020
    70  409  405  0.0414  0.0005  0.0020
    71  410  405  0.0414  0.0005  0.0020
    72  411  405  0.0414  0.0005  0.0020
    73  412  405  0.0414  0.0005  0.0020
    74  414  405  0.0413  0.0005  0.0020
    75  415  405  0.0412  0.0005  0.0020
    76  416  405  0.0414  0.0005  0.0020
    77  417  405  0.0415  0.0005  0.0020
    78  418  405  0.0415  0.0005  0.0020
    79  420  405  0.0413  0.0005  0.0020
    80  421  405  0.0414  0.0005  0.0020
    81  423  405  0.0415  0.0005  0.0020
    82  424  405  0.0414  0.0005  0.0020
    83  426  405  0.0415  0.0005  0.0020
    84  427  405  0.0414  0.0006  0.0020
    85  428  405  0.0415  0.0006  0.0020
    86  429  405  0.0414  0.0006  0.0020
    87  430  405  0.0414  0.0006  0.0020
    88  431  405  0.0413  0.0006  0.0020
    89  432  405  0.0413  0.0006  0.0020
    90  434  405  0.0415  0.0006  0.0020
    91  435  405  0.0414  0.0006  0.0020
    92  436  405  0.0415  0.0006  0.0020
    93  437  405  0.0414  0.0006  0.0020
    94  438  405  0.0415  0.0006  0.0020
    95  439  406  0.0414  0.0006  0.0020
    96  440  406  0.0413  0.0006  0.0020
    97  441  406  0.0413  0.0006  0.0020
    98  442  406  0.0414  0.0006  0.0020
    99  443  406  0.0413  0.0006  0.0020
   100  444  406  0.0414  0.0006  0.0020
   101  445  406  0.0414  0.0006  0.0020
   102  446  406  0.0413  0.0006  0.0020
   103  447  406  0.0415  0.0006  0.0020
   104  448  406  0.0413  0.0006  0.0020
   105  449  406  0.0414  0.0006  0.0020
   106  450  406  0.0413  0.0006  0.0020
   107  452  406  0.0414  0.0006  0.0020
   108  453  406  0.0414  0.0006  0.0020
   109  455  406  0.0415  0.0006  0.0020
   110  456  406  0.0414  0.0006  0.0020
   111  457  406  0.0415  0.0006  0.0020
   112  459  407  0.0414  0.0006  0.0020
   113  461  407  0.0414  0.0007  0.0020
   114  458  407  0.0414  0.0006  0.0020
   115  463  408  0.0414  0.0007  0.0020
   116  464  408  0.0414  0.0007  0.0020
   117  465  408  0.0414  0.0007  0.0020
   118  473  408  0.0415  0.0007  0.0020
   119  474  408  0.0415  0.0007  0.0020
   120  475  408  0.0415  0.0007  0.0020
   121  476  408  0.0414  0.0007  0.0020
   122  478  409  0.0414  0.0007  0.0020
   123  480  409  0.0414  0.0007  0.0020
   124  482  409  0.0415  0.0007  0.0020
   125  484  409  0.0415  0.0007  0.0020
   126  485  409  0.0415  0.0007  0.0020
   127  486  409  0.0414  0.0007  0.0020
   128  479  409  0.0414  0.0007  0.0020
   129  490  410  0.0415  0.0007  0.0020
   130  491  410  0.0415  0.0007  0.0020
   131  492  410  0.0414  0.0007  0.0020
   132  493  410  0.0414  0.0007  0.0020
   133  494  410  0.0414  0.0008  0.0020
   134  487  410  0.0415  0.0007  0.0020
   135  488  410  0.0415  0.0007  0.0020
   136  495  410  0.0414  0.0008  0.0020
   137  524  411  0.0413  0.0008  0.0019
   138  525  411  0.0413  0.0008  0.0019
   139  526  411  0.0413  0.0009  0.0019
   140  528  411  0.0413  0.0008  0.0019
   141  529  411  0.0413  0.0009  0.0019
   142  532  411  0.0412  0.0009  0.0019
   143  533  411  0.0412  0.0009  0.0019
   144  534  411  0.0412  0.0009  0.0019
   145  535  411  0.0413  0.0009  0.0019
   146  536  411  0.0412  0.0009  0.0019
   147  537  412  0.0409  0.0009  0.0019
   148  538  412  0.0412  0.0009  0.0019
   149  539  412  0.0411  0.0009  0.0019
   150  558  412  0.0411  0.0010  0.0019
   151  559  412  0.0411  0.0010  0.0019
   152  560  412  0.0412  0.0010  0.0019
   153  561  412  0.0411  0.0010  0.0019
   154  536  412  0.0412  0.0009  0.0019
   155  561  413  0.0411  0.0009  0.0019
   156  562  413  0.0411  0.0010  0.0019
   157  563  413  0.0411  0.0010  0.0019
   158  564  413  0.0411  0.0010  0.0019
   159  565  413  0.0411  0.0010  0.0019
   160  566  413  0.0411  0.0010  0.0019
   161  567  413  0.0411  0.0010  0.0019
   162  568  413  0.0411  0.0010  0.0019
   163  569  413  0.0410  0.0010  0.0019
   164  570  413  0.0411  0.0010  0.0019
   165  571  413  0.0410  0.0010  0.0019
   166  572  413  0.0411  0.0010  0.0019
   167  573  413  0.0411  0.0010  0.0019
   168  574  413  0.0410  0.0010  0.0019
   169  575  413  0.0410  0.0010  0.0019
   170  576  413  0.0411  0.0010  0.0019
   171  577  413  0.0411  0.0010  0.0019
   172  579  413  0.0411  0.0010  0.0019
   173  580  413  0.0411  0.0010  0.0019
   174  582  413  0.0411  0.0010  0.0019
   175  583  413  0.0412  0.0010  0.0019
   176  584  413  0.0413  0.0010  0.0019
   177  585  413  0.0412  0.0010  0.0019
   178  586  413  0.0412  0.0010  0.0019
   179  587  413  0.0413  0.0010  0.0019
   180  588  413  0.0413  0.0010  0.0019
   181  589  413  0.0413  0.0011  0.0019
   182  590  413  0.0415  0.0010  0.0019
   183  591  413  0.0415  0.0011  0.0019
   185  593  414  0.0416  0.0011  0.0019
   186  594  414  0.0410  0.0011  0.0019
   187  595  414  0.0413  0.0011  0.0019
   188  596  414  0.0411  0.0011  0.0019
   189  597  414  0.0412  0.0011  0.0019
   190  598  414  0.0412  0.0011  0.0019
   191  599  414  0.0411  0.0011  0.0019
   192  600  414  0.0411  0.0011  0.0019
   193  601  414  0.0412  0.0011  0.0019
   194  602  414  0.0412  0.0011  0.0019
   195  603  414  0.0412  0.0011  0.0019
   196  604  414  0.0413  0.0011  0.0019
   197  605  414  0.0414  0.0011  0.0019
   198  606  414  0.0414  0.0011  0.0019
   199  607  414  0.0412  0.0011  0.0019
   200  608  414  0.0411  0.0011  0.0019
   201  609  414  0.0411  0.0011  0.0019
   202  610  414  0.0411  0.0011  0.0019
   203  611  414  0.0409  0.0011  0.0019
   204  613  414  0.0411  0.0011  0.0019
   205  613  415  0.0409  0.0011  0.0019
   206  614  415  0.0411  0.0011  0.0019
   207  615  415  0.0410  0.0011  0.0019
   208  616  415  0.0410  0.0011  0.0019
   209  617  415  0.0410  0.0011  0.0019
   210  618  415  0.0410  0.0011  0.0019
   211  619  415  0.0411  0.0011  0.0019
   212  620  415  0.0412  0.0011  0.0019
   213  625  415  0.0411  0.0012  0.0019
   214  626  415  0.0414  0.0012  0.0019
   215  627  415  0.0412  0.0012  0.0019
   216  629  415  0.0412  0.0012  0.0019
   217  653  415  0.0410  0.0012  0.0019
   218  652  415  0.0410  0.0012  0.0019
   219  651  415  0.0409  0.0012  0.0019
   220  650  415  0.0410  0.0012  0.0019
   221  649  415  0.0409  0.0012  0.0019
   222  648  415  0.0409  0.0012  0.0019
   223  647  415  0.0409  0.0012  0.0019
   224  646  415  0.0408  0.0012  0.0019
   225  645  415  0.0408  0.0012  0.0019
   226  644  415  0.0408  0.0012  0.0019
   227  640  415  0.0409  0.0012  0.0019
   228  641  415  0.0409  0.0012  0.0019
   229  642  415  0.0408  0.0012  0.0019
   230  643  415  0.0408  0.0012  0.0019
   231  638  416  0.0412  0.0012  0.0019
   232  637  416  0.0409  0.0012  0.0019
   233  636  416  0.0409  0.0012  0.0019
   234  635  416  0.0409  0.0012  0.0019
   235  634  416  0.0415  0.0012  0.0019
   236  633  416  0.0415  0.0012  0.0019
   237  632  416  0.0410  0.0012  0.0019
   238  631  416  0.0410  0.0012  0.0019
   239  630  416  0.0412  0.0012  0.0019
   240  629  416  0.0411  0.0012  0.0019
   241  653  416  0.0410  0.0012  0.0019
   242  654  416  0.0409  0.0012  0.0019
   243  655  416  0.0409  0.0012  0.0019
   244  656  416  0.0409  0.0012  0.0019
   245  657  416  0.0409  0.0012  0.0019
   246  658  416  0.0409  0.0012  0.0019
   247  659  416  0.0409  0.0012  0.0019
   248  660  416  0.0409  0.0012  0.0019
   249  661  416  0.0409  0.0013  0.0019
   250  662  416  0.0409  0.0013  0.0019
   251  663  416  0.0409  0.0013  0.0019
   252  664  417  0.0408  0.0013  0.0019
   253  665  417  0.0408  0.0013  0.0019
   254  666  417  0.0408  0.0013  0.0019
   255  667  417  0.0409  0.0013  0.0019
   256  668  417  0.0409  0.0013  0.0019
   257  663  417  0.0408  0.0013  0.0019

     1  334  411  0.0414  0.0003  0.0020
     2  344  411  0.0414  0.0003  0.0020
     3  343  411  0.0414  0.0003  0.0020
     4  342  411  0.0414  0.0003  0.0020
     5  341  411  0.0414  0.0003  0.0020
     6  340  411  0.0414  0.0003  0.0020
     7  339  411  0.0414  0.0003  0.0020
     8  338  411  0.0415  0.0003  0.0020
     9  337  411  0.0414  0.0003  0.0020
    10  336  411  0.0414  0.0003  0.0020
    11  335  411  0.0414  0.0003  0.0020
    12  404  413  0.0415  0.0005  0.0020
    13  405  413  0.0415  0.0005  0.0020
    14  406  413  0.0415  0.0005  0.0020
    15  407  413  0.0414  0.0005  0.0020
    16  403  413  0.0415  0.0005  0.0020
    17  410  414  0.0414  0.0005  0.0020
    18  411  414  0.0414  0.0005  0.0020
    19  420  414  0.0414  0.0005  0.0020
    20  419  414  0.0413  0.0005  0.0020
    21  418  414  0.0413  0.0005  0.0020
    22  417  414  0.0413  0.0005  0.0020
    23  415  414  0.0413  0.0005  0.0020
    24  414  414  0.0413  0.0005  0.0020
    25  413  414  0.0414  0.0005  0.0020
    26  412  414  0.0414  0.0005  0.0020
    27  408  414  0.0414  0.0005  0.0020
    28  435  415  0.0414  0.0006  0.0019
    29  439  415  0.0414  0.0006  0.0019
    30  438  415  0.0414  0.0006  0.0019
    31  437  415  0.0414  0.0006  0.0019
    32  436  415  0.0414  0.0006  0.0019
    33  440  415  0.0414  0.0006  0.0019
    34  434  415  0.0414  0.0006  0.0019
    35  472  416  0.0413  0.0007  0.0019
    36  473  416  0.0413  0.0007  0.0019
    37  474  416  0.0413  0.0007  0.0019
    38  475  416  0.0413  0.0007  0.0019
    39  476  417  0.0413  0.0007  0.0019
    40  475  417  0.0413  0.0007  0.0019
    41  481  417  0.0413  0.0007  0.0019
    42  477  417  0.0413  0.0007  0.0019
    43  478  417  0.0413  0.0007  0.0019
    44  479  417  0.0413  0.0007  0.0019
    45  480  417  0.0413  0.0007  0.0019
    46  481  418  0.0413  0.0007  0.0019
    47  488  418  0.0414  0.0007  0.0019
    48  482  418  0.0413  0.0007  0.0019
    49  483  418  0.0413  0.0007  0.0019
    50  484  418  0.0413  0.0007  0.0019
    51  485  418  0.0413  0.0007  0.0019
    52  486  418  0.0413  0.0007  0.0019
    53  487  418  0.0414  0.0007  0.0019
    54  562  421  0.0410  0.0010  0.0019
    55  561  421  0.0410  0.0009  0.0019
    56  555  421  0.0412  0.0009  0.0019
    57  552  421  0.0412  0.0009  0.0019
    58  563  421  0.0410  0.0010  0.0019
    59  554  421  0.0411  0.0009  0.0019
    60  553  421  0.0412  0.0009  0.0019
    61  551  421  0.0411  0.0009  0.0019
    62  550  421  0.0412  0.0009  0.0019
    63  532  422  0.0411  0.0009  0.0019
    64  563  422  0.0410  0.0010  0.0019
    65  564  422  0.0410  0.0010  0.0019
    66  565  422  0.0409  0.0010  0.0019
    67  566  422  0.0410  0.0010  0.0019
    68  567  422  0.0410  0.0010  0.0019
    69  568  422  0.0410  0.0010  0.0019
    70  569  422  0.0411  0.0010  0.0019
    71  570  422  0.0410  0.0010  0.0019
    72  571  422  0.0410  0.0010  0.0019
    73  533  422  0.0411  0.0009  0.0019
    74  534  422  0.0410  0.0009  0.0019
    75  535  422  0.0410  0.0009  0.0019
    76  536  422  0.0411  0.0009  0.0019
    77  537  422  0.0411  0.0009  0.0019
    78  538  422  0.0411  0.0009  0.0019
    79  539  422  0.0411  0.0009  0.0019
    80  540  422  0.0412  0.0009  0.0019
    81  541  422  0.0412  0.0009  0.0019
    82  542  422  0.0411  0.0009  0.0019
    83  547  422  0.0412  0.0009  0.0019
    84  546  422  0.0411  0.0009  0.0019
    85  545  422  0.0411  0.0009  0.0019
    86  544  422  0.0411  0.0009  0.0019
    87  543  422  0.0411  0.0009  0.0019
    88  617  423  0.0408  0.0011  0.0019
    89  605  423  0.0409  0.0011  0.0019
    90  606  423  0.0410  0.0011  0.0019
    91  608  423  0.0411  0.0011  0.0019
    92  609  423  0.0408  0.0011  0.0019
    93  610  423  0.0409  0.0011  0.0019
    94  611  423  0.0410  0.0011  0.0019
    95  612  423  0.0409  0.0011  0.0019
    96  613  423  0.0410  0.0011  0.0019
    97  614  423  0.0411  0.0011  0.0019
    98  615  423  0.0407  0.0011  0.0019
    99  616  423  0.0409  0.0011  0.0019
   100  619  423  0.0410  0.0011  0.0019
   101  618  423  0.0408  0.0011  0.0019
   102  607  423  0.0411  0.0011  0.0019
   103  654  425  0.0408  0.0012  0.0019
   104  655  425  0.0408  0.0012  0.0019
   105  656  425  0.0408  0.0012  0.0019
   106  657  425  0.0408  0.0012  0.0019
   107  658  425  0.0408  0.0012  0.0019
   108  659  425  0.0408  0.0012  0.0019
   109  660  425  0.0408  0.0013  0.0019
   110  661  425  0.0408  0.0012  0.0019
   111  663  425  0.0407  0.0013  0.0019
   112  662  425  0.0409  0.0013  0.0019
   113  664  426  0.0408  0.0013  0.0019
   114  665  426  0.0407  0.0013  0.0019
   115  663  426  0.0408  0.0013  0.0019

     1   32  271  0.0444  0.0008  0.0026
     2   33  271  0.0444  0.0008  0.0026
     3   34  271  0.0444  0.0008  0.0026
     4   31  271  0.0444  0.0008  0.0026
     5   34  272  0.0444  0.0008  0.0026
     6   35  272  0.0444  0.0008  0.0026
     7   36  272  0.0444  0.0008  0.0026
     8   37  272  0.0444  0.0008  0.0026
     9   38  272  0.0444  0.0008  0.0026
    10   38  273  0.0444  0.0008  0.0026
    11   39  273  0.0444  0.0008  0.0026
    12   40  273  0.0443  0.0008  0.0026
    13   41  273  0.0443  0.0008  0.0026
    14   42  273  0.0443  0.0008  0.0026
    15   44  273  0.0443  0.0008  0.0026
    16   45  273  0.0443  0.0008  0.0026
    17   46  273  0.0443  0.0008  0.0026
    18   47  273  0.0443  0.0008  0.0026
    19   48  273  0.0443  0.0008  0.0026
    20   50  273  0.0442  0.0008  0.0026
    21   51  273  0.0442  0.0008  0.0026
    22   52  274  0.0443  0.0007  0.0026
    23   54  274  0.0443  0.0007  0.0026
    24   55  274  0.0443  0.0007  0.0026
    25   56  274  0.0443  0.0007  0.0026
    26   58  275  0.0443  0.0007  0.0026
    27   59  275  0.0442  0.0007  0.0026
    28   60  275  0.0442  0.0007  0.0026
    29   61  275  0.0442  0.0007  0.0026
    30   62  275  0.0442  0.0007  0.0026
    31   57  275  0.0442  0.0007  0.0026
    32   63  276  0.0442  0.0007  0.0026
    33   64  276  0.0442  0.0007  0.0026
    34   65  276  0.0441  0.0007  0.0026
    35   66  276  0.0441  0.0007  0.0026
    36   67  276  0.0442  0.0007  0.0026
    37   68  276  0.0442  0.0007  0.0026
    38   69  276  0.0442  0.0007  0.0026
    39   70  276  0.0442  0.0007  0.0026
    40   71  276  0.0442  0.0007  0.0026
    41   72  276  0.0442  0.0007  0.0026
    42   75  276  0.0443  0.0007  0.0026
    43   76  276  0.0443  0.0007  0.0026
    44   77  276  0.0443  0.0007  0.0026
    45   78  276  0.0442  0.0007  0.0026
    46   79  277  0.0443  0.0007  0.0026
    47   81  277  0.0442  0.0007  0.0026
    48   82  277  0.0442  0.0007  0.0026
    49   83  277  0.0442  0.0007  0.0026
    50   84  277  0.0442  0.0007  0.0026
    51   85  277  0.0442  0.0007  0.0026
    52   86  277  0.0442  0.0007  0.0026
    53   87  277  0.0443  0.0006  0.0026
    54   88  277  0.0442  0.0006  0.0026
    55   89  277  0.0442  0.0006  0.0026
    56   90  277  0.0442  0.0007  0.0026
    57   91  277  0.0442  0.0006  0.0026
    58   92  277  0.0441  0.0006  0.0026
    59   94  278  0.0442  0.0006  0.0026
    60   93  278  0.0442  0.0006  0.0026
    61   96  279  0.0441  0.0006  0.0026
    62   97  279  0.0440  0.0006  0.0026
    63   98  279  0.0441  0.0006  0.0026
    64  100  279  0.0442  0.0006  0.0026
    65  101  279  0.0441  0.0006  0.0026
    66  102  279  0.0442  0.0006  0.0026
    67  103  279  0.0441  0.0006  0.0026
    68  104  279  0.0441  0.0006  0.0026
    69  105  279  0.0441  0.0006  0.0026
    70  106  279  0.0441  0.0006  0.0026
    71  107  279  0.0441  0.0006  0.0026
    72  108  279  0.0441  0.0006  0.0026
    73  109  279  0.0441  0.0006  0.0026
    74  110  279  0.0441  0.0006  0.0026
    75  110  280  0.0441  0.0006  0.0026
    76  111  281  0.0441  0.0006  0.0025
    77  112  281  0.0441  0.0006  0.0025
    78  113  281  0.0441  0.0006  0.0025
    79  114  281  0.0441  0.0006  0.0025
    80  115  281  0.0441  0.0006  0.0025
    81  116  281  0.0441  0.0006  0.0025
    82  117  281  0.0440  0.0006  0.0025
    83  118  281  0.0441  0.0006  0.0025
    84  119  281  0.0441  0.0006  0.0025
    85  120  281  0.0441  0.0006  0.0025
    86  121  281  0.0441  0.0006  0.0025
    87  122  281  0.0441  0.0006  0.0025
    88  123  281  0.0441  0.0006  0.0025
    89  124  281  0.0440  0.0006  0.0025
    90  125  282  0.0441  0.0006  0.0025
    91  126  282  0.0441  0.0006  0.0025
    92  127  282  0.0441  0.0005  0.0025
    93  128  282  0.0441  0.0005  0.0025
    94  129  282  0.0441  0.0005  0.0025
    95  130  282  0.0441  0.0005  0.0025
    96  131  282  0.0441  0.0005  0.0025
    97  132  282  0.0441  0.0005  0.0025
    98  133  282  0.0441  0.0005  0.0025
    99  134  282  0.0441  0.0005  0.0025
   100  135  282  0.0441  0.0005  0.0025
   101  136  282  0.0441  0.0005  0.0025
   102  137  282  0.0441  0.0005  0.0025
   103  139  282  0.0440  0.0005  0.0025
   104  140  282  0.0440  0.0005  0.0025
   105  141  282  0.0440  0.0005  0.0025
   106  142  282  0.0440  0.0005  0.0025
   107  143  282  0.0440  0.0005  0.0025
   108  144  282  0.0439  0.0005  0.0025
   109  144  283  0.0440  0.0005  0.0025
   110  145  283  0.0439  0.0005  0.0025
   111  146  283  0.0440  0.0005  0.0025
   112  147  283  0.0439  0.0005  0.0025
   113  148  284  0.0439  0.0005  0.0025
   114  149  284  0.0440  0.0005  0.0025
   115  150  284  0.0439  0.0005  0.0025
   116  151  284  0.0440  0.0005  0.0025
   117  152  284  0.0440  0.0005  0.0025
   118  153  284  0.0440  0.0005  0.0025
   119  154  284  0.0440  0.0005  0.0025
   120  155  284  0.0440  0.0005  0.0025
   121  156  284  0.0441  0.0005  0.0025
   122  158  284  0.0441  0.0005  0.0025
   123  160  284  0.0441  0.0005  0.0025
   124  161  284  0.0441  0.0005  0.0025
   125  162  284  0.0441  0.0005  0.0025
   126  163  284  0.0441  0.0005  0.0025
   127  164  284  0.0441  0.0005  0.0025
   128  166  285  0.0441  0.0004  0.0025
   129  167  285  0.0441  0.0004  0.0025
   130  168  285  0.0442  0.0004  0.0025
   131  169  285  0.0441  0.0004  0.0025
   132  170  285  0.0441  0.0004  0.0025
   133  171  285  0.0441  0.0004  0.0025
   134  165  285  0.0441  0.0005  0.0025
   135  175  286  0.0442  0.0004  0.0025
   136  176  286  0.0442  0.0004  0.0025
   137  177  286  0.0442  0.0004  0.0025
   138  178  286  0.0442  0.0004  0.0025
   139  179  286  0.0441  0.0004  0.0025
   140  180  286  0.0441  0.0004  0.0025
   141  181  286  0.0440  0.0004  0.0025
   142  182  286  0.0440  0.0004  0.0025
   143  183  286  0.0440  0.0004  0.0025
   144  184  286  0.0440  0.0004  0.0025
   145  185  286  0.0440  0.0004  0.0025
   146  186  286  0.0440  0.0004  0.0025
   147  187  286  0.0440  0.0004  0.0025
   148  188  286  0.0439  0.0004  0.0025
   149  189  286  0.0439  0.0004  0.0025
   150  190  286  0.0439  0.0004  0.0025
   151  191  286  0.0439  0.0004  0.0025
   152  192  286  0.0439  0.0004  0.0025
   153  193  286  0.0440  0.0004  0.0025
   154  194  286  0.0440  0.0004  0.0025
   155  194  287  0.0440  0.0004  0.0025
   156  195  287  0.0439  0.0004  0.0025
   157  196  287  0.0439  0.0004  0.0025
   158  197  287  0.0439  0.0004  0.0025
   159  198  287  0.0439  0.0004  0.0025
   160  199  287  0.0439  0.0004  0.0025
   161  200  287  0.0439  0.0004  0.0025
   162  202  287  0.0439  0.0004  0.0025
   163  203  287  0.0440  0.0004  0.0025
   164  204  288  0.0440  0.0004  0.0025
   165  205  288  0.0440  0.0004  0.0025
   166  206  288  0.0440  0.0003  0.0025
   167  207  288  0.0440  0.0003  0.0025
   168  208  288  0.0440  0.0003  0.0025
   169  209  288  0.0439  0.0003  0.0025
   170  210  288  0.0438  0.0003  0.0025
   171  212  289  0.0439  0.0003  0.0025
   172  213  289  0.0439  0.0003  0.0025
   173  211  289  0.0438  0.0003  0.0025
   174  215  290  0.0438  0.0003  0.0025
   175  216  291  0.0438  0.0003  0.0025
   176  217  291  0.0438  0.0003  0.0025
   177  218  291  0.0438  0.0003  0.0025
   178  219  291  0.0438  0.0003  0.0025
   179  220  291  0.0438  0.0003  0.0025
   180  221  291  0.0438  0.0003  0.0025
   181  222  291  0.0438  0.0003  0.0025
   182  223  291  0.0438  0.0003  0.0025
   183  224  291  0.0438  0.0003  0.0025
   184  225  291  0.0438  0.0003  0.0025
   185  226  292  0.0438  0.0003  0.0025
   186  227  292  0.0438  0.0003  0.0025
   187  228  292  0.0438  0.0003  0.0025
   188  225  292  0.0438  0.0003  0.0025
   189  233  293  0.0437  0.0003  0.0025
   190  234  293  0.0437  0.0003  0.0025
   191  236  293  0.0437  0.0003  0.0025
   192  237  293  0.0436  0.0003  0.0025
   193  238  293  0.0437  0.0003  0.0025
   194  239  294  0.0436  0.0003  0.0025
   195  240  294  0.0437  0.0003  0.0025
   196  241  294  0.0437  0.0003  0.0025
   197  242  294  0.0437  0.0002  0.0025
   198  243  294  0.0437  0.0002  0.0025
   199  243  295  0.0437  0.0002  0.0025
   200  244  295  0.0437  0.0002  0.0025
   201  245  295  0.0437  0.0002  0.0025
   202  246  295  0.0437  0.0002  0.0025
   203  247  295  0.0437  0.0002  0.0025
   204  248  295  0.0437  0.0002  0.0025
   205  249  295  0.0437  0.0002  0.0025
   206  250  295  0.0437  0.0002  0.0025
   207  251  295  0.0437  0.0002  0.0025
   208  252  295  0.0437  0.0002  0.0025
   209  253  295  0.0437  0.0002  0.0025
   210  254  295  0.0437  0.0002  0.0025
   211  255  295  0.0437  0.0002  0.0025
   212  256  295  0.0437  0.0002  0.0025
   213  257  295  0.0437  0.0002  0.0025
   214  258  295  0.0437  0.0002  0.0025
   215  259  295  0.0437  0.0002  0.0025
   216  260  295  0.0437  0.0002  0.0025
   217  261  295  0.0437  0.0002  0.0025
   218  262  295  0.0437  0.0002  0.0025
   219  263  295  0.0437  0.0002  0.0025
   220  264  295  0.0437  0.0002  0.0025

     1  136  347  0.0427  0.0005  0.0023
     2  135  347  0.0427  0.0005  0.0023
     3  137  348  0.0427  0.0005  0.0023
     4  138  348  0.0427  0.0005  0.0023
     5  139  348  0.0427  0.0005  0.0023
     6  136  348  0.0427  0.0005  0.0023
     7  141  349  0.0427  0.0005  0.0023
     8  142  349  0.0427  0.0005  0.0023
     9  143  349  0.0428  0.0005  0.0023
    10  144  349  0.0428  0.0005  0.0023
    11  146  349  0.0428  0.0005  0.0023
    12  147  349  0.0428  0.0005  0.0023
    13  148  349  0.0428  0.0005  0.0023
    14  149  349  0.0428  0.0005  0.0023
    15  150  349  0.0427  0.0005  0.0023
    16  151  349  0.0427  0.0005  0.0023
    17  152  349  0.0427  0.0005  0.0023
    18  153  349  0.0427  0.0005  0.0023
    19  154  349  0.0427  0.0005  0.0023
    20  155  349  0.0428  0.0005  0.0023
    21  156  349  0.0428  0.0005  0.0023
    22  157  349  0.0429  0.0005  0.0023
    23  159  349  0.0428  0.0005  0.0023
    24  160  349  0.0428  0.0005  0.0023
    25  161  349  0.0429  0.0005  0.0023
    26  162  349  0.0427  0.0005  0.0023
    27  163  349  0.0427  0.0005  0.0023
    28  163  350  0.0428  0.0004  0.0023
    29  164  350  0.0427  0.0005  0.0022
    30  165  350  0.0426  0.0004  0.0022
    31  166  350  0.0426  0.0004  0.0022
    32  168  350  0.0426  0.0004  0.0022
    33  169  350  0.0427  0.0004  0.0023
    34  170  350  0.0428  0.0004  0.0023
    35  171  350  0.0428  0.0004  0.0023
    36  172  350  0.0427  0.0004  0.0022
    37  173  350  0.0428  0.0004  0.0023
    38  174  350  0.0432  0.0004  0.0023
    40  176  350  0.0428  0.0004  0.0023
    41  177  350  0.0431  0.0004  0.0023
    42  178  350  0.0432  0.0004  0.0023
    43  179  350  0.0432  0.0004  0.0023
    44  180  351  0.0433  0.0004  0.0023
    45  181  351  0.0430  0.0004  0.0023
    46  182  351  0.0434  0.0004  0.0023
    47  183  351  0.0434  0.0004  0.0023
    48  184  351  0.0431  0.0004  0.0023
    49  185  351  0.0434  0.0004  0.0023
    50  179  351  0.0432  0.0004  0.0023
    51  185  352  0.0431  0.0004  0.0023
    52  186  352  0.0429  0.0004  0.0022
    53  187  352  0.0428  0.0004  0.0022
    54  188  352  0.0429  0.0004  0.0023
    55  191  352  0.0427  0.0004  0.0022
    56  192  352  0.0428  0.0004  0.0022
    75  215  354  0.0427  0.0003  0.0022
    76  216  354  0.0429  0.0003  0.0022
    77  217  354  0.0430  0.0003  0.0022
    78  218  354  0.0428  0.0003  0.0022
    79  220  355  0.0434  0.0003  0.0023
    80  221  355  0.0433  0.0003  0.0023
    81  222  355  0.0432  0.0003  0.0023
    82  223  355  0.0432  0.0003  0.0022
    83  224  355  0.0436  0.0003  0.0023
    84  225  355  0.0431  0.0003  0.0022
    85  226  355  0.0431  0.0003  0.0022
    86  227  355  0.0431  0.0003  0.0022
    87  228  355  0.0430  0.0003  0.0022
    88  231  356  0.0431  0.0003  0.0022
    90  232  357  0.0426  0.0003  0.0022
    91  233  357  0.0425  0.0003  0.0022
    92  234  357  0.0424  0.0003  0.0022
    93  235  357  0.0429  0.0003  0.0022
    94  236  357  0.0428  0.0003  0.0022
    95  237  357  0.0429  0.0003  0.0022
    96  238  357  0.0431  0.0003  0.0022
    97  239  357  0.0429  0.0003  0.0022
    98  240  357  0.0428  0.0003  0.0022
    99  241  357  0.0440  0.0003  0.0023
   100  242  357  0.0440  0.0003  0.0023
   101  244  357  0.0440  0.0002  0.0023
   103  247  357  0.0429  0.0002  0.0022
   104  248  357  0.0430  0.0002  0.0022
   105  249  357  0.0431  0.0002  0.0022
   106  251  357  0.0429  0.0002  0.0022
   107  252  357  0.0432  0.0002  0.0022
   110  255  357  0.0429  0.0002  0.0022
   111  256  357  0.0426  0.0002  0.0022
   112  257  357  0.0425  0.0002  0.0022
   113  258  357  0.0429  0.0002  0.0022
   114  259  357  0.0432  0.0002  0.0022
   115  260  357  0.0433  0.0002  0.0022
   116  260  358  0.0428  0.0002  0.0022
   117  261  358  0.0430  0.0002  0.0022
   118  262  358  0.0427  0.0002  0.0022
   119  263  358  0.0427  0.0002  0.0022
   120  264  358  0.0427  0.0002  0.0022
   121  265  358  0.0427  0.0002  0.0022
   122  266  358  0.0429  0.0002  0.0022
   123  267  358  0.0429  0.0002  0.0022
   124  268  358  0.0431  0.0002  0.0022
   125  269  358  0.0431  0.0002  0.0022
   126  270  358  0.0431  0.0002  0.0022
   127  271  358  0.0426  0.0002  0.0022
   128  272  358  0.0427  0.0002  0.0022
   129  273  358  0.0429  0.0002  0.0022
   130  274  358  0.0429  0.0002  0.0022
   131  275  358  0.0429  0.0002  0.0022
   132  276  358  0.0429  0.0002  0.0022
   133  277  358  0.0428  0.0002  0.0022
   134  279  358  0.0424  0.0002  0.0022
   135  280  358  0.0424  0.0002  0.0022
   136  281  358  0.0425  0.0001  0.0022
   137  283  359  0.0425  0.0001  0.0022
   138  282  359  0.0425  0.0001  0.0022
   139  284  360  0.0425  0.0001  0.0022
   140  285  360  0.0424  0.0001  0.0022
   141  286  360  0.0424  0.0001  0.0022
   142  287  360  0.0424  0.0001  0.0022
   143  288  360  0.0424  0.0001  0.0022
   144  289  360  0.0424  0.0001  0.0022
   145  290  360  0.0423  0.0001  0.0022
   146  291  360  0.0422  0.0001  0.0022
   147  292  360  0.0421  0.0001  0.0022
   148  293  360  0.0422  0.0002  0.0022
   149  294  360  0.0420  0.0002  0.0022
   150  296  361  0.0422  0.0002  0.0022
   151  297  361  0.0422  0.0002  0.0022
   152  295  361  0.0421  0.0002  0.0022
   153  297  362  0.0422  0.0002  0.0022
   154  298  362  0.0423  0.0002  0.0022
   155  299  362  0.0422  0.0002  0.0022
   156  300  362  0.0423  0.0002  0.0022
   157  301  362  0.0423  0.0002  0.0022
   158  303  362  0.0423  0.0002  0.0022
   159  304  362  0.0423  0.0002  0.0022
   160  305  362  0.0423  0.0002  0.0022
   161  306  362  0.0423  0.0002  0.0022
   162  307  362  0.0423  0.0002  0.0022
   163  308  362  0.0423  0.0002  0.0022
   164  309  362  0.0423  0.0002  0.0022
   165  310  362  0.0422  0.0002  0.0022
   166  311  362  0.0422  0.0002  0.0022
   167  312  362  0.0422  0.0002  0.0022
   168  313  362  0.0422  0.0002  0.0022
