; ENVI Output of ROIs (5.4) [Tue Aug 06 15:33:17 2019]
; Number of ROIs: 18
; File Dimension: 1328 x 1184
;
; ROI name: Region #1
; ROI rgb value: {255, 0, 0}
; ROI npts: 142
;
; ROI name: Region #2
; ROI rgb value: {0, 255, 0}
; ROI npts: 55
;
; ROI name: Region #3
; ROI rgb value: {0, 0, 255}
; ROI npts: 103
;
; ROI name: Region #4
; ROI rgb value: {255, 255, 0}
; ROI npts: 50
;
; ROI name: Region #5
; ROI rgb value: {0, 255, 255}
; ROI npts: 59
;
; ROI name: Region #6
; ROI rgb value: {255, 0, 255}
; ROI npts: 85
;
; ROI name: Region #7
; ROI rgb value: {176, 48, 96}
; ROI npts: 54
;
; ROI name: Region #8
; ROI rgb value: {46, 139, 87}
; ROI npts: 53
;
; ROI name: Region #9
; ROI rgb value: {160, 32, 240}
; ROI npts: 45
;
; ROI name: Region #10
; ROI rgb value: {255, 127, 80}
; ROI npts: 48
;
; ROI name: Region #11
; ROI rgb value: {127, 255, 212}
; ROI npts: 116
;
; ROI name: Region #12
; ROI rgb value: {218, 112, 214}
; ROI npts: 101
;
; ROI name: Region #13
; ROI rgb value: {160, 82, 45}
; ROI npts: 144
;
; ROI name: Region #14
; ROI rgb value: {127, 255, 0}
; ROI npts: 59
;
; ROI name: Region #15
; ROI rgb value: {216, 191, 216}
; ROI npts: 153
;
; ROI name: Region #16
; ROI rgb value: {238, 0, 0}
; ROI npts: 82
;
; ROI name: Region #17
; ROI rgb value: {205, 0, 0}
; ROI npts: 135
;
; ROI name: Region #18
; ROI rgb value: {139, 0, 0}
; ROI npts: 107
;   ID    X    Y        B1        B2        B3
     1  475  585  199.3146  166.0609   10.4819
     2  474  585  199.3170  166.0625   10.4819
     3  476  585  199.3204  166.0621   10.4821
     4  477  585  199.3200  166.0612   10.4822
     5  472  586  199.3223  166.0659   10.4825
     6  473  586  199.3232  166.0654   10.4826
     7  471  586  199.3230  166.0669   10.4824
     8  469  587  199.3241  166.0689   10.4830
     9  470  587  199.3361  166.0722   10.4833
    10  471  587  199.3319  166.0700   10.4833
    11  468  588  199.3261  166.0704   10.4837
    12  467  588  199.3325  166.0734   10.4837
    13  466  588  199.3312  166.0737   10.4836
    14  465  588  199.3228  166.0716   10.4834
    15  464  588  199.3265  166.0737   10.4834
    16  463  588  199.3243  166.0737   10.4833
    17  462  588  199.3169  166.0719   10.4831
    18  461  588  199.3213  166.0742   10.4831
    19  460  588  199.3192  166.0742   10.4830
    20  459  588  199.3220  166.0759   10.4829
    21  457  589  199.3110  166.0739   10.4833
    22  455  589  199.2964  166.0704   10.4830
    23  454  589  199.3001  166.0725   10.4829
    24  453  589  199.2996  166.0731   10.4829
    25  452  589  199.3017  166.0746   10.4828
    26  458  589  199.3176  166.0753   10.4835
    27  451  590  199.3076  166.0774   10.4836
    28  449  590  199.2899  166.0730   10.4831
    29  448  590  199.2887  166.0733   10.4830
    30  447  590  199.2861  166.0732   10.4829
    31  445  590  199.2954  166.0779   10.4829
    32  450  590  199.2961  166.0743   10.4833
    33  438  591  199.3041  166.0863   10.4832
    34  445  591  199.3005  166.0797   10.4837
    35  444  591  199.3068  166.0826   10.4837
    36  443  591  199.3099  166.0844   10.4837
    37  442  591  199.3085  166.0847   10.4836
    38  439  591  199.3159  166.0895   10.4834
    39  433  591  199.3204  166.0956   10.4831
    40  437  591  199.3091  166.0888   10.4832
    41  434  591  199.3221  166.0954   10.4831
    42  432  592  199.3285  166.0992   10.4838
    43  433  592  199.3280  166.0983   10.4839
    44  418  593  199.3187  166.1067   10.4833
    45  419  593  199.2979  166.0990   10.4831
    46  420  593  199.3155  166.1041   10.4834
    47  421  593  199.3188  166.1045   10.4835
    48  423  593  199.3227  166.1043   10.4838
    49  424  593  199.3238  166.1039   10.4838
    50  417  593  199.3178  166.1072   10.4832
    51  426  593  199.3220  166.1017   10.4840
    52  427  593  199.3195  166.1001   10.4840
    53  429  593  199.3278  166.1014   10.4843
    54  430  593  199.3262  166.1001   10.4844
    55  431  593  199.3292  166.1003   10.4845
    56  432  593  199.3303  166.0999   10.4846
    57  416  593  199.3167  166.1076   10.4831
    58  425  593  199.3229  166.1028   10.4839
    59  415  593  199.3123  166.1069   10.4830
    60  414  594  199.3210  166.1106   10.4838
    61  413  594  199.3230  166.1121   10.4837
    62  411  594  199.3193  166.1124   10.4835
    63  410  594  199.3158  166.1120   10.4834
    64  409  595  199.3177  166.1135   10.4841
    65  407  595  199.2914  166.1062   10.4835
    66  402  596  199.3069  166.1153   10.4841
    67  405  596  199.3224  166.1182   10.4845
    68  401  596  199.3075  166.1163   10.4840
    69  399  596  199.3127  166.1195   10.4839
    70  398  596  199.3130  166.1204   10.4838
    71  396  596  199.3117  166.1215   10.4837
    72  404  596  199.3114  166.1153   10.4843
    73  395  596  199.3194  166.1248   10.4837
    74  394  596  199.3156  166.1243   10.4836
    75  392  596  199.3142  166.1254   10.4834
    76  390  597  199.3207  166.1292   10.4840
    77  388  597  199.3188  166.1301   10.4838
    78  387  597  199.3212  166.1316   10.4838
    79  386  597  199.3217  166.1326   10.4837
    80  385  597  199.3166  166.1316   10.4836
    81  391  597  199.3223  166.1289   10.4841
    82  384  598  199.3266  166.1358   10.4844
    83  383  598  199.3253  166.1361   10.4843
    84  382  598  199.3222  166.1359   10.4841
    85  380  599  199.3085  166.1329   10.4845
    86  379  599  199.3182  166.1369   10.4846
    87  377  599  199.3050  166.1341   10.4843
    88  367  599  199.3248  166.1483   10.4838
    89  366  599  199.3283  166.1502   10.4838
    90  365  599  199.3260  166.1502   10.4836
    91  381  599  199.3261  166.1380   10.4849
    93  373  600  199.3244  166.1437   10.4850
    94  372  600  199.3262  166.1450   10.4849
    95  371  600  199.3275  166.1462   10.4849
    96  370  600  199.3165  166.1434   10.4846
    97  369  600  199.3185  166.1448   10.4846
    98  368  600  199.3250  166.1477   10.4846
   100  305  604  199.3268  166.1966   10.4826
   101  305  605  199.3276  166.1969   10.4833
   102  304  605  199.3294  166.1983   10.4832
   103  293  605  199.3192  166.2033   10.4822
   104  304  606  199.3277  166.1978   10.4839
   105  290  606  199.3190  166.2056   10.4827
   106  291  606  199.3236  166.2063   10.4828
   107  292  606  199.3253  166.2061   10.4829
   108  302  606  199.3230  166.1978   10.4837
   109  303  606  199.3273  166.1985   10.4839
   110  288  606  199.3129  166.2052   10.4824
   111  293  606  199.3258  166.2055   10.4830
   112  294  606  199.3225  166.2037   10.4830
   113  295  607  199.3223  166.2030   10.4839
   114  297  607  199.3257  166.2026   10.4841
   115  299  607  199.3269  166.2014   10.4843
   116  301  607  199.3277  166.2002   10.4844
   117  302  607  199.3256  166.1987   10.4845
   118  296  607  199.3199  166.2014   10.4839
   119  294  607  199.3235  166.2041   10.4838
   120  285  607  199.3191  166.2095   10.4830
   121  287  607  199.3177  166.2076   10.4832
   122  263  608  199.3293  166.2296   10.4822
   123  282  608  199.3256  166.2140   10.4836
   124  281  608  199.3221  166.2136   10.4835
   125  262  608  199.3233  166.2284   10.4820
   126  279  608  199.3183  166.2139   10.4833
   127  278  608  199.3211  166.2156   10.4832
   128  277  608  199.3075  166.2119   10.4829
   129  276  608  199.3161  166.2155   10.4830
   130  275  608  199.3295  166.2206   10.4831
   131  274  608  199.3355  166.2233   10.4831
   132  273  608  199.3276  166.2215   10.4829
   133  272  608  199.3232  166.2208   10.4828
   134  270  608  199.3322  166.2253   10.4828
   135  269  608  199.3202  166.2221   10.4825
   136  268  608  199.3272  166.2252   10.4826
   137  267  608  199.3231  166.2246   10.4824
   138  266  608  199.3304  166.2277   10.4825
   139  265  608  199.3287  166.2279   10.4824
   140  264  608  199.3280  166.2284   10.4823
   141  283  608  199.3330  166.2157   10.4838
   142  280  608  199.3201  166.2137   10.4834

    1  292  776  199.6645  166.3306   10.6071
    2  287  776  199.6578  166.3321   10.6067
    3  288  776  199.6598  166.3320   10.6068
    4  289  776  199.6611  166.3318   10.6069
    5  290  776  199.6631  166.3317   10.6070
    6  291  776  199.6636  166.3311   10.6070
    7  285  776  199.6537  166.3323   10.6065
    8  286  776  199.6563  166.3324   10.6066
    9  292  777  199.6656  166.3311   10.6078
   10  285  777  199.6555  166.3329   10.6073
   11  284  778  199.6590  166.3349   10.6079
   12  285  778  199.6588  166.3341   10.6080
   13  283  779  199.6627  166.3369   10.6085
   14  284  779  199.6642  166.3366   10.6086
   15  270  780  199.6587  166.3452   10.6081
   16  283  780  199.6670  166.3384   10.6092
   17  282  780  199.6619  166.3374   10.6091
   18  281  780  199.6598  166.3375   10.6090
   19  279  780  199.6609  166.3393   10.6088
   20  261  780  199.6490  166.3486   10.6073
   21  262  780  199.6479  166.3475   10.6074
   22  278  780  199.6549  166.3381   10.6087
   23  277  780  199.6593  166.3403   10.6087
   24  276  780  199.6561  166.3399   10.6086
   25  275  780  199.6624  166.3427   10.6086
   26  274  780  199.6641  166.3440   10.6085
   27  273  780  199.6650  166.3450   10.6084
   28  272  780  199.6690  166.3470   10.6083
   29  263  780  199.6560  166.3494   10.6075
   30  271  780  199.6697  166.3480   10.6082
   31  269  781  199.6650  166.3480   10.6087
   32  268  781  199.6661  166.3491   10.6087
   33  267  781  199.6611  166.3482   10.6086
   34  265  781  199.6575  166.3485   10.6084
   35  264  781  199.6615  166.3505   10.6083
   36  263  781  199.6665  166.3529   10.6082
   37  239  781  199.6412  166.3622   10.6062
   38  259  781  199.6596  166.3535   10.6079
   39  240  781  199.6442  166.3625   10.6063
   40  241  781  199.6456  166.3622   10.6064
   41  243  781  199.6481  166.3615   10.6066
   42  237  781  199.6367  166.3623   10.6060
   43  244  781  199.6461  166.3602   10.6067
   44  236  781  199.6426  166.3649   10.6060
   45  257  782  199.6508  166.3523   10.6084
   46  256  782  199.6499  166.3527   10.6083
   47  254  782  199.6660  166.3593   10.6082
   48  252  782  199.6643  166.3602   10.6080
   49  251  782  199.6683  166.3622   10.6079
   50  250  782  199.6681  166.3629   10.6079
   51  248  782  199.6529  166.3595   10.6077
   52  247  782  199.6551  166.3609   10.6076
   53  246  782  199.6505  166.3602   10.6075
   54  245  782  199.6431  166.3586   10.6074
   55  258  782  199.6456  166.3499   10.6084

     1  203  788  199.6437  166.3899   10.6083
     2  202  789  199.6450  166.3911   10.6089
     3  202  790  199.6467  166.3917   10.6096
     4  201  790  199.6490  166.3931   10.6095
     5  200  790  199.6507  166.3944   10.6095
     6  199  790  199.6513  166.3953   10.6094
     7  197  791  199.6520  166.3971   10.6100
     8  196  791  199.6514  166.3976   10.6099
     9  198  791  199.6525  166.3965   10.6100
    10  194  792  199.6572  166.4010   10.6104
    11  192  792  199.6588  166.4029   10.6102
    12  191  792  199.6563  166.4029   10.6101
    13  190  793  199.6575  166.4041   10.6108
    14  189  793  199.6589  166.4052   10.6107
    15  191  793  199.6595  166.4040   10.6109
    16  152  795  199.6526  166.4303   10.6092
    17  152  796  199.6550  166.4311   10.6099
    18  149  797  199.6628  166.4358   10.6103
    19  148  797  199.6571  166.4347   10.6103
    20  150  797  199.6600  166.4342   10.6104
    21  147  798  199.6575  166.4356   10.6109
    22  145  798  199.6547  166.4362   10.6107
    23  144  799  199.6634  166.4397   10.6113
    24  143  799  199.6649  166.4409   10.6113
    25  135  799  199.6568  166.4442   10.6107
    26  134  799  199.6584  166.4454   10.6106
    27  132  799  199.6511  166.4446   10.6105
    28  104  799  199.6700  166.4706   10.6082
    29  128  800  199.6558  166.4490   10.6109
    30  126  800  199.6462  166.4475   10.6107
    31  124  800  199.6467  166.4491   10.6105
    32  129  800  199.6432  166.4444   10.6109
    33  119  800  199.6532  166.4547   10.6102
    34  118  800  199.6512  166.4548   10.6101
    35  116  800  199.6577  166.4583   10.6099
    36  115  800  199.6500  166.4566   10.6098
    37  113  800  199.6454  166.4566   10.6096
    38  112  800  199.6521  166.4594   10.6096
    39  111  800  199.6536  166.4606   10.6095
    40  120  800  199.6506  166.4532   10.6102
    41  101  800  199.6545  166.4681   10.6086
    42  100  800  199.6594  166.4703   10.6085
    43   99  800  199.6474  166.4674   10.6085
    44   97  802  199.6584  166.4724   10.6097
    45   96  802  199.6602  166.4736   10.6097
    46   92  802  199.6659  166.4782   10.6094
    47   91  802  199.6539  166.4753   10.6093
    48   95  802  199.6594  166.4741   10.6096
    49   89  803  199.6515  166.4761   10.6098
    50   88  803  199.6451  166.4748   10.6097
    51   84  804  199.6549  166.4808   10.6101
    52   86  804  199.6471  166.4770   10.6103
    53   80  804  199.6628  166.4861   10.6098
    54   78  804  199.6627  166.4875   10.6096
    55   81  804  199.6584  166.4840   10.6099
    56   76  804  199.6859  166.4960   10.6095
    57   75  804  199.6483  166.4852   10.6094
    58   82  804  199.6597  166.4837   10.6099
    59   70  805  199.6553  166.4911   10.6097
    60   69  805  199.6578  166.4926   10.6096
    61   68  805  199.6583  166.4934   10.6095
    62   66  805  199.6556  166.4940   10.6094
    63   65  805  199.6536  166.4942   10.6093
    64   72  805  199.6506  166.4882   10.6098
    65   63  806  199.6553  166.4962   10.6098
    66   62  806  199.6567  166.4973   10.6097
    67   61  806  199.6545  166.4974   10.6096
    68   58  806  199.6487  166.4978   10.6094
    69   55  807  199.6455  166.4990   10.6098
    70   53  807  199.6396  166.4987   10.6096
    71   52  807  199.6396  166.4994   10.6095
    72   51  807  199.6417  166.5008   10.6095
    73   50  807  199.6444  166.5023   10.6094
    74   48  807  199.6425  166.5031   10.6092
    75   56  807  199.6520  166.5003   10.6099
    76   46  808  199.6371  166.5030   10.6098
    77   44  808  199.6430  166.5063   10.6096
    78   43  808  199.6459  166.5079   10.6096
    79   42  808  199.6432  166.5078   10.6095
    80   39  808  199.6482  166.5114   10.6093
    81   38  808  199.6556  166.5144   10.6092
    82   36  808  199.6647  166.5186   10.6091
    83   35  808  199.6645  166.5192   10.6090
    84   33  808  199.6622  166.5200   10.6089
    85   31  808  199.6466  166.5167   10.6087
    86   30  808  199.6661  166.5233   10.6086
    87   29  808  199.6477  166.5184   10.6085
    88   27  808  199.6607  166.5238   10.6084
    89   26  808  199.7706  166.5577   10.6085
    90   24  808  199.6206  166.5139   10.6081
    91   23  808  199.6337  166.5185   10.6080

    1  995  440  199.0848  165.5539   10.4110
    2  994  440  199.0834  165.5542   10.4109
    3  997  440  199.0857  165.5526   10.4112
    4  991  441  199.0875  165.5583   10.4115
    5  990  441  199.0890  165.5596   10.4115
    6  992  441  199.0862  165.5569   10.4116
    7  987  442  199.0955  165.5647   10.4121
    8  984  442  199.0977  165.5679   10.4119
    9  982  442  199.0950  165.5685   10.4117
   10  981  442  199.0960  165.5697   10.4116
   11  979  442  199.0867  165.5677   10.4113
   12  978  442  199.0958  165.5720   10.4114
   13  974  442  199.0858  165.5714   10.4109
   14  973  442  199.0953  165.5759   10.4110
   15  971  442  199.0897  165.5754   10.4107
   16  968  442  199.0957  165.5801   10.4106
   17  967  442  199.0922  165.5795   10.4104
   18  962  443  199.0775  165.5780   10.4105
   19  964  443  199.0896  165.5811   10.4109
   20  959  444  199.0739  165.5792   10.4109
   21  956  444  199.0735  165.5814   10.4107
   22  954  444  199.0854  165.5876   10.4108
   23  952  444  199.0864  165.5896   10.4106
   24  951  444  199.0787  165.5875   10.4104
   25  949  444  199.0841  165.5912   10.4103
   26  947  445  199.0851  165.5932   10.4110
   27  941  446  199.0800  165.5962   10.4111
   28  940  446  199.0760  165.5955   10.4110
   29  939  446  199.0810  165.5982   10.4110
   30  943  446  199.0774  165.5936   10.4113
   31  936  447  199.0788  165.5999   10.4114
   32  932  448  199.0770  165.6026   10.4118
   33  930  448  199.0739  165.6030   10.4116
   34  928  448  199.0744  165.6048   10.4115
   35  926  448  199.0781  165.6078   10.4114
   36  934  448  199.0686  165.5977   10.4118
   37  923  449  199.0921  165.6156   10.4122
   38  921  449  199.0949  165.6183   10.4121
   39  916  450  199.0811  165.6172   10.4122
   40  915  450  199.0795  165.6174   10.4121
   41  912  450  199.0813  165.6205   10.4118
   42  907  450  199.0837  165.6254   10.4115
   43  918  450  199.0915  165.6195   10.4125
   44  901  453  199.0830  165.6302   10.4132
   45  898  453  199.0786  165.6310   10.4129
   46  896  453  199.0736  165.6307   10.4126
   47  895  453  199.0685  165.6297   10.4124
   48  891  454  199.0708  165.6338   10.4129
   49  890  454  199.0770  165.6370   10.4130
   50  892  454  199.0691  165.6324   10.4129

    1  959  423  199.0448  165.5661   10.3943
    2  957  424  199.0508  165.5701   10.3950
    3  958  424  199.0510  165.5694   10.3951
    4  955  425  199.0432  165.5689   10.3955
    5  953  425  199.0419  165.5700   10.3952
    6  952  425  199.0405  165.5703   10.3951
    7  951  425  199.0465  165.5734   10.3952
    8  949  425  199.0419  165.5733   10.3950
    9  948  426  199.0432  165.5747   10.3957
   10  946  427  199.0180  165.5668   10.3958
   11  945  427  199.0282  165.5715   10.3959
   12  942  427  199.0217  165.5715   10.3954
   13  939  427  199.0247  165.5750   10.3953
   14  948  427  199.0370  165.5724   10.3963
   15  936  428  199.0135  165.5733   10.3956
   16  932  429  199.0505  165.5907   10.3968
   17  929  429  199.0241  165.5831   10.3959
   18  928  429  199.0387  165.5895   10.3962
   19  927  429  199.0492  165.5943   10.3963
   20  934  429  199.0192  165.5772   10.3962
   21  924  430  199.0388  165.5928   10.3966
   22  923  430  199.0452  165.5961   10.3967
   23  922  430  199.0298  165.5911   10.3963
   24  919  431  199.0391  165.5971   10.3970
   25  917  431  199.0486  165.6023   10.3971
   26  921  431  199.0378  165.5950   10.3972
   27  914  432  199.0545  165.6071   10.3977
   28  916  432  199.0574  165.6065   10.3979
   29  912  433  199.0524  165.6080   10.3982
   30  911  433  199.0557  165.6100   10.3982
   31  908  434  199.0477  165.6095   10.3986
   32  907  434  199.0473  165.6102   10.3985
   33  905  434  199.0358  165.6074   10.3980
   34  904  434  199.0370  165.6087   10.3980
   35  900  434  199.0496  165.6167   10.3979
   36  898  434  199.0475  165.6175   10.3977
   37  895  434  199.0494  165.6207   10.3975
   38  892  435  199.0513  165.6239   10.3981
   39  888  436  199.0409  165.6233   10.3983
   40  885  436  199.0441  165.6269   10.3981
   41  890  436  199.0428  165.6224   10.3985
   42  883  437  199.0406  165.6273   10.3986
   43  882  437  199.0377  165.6271   10.3985
   44  880  437  199.0426  165.6305   10.3984
   45  878  437  199.0362  165.6297   10.3981
   46  876  437  199.0395  165.6326   10.3980
   47  875  437  199.0457  165.6357   10.3981
   48  872  437  199.0392  165.6357   10.3977
   49  870  437  199.0433  165.6389   10.3976
   50  869  437  199.0414  165.6390   10.3975
   51  868  437  199.0437  165.6406   10.3975
   52  866  437  199.0432  165.6421   10.3973
   53  865  438  199.0454  165.6438   10.3981
   54  861  439  199.0462  165.6474   10.3985
   55  860  439  199.0453  165.6479   10.3984
   56  859  439  199.0446  165.6484   10.3983
   57  858  439  199.0414  165.6480   10.3981
   58  857  439  199.0359  165.6468   10.3979
   59  863  439  199.0500  165.6472   10.3988

    1  399  619  199.3775  166.1432   10.5015
    2  398  619  199.3771  166.1438   10.5014
    3  397  619  199.3757  166.1441   10.5014
    4  396  619  199.3776  166.1455   10.5013
    5  395  619  199.3779  166.1463   10.5012
    6  393  619  199.3776  166.1478   10.5011
    7  390  620  199.3768  166.1499   10.5016
    8  391  620  199.3780  166.1495   10.5017
    9  387  621  199.3724  166.1508   10.5020
   10  388  621  199.3755  166.1511   10.5022
   11  385  622  199.3752  166.1533   10.5026
   12  383  623  199.3797  166.1564   10.5033
   13  381  623  199.3751  166.1564   10.5031
   14  380  623  199.3836  166.1600   10.5031
   15  378  623  199.3863  166.1624   10.5029
   16  377  623  199.3848  166.1627   10.5029
   17  376  623  199.3825  166.1627   10.5028
   18  375  623  199.3845  166.1641   10.5027
   19  372  624  199.3808  166.1652   10.5032
   20  373  624  199.3813  166.1647   10.5032
   21  370  625  199.3842  166.1680   10.5038
   22  369  625  199.3690  166.1637   10.5035
   23  337  625  199.3175  166.1710   10.5003
   24  339  625  199.3568  166.1824   10.5009
   25  342  625  199.3729  166.1854   10.5013
   26  343  625  199.3816  166.1875   10.5015
   27  344  625  199.3699  166.1829   10.5014
   28  346  625  199.3803  166.1849   10.5017
   29  347  625  199.3829  166.1850   10.5018
   30  349  625  199.3986  166.1886   10.5022
   31  351  625  199.3966  166.1864   10.5024
   32  334  625  199.3756  166.1924   10.5007
   33  353  626  199.3960  166.1848   10.5032
   34  354  626  199.3935  166.1832   10.5033
   35  355  626  199.3998  166.1846   10.5034
   36  357  626  199.3762  166.1752   10.5033
   37  359  626  199.3788  166.1746   10.5035
   38  361  626  199.3766  166.1724   10.5036
   39  362  626  199.3852  166.1744   10.5038
   40  365  626  199.3796  166.1703   10.5040
   41  367  626  199.3773  166.1680   10.5041
   42  352  626  199.3968  166.1858   10.5032
   43  332  626  199.3923  166.1995   10.5015
   44  330  626  199.3942  166.2016   10.5014
   45  329  626  199.3946  166.2025   10.5013
   46  325  627  199.3997  166.2073   10.5018
   47  326  627  199.3986  166.2062   10.5018
   48  321  628  199.4018  166.2110   10.5022
   49  320  628  199.4064  166.2133   10.5022
   50  323  628  199.4090  166.2119   10.5025
   51  319  629  199.4040  166.2134   10.5028
   52  287  630  199.3651  166.2249   10.5005
   53  289  630  199.3726  166.2259   10.5008
   54  291  630  199.3737  166.2247   10.5009
   55  292  630  199.3758  166.2247   10.5010
   56  293  630  199.3757  166.2238   10.5011
   57  294  630  199.3731  166.2222   10.5012
   58  307  630  199.3881  166.2173   10.5024
   59  305  630  199.3810  166.2165   10.5021
   60  304  630  199.3839  166.2182   10.5020
   61  303  630  199.3831  166.2187   10.5020
   62  301  630  199.3758  166.2178   10.5017
   63  300  630  199.3744  166.2182   10.5016
   64  298  630  199.3781  166.2209   10.5015
   65  296  630  199.3794  166.2228   10.5014
   66  309  631  199.3934  166.2176   10.5033
   67  310  631  199.3982  166.2184   10.5035
   68  267  631  199.3772  166.2440   10.4999
   69  269  631  199.3482  166.2332   10.4996
   70  315  631  199.4031  166.2163   10.5039
   71  317  631  199.4019  166.2144   10.5041
   72  285  631  199.3492  166.2214   10.5009
   73  283  631  199.3429  166.2209   10.5007
   74  281  631  199.3391  166.2211   10.5005
   75  278  631  199.3318  166.2211   10.5001
   76  277  631  199.3260  166.2200   10.4999
   77  274  631  199.3466  166.2289   10.5000
   78  273  631  199.3518  166.2313   10.5000
   79  272  631  199.3536  166.2327   10.4999
   80  311  632  199.3916  166.2156   10.5042
   81  266  632  199.3690  166.2422   10.5004
   82  265  632  199.3620  166.2407   10.5002
   83  314  632  199.4012  166.2165   10.5045
   84  262  633  199.3689  166.2453   10.5008
   85  264  633  199.3788  166.2470   10.5011

    1  526  462  199.0396  165.9156   10.3891
    2  525  462  199.0399  165.9165   10.3890
    3  527  462  199.0391  165.9146   10.3892
    4  524  463  199.0385  165.9169   10.3897
    5  523  463  199.0341  165.9162   10.3895
    6  522  463  199.0381  165.9184   10.3895
    7  525  463  199.0380  165.9160   10.3897
    8  520  464  199.0419  165.9214   10.3902
    9  517  465  199.0448  165.9248   10.3908
   10  518  465  199.0429  165.9234   10.3908
   11  515  466  199.0472  165.9274   10.3914
   12  516  466  199.0479  165.9268   10.3915
   13  513  467  199.0439  165.9279   10.3919
   14  509  468  199.0514  165.9337   10.3925
   15  511  468  199.0415  165.9287   10.3925
   16  508  469  199.0509  165.9344   10.3932
   17  506  469  199.0565  165.9379   10.3932
   18  504  469  199.0546  165.9389   10.3930
   19  500  470  199.0461  165.9392   10.3932
   20  498  470  199.0633  165.9467   10.3934
   21  496  470  199.0725  165.9515   10.3935
   22  495  470  199.0789  165.9544   10.3935
   23  503  470  199.0571  165.9406   10.3937
   24  493  471  199.0729  165.9540   10.3940
   25  492  471  199.0716  165.9544   10.3939
   26  488  472  199.0875  165.9631   10.3947
   27  489  472  199.0702  165.9564   10.3944
   28  490  472  199.0815  165.9595   10.3947
   29  485  472  199.0700  165.9595   10.3940
   30  486  472  199.0737  165.9600   10.3942
   31  480  474  199.0499  165.9567   10.3947
   32  478  474  199.0534  165.9595   10.3946
   33  477  474  199.0546  165.9607   10.3946
   34  475  474  199.0501  165.9608   10.3943
   35  474  474  199.0476  165.9607   10.3942
   36  481  474  199.0546  165.9576   10.3949
   37  472  475  199.0522  165.9639   10.3949
   38  471  475  199.0602  165.9675   10.3950
   39  469  475  199.0604  165.9691   10.3948
   40  468  475  199.0583  165.9692   10.3947
   41  467  475  199.0600  165.9706   10.3947
   42  465  475  199.0533  165.9699   10.3944
   43  464  475  199.0571  165.9720   10.3944
   44  460  476  199.0554  165.9746   10.3948
   45  463  476  199.0588  165.9734   10.3951
   46  459  477  199.0611  165.9774   10.3956
   47  456  478  199.0651  165.9813   10.3962
   48  455  478  199.0581  165.9796   10.3959
   49  452  478  199.0609  165.9830   10.3958
   50  451  478  199.0633  165.9846   10.3958
   51  450  478  199.0742  165.9891   10.3959
   52  447  479  199.0706  165.9903   10.3963
   53  446  479  199.0633  165.9886   10.3961
   54  448  479  199.0637  165.9872   10.3962

    1  243  487  199.0651  166.1491   10.3863
    2  242  487  199.0694  166.1512   10.3864
    3  241  487  199.0706  166.1524   10.3863
    4  239  487  199.0708  166.1541   10.3862
    5  237  487  199.0680  166.1547   10.3860
    6  235  487  199.0702  166.1570   10.3859
    7  234  487  199.0712  166.1581   10.3858
    8  230  488  199.0800  166.1641   10.3864
    9  232  488  199.0748  166.1609   10.3865
   10  229  489  199.0799  166.1649   10.3871
   11  227  490  199.0728  166.1643   10.3875
   12  225  490  199.0711  166.1653   10.3873
   13  222  490  199.0745  166.1687   10.3871
   14  221  490  199.0773  166.1704   10.3872
   15  219  490  199.0784  166.1723   10.3870
   16  218  490  199.0755  166.1721   10.3869
   17  216  490  199.0767  166.1741   10.3867
   18  214  490  199.0777  166.1759   10.3866
   19  213  490  199.0766  166.1764   10.3865
   20  211  490  199.0754  166.1775   10.3863
   21  209  490  199.0718  166.1779   10.3861
   22  208  490  199.0669  166.1771   10.3859
   23  207  490  199.0698  166.1788   10.3859
   24  210  490  199.0738  166.1778   10.3862
   25  198  491  199.0650  166.1844   10.3858
   26  199  491  199.0658  166.1839   10.3859
   27  201  491  199.0701  166.1837   10.3862
   28  203  491  199.0690  166.1818   10.3863
   29  204  491  199.0709  166.1816   10.3864
   30  193  491  199.0680  166.1892   10.3855
   31  192  491  199.0663  166.1895   10.3854
   32  190  491  199.0664  166.1911   10.3853
   33  195  491  199.0660  166.1870   10.3856
   34  187  492  199.0629  166.1923   10.3857
   35  186  492  199.0616  166.1927   10.3856
   36  184  492  199.0633  166.1948   10.3855
   37  188  492  199.0631  166.1916   10.3858
   38  182  493  199.0628  166.1963   10.3860
   39  179  493  199.0610  166.1980   10.3857
   40  177  493  199.0623  166.2000   10.3856
   41  175  493  199.0547  166.1991   10.3852
   42  174  493  199.0554  166.2001   10.3851
   43  172  493  199.0555  166.2017   10.3850
   44  171  493  199.0571  166.2030   10.3849
   45  170  493  199.0542  166.2029   10.3848
   46  168  493  199.0580  166.2056   10.3848
   47  164  494  199.0617  166.2100   10.3853
   48  162  494  199.0519  166.2084   10.3849
   49  161  494  199.0582  166.2112   10.3850
   50  160  494  199.0547  166.2108   10.3848
   51  159  494  199.0564  166.2122   10.3848
   52  158  494  199.0527  166.2118   10.3846
   53  165  494  199.0584  166.2081   10.3853

    1  506  455  199.0328  165.9285   10.3820
    2  504  455  199.0298  165.9291   10.3818
    3  502  455  199.0361  165.9328   10.3818
    4  508  455  199.0323  165.9268   10.3821
    5  500  456  199.0385  165.9353   10.3824
    6  497  456  199.0331  165.9359   10.3821
    7  494  457  199.0347  165.9389   10.3827
    8  496  457  199.0292  165.9354   10.3827
    9  492  458  199.0342  165.9404   10.3833
   10  489  459  199.0312  165.9418   10.3837
   11  488  459  199.0250  165.9405   10.3835
   12  484  460  199.0268  165.9444   10.3840
   13  483  460  199.0322  165.9470   10.3840
   14  486  460  199.0232  165.9416   10.3841
   15  479  461  199.0533  165.9575   10.3849
   16  477  461  199.0545  165.9595   10.3848
   17  480  461  199.0562  165.9577   10.3851
   18  472  462  199.0496  165.9619   10.3850
   19  475  462  199.0546  165.9612   10.3853
   20  454  463  198.9922  165.9567   10.3830
   21  457  463  198.9885  165.9530   10.3831
   22  459  463  198.9993  165.9551   10.3835
   23  461  463  199.0184  165.9600   10.3841
   24  465  463  199.0273  165.9599   10.3846
   25  466  463  199.0208  165.9569   10.3846
   26  469  463  199.0288  165.9572   10.3850
   27  451  464  199.0127  165.9661   10.3840
   28  450  464  199.0115  165.9665   10.3839
   29  449  464  199.0068  165.9657   10.3836
   30  447  464  199.0115  165.9689   10.3836
   31  453  464  198.9952  165.9586   10.3837
   32  443  465  199.0231  165.9761   10.3843
   33  441  465  199.0387  165.9830   10.3846
   34  445  465  199.0442  165.9816   10.3850
   35  439  466  199.0329  165.9827   10.3850
   36  437  466  199.0238  165.9812   10.3847
   37  435  466  199.0185  165.9810   10.3844
   38  430  467  199.0427  165.9932   10.3853
   39  427  467  199.0555  165.9999   10.3854
   40  425  467  199.0597  166.0029   10.3853
   41  432  467  199.0365  165.9895   10.3853
   42  421  468  199.0418  166.0001   10.3854
   43  423  468  199.0595  166.0045   10.3859
   44  419  469  199.0410  166.0015   10.3859
   45  420  469  199.0419  166.0010   10.3860

    1  166  393  198.8637  166.1366   10.3038
    2  164  393  198.8631  166.1380   10.3036
    3  163  393  198.8635  166.1389   10.3036
    4  162  393  198.8640  166.1399   10.3035
    5  160  393  198.8649  166.1417   10.3034
    6  159  393  198.8659  166.1428   10.3033
    7  157  393  198.8667  166.1447   10.3032
    8  156  393  198.8695  166.1464   10.3032
    9  153  393  198.8730  166.1498   10.3031
   10  151  393  198.8711  166.1508   10.3029
   11  150  393  198.8703  166.1514   10.3028
   12  148  393  198.8694  166.1526   10.3026
   13  145  394  198.8688  166.1549   10.3031
   14  144  394  198.8705  166.1562   10.3031
   15  142  394  198.8729  166.1586   10.3030
   16  139  394  198.8730  166.1610   10.3028
   17  138  394  198.8762  166.1628   10.3029
   18  137  394  198.8697  166.1615   10.3025
   19  135  394  198.8691  166.1629   10.3024
   20  133  394  198.8700  166.1647   10.3023
   21  131  395  198.8714  166.1669   10.3029
   22  127  396  198.8632  166.1675   10.3031
   23  128  396  198.8631  166.1667   10.3032
   24  123  397  198.8636  166.1709   10.3036
   25  121  397  198.8574  166.1705   10.3032
   26  117  397  198.8508  166.1716   10.3027
   27  114  398  198.8597  166.1769   10.3036
   28  112  398  198.8553  166.1771   10.3032
   29  110  398  198.8502  166.1771   10.3029
   30  107  398  198.8492  166.1791   10.3026
   31  105  398  198.8477  166.1802   10.3024
   32  103  398  198.8478  166.1819   10.3023
   33  101  398  198.8513  166.1845   10.3023
   34  115  398  198.8586  166.1758   10.3036
   35   98  399  198.8560  166.1884   10.3030
   36   96  399  198.8527  166.1890   10.3027
   37   95  399  198.8525  166.1897   10.3027
   38   93  399  198.8566  166.1925   10.3027
   39   89  400  198.8536  166.1948   10.3030
   40   88  400  198.8554  166.1962   10.3029
   41   86  400  198.8483  166.1956   10.3025
   42   84  400  198.8551  166.1992   10.3027
   43   82  400  198.8541  166.2005   10.3025
   44   80  400  198.8526  166.2016   10.3023
   45   79  400  198.8415  166.1990   10.3018
   46   78  400  198.8432  166.2003   10.3018
   47   77  400  198.8443  166.2014   10.3017
   48   76  400  198.8464  166.2029   10.3017

     1  424  813  199.7527  166.2664   10.6433
     2  423  813  199.7542  166.2676   10.6432
     3  422  813  199.7526  166.2678   10.6431
     4  421  813  199.7489  166.2673   10.6430
     5  420  813  199.7504  166.2685   10.6430
     6  419  813  199.7486  166.2686   10.6429
     7  418  813  199.7471  166.2689   10.6428
     8  417  813  199.7436  166.2684   10.6427
     9  416  813  199.7472  166.2704   10.6427
    10  415  813  199.7460  166.2707   10.6426
    11  414  813  199.7468  166.2717   10.6425
    12  413  813  199.7513  166.2739   10.6424
    13  412  813  199.7512  166.2746   10.6423
    14  411  813  199.7492  166.2747   10.6423
    15  410  813  199.7529  166.2766   10.6422
    16  409  813  199.7546  166.2779   10.6421
    17  408  813  199.7524  166.2779   10.6420
    18  407  813  199.7498  166.2778   10.6420
    19  406  813  199.7516  166.2791   10.6419
    20  405  813  199.7494  166.2791   10.6418
    21  404  813  199.7509  166.2804   10.6417
    22  386  813  199.7542  166.2945   10.6403
    23  387  813  199.7438  166.2904   10.6404
    24  388  813  199.7538  166.2930   10.6405
    25  389  813  199.7237  166.2823   10.6406
    26  390  813  199.7238  166.2816   10.6407
    27  391  813  199.7268  166.2818   10.6407
    28  385  813  199.6942  166.2754   10.6402
    29  396  814  199.7455  166.2845   10.6418
    30  395  814  199.7376  166.2826   10.6418
    31  394  814  199.7328  166.2817   10.6417
    32  393  814  199.7378  166.2841   10.6416
    33  392  814  199.7310  166.2826   10.6415
    34  398  814  199.7446  166.2827   10.6420
    35  399  814  199.7463  166.2825   10.6420
    36  400  814  199.7505  166.2832   10.6421
    37  401  814  199.7474  166.2815   10.6422
    38  402  814  199.7497  166.2815   10.6423
    39  403  814  199.7503  166.2810   10.6423
    40  397  814  199.7428  166.2829   10.6419
    41  384  814  199.8047  166.3128   10.6408
    42  383  814  199.7789  166.3050   10.6408
    43  366  814  199.7422  166.3052   10.6394
    44  365  814  199.7420  166.3059   10.6393
    45  364  814  199.7405  166.3061   10.6392
    46  363  814  199.7385  166.3062   10.6392
    47  362  814  199.7355  166.3059   10.6391
    48  361  814  199.7278  166.3041   10.6390
    49  360  814  199.7393  166.3086   10.6389
    50  358  814  199.7166  166.3026   10.6388
    51  356  814  199.7454  166.3136   10.6386
    52  357  814  199.7361  166.3097   10.6387
    53  356  815  199.7370  166.3109   10.6393
    54  355  815  199.7254  166.3078   10.6392
    55  354  815  199.7199  166.3067   10.6392
    56  353  815  199.7345  166.3122   10.6390
    57  352  815  199.7270  166.3105   10.6390
    58  380  815  199.6954  166.2796   10.6413
    59  379  815  199.7108  166.2855   10.6412
    60  378  815  199.7377  166.2951   10.6411
    61  367  815  199.7361  166.3026   10.6402
    62  368  815  199.7420  166.3038   10.6403
    63  369  815  199.7386  166.3019   10.6403
    64  370  815  199.7426  166.3025   10.6404
    65  372  815  199.7352  166.2986   10.6405
    66  373  815  199.7337  166.2974   10.6407
    67  374  815  199.7348  166.2970   10.6408
    68  375  815  199.7380  166.2974   10.6408
    69  376  815  199.7363  166.2961   10.6409
    70  377  815  199.7370  166.2956   10.6410
    71  381  815  199.6650  166.2689   10.6414
    72  351  816  199.7372  166.3147   10.6396
    73  349  816  199.7301  166.3138   10.6394
    74  348  816  199.7275  166.3136   10.6393
    75  307  816  199.7215  166.3415   10.6361
    76  309  816  199.7285  166.3423   10.6363
    77  310  816  199.7259  166.3407   10.6364
    78  311  816  199.7123  166.3356   10.6365
    79  312  816  199.7233  166.3385   10.6365
    80  313  816  199.7220  166.3373   10.6366
    81  314  816  199.7111  166.3330   10.6367
    82  315  816  199.7152  166.3336   10.6368
    83  316  816  199.7185  166.3340   10.6369
    84  306  816  199.7090  166.3382   10.6361
    85  338  817  199.7258  166.3204   10.6392
    86  336  817  199.6993  166.3132   10.6391
    87  335  817  199.7089  166.3171   10.6390
    88  334  817  199.7025  166.3158   10.6390
    89  333  817  199.6993  166.3154   10.6389
    90  332  817  199.7238  166.3242   10.6388
    91  331  817  199.7115  166.3209   10.6387
    92  330  817  199.7161  166.3231   10.6386
    93  329  817  199.7229  166.3260   10.6386
    94  328  817  199.7252  166.3275   10.6385
    95  327  817  199.7290  166.3295   10.6384
    96  326  817  199.7273  166.3297   10.6383
    97  325  817  199.7229  166.3290   10.6383
    98  324  817  199.7218  166.3293   10.6382
    99  323  817  199.7174  166.3286   10.6381
   100  322  817  199.7162  166.3290   10.6380
   101  321  817  199.7151  166.3293   10.6380
   102  320  817  199.7129  166.3293   10.6379
   103  319  817  199.7126  166.3300   10.6378
   104  318  817  199.7097  166.3298   10.6377
   105  317  817  199.7116  166.3311   10.6377
   106  316  817  199.7171  166.3336   10.6376
   107  339  817  199.7357  166.3229   10.6393
   108  340  817  199.7336  166.3215   10.6394
   109  341  817  199.7324  166.3204   10.6395
   110  342  817  199.7055  166.3109   10.6396
   111  343  817  199.7032  166.3094   10.6397
   112  344  817  199.7085  166.3104   10.6398
   113  345  817  199.7193  166.3132   10.6398
   114  346  817  199.7290  166.3157   10.6398
   115  347  817  199.7189  166.3116   10.6400
   116  337  817  199.6866  166.3083   10.6392

     1  402  774  199.6865  166.2572   10.6144
     2  401  774  199.6928  166.2600   10.6144
     3  400  774  199.6870  166.2588   10.6142
     4  399  774  199.6875  166.2597   10.6142
     5  398  774  199.6853  166.2597   10.6141
     6  397  774  199.6826  166.2595   10.6140
     7  396  774  199.6774  166.2585   10.6139
     8  395  774  199.6848  166.2617   10.6139
     9  393  775  199.6925  166.2658   10.6143
    10  394  775  199.6859  166.2629   10.6144
    11  393  776  199.6973  166.2675   10.6150
    12  392  776  199.6862  166.2646   10.6150
    13  391  776  199.6814  166.2637   10.6149
    14  390  776  199.6876  166.2665   10.6148
    15  389  776  199.6846  166.2662   10.6147
    16  388  776  199.6895  166.2686   10.6147
    17  387  776  199.6891  166.2692   10.6146
    18  386  776  199.6906  166.2704   10.6145
    19  385  776  199.6792  166.2673   10.6144
    20  384  776  199.6798  166.2683   10.6143
    21  383  776  199.6811  166.2695   10.6143
    22  382  776  199.6758  166.2684   10.6142
    23  381  776  199.6842  166.2719   10.6141
    24  380  776  199.6826  166.2722   10.6140
    25  379  776  199.6812  166.2724   10.6139
    26  378  776  199.6839  166.2740   10.6139
    27  377  776  199.6803  166.2736   10.6138
    28  376  776  199.6833  166.2753   10.6137
    29  375  776  199.6855  166.2768   10.6137
    30  374  776  199.6757  166.2743   10.6136
    31  373  777  199.6772  166.2756   10.6143
    32  372  777  199.6784  166.2767   10.6142
    33  374  777  199.6834  166.2769   10.6144
    34  371  778  199.6789  166.2777   10.6148
    35  370  778  199.6821  166.2795   10.6147
    36  369  778  199.6808  166.2798   10.6146
    37  368  778  199.6876  166.2828   10.6146
    38  367  778  199.6860  166.2830   10.6145
    39  366  778  199.6821  166.2825   10.6144
    40  365  778  199.6837  166.2837   10.6143
    41  364  778  199.6890  166.2861   10.6142
    42  363  778  199.6819  166.2846   10.6142
    43  362  778  199.6741  166.2827   10.6141
    44  361  778  199.6744  166.2836   10.6140
    45  360  778  199.6752  166.2846   10.6139
    46  359  778  199.6742  166.2849   10.6138
    47  358  778  199.6752  166.2860   10.6137
    48  357  778  199.6743  166.2864   10.6136
    49  348  779  199.6779  166.2943   10.6137
    50  347  779  199.6770  166.2947   10.6136
    51  346  779  199.6816  166.2970   10.6135
    52  345  780  199.6816  166.2978   10.6141
    53  344  780  199.6817  166.2986   10.6141
    54  343  780  199.6824  166.2995   10.6140
    55  342  780  199.6824  166.3002   10.6139
    56  341  780  199.6799  166.3002   10.6138
    57  340  780  199.6824  166.3017   10.6137
    58  339  780  199.6861  166.3037   10.6137
    59  338  780  199.6850  166.3040   10.6136
    60  337  780  199.6860  166.3051   10.6135
    61  336  780  199.6847  166.3054   10.6134
    62  335  780  199.6863  166.3066   10.6133
    63  334  780  199.6862  166.3074   10.6132
    64  333  780  199.6779  166.3054   10.6131
    65  332  780  199.6803  166.3069   10.6130
    66  331  780  199.6806  166.3077   10.6130
    67  331  781  199.6821  166.3083   10.6137
    68  330  781  199.6796  166.3082   10.6136
    69  329  781  199.6828  166.3100   10.6135
    70  328  781  199.6826  166.3106   10.6134
    71  327  781  199.6826  166.3114   10.6133
    72  326  781  199.6844  166.3127   10.6133
    73  325  781  199.6778  166.3113   10.6132
    74  324  781  199.6813  166.3131   10.6131
    75  323  781  199.6812  166.3138   10.6130
    76  322  781  199.6797  166.3141   10.6129
    77  321  781  199.6801  166.3149   10.6128
    78  320  781  199.6765  166.3145   10.6128
    79  319  781  199.6678  166.3124   10.6127
    80  318  781  199.6624  166.3114   10.6126
    81  317  781  199.6607  166.3115   10.6125
    82  316  782  199.6672  166.3145   10.6132
    83  315  782  199.6634  166.3140   10.6131
    84  314  782  199.6612  166.3140   10.6130
    85  313  782  199.6641  166.3157   10.6129
    86  312  782  199.6690  166.3180   10.6129
    87  311  782  199.6687  166.3186   10.6128
    88  310  782  199.6701  166.3198   10.6127
    89  298  782  199.6783  166.3312   10.6118
    90  299  782  199.6773  166.3302   10.6119
    91  297  782  199.6759  166.3312   10.6117
    92  308  783  199.6754  166.3231   10.6133
    93  306  783  199.6725  166.3236   10.6131
    94  305  783  199.6744  166.3249   10.6130
    95  303  783  199.6735  166.3261   10.6129
    96  302  783  199.6726  166.3265   10.6128
    97  301  783  199.6695  166.3263   10.6127
    98  300  783  199.6727  166.3281   10.6127
    99  309  783  199.6722  166.3213   10.6133
   100  310  783  199.6757  166.3217   10.6134
   101  307  783  199.6722  166.3228   10.6132

     1  1078  849  199.9765  165.8715   10.7188
     2  1079  849  199.9812  165.8726   10.7188
     3  1074  850  199.9805  165.8761   10.7191
     4  1073  850  199.9840  165.8782   10.7190
     5  1072  850  199.9734  165.8748   10.7191
     6  1078  850  199.9732  165.8703   10.7195
     7  1077  850  199.9777  165.8728   10.7194
     8  1076  850  199.9736  165.8719   10.7194
     9  1075  850  199.9800  165.8751   10.7192
    10  1070  851  199.9752  165.8770   10.7196
    11  1071  851  199.9762  165.8767   10.7196
    12  1072  851  199.9715  165.8741   10.7198
    13  1069  851  199.9716  165.8763   10.7196
    14  1061  852  199.9859  165.8878   10.7194
    15  1062  852  199.9844  165.8865   10.7195
    16  1063  852  199.9856  165.8862   10.7196
    17  1068  852  199.9780  165.8797   10.7201
    18  1067  852  199.9818  165.8819   10.7200
    19  1066  852  199.9851  165.8839   10.7198
    20  1065  852  199.9840  165.8842   10.7198
    21  1064  852  199.9855  165.8855   10.7197
    22  1053  853  199.9855  165.8936   10.7195
    23  1049  853  199.9471  165.8817   10.7197
    24  1050  853  199.9581  165.8852   10.7196
    25  1061  853  199.9842  165.8873   10.7201
    26  1060  853  199.9826  165.8874   10.7201
    27  1059  853  199.9924  165.8919   10.7199
    28  1058  853  199.9816  165.8884   10.7199
    29  1057  853  199.9939  165.8939   10.7197
    30  1056  853  199.9798  165.8892   10.7198
    31  1055  853  199.9687  165.8857   10.7199
    32  1054  853  199.9701  165.8869   10.7198
    33  1051  853  199.9564  165.8839   10.7197
    34  1052  853  199.9531  165.8819   10.7198
    35  1048  853  199.9742  165.8929   10.7193
    36  1043  854  199.9796  165.8987   10.7195
    37  1044  854  199.9803  165.8983   10.7196
    38  1042  854  199.9740  165.8973   10.7195
    39  1048  854  199.9544  165.8853   10.7202
    40  1047  854  199.9845  165.8977   10.7198
    41  1046  854  199.9746  165.8946   10.7198
    42   937  855  199.9269  165.9563   10.7123
    43   938  855  199.9250  165.9549   10.7124
    44   936  855  199.9254  165.9565   10.7122
    45  1041  855  199.9651  165.8947   10.7202
    46  1040  855  199.9702  165.8974   10.7201
    47  1039  855  199.9701  165.8981   10.7200
    48  1038  855  199.9781  165.9019   10.7198
    49  1037  855  199.9806  165.9036   10.7197
    50  1036  855  199.9745  165.9020   10.7197
    51  1035  855  199.9700  165.9010   10.7197
    52  1034  855  199.9687  165.9012   10.7196
    53  1033  855  199.9708  165.9028   10.7195
    54  1032  855  199.9680  165.9024   10.7194
    55  1031  855  199.9730  165.9051   10.7193
    56  1030  855  199.9851  165.9104   10.7191
    57  1029  855  199.9649  165.9034   10.7192
    58  1028  855  199.9705  165.9063   10.7191
    59  1027  855  199.9834  165.9120   10.7189
    60   935  855  199.9258  165.9574   10.7121
    61   997  856  199.9697  165.9287   10.7173
    62   998  856  199.9761  165.9304   10.7173
    63   999  856  199.9823  165.9321   10.7173
    64  1000  856  199.9866  165.9330   10.7174
    65  1001  856  199.9847  165.9315   10.7175
    66  1002  856  199.9870  165.9317   10.7175
    67  1003  856  199.9856  165.9304   10.7176
    68  1004  856  199.9838  165.9290   10.7177
    69  1005  856  199.9863  165.9293   10.7178
    70  1006  856  199.9915  165.9305   10.7178
    71  1007  856  199.9894  165.9290   10.7179
    72  1008  856  199.9875  165.9275   10.7180
    73   996  856  199.9643  165.9274   10.7173
    74  1010  856  199.9871  165.9259   10.7182
    75  1011  856  199.9860  165.9247   10.7182
    76  1012  856  199.9843  165.9234   10.7183
    77  1013  856  199.9819  165.9217   10.7184
    78  1014  856  199.9833  165.9215   10.7185
    79  1015  856  199.9801  165.9196   10.7186
    80  1016  856  199.9750  165.9169   10.7187
    81  1017  856  199.9731  165.9154   10.7188
    82  1018  856  199.9730  165.9147   10.7189
    83  1019  856  199.9736  165.9142   10.7190
    84  1020  856  199.9790  165.9155   10.7190
    85  1021  856  199.9762  165.9137   10.7192
    86  1022  856  199.9746  165.9123   10.7192
    87  1023  856  199.9716  165.9105   10.7193
    88  1024  856  199.9658  165.9075   10.7195
    89   995  856  199.9664  165.9289   10.7172
    90   993  856  199.9659  165.9302   10.7170
    91   991  856  199.9708  165.9335   10.7168
    92   990  856  199.9693  165.9337   10.7167
    93   987  856  199.9616  165.9330   10.7166
    94   986  856  199.9570  165.9319   10.7166
    95   985  856  199.9498  165.9299   10.7165
    96   984  856  199.9527  165.9318   10.7164
    97   983  856  199.9533  165.9327   10.7164
    98   982  856  199.9499  165.9322   10.7163
    99   981  856  199.9402  165.9292   10.7163
   100   980  856  199.9314  165.9266   10.7163
   101   979  856  199.9453  165.9326   10.7161
   102   978  856  199.9448  165.9332   10.7160
   103   977  856  199.9519  165.9366   10.7159
   104   976  856  199.9512  165.9371   10.7158
   105   938  856  199.9198  165.9530   10.7131
   106   939  856  199.9199  165.9523   10.7132
   107   956  856  199.9209  165.9402   10.7145
   108   957  856  199.9292  165.9426   10.7145
   109   958  856  199.9248  165.9402   10.7146
   110   959  856  199.9322  165.9423   10.7146
   111   960  856  199.9664  165.9545   10.7144
   112   961  856  199.9503  165.9477   10.7146
   113   962  856  199.9650  165.9525   10.7146
   114   963  856  199.9514  165.9467   10.7147
   115   965  856  199.9667  165.9510   10.7148
   116   964  856  199.9547  165.9471   10.7148
   117  1009  856  199.9914  165.9283   10.7180
   118   966  857  199.9537  165.9454   10.7157
   119   967  857  199.9406  165.9397   10.7159
   120   968  857  199.9608  165.9467   10.7158
   121   969  857  199.9415  165.9386   10.7161
   122   970  857  199.9397  165.9372   10.7162
   123   971  857  199.9570  165.9430   10.7161
   124   972  857  199.9480  165.9389   10.7163
   125   956  857  199.9198  165.9399   10.7152
   126   955  857  199.9165  165.9394   10.7152
   127   954  857  199.9223  165.9423   10.7150
   128   953  857  199.9255  165.9442   10.7149
   129   952  857  199.9252  165.9449   10.7148
   130   951  857  199.9252  165.9456   10.7148
   131   950  857  199.9423  165.9528   10.7145
   132   949  857  199.9407  165.9529   10.7145
   133   948  857  199.9361  165.9519   10.7144
   134   947  857  199.9403  165.9543   10.7143
   135   946  857  199.9177  165.9464   10.7144
   136   945  857  199.9172  165.9470   10.7143
   137   944  857  199.9140  165.9465   10.7143
   138   943  857  199.9144  165.9474   10.7142
   139   942  857  199.9145  165.9482   10.7141
   140   940  857  199.9188  165.9513   10.7139
   141   939  857  199.9214  165.9530   10.7138
   142   973  857  199.9481  165.9382   10.7163
   143   974  857  199.9512  165.9386   10.7164
   144   965  857  199.9398  165.9409   10.7158

    1  1084  499  199.2057  165.5348   10.4652
    2  1082  500  199.2066  165.5368   10.4658
    3  1079  502  199.2135  165.5421   10.4671
    4  1077  503  199.2186  165.5458   10.4678
    5  1078  503  199.2164  165.5442   10.4679
    6  1077  504  199.2170  165.5453   10.4685
    7  1076  504  199.2204  165.5474   10.4685
    8  1075  504  199.2200  165.5480   10.4684
    9  1074  504  199.2178  165.5480   10.4683
   10  1073  504  199.2203  165.5498   10.4683
   11  1071  504  199.2212  165.5517   10.4681
   12  1070  504  199.2190  165.5516   10.4680
   13  1069  504  199.2144  165.5506   10.4678
   14  1068  504  199.2169  165.5524   10.4678
   15  1067  504  199.2134  165.5518   10.4676
   16  1066  504  199.2130  165.5525   10.4676
   17  1065  504  199.1990  165.5478   10.4673
   18  1063  505  199.2024  165.5509   10.4679
   19  1062  505  199.2026  165.5517   10.4678
   20  1061  505  199.2058  165.5538   10.4678
   21  1064  505  199.2043  165.5508   10.4680
   22  1039  512  199.2358  165.5836   10.4717
   23  1039  513  199.2349  165.5834   10.4725
   24  1039  514  199.2332  165.5828   10.4732
   25  1038  514  199.2331  165.5836   10.4731
   26  1037  514  199.2347  165.5850   10.4730
   27  1036  515  199.2331  165.5853   10.4737
   28  1035  515  199.2339  165.5864   10.4736
   29  1037  515  199.2315  165.5838   10.4738
   30  1035  516  199.2315  165.5855   10.4744
   31  1034  516  199.2329  165.5869   10.4743
   32  1033  517  199.2317  165.5873   10.4750
   33  1032  517  199.2321  165.5883   10.4749
   34  1031  517  199.2319  165.5890   10.4748
   35  1030  517  199.2329  165.5902   10.4747
   36  1029  517  199.2308  165.5901   10.4746
   37  1028  517  199.2325  165.5916   10.4745
   38  1027  517  199.2339  165.5929   10.4745
   39  1026  517  199.2276  165.5913   10.4743
   40  1025  517  199.2265  165.5917   10.4742
   41  1024  518  199.2288  165.5934   10.4749
   42  1023  518  199.2341  165.5963   10.4749
   43  1025  518  199.2335  165.5945   10.4750
   44  1023  519  199.2329  165.5959   10.4756
   45  1022  519  199.2301  165.5956   10.4755
   46  1021  519  199.2305  165.5966   10.4754
   47  1020  519  199.2345  165.5989   10.4754
   48  1019  519  199.2339  165.5995   10.4753
   49  1017  519  199.2352  165.6016   10.4752
   50  1016  519  199.2319  165.6011   10.4750
   51  1015  519  199.2383  165.6043   10.4751
   52  1014  520  199.2395  165.6057   10.4757
   53  1013  520  199.2424  165.6076   10.4757
   54  1012  520  199.2409  165.6078   10.4756
   55  1011  520  199.2362  165.6068   10.4754
   56  1010  520  199.2345  165.6069   10.4753
   57  1009  520  199.2332  165.6073   10.4752
   58  1008  520  199.2378  165.6098   10.4752
   59  1015  520  199.2352  165.6032   10.4758

     1  499  433  199.0239  165.9290   10.3646
     2  498  433  199.0267  165.9307   10.3646
     3  500  433  199.0203  165.9269   10.3645
     4  497  434  199.0289  165.9324   10.3653
     5  496  434  199.0266  165.9324   10.3652
     6  495  434  199.0302  165.9344   10.3652
     7  494  434  199.0330  165.9362   10.3652
     8  498  434  199.0248  165.9302   10.3653
     9  493  435  199.0366  165.9383   10.3660
    10  492  435  199.0400  165.9403   10.3660
    11  491  435  199.0370  165.9400   10.3659
    12  490  435  199.0347  165.9400   10.3657
    13  489  435  199.0373  165.9417   10.3657
    14  488  435  199.0354  165.9419   10.3656
    15  487  435  199.0372  165.9433   10.3656
    16  486  435  199.0385  165.9445   10.3655
    17  485  435  199.0353  165.9442   10.3654
    18  485  436  199.0383  165.9453   10.3662
    19  484  436  199.0464  165.9489   10.3664
    20  483  436  199.0477  165.9501   10.3663
    21  482  436  199.0468  165.9506   10.3662
    22  481  436  199.0487  165.9521   10.3661
    23  480  436  199.0458  165.9519   10.3660
    24  479  436  199.0436  165.9519   10.3658
    25  477  437  199.0485  165.9553   10.3666
    26  476  437  199.0461  165.9552   10.3665
    27  475  437  198.9783  165.9329   10.3645
    28  473  437  199.0371  165.9545   10.3660
    29  478  437  199.0353  165.9500   10.3663
    30  473  438  199.0494  165.9588   10.3671
    31  472  438  199.0633  165.9644   10.3674
    32  470  439  199.0639  165.9662   10.3680
    33  469  439  199.0622  165.9664   10.3678
    34  468  439  199.0581  165.9658   10.3676
    35  471  439  199.0571  165.9631   10.3678
    36  464  440  199.0454  165.9648   10.3677
    37  463  440  199.0300  165.9603   10.3672
    38  462  440  199.0299  165.9611   10.3672
    39  461  440  199.0287  165.9615   10.3671
    40  460  440  199.0282  165.9621   10.3669
    41  459  440  199.0322  165.9642   10.3670
    42  458  440  199.0229  165.9619   10.3666
    43  457  440  199.0224  165.9625   10.3666
    44  456  440  199.0260  165.9645   10.3666
    45  455  440  199.0297  165.9665   10.3666
    46  454  441  199.0307  165.9678   10.3673
    47  455  441  199.0291  165.9664   10.3673
    48  452  442  199.0305  165.9694   10.3679
    49  450  442  199.0280  165.9701   10.3677
    50  449  442  199.0279  165.9709   10.3676
    51  448  442  199.0308  165.9726   10.3676
    52  451  442  199.0298  165.9699   10.3678
    53  447  443  199.0326  165.9741   10.3684
    54  446  443  199.0324  165.9749   10.3683
    55  446  444  199.0348  165.9758   10.3691
    56  444  444  199.0394  165.9789   10.3691
    57  445  444  199.0344  165.9765   10.3691
    58  430  445  199.0376  165.9895   10.3687
    59  432  445  199.0262  165.9841   10.3685
    60  433  445  199.0285  165.9840   10.3687
    61  434  445  199.0350  165.9854   10.3690
    62  435  445  199.0370  165.9853   10.3691
    63  429  445  199.0446  165.9926   10.3688
    64  437  445  199.0435  165.9859   10.3694
    65  438  445  199.0454  165.9858   10.3695
    66  439  445  199.0493  165.9863   10.3697
    67  440  445  199.0488  165.9854   10.3698
    68  441  445  199.0462  165.9837   10.3698
    69  428  445  199.0403  165.9920   10.3686
    70  426  445  199.0334  165.9912   10.3682
    71  427  445  199.0393  165.9924   10.3685
    72  436  445  199.0405  165.9857   10.3692
    73  425  446  199.0243  165.9890   10.3686
    74  424  446  199.0237  165.9896   10.3686
    75  423  446  199.0227  165.9901   10.3685
    76  422  446  199.0296  165.9932   10.3686
    77  426  446  199.0363  165.9923   10.3691
    78  421  446  199.0199  165.9907   10.3682
    79  417  447  199.0117  165.9912   10.3684
    80  416  447  199.0097  165.9913   10.3682
    81  415  447  199.0091  165.9919   10.3681
    82  414  447  199.0097  165.9929   10.3681
    83  413  447  199.0143  165.9952   10.3681
    84  412  447  199.0104  165.9947   10.3679
    85  411  447  199.0122  165.9961   10.3679
    86  410  447  199.0127  165.9971   10.3679
    87  409  447  199.0041  165.9950   10.3676
    88  408  447  199.0084  165.9972   10.3677
    89  407  447  199.0067  165.9975   10.3676
    90  406  447  199.0073  165.9985   10.3675
    91  405  447  199.0153  166.0019   10.3676
    92  404  447  199.0118  166.0016   10.3675
    93  403  447  199.0121  166.0025   10.3675
    94  402  447  199.0081  166.0019   10.3673
    95  401  447  199.0035  166.0011   10.3671
    96  400  447  199.0031  166.0018   10.3670
    97  399  447  198.9970  166.0005   10.3668
    98  397  448  198.9990  166.0029   10.3674
    99  396  448  199.0003  166.0041   10.3673
   100  395  448  199.0020  166.0055   10.3673
   101  398  448  198.9992  166.0021   10.3674
   102  395  449  199.0095  166.0080   10.3682
   103  394  449  198.9986  166.0052   10.3678
   104  393  449  199.0026  166.0073   10.3678
   105  392  449  199.0013  166.0077   10.3677
   106  391  449  199.0029  166.0090   10.3677
   107  390  449  199.0071  166.0112   10.3677
   108  390  450  199.0070  166.0113   10.3685
   109  389  450  199.0089  166.0127   10.3685
   110  388  450  199.0102  166.0139   10.3684
   111  387  450  199.0108  166.0149   10.3684
   112  386  450  199.0094  166.0152   10.3683
   113  385  450  199.0117  166.0168   10.3683
   114  385  451  199.0121  166.0170   10.3690
   115  384  451  199.0131  166.0182   10.3690
   116  383  451  199.0142  166.0193   10.3689
   117  382  451  199.0148  166.0203   10.3689
   118  381  451  199.0150  166.0211   10.3688
   119  380  452  199.0183  166.0231   10.3696
   120  379  452  199.0195  166.0244   10.3695
   121  378  452  199.0180  166.0246   10.3694
   122  377  452  199.0148  166.0244   10.3693
   123  381  452  199.0163  166.0217   10.3696
   124  376  453  199.0116  166.0242   10.3698
   125  375  453  199.0097  166.0243   10.3697
   126  359  455  199.0009  166.0342   10.3697
   127  358  455  199.0022  166.0354   10.3697
   128  357  455  199.0023  166.0363   10.3696
   129  356  455  198.9991  166.0360   10.3694
   130  355  455  198.9977  166.0363   10.3693
   131  360  455  199.0012  166.0335   10.3698
   132  354  456  198.9987  166.0375   10.3700
   133  353  456  199.0025  166.0396   10.3700
   134  352  456  199.0020  166.0402   10.3699
   135  351  456  199.0007  166.0405   10.3698
   136  350  456  199.0072  166.0435   10.3699
   137  349  456  199.0065  166.0441   10.3698
   138  348  456  199.0082  166.0454   10.3698
   139  347  456  199.0100  166.0468   10.3697
   140  346  456  199.0084  166.0470   10.3696
   141  345  456  199.0051  166.0467   10.3694
   142  343  457  199.0064  166.0488   10.3701
   143  342  457  199.0062  166.0496   10.3700
   144  341  457  199.0106  166.0518   10.3700
   145  340  457  199.0103  166.0525   10.3699
   146  339  457  199.0069  166.0522   10.3698
   147  344  457  199.0070  166.0482   10.3701
   148  339  458  199.0138  166.0545   10.3707
   149  338  458  199.0131  166.0551   10.3706
   150  337  458  199.0077  166.0541   10.3704
   151  336  459  199.0115  166.0562   10.3712
   152  335  459  199.0091  166.0562   10.3710
   153  337  459  199.0109  166.0552   10.3712

    1  114  732  199.5441  166.4190   10.5616
    2  112  733  199.5473  166.4215   10.5621
    3  113  733  199.5488  166.4212   10.5622
    4  111  734  199.5501  166.4232   10.5628
    5  110  734  199.5488  166.4235   10.5627
    6  112  734  199.5509  166.4227   10.5629
    7  110  735  199.5460  166.4227   10.5634
    8  109  735  199.5463  166.4235   10.5633
    9  108  735  199.5449  166.4239   10.5632
   10  107  735  199.5469  166.4252   10.5631
   11  105  735  199.5445  166.4259   10.5629
   12  104  735  199.5445  166.4267   10.5629
   13  103  735  199.5435  166.4271   10.5628
   14  102  735  199.5425  166.4275   10.5627
   15  101  735  199.5441  166.4287   10.5627
   16  100  735  199.5425  166.4289   10.5626
   17   99  735  199.5432  166.4299   10.5625
   18   98  735  199.5379  166.4290   10.5624
   19   97  735  199.5378  166.4297   10.5623
   20   96  735  199.5364  166.4300   10.5622
   21   95  735  199.5374  166.4310   10.5622
   22   94  735  199.5360  166.4314   10.5621
   23   93  735  199.5351  166.4318   10.5620
   24  106  735  199.5448  166.4253   10.5630
   25   92  736  199.5377  166.4334   10.5627
   26   90  736  199.5367  166.4346   10.5625
   27   91  736  199.5379  166.4342   10.5626
   28   90  737  199.5424  166.4364   10.5632
   29   89  737  199.5448  166.4379   10.5632
   30   66  738  199.5436  166.4544   10.5621
   31   67  738  199.5411  166.4529   10.5621
   32   68  738  199.5425  166.4525   10.5622
   33   69  738  199.5397  166.4510   10.5623
   34   70  738  199.5353  166.4489   10.5623
   35   71  738  199.5352  166.4481   10.5624
   36   72  738  199.5338  166.4470   10.5625
   37   60  738  199.5450  166.4591   10.5616
   38   74  738  199.5287  166.4440   10.5626
   39   75  738  199.5346  166.4450   10.5627
   40   76  738  199.5277  166.4422   10.5628
   41   65  738  199.5470  166.4561   10.5620
   42   78  738  199.5432  166.4455   10.5630
   43   79  738  199.5320  166.4413   10.5630
   44   80  738  199.5365  166.4420   10.5631
   45   81  738  199.5395  166.4422   10.5632
   46   82  738  199.5443  166.4429   10.5633
   47   83  738  199.5456  166.4426   10.5634
   48   84  738  199.5497  166.4431   10.5635
   49   85  738  199.5505  166.4426   10.5636
   50   86  738  199.5481  166.4411   10.5637
   51   87  738  199.5471  166.4401   10.5637
   52   88  738  199.5463  166.4391   10.5638
   53   89  738  199.5450  166.4380   10.5639
   54   63  738  199.5541  166.4597   10.5619
   55   64  738  199.5493  166.4576   10.5620
   56   62  738  199.5482  166.4587   10.5618
   57   77  738  199.5374  166.4444   10.5629
   58   61  738  199.5459  166.4587   10.5617
   59   59  738  199.5390  166.4580   10.5615
   60   58  738  199.5383  166.4585   10.5614
   61   57  738  199.5338  166.4579   10.5613
   62   56  738  199.5367  166.4595   10.5612
   63   55  738  199.5370  166.4604   10.5612
   64   54  738  199.5359  166.4607   10.5611
   65   53  738  199.5381  166.4621   10.5610
   66   52  738  199.5410  166.4637   10.5610
   67   51  738  199.5347  166.4626   10.5608
   68   50  738  199.5331  166.4628   10.5607
   69   49  738  199.5347  166.4640   10.5607
   70   48  738  199.5320  166.4639   10.5606
   71   47  738  199.5343  166.4653   10.5605
   72   73  738  199.5270  166.4442   10.5625
   73   45  739  199.5433  166.4696   10.5611
   74   44  739  199.5432  166.4703   10.5611
   75   43  739  199.5412  166.4704   10.5610
   76   42  739  199.5417  166.4713   10.5609
   77   46  739  199.5340  166.4661   10.5611
   78   42  740  199.5511  166.4743   10.5617
   79   41  740  199.5463  166.4735   10.5615
   80   40  740  199.5514  166.4758   10.5615
   81   39  740  199.5545  166.4775   10.5615
   82   38  740  199.5437  166.4749   10.5613

     1  782  783  199.8123  166.0218   10.6508
     2  781  783  199.8091  166.0214   10.6507
     3  783  783  199.8094  166.0200   10.6509
     4  781  784  199.8089  166.0214   10.6514
     5  780  784  199.8113  166.0230   10.6513
     6  779  784  199.8054  166.0216   10.6513
     7  778  784  199.8060  166.0226   10.6512
     8  776  784  199.8034  166.0231   10.6511
     9  775  784  199.8040  166.0241   10.6510
    10  774  784  199.8060  166.0255   10.6509
    11  773  784  199.8026  166.0250   10.6508
    12  772  784  199.8043  166.0264   10.6507
    13  771  784  199.8055  166.0276   10.6506
    14  770  784  199.8091  166.0296   10.6506
    15  769  784  199.8056  166.0291   10.6505
    16  768  784  199.8139  166.0328   10.6504
    17  767  784  199.8114  166.0327   10.6503
    18  765  785  199.8114  166.0342   10.6508
    19  764  785  199.8104  166.0346   10.6507
    20  762  785  199.8134  166.0372   10.6505
    21  766  785  199.8185  166.0361   10.6509
    22  762  786  199.8152  166.0379   10.6513
    23  761  786  199.8176  166.0395   10.6512
    24  760  786  199.8179  166.0403   10.6511
    25  759  786  199.8160  166.0404   10.6510
    26  758  786  199.8188  166.0422   10.6509
    27  757  786  199.8185  166.0428   10.6508
    28  756  786  199.8203  166.0442   10.6507
    29  755  786  199.8216  166.0453   10.6507
    30  754  786  199.8171  166.0445   10.6506
    31  753  786  199.8201  166.0463   10.6506
    32  752  786  199.8095  166.0432   10.6504
    33  751  786  199.8077  166.0433   10.6504
    34  750  786  199.8178  166.0477   10.6503
    35  749  786  199.8268  166.0516   10.6502
    36  748  786  199.8107  166.0466   10.6501
    37  747  786  199.8106  166.0473   10.6501
    38  745  786  199.8123  166.0493   10.6499
    39  744  786  199.8128  166.0503   10.6498
    40  743  786  199.8163  166.0523   10.6498
    41  742  786  199.8136  166.0520   10.6497
    42  741  786  199.8150  166.0533   10.6496
    43  740  787  199.8188  166.0555   10.6502
    44  739  787  199.8155  166.0550   10.6501
    45  738  787  199.8170  166.0563   10.6501
    46  737  787  199.8154  166.0565   10.6500
    47  736  787  199.8163  166.0575   10.6500
    48  724  787  199.8080  166.0634   10.6490
    49  723  787  199.8096  166.0647   10.6489
    50  722  787  199.8072  166.0646   10.6488
    51  721  787  199.8133  166.0675   10.6487
    52  720  787  199.8157  166.0691   10.6487
    53  719  787  199.8235  166.0726   10.6486
    54  718  787  199.8206  166.0723   10.6485
    55  717  787  199.8158  166.0713   10.6484
    56  716  787  199.8178  166.0728   10.6483
    57  715  787  199.8102  166.0708   10.6483
    58  706  787  199.8020  166.0745   10.6476
    59  707  787  199.8033  166.0742   10.6476
    60  708  787  199.8020  166.0730   10.6477
    61  709  787  199.8025  166.0724   10.6478
    62  710  787  199.8033  166.0720   10.6479
    63  711  787  199.8040  166.0715   10.6480
    64  712  787  199.8100  166.0730   10.6480
    65  713  787  199.8123  166.0730   10.6481
    66  714  787  199.8113  166.0719   10.6482
    67  706  788  199.8064  166.0761   10.6483
    68  705  788  199.8040  166.0760   10.6482
    69  735  788  199.8206  166.0599   10.6506
    70  734  788  199.8248  166.0622   10.6505
    71  733  788  199.8290  166.0644   10.6504
    72  732  788  199.8220  166.0626   10.6503
    73  731  788  199.8213  166.0631   10.6502
    74  730  788  199.8092  166.0595   10.6502
    75  729  788  199.8222  166.0649   10.6501
    76  728  788  199.8116  166.0618   10.6500
    77  725  788  199.8133  166.0646   10.6498
    78  726  788  199.8125  166.0636   10.6499
    79  727  788  199.8135  166.0632   10.6499
    80  736  788  199.8242  166.0605   10.6506
    81  699  789  199.7919  166.0762   10.6485
    82  700  789  199.7899  166.0748   10.6485
    83  701  789  199.7897  166.0740   10.6486
    84  702  789  199.7974  166.0760   10.6487
    85  703  789  199.8067  166.0786   10.6487
    86  704  789  199.8051  166.0772   10.6488
    87  705  789  199.8089  166.0779   10.6489
    88  698  789  199.7934  166.0775   10.6484
    89  697  789  199.7963  166.0793   10.6483
    90  696  789  199.8084  166.0843   10.6482
    91  695  789  199.8133  166.0868   10.6481
    92  694  789  199.8164  166.0887   10.6480
    93  693  789  199.8198  166.0906   10.6479
    94  692  789  199.8188  166.0910   10.6478
    95  691  789  199.8195  166.0919   10.6477
    96  690  789  199.8253  166.0948   10.6476
    97  689  789  199.8042  166.0880   10.6476
    98  688  789  199.8078  166.0900   10.6475
    99  687  789  199.8145  166.0931   10.6474
   100  686  789  199.8128  166.0932   10.6473
   101  685  789  199.8103  166.0931   10.6473
   102  683  790  199.7727  166.0813   10.6480
   103  682  790  199.7622  166.0783   10.6479
   104  681  790  199.7699  166.0818   10.6478
   105  680  790  199.7653  166.0808   10.6477
   106  684  790  199.7965  166.0890   10.6480
   107  680  791  199.7770  166.0851   10.6484
   108  679  791  199.7861  166.0891   10.6483
   109  678  791  199.7795  166.0875   10.6482
   110  677  791  199.7799  166.0883   10.6481
   111  676  791  199.7892  166.0924   10.6480
   112  675  791  199.7931  166.0945   10.6479
   113  673  791  199.7897  166.0948   10.6477
   114  672  791  199.7888  166.0952   10.6477
   115  671  791  199.7871  166.0953   10.6476
   116  670  791  199.7802  166.0936   10.6476
   117  669  791  199.7782  166.0936   10.6475
   118  668  791  199.7786  166.0945   10.6474
   119  667  791  199.7762  166.0944   10.6473
   120  666  791  199.7754  166.0948   10.6472
   121  665  791  199.7744  166.0953   10.6472
   122  664  791  199.7745  166.0960   10.6471
   123  663  791  199.7789  166.0983   10.6470
   124  662  791  199.7804  166.0996   10.6469
   125  661  791  199.7859  166.1023   10.6468
   126  660  791  199.7954  166.1064   10.6467
   127  659  791  199.7902  166.1052   10.6466
   128  658  791  199.7929  166.1069   10.6466
   129  657  791  199.7911  166.1070   10.6465
   130  656  791  199.7940  166.1088   10.6464
   131  655  791  199.7930  166.1092   10.6463
   132  654  791  199.7993  166.1121   10.6462
   133  653  791  199.7979  166.1124   10.6461
   134  651  791  199.7891  166.1108   10.6460
   135  650  791  199.7898  166.1117   10.6460

     1  1041  800  199.8600  165.8494   10.6831
     2  1040  800  199.8603  165.8503   10.6830
     3  1042  800  199.8565  165.8474   10.6832
     4  1039  801  199.8799  165.8587   10.6835
     5  1038  801  199.8836  165.8609   10.6834
     6  1037  801  199.8753  165.8584   10.6834
     7  1040  801  199.8622  165.8511   10.6837
     8  1037  802  199.8820  165.8611   10.6840
     9  1036  802  199.8776  165.8601   10.6840
    10  1035  802  199.8797  165.8617   10.6839
    11  1034  802  199.8880  165.8656   10.6837
    12  1033  802  199.8726  165.8604   10.6838
    13  1032  802  199.8804  165.8642   10.6836
    14  1031  802  199.8836  165.8661   10.6835
    15  1030  802  199.8801  165.8655   10.6834
    16   929  802  199.8446  165.9267   10.6756
    17  1028  803  199.8690  165.8628   10.6841
    18  1019  803  199.8553  165.8642   10.6834
    19  1020  803  199.8529  165.8625   10.6835
    20   929  803  199.8450  165.9270   10.6763
    21   930  803  199.8409  165.9247   10.6764
    22  1021  803  199.8549  165.8626   10.6836
    23  1022  803  199.8799  165.8714   10.6835
    24  1023  803  199.8502  165.8593   10.6838
    25  1024  803  199.8648  165.8641   10.6838
    26  1025  803  199.8557  165.8599   10.6839
    27  1026  803  199.8596  165.8607   10.6840
    28  1027  803  199.8611  165.8605   10.6840
    29  1018  803  199.8539  165.8644   10.6833
    30  1012  804  199.8624  165.8722   10.6835
    31  1013  804  199.8664  165.8730   10.6835
    32  1009  804  199.8527  165.8707   10.6833
    33  1008  804  199.8540  165.8720   10.6832
    34  1018  804  199.8532  165.8642   10.6841
    35  1014  804  199.8632  165.8710   10.6837
    36  1015  804  199.8583  165.8684   10.6838
    37  1005  804  199.8591  165.8761   10.6829
    38  1004  804  199.8588  165.8768   10.6829
    39  1003  804  199.8585  165.8774   10.6828
    40   932  804  199.8439  165.9244   10.6772
    41   931  804  199.8382  165.9230   10.6771
    42  1016  804  199.8522  165.8653   10.6839
    43  1017  804  199.8501  165.8638   10.6840
    44  1011  804  199.8628  165.8731   10.6834
    45  1007  804  199.8618  165.8757   10.6831
    46  1006  804  199.8582  165.8750   10.6831
    47  1001  804  199.8608  165.8797   10.6826
    48   997  805  199.8657  165.8846   10.6830
    49   932  805  199.8409  165.9233   10.6779
    50   933  805  199.8423  165.9231   10.6779
    51   934  805  199.8410  165.9219   10.6780
    52  1000  805  199.8577  165.8794   10.6833
    53   999  805  199.8709  165.8852   10.6831
    54   998  805  199.8781  165.8886   10.6830
    55   996  805  199.8628  165.8843   10.6829
    56   991  806  199.8812  165.8951   10.6831
    57   992  806  199.8851  165.8959   10.6831
    58   993  806  199.8790  165.8928   10.6833
    59   994  806  199.8724  165.8895   10.6834
    60   995  806  199.8633  165.8853   10.6836
    61   990  806  199.8793  165.8951   10.6830
    62   943  806  199.8559  165.9210   10.6794
    63   942  806  199.8535  165.9208   10.6793
    64   987  806  199.8611  165.8904   10.6829
    65   986  806  199.8588  165.8902   10.6829
    66   985  806  199.8590  165.8911   10.6827
    67   984  806  199.8557  165.8905   10.6827
    68   981  806  199.8853  165.9041   10.6823
    69   980  806  199.8905  165.9067   10.6821
    70   979  806  199.8802  165.9036   10.6821
    71   978  806  199.8768  165.9030   10.6821
    72   941  806  199.8501  165.9202   10.6792
    73   940  806  199.8453  165.9192   10.6792
    74   939  806  199.8441  165.9195   10.6791
    75   938  806  199.8361  165.9172   10.6790
    76   937  806  199.8337  165.9170   10.6790
    77   936  806  199.8429  165.9212   10.6788
    78   935  806  199.8401  165.9209   10.6788
    79   945  806  199.8578  165.9202   10.6795
    80   944  806  199.8595  165.9216   10.6794
    81   983  806  199.8693  165.8965   10.6825
    82   989  806  199.8725  165.8932   10.6830
    83   970  807  199.8648  165.9045   10.6822
    84   969  807  199.8765  165.9096   10.6820
    85   968  807  199.8675  165.9070   10.6820
    86   967  807  199.8771  165.9113   10.6819
    87   966  807  199.8760  165.9117   10.6818
    88   964  807  199.8698  165.9108   10.6817
    89   963  807  199.8731  165.9128   10.6815
    90   962  807  199.8714  165.9129   10.6815
    91   961  807  199.8722  165.9139   10.6814
    92   960  807  199.8671  165.9127   10.6813
    93   959  807  199.8704  165.9147   10.6812
    94   958  807  199.8724  165.9162   10.6812
    95   957  807  199.8698  165.9160   10.6811
    96   956  807  199.8705  165.9169   10.6810
    97   955  807  199.8745  165.9192   10.6809
    98   954  807  199.8795  165.9218   10.6808
    99   953  807  199.8760  165.9213   10.6808
   100   951  807  199.8710  165.9209   10.6806
   101   950  807  199.8722  165.9220   10.6805
   102   949  807  199.8749  165.9238   10.6804
   103   948  807  199.8776  165.9256   10.6804
   104   947  807  199.8772  165.9261   10.6803
   105   946  807  199.8692  165.9239   10.6803
   106   945  807  199.8626  165.9221   10.6802
   107   971  807  199.8798  165.9094   10.6822
