; ENVI Output of ROIs (5.4) [Tue Aug 06 15:33:29 2019]
; Number of ROIs: 18
; File Dimension: 1328 x 1184
;
; ROI name: Region #1
; ROI rgb value: {255, 0, 0}
; ROI npts: 142
;
; ROI name: Region #2
; ROI rgb value: {0, 255, 0}
; ROI npts: 55
;
; ROI name: Region #3
; ROI rgb value: {0, 0, 255}
; ROI npts: 103
;
; ROI name: Region #4
; ROI rgb value: {255, 255, 0}
; ROI npts: 50
;
; ROI name: Region #5
; ROI rgb value: {0, 255, 255}
; ROI npts: 59
;
; ROI name: Region #6
; ROI rgb value: {255, 0, 255}
; ROI npts: 85
;
; ROI name: Region #7
; ROI rgb value: {176, 48, 96}
; ROI npts: 54
;
; ROI name: Region #8
; ROI rgb value: {46, 139, 87}
; ROI npts: 53
;
; ROI name: Region #9
; ROI rgb value: {160, 32, 240}
; ROI npts: 45
;
; ROI name: Region #10
; ROI rgb value: {255, 127, 80}
; ROI npts: 48
;
; ROI name: Region #11
; ROI rgb value: {127, 255, 212}
; ROI npts: 116
;
; ROI name: Region #12
; ROI rgb value: {218, 112, 214}
; ROI npts: 101
;
; ROI name: Region #13
; ROI rgb value: {160, 82, 45}
; ROI npts: 144
;
; ROI name: Region #14
; ROI rgb value: {127, 255, 0}
; ROI npts: 59
;
; ROI name: Region #15
; ROI rgb value: {216, 191, 216}
; ROI npts: 153
;
; ROI name: Region #16
; ROI rgb value: {238, 0, 0}
; ROI npts: 82
;
; ROI name: Region #17
; ROI rgb value: {205, 0, 0}
; ROI npts: 135
;
; ROI name: Region #18
; ROI rgb value: {139, 0, 0}
; ROI npts: 107
;   ID    X    Y      B1      B2      B3
     1  475  585  0.0449  0.0154  0.0013
     2  474  585  0.0448  0.0154  0.0013
     3  476  585  0.0448  0.0154  0.0013
     4  477  585  0.0448  0.0154  0.0013
     5  472  586  0.0448  0.0154  0.0013
     6  473  586  0.0447  0.0154  0.0013
     7  471  586  0.0447  0.0154  0.0013
     8  469  587  0.0447  0.0154  0.0013
     9  470  587  0.0446  0.0153  0.0013
    10  471  587  0.0446  0.0154  0.0013
    11  468  588  0.0447  0.0154  0.0013
    12  467  588  0.0446  0.0153  0.0013
    13  466  588  0.0446  0.0153  0.0013
    14  465  588  0.0447  0.0154  0.0013
    15  464  588  0.0447  0.0153  0.0013
    16  463  588  0.0447  0.0153  0.0013
    17  462  588  0.0448  0.0154  0.0013
    18  461  588  0.0447  0.0153  0.0013
    19  460  588  0.0448  0.0154  0.0013
    20  459  588  0.0447  0.0153  0.0013
    21  457  589  0.0448  0.0154  0.0013
    22  455  589  0.0450  0.0154  0.0013
    23  454  589  0.0449  0.0154  0.0013
    24  453  589  0.0449  0.0154  0.0013
    25  452  589  0.0449  0.0154  0.0013
    26  458  589  0.0448  0.0153  0.0013
    27  451  590  0.0449  0.0154  0.0013
    28  449  590  0.0450  0.0154  0.0013
    29  448  590  0.0450  0.0154  0.0013
    30  447  590  0.0451  0.0154  0.0013
    31  445  590  0.0450  0.0154  0.0013
    32  450  590  0.0450  0.0154  0.0013
    33  438  591  0.0449  0.0153  0.0013
    34  445  591  0.0449  0.0153  0.0013
    35  444  591  0.0448  0.0153  0.0013
    36  443  591  0.0448  0.0153  0.0013
    37  442  591  0.0448  0.0153  0.0013
    38  439  591  0.0447  0.0153  0.0013
    39  433  591  0.0447  0.0152  0.0013
    40  437  591  0.0448  0.0153  0.0013
    41  434  591  0.0447  0.0152  0.0013
    42  432  592  0.0446  0.0152  0.0013
    43  433  592  0.0446  0.0152  0.0013
    44  418  593  0.0447  0.0152  0.0013
    45  419  593  0.0449  0.0152  0.0013
    46  420  593  0.0447  0.0152  0.0013
    47  421  593  0.0447  0.0152  0.0013
    48  423  593  0.0446  0.0152  0.0013
    49  424  593  0.0446  0.0152  0.0013
    50  417  593  0.0447  0.0152  0.0013
    51  426  593  0.0446  0.0152  0.0013
    52  427  593  0.0447  0.0152  0.0013
    53  429  593  0.0446  0.0152  0.0013
    54  430  593  0.0446  0.0152  0.0013
    55  431  593  0.0446  0.0152  0.0013
    56  432  593  0.0446  0.0152  0.0013
    57  416  593  0.0447  0.0152  0.0013
    58  425  593  0.0446  0.0152  0.0013
    59  415  593  0.0447  0.0152  0.0013
    60  414  594  0.0446  0.0151  0.0013
    61  413  594  0.0446  0.0151  0.0013
    62  411  594  0.0446  0.0151  0.0013
    63  410  594  0.0447  0.0151  0.0013
    64  409  595  0.0447  0.0151  0.0013
    65  407  595  0.0449  0.0152  0.0013
    66  402  596  0.0448  0.0151  0.0013
    67  405  596  0.0446  0.0151  0.0013
    68  401  596  0.0447  0.0151  0.0013
    69  399  596  0.0447  0.0151  0.0013
    70  398  596  0.0447  0.0151  0.0013
    71  396  596  0.0447  0.0151  0.0013
    72  404  596  0.0447  0.0151  0.0013
    73  395  596  0.0446  0.0151  0.0013
    74  394  596  0.0446  0.0151  0.0013
    75  392  596  0.0446  0.0151  0.0013
    76  390  597  0.0445  0.0150  0.0013
    77  388  597  0.0445  0.0150  0.0013
    78  387  597  0.0445  0.0150  0.0013
    79  386  597  0.0445  0.0150  0.0013
    80  385  597  0.0446  0.0150  0.0013
    81  391  597  0.0445  0.0150  0.0013
    82  384  598  0.0445  0.0150  0.0013
    83  383  598  0.0445  0.0150  0.0013
    84  382  598  0.0445  0.0150  0.0013
    85  380  599  0.0447  0.0150  0.0013
    86  379  599  0.0446  0.0150  0.0013
    87  377  599  0.0447  0.0150  0.0013
    88  367  599  0.0445  0.0149  0.0013
    89  366  599  0.0445  0.0149  0.0013
    90  365  599  0.0445  0.0149  0.0013
    91  381  599  0.0445  0.0150  0.0012
    93  373  600  0.0445  0.0149  0.0012
    94  372  600  0.0445  0.0149  0.0012
    95  371  600  0.0445  0.0149  0.0012
    96  370  600  0.0446  0.0150  0.0013
    97  369  600  0.0445  0.0149  0.0013
    98  368  600  0.0445  0.0149  0.0012
   100  305  604  0.0443  0.0146  0.0013
   101  305  605  0.0443  0.0146  0.0013
   102  304  605  0.0443  0.0146  0.0013
   103  293  605  0.0443  0.0146  0.0013
   104  304  606  0.0443  0.0146  0.0012
   105  290  606  0.0443  0.0146  0.0013
   106  291  606  0.0443  0.0146  0.0013
   107  292  606  0.0443  0.0146  0.0013
   108  302  606  0.0443  0.0146  0.0013
   109  303  606  0.0443  0.0146  0.0012
   110  288  606  0.0444  0.0146  0.0013
   111  293  606  0.0443  0.0146  0.0013
   112  294  606  0.0443  0.0146  0.0013
   113  295  607  0.0443  0.0146  0.0012
   114  297  607  0.0443  0.0146  0.0012
   115  299  607  0.0443  0.0146  0.0012
   116  301  607  0.0443  0.0146  0.0012
   117  302  607  0.0443  0.0146  0.0012
   118  296  607  0.0443  0.0146  0.0013
   119  294  607  0.0443  0.0146  0.0012
   120  285  607  0.0443  0.0146  0.0013
   121  287  607  0.0443  0.0146  0.0013
   122  263  608  0.0442  0.0144  0.0013
   123  282  608  0.0442  0.0145  0.0013
   124  281  608  0.0443  0.0145  0.0013
   125  262  608  0.0442  0.0144  0.0013
   126  279  608  0.0443  0.0145  0.0013
   127  278  608  0.0443  0.0145  0.0013
   128  277  608  0.0444  0.0146  0.0013
   129  276  608  0.0443  0.0145  0.0013
   130  275  608  0.0442  0.0145  0.0013
   131  274  608  0.0441  0.0144  0.0013
   132  273  608  0.0442  0.0145  0.0013
   133  272  608  0.0443  0.0145  0.0013
   134  270  608  0.0442  0.0145  0.0013
   135  269  608  0.0443  0.0145  0.0013
   136  268  608  0.0442  0.0145  0.0013
   137  267  608  0.0443  0.0145  0.0013
   138  266  608  0.0442  0.0144  0.0013
   139  265  608  0.0442  0.0144  0.0013
   140  264  608  0.0442  0.0144  0.0013
   141  283  608  0.0442  0.0145  0.0012
   142  280  608  0.0443  0.0145  0.0013

    1  292  776  0.0410  0.0134  0.0006
    2  287  776  0.0411  0.0134  0.0007
    3  288  776  0.0410  0.0134  0.0007
    4  289  776  0.0410  0.0134  0.0007
    5  290  776  0.0410  0.0134  0.0007
    6  291  776  0.0410  0.0134  0.0007
    7  285  776  0.0411  0.0134  0.0007
    8  286  776  0.0411  0.0134  0.0007
    9  292  777  0.0410  0.0134  0.0006
   10  285  777  0.0411  0.0134  0.0006
   11  284  778  0.0410  0.0134  0.0006
   12  285  778  0.0411  0.0134  0.0006
   13  283  779  0.0410  0.0134  0.0006
   14  284  779  0.0410  0.0134  0.0006
   15  270  780  0.0410  0.0134  0.0006
   16  283  780  0.0410  0.0134  0.0006
   17  282  780  0.0410  0.0134  0.0006
   18  281  780  0.0410  0.0134  0.0006
   19  279  780  0.0410  0.0134  0.0006
   20  261  780  0.0410  0.0133  0.0006
   21  262  780  0.0411  0.0134  0.0006
   22  278  780  0.0410  0.0134  0.0006
   23  277  780  0.0410  0.0134  0.0006
   24  276  780  0.0410  0.0134  0.0006
   25  275  780  0.0410  0.0134  0.0006
   26  274  780  0.0410  0.0134  0.0006
   27  273  780  0.0409  0.0134  0.0006
   28  272  780  0.0409  0.0133  0.0006
   29  263  780  0.0410  0.0133  0.0006
   30  271  780  0.0409  0.0133  0.0006
   31  269  781  0.0409  0.0133  0.0006
   32  268  781  0.0409  0.0133  0.0006
   33  267  781  0.0409  0.0133  0.0006
   34  265  781  0.0410  0.0133  0.0006
   35  264  781  0.0409  0.0133  0.0006
   36  263  781  0.0409  0.0133  0.0006
   37  239  781  0.0410  0.0133  0.0007
   38  259  781  0.0409  0.0133  0.0006
   39  240  781  0.0410  0.0133  0.0007
   40  241  781  0.0410  0.0133  0.0007
   41  243  781  0.0410  0.0133  0.0007
   42  237  781  0.0411  0.0133  0.0007
   43  244  781  0.0410  0.0133  0.0007
   44  236  781  0.0410  0.0132  0.0007
   45  257  782  0.0410  0.0133  0.0006
   46  256  782  0.0410  0.0133  0.0006
   47  254  782  0.0408  0.0132  0.0006
   48  252  782  0.0408  0.0132  0.0006
   49  251  782  0.0408  0.0132  0.0006
   50  250  782  0.0408  0.0132  0.0006
   51  248  782  0.0409  0.0133  0.0006
   52  247  782  0.0409  0.0133  0.0006
   53  246  782  0.0410  0.0133  0.0006
   54  245  782  0.0410  0.0133  0.0006
   55  258  782  0.0410  0.0133  0.0006

     1  203  788  0.0410  0.0131  0.0006
     2  202  789  0.0409  0.0131  0.0006
     3  202  790  0.0409  0.0131  0.0006
     4  201  790  0.0409  0.0131  0.0006
     5  200  790  0.0409  0.0131  0.0006
     6  199  790  0.0409  0.0131  0.0006
     7  197  791  0.0409  0.0131  0.0006
     8  196  791  0.0409  0.0131  0.0006
     9  198  791  0.0409  0.0131  0.0006
    10  194  792  0.0408  0.0130  0.0006
    11  192  792  0.0408  0.0130  0.0006
    12  191  792  0.0408  0.0130  0.0006
    13  190  793  0.0408  0.0130  0.0006
    14  189  793  0.0408  0.0130  0.0006
    15  191  793  0.0408  0.0130  0.0006
    16  152  795  0.0408  0.0129  0.0006
    17  152  796  0.0407  0.0129  0.0006
    18  149  797  0.0406  0.0128  0.0006
    19  148  797  0.0407  0.0129  0.0006
    20  150  797  0.0407  0.0128  0.0006
    21  147  798  0.0407  0.0128  0.0006
    22  145  798  0.0407  0.0128  0.0006
    23  144  799  0.0406  0.0128  0.0006
    24  143  799  0.0406  0.0128  0.0006
    25  135  799  0.0407  0.0128  0.0006
    26  134  799  0.0407  0.0128  0.0006
    27  132  799  0.0408  0.0128  0.0006
    28  104  799  0.0405  0.0126  0.0006
    29  128  800  0.0407  0.0128  0.0006
    30  126  800  0.0408  0.0128  0.0006
    31  124  800  0.0408  0.0128  0.0006
    32  129  800  0.0409  0.0128  0.0006
    33  119  800  0.0408  0.0128  0.0006
    34  118  800  0.0408  0.0128  0.0006
    35  116  800  0.0407  0.0128  0.0006
    36  115  800  0.0407  0.0128  0.0006
    37  113  800  0.0408  0.0128  0.0006
    38  112  800  0.0407  0.0127  0.0006
    39  111  800  0.0407  0.0127  0.0006
    40  120  800  0.0408  0.0128  0.0006
    41  101  800  0.0406  0.0127  0.0006
    42  100  800  0.0406  0.0126  0.0006
    43   99  800  0.0407  0.0127  0.0006
    44   97  802  0.0406  0.0126  0.0006
    45   96  802  0.0406  0.0126  0.0006
    46   92  802  0.0405  0.0126  0.0006
    47   91  802  0.0406  0.0126  0.0006
    48   95  802  0.0406  0.0126  0.0006
    49   89  803  0.0406  0.0126  0.0006
    50   88  803  0.0407  0.0127  0.0006
    51   84  804  0.0406  0.0126  0.0006
    52   86  804  0.0407  0.0126  0.0006
    53   80  804  0.0405  0.0126  0.0006
    54   78  804  0.0405  0.0126  0.0006
    55   81  804  0.0406  0.0126  0.0006
    56   76  804  0.0403  0.0125  0.0006
    57   75  804  0.0407  0.0126  0.0006
    58   82  804  0.0406  0.0126  0.0006
    59   70  805  0.0406  0.0126  0.0006
    60   69  805  0.0406  0.0125  0.0006
    61   68  805  0.0405  0.0125  0.0006
    62   66  805  0.0406  0.0125  0.0006
    63   65  805  0.0406  0.0125  0.0006
    64   72  805  0.0406  0.0126  0.0006
    65   63  806  0.0405  0.0125  0.0006
    66   62  806  0.0405  0.0125  0.0006
    67   61  806  0.0405  0.0125  0.0006
    68   58  806  0.0406  0.0125  0.0006
    69   55  807  0.0406  0.0125  0.0006
    70   53  807  0.0406  0.0125  0.0006
    71   52  807  0.0406  0.0125  0.0006
    72   51  807  0.0406  0.0125  0.0006
    73   50  807  0.0406  0.0125  0.0006
    74   48  807  0.0406  0.0125  0.0006
    75   56  807  0.0405  0.0125  0.0006
    76   46  808  0.0406  0.0125  0.0006
    77   44  808  0.0406  0.0125  0.0006
    78   43  808  0.0406  0.0125  0.0006
    79   42  808  0.0406  0.0125  0.0006
    80   39  808  0.0406  0.0124  0.0006
    81   38  808  0.0405  0.0124  0.0006
    82   36  808  0.0404  0.0124  0.0006
    83   35  808  0.0404  0.0124  0.0006
    84   33  808  0.0404  0.0124  0.0006
    85   31  808  0.0406  0.0124  0.0006
    86   30  808  0.0404  0.0124  0.0006
    87   29  808  0.0405  0.0124  0.0006
    88   27  808  0.0404  0.0124  0.0006
    89   26  808  0.0394  0.0121  0.0006
    90   24  808  0.0408  0.0125  0.0006
    91   23  808  0.0407  0.0124  0.0006

    1  995  440  0.0485  0.0189  0.0017
    2  994  440  0.0485  0.0189  0.0017
    3  997  440  0.0485  0.0189  0.0017
    4  991  441  0.0485  0.0189  0.0017
    5  990  441  0.0485  0.0189  0.0017
    6  992  441  0.0485  0.0189  0.0017
    7  987  442  0.0484  0.0188  0.0017
    8  984  442  0.0484  0.0188  0.0017
    9  982  442  0.0484  0.0188  0.0017
   10  981  442  0.0484  0.0188  0.0017
   11  979  442  0.0485  0.0188  0.0017
   12  978  442  0.0484  0.0188  0.0017
   13  974  442  0.0485  0.0188  0.0017
   14  973  442  0.0484  0.0187  0.0017
   15  971  442  0.0484  0.0188  0.0017
   16  968  442  0.0484  0.0187  0.0017
   17  967  442  0.0484  0.0187  0.0017
   18  962  443  0.0485  0.0188  0.0017
   19  964  443  0.0484  0.0187  0.0017
   20  959  444  0.0486  0.0188  0.0017
   21  956  444  0.0486  0.0187  0.0017
   22  954  444  0.0485  0.0187  0.0017
   23  952  444  0.0484  0.0187  0.0017
   24  951  444  0.0485  0.0187  0.0017
   25  949  444  0.0484  0.0187  0.0017
   26  947  445  0.0484  0.0186  0.0017
   27  941  446  0.0485  0.0186  0.0017
   28  940  446  0.0485  0.0187  0.0017
   29  939  446  0.0485  0.0186  0.0017
   30  943  446  0.0485  0.0187  0.0017
   31  936  447  0.0485  0.0186  0.0017
   32  932  448  0.0485  0.0186  0.0017
   33  930  448  0.0485  0.0186  0.0017
   34  928  448  0.0485  0.0186  0.0017
   35  926  448  0.0484  0.0186  0.0017
   36  934  448  0.0486  0.0187  0.0017
   37  923  449  0.0483  0.0185  0.0017
   38  921  449  0.0482  0.0185  0.0017
   39  916  450  0.0484  0.0185  0.0017
   40  915  450  0.0484  0.0185  0.0017
   41  912  450  0.0484  0.0185  0.0017
   42  907  450  0.0483  0.0184  0.0017
   43  918  450  0.0483  0.0185  0.0017
   44  901  453  0.0483  0.0184  0.0017
   45  898  453  0.0483  0.0184  0.0017
   46  896  453  0.0484  0.0184  0.0017
   47  895  453  0.0484  0.0184  0.0017
   48  891  454  0.0484  0.0184  0.0017
   49  890  454  0.0483  0.0184  0.0017
   50  892  454  0.0484  0.0184  0.0017

    1  959  423  0.0489  0.0189  0.0018
    2  957  424  0.0488  0.0189  0.0018
    3  958  424  0.0488  0.0189  0.0018
    4  955  425  0.0489  0.0189  0.0018
    5  953  425  0.0489  0.0189  0.0018
    6  952  425  0.0489  0.0189  0.0018
    7  951  425  0.0489  0.0189  0.0018
    8  949  425  0.0489  0.0189  0.0018
    9  948  426  0.0489  0.0188  0.0018
   10  946  427  0.0493  0.0190  0.0018
   11  945  427  0.0491  0.0189  0.0018
   12  942  427  0.0491  0.0189  0.0018
   13  939  427  0.0491  0.0189  0.0018
   14  948  427  0.0490  0.0189  0.0018
   15  936  428  0.0492  0.0189  0.0018
   16  932  429  0.0487  0.0187  0.0018
   17  929  429  0.0490  0.0188  0.0018
   18  928  429  0.0489  0.0187  0.0018
   19  927  429  0.0487  0.0187  0.0018
   20  934  429  0.0491  0.0189  0.0018
   21  924  430  0.0489  0.0187  0.0018
   22  923  430  0.0488  0.0187  0.0018
   23  922  430  0.0490  0.0188  0.0018
   24  919  431  0.0489  0.0187  0.0018
   25  917  431  0.0487  0.0187  0.0018
   26  921  431  0.0489  0.0187  0.0018
   27  914  432  0.0487  0.0186  0.0018
   28  916  432  0.0486  0.0186  0.0018
   29  912  433  0.0487  0.0186  0.0018
   30  911  433  0.0486  0.0186  0.0018
   31  908  434  0.0487  0.0186  0.0018
   32  907  434  0.0487  0.0186  0.0018
   33  905  434  0.0488  0.0186  0.0018
   34  904  434  0.0488  0.0186  0.0018
   35  900  434  0.0486  0.0186  0.0018
   36  898  434  0.0487  0.0185  0.0018
   37  895  434  0.0486  0.0185  0.0018
   38  892  435  0.0486  0.0185  0.0018
   39  888  436  0.0487  0.0185  0.0018
   40  885  436  0.0487  0.0185  0.0018
   41  890  436  0.0487  0.0185  0.0018
   42  883  437  0.0487  0.0185  0.0018
   43  882  437  0.0487  0.0185  0.0018
   44  880  437  0.0486  0.0185  0.0018
   45  878  437  0.0487  0.0185  0.0018
   46  876  437  0.0487  0.0185  0.0018
   47  875  437  0.0486  0.0184  0.0018
   48  872  437  0.0487  0.0184  0.0018
   49  870  437  0.0486  0.0184  0.0018
   50  869  437  0.0486  0.0184  0.0018
   51  868  437  0.0486  0.0184  0.0018
   52  866  437  0.0486  0.0184  0.0018
   53  865  438  0.0486  0.0184  0.0018
   54  861  439  0.0486  0.0184  0.0018
   55  860  439  0.0486  0.0183  0.0018
   56  859  439  0.0486  0.0183  0.0018
   57  858  439  0.0486  0.0184  0.0018
   58  857  439  0.0486  0.0184  0.0018
   59  863  439  0.0485  0.0184  0.0017

    1  399  619  0.0440  0.0149  0.0012
    2  398  619  0.0440  0.0149  0.0012
    3  397  619  0.0440  0.0149  0.0012
    4  396  619  0.0440  0.0148  0.0012
    5  395  619  0.0440  0.0148  0.0012
    6  393  619  0.0440  0.0148  0.0012
    7  390  620  0.0440  0.0148  0.0012
    8  391  620  0.0440  0.0148  0.0012
    9  387  621  0.0441  0.0148  0.0012
   10  388  621  0.0440  0.0148  0.0012
   11  385  622  0.0440  0.0148  0.0012
   12  383  623  0.0440  0.0148  0.0012
   13  381  623  0.0440  0.0148  0.0012
   14  380  623  0.0439  0.0148  0.0012
   15  378  623  0.0439  0.0148  0.0012
   16  377  623  0.0439  0.0148  0.0012
   17  376  623  0.0439  0.0148  0.0012
   18  375  623  0.0439  0.0148  0.0012
   19  372  624  0.0440  0.0148  0.0012
   20  373  624  0.0440  0.0148  0.0012
   21  370  625  0.0439  0.0147  0.0012
   22  369  625  0.0441  0.0148  0.0012
   23  337  625  0.0445  0.0148  0.0012
   24  339  625  0.0441  0.0147  0.0012
   25  342  625  0.0439  0.0146  0.0012
   26  343  625  0.0438  0.0146  0.0012
   27  344  625  0.0439  0.0146  0.0012
   28  346  625  0.0438  0.0146  0.0012
   29  347  625  0.0438  0.0146  0.0012
   30  349  625  0.0437  0.0146  0.0012
   31  351  625  0.0437  0.0146  0.0012
   32  334  625  0.0439  0.0146  0.0012
   33  353  626  0.0437  0.0146  0.0012
   34  354  626  0.0438  0.0146  0.0012
   35  355  626  0.0437  0.0146  0.0011
   36  357  626  0.0439  0.0147  0.0012
   37  359  626  0.0439  0.0147  0.0012
   38  361  626  0.0440  0.0147  0.0012
   39  362  626  0.0439  0.0147  0.0012
   40  365  626  0.0439  0.0147  0.0012
   41  367  626  0.0440  0.0147  0.0012
   42  352  626  0.0437  0.0146  0.0012
   43  332  626  0.0437  0.0145  0.0012
   44  330  626  0.0437  0.0145  0.0012
   45  329  626  0.0436  0.0145  0.0012
   46  325  627  0.0436  0.0145  0.0012
   47  326  627  0.0436  0.0145  0.0012
   48  321  628  0.0436  0.0144  0.0012
   49  320  628  0.0435  0.0144  0.0012
   50  323  628  0.0435  0.0144  0.0012
   51  319  629  0.0435  0.0144  0.0012
   52  287  630  0.0439  0.0144  0.0012
   53  289  630  0.0438  0.0144  0.0012
   54  291  630  0.0438  0.0144  0.0012
   55  292  630  0.0438  0.0144  0.0012
   56  293  630  0.0437  0.0144  0.0012
   57  294  630  0.0438  0.0144  0.0012
   58  307  630  0.0437  0.0144  0.0012
   59  305  630  0.0437  0.0144  0.0012
   60  304  630  0.0437  0.0144  0.0012
   61  303  630  0.0437  0.0144  0.0012
   62  301  630  0.0438  0.0144  0.0012
   63  300  630  0.0438  0.0144  0.0012
   64  298  630  0.0437  0.0144  0.0012
   65  296  630  0.0437  0.0144  0.0012
   66  309  631  0.0436  0.0144  0.0011
   67  310  631  0.0436  0.0144  0.0011
   68  267  631  0.0437  0.0143  0.0012
   69  269  631  0.0440  0.0144  0.0012
   70  315  631  0.0435  0.0144  0.0011
   71  317  631  0.0436  0.0144  0.0011
   72  285  631  0.0440  0.0145  0.0012
   73  283  631  0.0441  0.0145  0.0012
   74  281  631  0.0441  0.0145  0.0012
   75  278  631  0.0442  0.0145  0.0012
   76  277  631  0.0442  0.0145  0.0012
   77  274  631  0.0440  0.0144  0.0012
   78  273  631  0.0440  0.0144  0.0012
   79  272  631  0.0440  0.0144  0.0012
   80  311  632  0.0437  0.0144  0.0011
   81  266  632  0.0438  0.0143  0.0012
   82  265  632  0.0438  0.0143  0.0012
   83  314  632  0.0436  0.0144  0.0011
   84  262  633  0.0438  0.0143  0.0012
   85  264  633  0.0437  0.0143  0.0012

    1  526  462  0.0478  0.0167  0.0018
    2  525  462  0.0478  0.0167  0.0018
    3  527  462  0.0478  0.0167  0.0018
    4  524  463  0.0478  0.0167  0.0018
    5  523  463  0.0479  0.0167  0.0018
    6  522  463  0.0478  0.0167  0.0018
    7  525  463  0.0478  0.0167  0.0018
    8  520  464  0.0478  0.0167  0.0018
    9  517  465  0.0477  0.0167  0.0018
   10  518  465  0.0478  0.0167  0.0018
   11  515  466  0.0477  0.0166  0.0018
   12  516  466  0.0477  0.0166  0.0018
   13  513  467  0.0477  0.0166  0.0018
   14  509  468  0.0476  0.0166  0.0018
   15  511  468  0.0478  0.0166  0.0018
   16  508  469  0.0476  0.0166  0.0017
   17  506  469  0.0476  0.0166  0.0017
   18  504  469  0.0476  0.0165  0.0017
   19  500  470  0.0477  0.0166  0.0017
   20  498  470  0.0475  0.0165  0.0017
   21  496  470  0.0473  0.0164  0.0017
   22  495  470  0.0473  0.0164  0.0017
   23  503  470  0.0476  0.0165  0.0017
   24  493  471  0.0473  0.0164  0.0017
   25  492  471  0.0473  0.0164  0.0017
   26  488  472  0.0471  0.0163  0.0017
   27  489  472  0.0473  0.0164  0.0017
   28  490  472  0.0472  0.0164  0.0017
   29  485  472  0.0473  0.0164  0.0017
   30  486  472  0.0473  0.0164  0.0017
   31  480  474  0.0475  0.0164  0.0017
   32  478  474  0.0475  0.0164  0.0017
   33  477  474  0.0475  0.0164  0.0017
   34  475  474  0.0475  0.0164  0.0017
   35  474  474  0.0476  0.0164  0.0017
   36  481  474  0.0475  0.0164  0.0017
   37  472  475  0.0475  0.0164  0.0017
   38  471  475  0.0474  0.0164  0.0017
   39  469  475  0.0474  0.0163  0.0017
   40  468  475  0.0474  0.0163  0.0017
   41  467  475  0.0474  0.0163  0.0017
   42  465  475  0.0475  0.0164  0.0017
   43  464  475  0.0474  0.0163  0.0017
   44  460  476  0.0475  0.0163  0.0017
   45  463  476  0.0474  0.0163  0.0017
   46  459  477  0.0474  0.0163  0.0017
   47  456  478  0.0473  0.0163  0.0017
   48  455  478  0.0474  0.0163  0.0017
   49  452  478  0.0474  0.0163  0.0017
   50  451  478  0.0474  0.0163  0.0017
   51  450  478  0.0472  0.0162  0.0017
   52  447  479  0.0472  0.0162  0.0017
   53  446  479  0.0473  0.0162  0.0017
   54  448  479  0.0473  0.0162  0.0017

    1  243  487  0.0468  0.0153  0.0018
    2  242  487  0.0468  0.0153  0.0018
    3  241  487  0.0467  0.0152  0.0018
    4  239  487  0.0467  0.0152  0.0018
    5  237  487  0.0468  0.0152  0.0018
    6  235  487  0.0468  0.0152  0.0018
    7  234  487  0.0467  0.0152  0.0018
    8  230  488  0.0466  0.0152  0.0018
    9  232  488  0.0467  0.0152  0.0018
   10  229  489  0.0466  0.0151  0.0018
   11  227  490  0.0467  0.0152  0.0018
   12  225  490  0.0467  0.0152  0.0018
   13  222  490  0.0466  0.0151  0.0018
   14  221  490  0.0466  0.0151  0.0018
   15  219  490  0.0466  0.0151  0.0018
   16  218  490  0.0466  0.0151  0.0018
   17  216  490  0.0466  0.0151  0.0018
   18  214  490  0.0466  0.0151  0.0018
   19  213  490  0.0466  0.0151  0.0018
   20  211  490  0.0466  0.0151  0.0018
   21  209  490  0.0467  0.0151  0.0018
   22  208  490  0.0467  0.0151  0.0018
   23  207  490  0.0467  0.0151  0.0018
   24  210  490  0.0466  0.0151  0.0018
   25  198  491  0.0467  0.0151  0.0018
   26  199  491  0.0467  0.0151  0.0018
   27  201  491  0.0466  0.0150  0.0018
   28  203  491  0.0466  0.0151  0.0018
   29  204  491  0.0466  0.0151  0.0018
   30  193  491  0.0467  0.0150  0.0018
   31  192  491  0.0467  0.0150  0.0018
   32  190  491  0.0467  0.0150  0.0018
   33  195  491  0.0467  0.0150  0.0018
   34  187  492  0.0467  0.0150  0.0018
   35  186  492  0.0467  0.0150  0.0018
   36  184  492  0.0467  0.0150  0.0018
   37  188  492  0.0467  0.0150  0.0018
   38  182  493  0.0467  0.0150  0.0018
   39  179  493  0.0467  0.0150  0.0018
   40  177  493  0.0466  0.0150  0.0018
   41  175  493  0.0467  0.0150  0.0018
   42  174  493  0.0467  0.0150  0.0018
   43  172  493  0.0467  0.0150  0.0018
   44  171  493  0.0466  0.0149  0.0018
   45  170  493  0.0467  0.0149  0.0018
   46  168  493  0.0467  0.0149  0.0018
   47  164  494  0.0466  0.0149  0.0018
   48  162  494  0.0467  0.0149  0.0018
   49  161  494  0.0466  0.0149  0.0018
   50  160  494  0.0467  0.0149  0.0018
   51  159  494  0.0466  0.0149  0.0018
   52  158  494  0.0467  0.0149  0.0018
   53  165  494  0.0467  0.0149  0.0018

    1  506  455  0.0478  0.0166  0.0018
    2  504  455  0.0479  0.0166  0.0018
    3  502  455  0.0478  0.0166  0.0018
    4  508  455  0.0478  0.0166  0.0018
    5  500  456  0.0477  0.0166  0.0018
    6  497  456  0.0478  0.0166  0.0018
    7  494  457  0.0478  0.0166  0.0018
    8  496  457  0.0478  0.0166  0.0018
    9  492  458  0.0478  0.0166  0.0018
   10  489  459  0.0478  0.0166  0.0018
   11  488  459  0.0479  0.0166  0.0018
   12  484  460  0.0479  0.0166  0.0018
   13  483  460  0.0478  0.0165  0.0018
   14  486  460  0.0479  0.0166  0.0018
   15  479  461  0.0475  0.0164  0.0018
   16  477  461  0.0475  0.0164  0.0018
   17  480  461  0.0475  0.0164  0.0018
   18  472  462  0.0475  0.0164  0.0018
   19  475  462  0.0474  0.0164  0.0018
   20  454  463  0.0481  0.0165  0.0018
   21  457  463  0.0481  0.0165  0.0018
   22  459  463  0.0480  0.0165  0.0018
   23  461  463  0.0478  0.0164  0.0018
   24  465  463  0.0477  0.0164  0.0018
   25  466  463  0.0478  0.0165  0.0018
   26  469  463  0.0477  0.0164  0.0018
   27  451  464  0.0479  0.0164  0.0018
   28  450  464  0.0479  0.0164  0.0018
   29  449  464  0.0479  0.0164  0.0018
   30  447  464  0.0479  0.0164  0.0018
   31  453  464  0.0481  0.0165  0.0018
   32  443  465  0.0477  0.0163  0.0018
   33  441  465  0.0475  0.0163  0.0018
   34  445  465  0.0475  0.0163  0.0018
   35  439  466  0.0476  0.0163  0.0018
   36  437  466  0.0477  0.0163  0.0018
   37  435  466  0.0478  0.0163  0.0018
   38  430  467  0.0475  0.0162  0.0018
   39  427  467  0.0473  0.0162  0.0018
   40  425  467  0.0473  0.0161  0.0018
   41  432  467  0.0476  0.0163  0.0018
   42  421  468  0.0475  0.0162  0.0018
   43  423  468  0.0473  0.0161  0.0018
   44  419  469  0.0475  0.0162  0.0018
   45  420  469  0.0475  0.0162  0.0018

    1  166  393  0.0487  0.0156  0.0022
    2  164  393  0.0487  0.0156  0.0022
    3  163  393  0.0487  0.0156  0.0022
    4  162  393  0.0487  0.0156  0.0022
    5  160  393  0.0487  0.0156  0.0022
    6  159  393  0.0487  0.0156  0.0022
    7  157  393  0.0486  0.0156  0.0022
    8  156  393  0.0486  0.0155  0.0022
    9  153  393  0.0486  0.0155  0.0022
   10  151  393  0.0485  0.0155  0.0022
   11  150  393  0.0486  0.0155  0.0022
   12  148  393  0.0485  0.0155  0.0022
   13  145  394  0.0485  0.0155  0.0022
   14  144  394  0.0485  0.0155  0.0022
   15  142  394  0.0485  0.0155  0.0022
   16  139  394  0.0485  0.0155  0.0022
   17  138  394  0.0485  0.0154  0.0022
   18  137  394  0.0485  0.0155  0.0022
   19  135  394  0.0486  0.0154  0.0022
   20  133  394  0.0485  0.0154  0.0022
   21  131  395  0.0485  0.0154  0.0022
   22  127  396  0.0486  0.0154  0.0022
   23  128  396  0.0486  0.0154  0.0022
   24  123  397  0.0486  0.0154  0.0022
   25  121  397  0.0486  0.0154  0.0022
   26  117  397  0.0487  0.0154  0.0022
   27  114  398  0.0486  0.0154  0.0022
   28  112  398  0.0486  0.0154  0.0022
   29  110  398  0.0487  0.0154  0.0022
   30  107  398  0.0487  0.0154  0.0022
   31  105  398  0.0487  0.0154  0.0022
   32  103  398  0.0487  0.0154  0.0022
   33  101  398  0.0487  0.0154  0.0022
   34  115  398  0.0486  0.0154  0.0022
   35   98  399  0.0486  0.0153  0.0022
   36   96  399  0.0486  0.0153  0.0022
   37   95  399  0.0487  0.0153  0.0022
   38   93  399  0.0487  0.0153  0.0022
   39   89  400  0.0486  0.0153  0.0022
   40   88  400  0.0486  0.0153  0.0022
   41   86  400  0.0486  0.0153  0.0022
   42   84  400  0.0486  0.0153  0.0022
   43   82  400  0.0486  0.0153  0.0022
   44   80  400  0.0486  0.0152  0.0022
   45   79  400  0.0487  0.0153  0.0022
   46   78  400  0.0487  0.0153  0.0022
   47   77  400  0.0487  0.0153  0.0022
   48   76  400  0.0486  0.0152  0.0022

     1  424  813  0.0404  0.0137  0.0006
     2  423  813  0.0404  0.0137  0.0006
     3  422  813  0.0404  0.0136  0.0006
     4  421  813  0.0404  0.0137  0.0006
     5  420  813  0.0404  0.0137  0.0006
     6  419  813  0.0404  0.0137  0.0006
     7  418  813  0.0404  0.0136  0.0006
     8  417  813  0.0405  0.0137  0.0006
     9  416  813  0.0404  0.0136  0.0006
    10  415  813  0.0404  0.0137  0.0006
    11  414  813  0.0404  0.0136  0.0006
    12  413  813  0.0404  0.0136  0.0006
    13  412  813  0.0404  0.0136  0.0006
    14  411  813  0.0404  0.0136  0.0006
    15  410  813  0.0404  0.0136  0.0006
    16  409  813  0.0404  0.0136  0.0006
    17  408  813  0.0404  0.0136  0.0006
    18  407  813  0.0404  0.0136  0.0006
    19  406  813  0.0404  0.0136  0.0006
    20  405  813  0.0404  0.0136  0.0006
    21  404  813  0.0404  0.0136  0.0006
    22  386  813  0.0403  0.0135  0.0006
    23  387  813  0.0405  0.0135  0.0006
    24  388  813  0.0404  0.0135  0.0006
    25  389  813  0.0406  0.0136  0.0006
    26  390  813  0.0406  0.0136  0.0006
    27  391  813  0.0406  0.0136  0.0006
    28  385  813  0.0409  0.0137  0.0006
    29  396  814  0.0405  0.0136  0.0006
    30  395  814  0.0405  0.0136  0.0006
    31  394  814  0.0406  0.0136  0.0006
    32  393  814  0.0405  0.0136  0.0006
    33  392  814  0.0406  0.0136  0.0006
    34  398  814  0.0404  0.0136  0.0006
    35  399  814  0.0404  0.0136  0.0006
    36  400  814  0.0404  0.0136  0.0006
    37  401  814  0.0404  0.0136  0.0006
    38  402  814  0.0404  0.0136  0.0006
    39  403  814  0.0404  0.0136  0.0006
    40  397  814  0.0405  0.0136  0.0006
    41  384  814  0.0399  0.0134  0.0006
    42  383  814  0.0401  0.0134  0.0006
    43  366  814  0.0404  0.0135  0.0006
    44  365  814  0.0404  0.0135  0.0006
    45  364  814  0.0404  0.0135  0.0006
    46  363  814  0.0404  0.0135  0.0006
    47  362  814  0.0404  0.0135  0.0006
    48  361  814  0.0405  0.0135  0.0006
    49  360  814  0.0404  0.0134  0.0006
    50  358  814  0.0406  0.0135  0.0006
    51  356  814  0.0403  0.0134  0.0006
    52  357  814  0.0404  0.0134  0.0006
    53  356  815  0.0404  0.0134  0.0006
    54  355  815  0.0405  0.0135  0.0006
    55  354  815  0.0406  0.0135  0.0006
    56  353  815  0.0404  0.0134  0.0006
    57  352  815  0.0405  0.0134  0.0006
    58  380  815  0.0409  0.0137  0.0006
    59  379  815  0.0407  0.0136  0.0006
    60  378  815  0.0405  0.0135  0.0006
    61  367  815  0.0405  0.0135  0.0006
    62  368  815  0.0404  0.0135  0.0006
    63  369  815  0.0404  0.0135  0.0006
    64  370  815  0.0404  0.0135  0.0006
    65  372  815  0.0404  0.0135  0.0006
    66  373  815  0.0405  0.0135  0.0006
    67  374  815  0.0405  0.0135  0.0006
    68  375  815  0.0405  0.0135  0.0006
    69  376  815  0.0405  0.0135  0.0006
    70  377  815  0.0405  0.0135  0.0006
    71  381  815  0.0411  0.0138  0.0006
    72  351  816  0.0404  0.0134  0.0006
    73  349  816  0.0404  0.0134  0.0006
    74  348  816  0.0405  0.0134  0.0006
    75  307  816  0.0405  0.0133  0.0006
    76  309  816  0.0404  0.0133  0.0006
    77  310  816  0.0404  0.0133  0.0006
    78  311  816  0.0406  0.0133  0.0006
    79  312  816  0.0405  0.0133  0.0006
    80  313  816  0.0405  0.0133  0.0006
    81  314  816  0.0406  0.0134  0.0006
    82  315  816  0.0406  0.0133  0.0006
    83  316  816  0.0405  0.0134  0.0006
    84  306  816  0.0406  0.0133  0.0006
    85  338  817  0.0404  0.0134  0.0006
    86  336  817  0.0407  0.0135  0.0006
    87  335  817  0.0406  0.0134  0.0006
    88  334  817  0.0407  0.0135  0.0006
    89  333  817  0.0407  0.0135  0.0006
    90  332  817  0.0405  0.0134  0.0006
    91  331  817  0.0406  0.0134  0.0006
    92  330  817  0.0406  0.0134  0.0006
    93  329  817  0.0405  0.0134  0.0006
    94  328  817  0.0405  0.0134  0.0006
    95  327  817  0.0404  0.0134  0.0006
    96  326  817  0.0405  0.0134  0.0006
    97  325  817  0.0405  0.0134  0.0006
    98  324  817  0.0405  0.0134  0.0006
    99  323  817  0.0405  0.0134  0.0006
   100  322  817  0.0406  0.0134  0.0006
   101  321  817  0.0406  0.0134  0.0006
   102  320  817  0.0406  0.0134  0.0006
   103  319  817  0.0406  0.0134  0.0006
   104  318  817  0.0406  0.0134  0.0006
   105  317  817  0.0406  0.0134  0.0006
   106  316  817  0.0405  0.0134  0.0006
   107  339  817  0.0404  0.0134  0.0006
   108  340  817  0.0404  0.0134  0.0006
   109  341  817  0.0404  0.0134  0.0006
   110  342  817  0.0406  0.0135  0.0006
   111  343  817  0.0407  0.0135  0.0006
   112  344  817  0.0406  0.0135  0.0006
   113  345  817  0.0405  0.0134  0.0006
   114  346  817  0.0404  0.0134  0.0006
   115  347  817  0.0405  0.0134  0.0006
   116  337  817  0.0408  0.0135  0.0006

     1  402  774  0.0410  0.0138  0.0006
     2  401  774  0.0409  0.0138  0.0006
     3  400  774  0.0410  0.0138  0.0006
     4  399  774  0.0410  0.0138  0.0006
     5  398  774  0.0410  0.0138  0.0006
     6  397  774  0.0410  0.0138  0.0006
     7  396  774  0.0411  0.0138  0.0006
     8  395  774  0.0410  0.0138  0.0006
     9  393  775  0.0409  0.0137  0.0006
    10  394  775  0.0410  0.0138  0.0006
    11  393  776  0.0408  0.0137  0.0006
    12  392  776  0.0410  0.0138  0.0006
    13  391  776  0.0410  0.0138  0.0006
    14  390  776  0.0409  0.0137  0.0006
    15  389  776  0.0410  0.0137  0.0006
    16  388  776  0.0409  0.0137  0.0006
    17  387  776  0.0409  0.0137  0.0006
    18  386  776  0.0409  0.0137  0.0006
    19  385  776  0.0410  0.0137  0.0006
    20  384  776  0.0410  0.0137  0.0006
    21  383  776  0.0410  0.0137  0.0006
    22  382  776  0.0411  0.0137  0.0006
    23  381  776  0.0409  0.0137  0.0006
    24  380  776  0.0410  0.0137  0.0006
    25  379  776  0.0410  0.0137  0.0006
    26  378  776  0.0410  0.0137  0.0006
    27  377  776  0.0410  0.0137  0.0006
    28  376  776  0.0410  0.0137  0.0006
    29  375  776  0.0410  0.0137  0.0006
    30  374  776  0.0411  0.0137  0.0006
    31  373  777  0.0411  0.0137  0.0006
    32  372  777  0.0411  0.0137  0.0006
    33  374  777  0.0410  0.0137  0.0006
    34  371  778  0.0410  0.0137  0.0006
    35  370  778  0.0410  0.0137  0.0006
    36  369  778  0.0410  0.0137  0.0006
    37  368  778  0.0410  0.0137  0.0006
    38  367  778  0.0410  0.0137  0.0006
    39  366  778  0.0410  0.0137  0.0006
    40  365  778  0.0410  0.0137  0.0006
    41  364  778  0.0409  0.0136  0.0006
    42  363  778  0.0410  0.0137  0.0006
    43  362  778  0.0411  0.0137  0.0006
    44  361  778  0.0411  0.0137  0.0006
    45  360  778  0.0410  0.0137  0.0006
    46  359  778  0.0411  0.0137  0.0006
    47  358  778  0.0410  0.0137  0.0006
    48  357  778  0.0410  0.0137  0.0006
    49  348  779  0.0410  0.0136  0.0006
    50  347  779  0.0410  0.0136  0.0006
    51  346  779  0.0410  0.0136  0.0006
    52  345  780  0.0410  0.0136  0.0006
    53  344  780  0.0410  0.0136  0.0006
    54  343  780  0.0410  0.0136  0.0006
    55  342  780  0.0409  0.0136  0.0006
    56  341  780  0.0410  0.0136  0.0006
    57  340  780  0.0410  0.0136  0.0006
    58  339  780  0.0409  0.0136  0.0006
    59  338  780  0.0409  0.0135  0.0006
    60  337  780  0.0409  0.0136  0.0006
    61  336  780  0.0409  0.0135  0.0006
    62  335  780  0.0409  0.0135  0.0006
    63  334  780  0.0409  0.0135  0.0006
    64  333  780  0.0409  0.0135  0.0006
    65  332  780  0.0409  0.0135  0.0006
    66  331  780  0.0409  0.0135  0.0006
    67  331  781  0.0409  0.0135  0.0006
    68  330  781  0.0409  0.0135  0.0006
    69  329  781  0.0409  0.0135  0.0006
    70  328  781  0.0409  0.0135  0.0006
    71  327  781  0.0409  0.0135  0.0006
    72  326  781  0.0408  0.0135  0.0006
    73  325  781  0.0409  0.0135  0.0006
    74  324  781  0.0409  0.0135  0.0006
    75  323  781  0.0409  0.0135  0.0006
    76  322  781  0.0409  0.0135  0.0006
    77  321  781  0.0409  0.0135  0.0006
    78  320  781  0.0409  0.0135  0.0006
    79  319  781  0.0410  0.0135  0.0006
    80  318  781  0.0410  0.0135  0.0006
    81  317  781  0.0411  0.0135  0.0006
    82  316  782  0.0410  0.0135  0.0006
    83  315  782  0.0410  0.0135  0.0006
    84  314  782  0.0411  0.0135  0.0006
    85  313  782  0.0410  0.0135  0.0006
    86  312  782  0.0410  0.0135  0.0006
    87  311  782  0.0410  0.0135  0.0006
    88  310  782  0.0410  0.0135  0.0006
    89  298  782  0.0409  0.0134  0.0006
    90  299  782  0.0409  0.0134  0.0006
    91  297  782  0.0409  0.0134  0.0006
    92  308  783  0.0409  0.0135  0.0006
    93  306  783  0.0410  0.0135  0.0006
    94  305  783  0.0409  0.0134  0.0006
    95  303  783  0.0410  0.0134  0.0006
    96  302  783  0.0409  0.0134  0.0006
    97  301  783  0.0410  0.0134  0.0006
    98  300  783  0.0409  0.0134  0.0006
    99  309  783  0.0410  0.0135  0.0006
   100  310  783  0.0409  0.0135  0.0006
   101  307  783  0.0410  0.0135  0.0006

     1  1078  849  0.0397  0.0156  0.0009
     2  1079  849  0.0397  0.0156  0.0009
     3  1074  850  0.0396  0.0156  0.0009
     4  1073  850  0.0396  0.0155  0.0009
     5  1072  850  0.0397  0.0156  0.0009
     6  1078  850  0.0397  0.0156  0.0009
     7  1077  850  0.0397  0.0156  0.0009
     8  1076  850  0.0397  0.0156  0.0009
     9  1075  850  0.0397  0.0156  0.0009
    10  1070  851  0.0397  0.0156  0.0009
    11  1071  851  0.0397  0.0156  0.0009
    12  1072  851  0.0398  0.0156  0.0009
    13  1069  851  0.0398  0.0156  0.0009
    14  1061  852  0.0396  0.0155  0.0009
    15  1062  852  0.0396  0.0155  0.0009
    16  1063  852  0.0396  0.0155  0.0009
    17  1068  852  0.0397  0.0155  0.0009
    18  1067  852  0.0396  0.0155  0.0009
    19  1066  852  0.0396  0.0155  0.0009
    20  1065  852  0.0396  0.0155  0.0009
    21  1064  852  0.0396  0.0155  0.0009
    22  1053  853  0.0396  0.0155  0.0009
    23  1049  853  0.0400  0.0156  0.0009
    24  1050  853  0.0399  0.0156  0.0009
    25  1061  853  0.0396  0.0155  0.0009
    26  1060  853  0.0396  0.0155  0.0009
    27  1059  853  0.0395  0.0155  0.0009
    28  1058  853  0.0396  0.0155  0.0009
    29  1057  853  0.0395  0.0154  0.0009
    30  1056  853  0.0397  0.0155  0.0009
    31  1055  853  0.0398  0.0155  0.0009
    32  1054  853  0.0398  0.0155  0.0009
    33  1051  853  0.0399  0.0156  0.0009
    34  1052  853  0.0399  0.0156  0.0009
    35  1048  853  0.0397  0.0155  0.0009
    36  1043  854  0.0397  0.0154  0.0009
    37  1044  854  0.0396  0.0154  0.0009
    38  1042  854  0.0397  0.0155  0.0009
    39  1048  854  0.0399  0.0156  0.0009
    40  1047  854  0.0396  0.0154  0.0009
    41  1046  854  0.0397  0.0155  0.0009
    42   937  855  0.0399  0.0152  0.0009
    43   938  855  0.0399  0.0152  0.0009
    44   936  855  0.0399  0.0152  0.0009
    45  1041  855  0.0398  0.0155  0.0009
    46  1040  855  0.0397  0.0155  0.0009
    47  1039  855  0.0397  0.0155  0.0009
    48  1038  855  0.0397  0.0154  0.0009
    49  1037  855  0.0396  0.0154  0.0009
    50  1036  855  0.0397  0.0154  0.0009
    51  1035  855  0.0397  0.0155  0.0009
    52  1034  855  0.0397  0.0154  0.0009
    53  1033  855  0.0397  0.0154  0.0009
    54  1032  855  0.0397  0.0154  0.0009
    55  1031  855  0.0397  0.0154  0.0009
    56  1030  855  0.0396  0.0154  0.0009
    57  1029  855  0.0397  0.0154  0.0009
    58  1028  855  0.0397  0.0154  0.0009
    59  1027  855  0.0396  0.0154  0.0009
    60   935  855  0.0399  0.0152  0.0009
    61   997  856  0.0396  0.0153  0.0009
    62   998  856  0.0396  0.0153  0.0009
    63   999  856  0.0395  0.0152  0.0009
    64  1000  856  0.0395  0.0152  0.0009
    65  1001  856  0.0395  0.0152  0.0009
    66  1002  856  0.0395  0.0152  0.0009
    67  1003  856  0.0395  0.0152  0.0009
    68  1004  856  0.0395  0.0153  0.0009
    69  1005  856  0.0395  0.0153  0.0009
    70  1006  856  0.0394  0.0152  0.0009
    71  1007  856  0.0395  0.0152  0.0009
    72  1008  856  0.0395  0.0153  0.0009
    73   996  856  0.0397  0.0153  0.0009
    74  1010  856  0.0395  0.0153  0.0009
    75  1011  856  0.0395  0.0153  0.0009
    76  1012  856  0.0395  0.0153  0.0009
    77  1013  856  0.0396  0.0153  0.0009
    78  1014  856  0.0395  0.0153  0.0009
    79  1015  856  0.0396  0.0153  0.0009
    80  1016  856  0.0396  0.0153  0.0009
    81  1017  856  0.0396  0.0153  0.0009
    82  1018  856  0.0396  0.0154  0.0009
    83  1019  856  0.0396  0.0154  0.0009
    84  1020  856  0.0396  0.0153  0.0009
    85  1021  856  0.0396  0.0154  0.0009
    86  1022  856  0.0396  0.0154  0.0009
    87  1023  856  0.0397  0.0154  0.0009
    88  1024  856  0.0397  0.0154  0.0009
    89   995  856  0.0396  0.0153  0.0009
    90   993  856  0.0396  0.0153  0.0009
    91   991  856  0.0396  0.0153  0.0009
    92   990  856  0.0396  0.0153  0.0009
    93   987  856  0.0397  0.0153  0.0009
    94   986  856  0.0397  0.0153  0.0009
    95   985  856  0.0398  0.0153  0.0009
    96   984  856  0.0398  0.0153  0.0009
    97   983  856  0.0398  0.0153  0.0009
    98   982  856  0.0398  0.0153  0.0009
    99   981  856  0.0399  0.0153  0.0009
   100   980  856  0.0399  0.0153  0.0009
   101   979  856  0.0398  0.0153  0.0009
   102   978  856  0.0398  0.0153  0.0009
   103   977  856  0.0397  0.0153  0.0009
   104   976  856  0.0397  0.0153  0.0009
   105   938  856  0.0399  0.0152  0.0009
   106   939  856  0.0400  0.0152  0.0009
   107   956  856  0.0400  0.0153  0.0009
   108   957  856  0.0399  0.0153  0.0009
   109   958  856  0.0399  0.0153  0.0009
   110   959  856  0.0399  0.0153  0.0009
   111   960  856  0.0396  0.0151  0.0009
   112   961  856  0.0397  0.0152  0.0009
   113   962  856  0.0396  0.0152  0.0009
   114   963  856  0.0397  0.0152  0.0009
   115   965  856  0.0396  0.0151  0.0009
   116   964  856  0.0397  0.0152  0.0009
   117  1009  856  0.0394  0.0153  0.0009
   118   966  857  0.0397  0.0152  0.0009
   119   967  857  0.0399  0.0153  0.0009
   120   968  857  0.0397  0.0152  0.0009
   121   969  857  0.0398  0.0153  0.0009
   122   970  857  0.0399  0.0153  0.0009
   123   971  857  0.0397  0.0152  0.0009
   124   972  857  0.0398  0.0153  0.0009
   125   956  857  0.0400  0.0153  0.0009
   126   955  857  0.0400  0.0153  0.0009
   127   954  857  0.0400  0.0153  0.0009
   128   953  857  0.0399  0.0153  0.0009
   129   952  857  0.0399  0.0152  0.0009
   130   951  857  0.0399  0.0152  0.0009
   131   950  857  0.0398  0.0152  0.0009
   132   949  857  0.0398  0.0152  0.0009
   133   948  857  0.0398  0.0152  0.0009
   134   947  857  0.0398  0.0152  0.0009
   135   946  857  0.0400  0.0153  0.0009
   136   945  857  0.0400  0.0152  0.0009
   137   944  857  0.0400  0.0153  0.0009
   138   943  857  0.0400  0.0152  0.0009
   139   942  857  0.0400  0.0152  0.0009
   140   940  857  0.0400  0.0152  0.0009
   141   939  857  0.0399  0.0152  0.0009
   142   973  857  0.0398  0.0153  0.0009
   143   974  857  0.0398  0.0152  0.0009
   144   965  857  0.0398  0.0153  0.0009

    1  1084  499  0.0475  0.0188  0.0014
    2  1082  500  0.0475  0.0188  0.0014
    3  1079  502  0.0474  0.0187  0.0014
    4  1077  503  0.0473  0.0187  0.0014
    5  1078  503  0.0473  0.0187  0.0014
    6  1077  504  0.0473  0.0187  0.0014
    7  1076  504  0.0473  0.0187  0.0014
    8  1075  504  0.0473  0.0187  0.0014
    9  1074  504  0.0473  0.0187  0.0014
   10  1073  504  0.0473  0.0187  0.0014
   11  1071  504  0.0473  0.0187  0.0014
   12  1070  504  0.0473  0.0187  0.0014
   13  1069  504  0.0473  0.0187  0.0014
   14  1068  504  0.0473  0.0187  0.0014
   15  1067  504  0.0473  0.0187  0.0014
   16  1066  504  0.0473  0.0187  0.0014
   17  1065  504  0.0475  0.0187  0.0014
   18  1063  505  0.0474  0.0187  0.0014
   19  1062  505  0.0475  0.0187  0.0014
   20  1061  505  0.0474  0.0187  0.0014
   21  1064  505  0.0474  0.0187  0.0014
   22  1039  512  0.0470  0.0184  0.0014
   23  1039  513  0.0470  0.0184  0.0014
   24  1039  514  0.0470  0.0185  0.0014
   25  1038  514  0.0470  0.0185  0.0014
   26  1037  514  0.0470  0.0184  0.0014
   27  1036  515  0.0470  0.0184  0.0014
   28  1035  515  0.0470  0.0184  0.0014
   29  1037  515  0.0471  0.0185  0.0014
   30  1035  516  0.0471  0.0184  0.0014
   31  1034  516  0.0471  0.0184  0.0014
   32  1033  517  0.0471  0.0184  0.0013
   33  1032  517  0.0471  0.0184  0.0013
   34  1031  517  0.0471  0.0184  0.0013
   35  1030  517  0.0470  0.0184  0.0013
   36  1029  517  0.0471  0.0184  0.0013
   37  1028  517  0.0470  0.0184  0.0013
   38  1027  517  0.0470  0.0184  0.0013
   39  1026  517  0.0471  0.0184  0.0014
   40  1025  517  0.0471  0.0184  0.0014
   41  1024  518  0.0471  0.0184  0.0013
   42  1023  518  0.0470  0.0184  0.0013
   43  1025  518  0.0470  0.0184  0.0013
   44  1023  519  0.0470  0.0184  0.0013
   45  1022  519  0.0470  0.0184  0.0013
   46  1021  519  0.0470  0.0184  0.0013
   47  1020  519  0.0470  0.0184  0.0013
   48  1019  519  0.0470  0.0184  0.0013
   49  1017  519  0.0470  0.0183  0.0013
   50  1016  519  0.0470  0.0183  0.0013
   51  1015  519  0.0469  0.0183  0.0013
   52  1014  520  0.0469  0.0183  0.0013
   53  1013  520  0.0469  0.0183  0.0013
   54  1012  520  0.0469  0.0183  0.0013
   55  1011  520  0.0469  0.0183  0.0013
   56  1010  520  0.0470  0.0183  0.0013
   57  1009  520  0.0470  0.0183  0.0013
   58  1008  520  0.0469  0.0183  0.0013
   59  1015  520  0.0470  0.0183  0.0013

     1  499  433  0.0478  0.0166  0.0019
     2  498  433  0.0478  0.0166  0.0019
     3  500  433  0.0479  0.0166  0.0019
     4  497  434  0.0478  0.0166  0.0019
     5  496  434  0.0478  0.0166  0.0019
     6  495  434  0.0478  0.0166  0.0019
     7  494  434  0.0477  0.0166  0.0019
     8  498  434  0.0478  0.0166  0.0019
     9  493  435  0.0477  0.0166  0.0019
    10  492  435  0.0477  0.0166  0.0019
    11  491  435  0.0477  0.0166  0.0019
    12  490  435  0.0478  0.0166  0.0019
    13  489  435  0.0477  0.0165  0.0019
    14  488  435  0.0477  0.0166  0.0019
    15  487  435  0.0477  0.0166  0.0019
    16  486  435  0.0477  0.0165  0.0019
    17  485  435  0.0478  0.0165  0.0019
    18  485  436  0.0477  0.0165  0.0019
    19  484  436  0.0476  0.0165  0.0019
    20  483  436  0.0476  0.0165  0.0019
    21  482  436  0.0476  0.0165  0.0019
    22  481  436  0.0475  0.0165  0.0019
    23  480  436  0.0476  0.0165  0.0019
    24  479  436  0.0476  0.0165  0.0019
    25  477  437  0.0475  0.0164  0.0019
    26  476  437  0.0476  0.0165  0.0019
    27  475  437  0.0482  0.0167  0.0019
    28  473  437  0.0476  0.0165  0.0019
    29  478  437  0.0477  0.0165  0.0019
    30  473  438  0.0475  0.0164  0.0019
    31  472  438  0.0474  0.0164  0.0019
    32  470  439  0.0474  0.0163  0.0019
    33  469  439  0.0474  0.0164  0.0019
    34  468  439  0.0474  0.0164  0.0019
    35  471  439  0.0474  0.0164  0.0019
    36  464  440  0.0476  0.0164  0.0019
    37  463  440  0.0477  0.0164  0.0019
    38  462  440  0.0477  0.0164  0.0019
    39  461  440  0.0477  0.0164  0.0019
    40  460  440  0.0477  0.0164  0.0019
    41  459  440  0.0477  0.0164  0.0019
    42  458  440  0.0478  0.0164  0.0019
    43  457  440  0.0478  0.0164  0.0019
    44  456  440  0.0477  0.0164  0.0019
    45  455  440  0.0477  0.0164  0.0019
    46  454  441  0.0477  0.0164  0.0019
    47  455  441  0.0477  0.0164  0.0019
    48  452  442  0.0477  0.0164  0.0019
    49  450  442  0.0477  0.0164  0.0019
    50  449  442  0.0477  0.0164  0.0019
    51  448  442  0.0477  0.0164  0.0019
    52  451  442  0.0477  0.0164  0.0019
    53  447  443  0.0477  0.0164  0.0019
    54  446  443  0.0477  0.0164  0.0019
    55  446  444  0.0477  0.0164  0.0019
    56  444  444  0.0476  0.0163  0.0019
    57  445  444  0.0477  0.0164  0.0019
    58  430  445  0.0476  0.0163  0.0019
    59  432  445  0.0477  0.0163  0.0019
    60  433  445  0.0477  0.0163  0.0019
    61  434  445  0.0476  0.0163  0.0019
    62  435  445  0.0476  0.0163  0.0019
    63  429  445  0.0475  0.0162  0.0019
    64  437  445  0.0475  0.0163  0.0019
    65  438  445  0.0475  0.0163  0.0019
    66  439  445  0.0475  0.0163  0.0019
    67  440  445  0.0475  0.0163  0.0019
    68  441  445  0.0475  0.0163  0.0019
    69  428  445  0.0476  0.0162  0.0019
    70  426  445  0.0476  0.0162  0.0019
    71  427  445  0.0476  0.0162  0.0019
    72  436  445  0.0476  0.0163  0.0019
    73  425  446  0.0477  0.0163  0.0019
    74  424  446  0.0477  0.0163  0.0019
    75  423  446  0.0477  0.0163  0.0019
    76  422  446  0.0476  0.0163  0.0019
    77  426  446  0.0476  0.0163  0.0019
    78  421  446  0.0477  0.0163  0.0019
    79  417  447  0.0478  0.0163  0.0019
    80  416  447  0.0477  0.0163  0.0019
    81  415  447  0.0478  0.0163  0.0019
    82  414  447  0.0478  0.0163  0.0019
    83  413  447  0.0477  0.0162  0.0019
    84  412  447  0.0477  0.0162  0.0019
    85  411  447  0.0477  0.0162  0.0019
    86  410  447  0.0477  0.0162  0.0019
    87  409  447  0.0478  0.0163  0.0019
    88  408  447  0.0478  0.0163  0.0019
    89  407  447  0.0479  0.0163  0.0019
    90  406  447  0.0478  0.0163  0.0019
    91  405  447  0.0477  0.0162  0.0019
    92  404  447  0.0478  0.0162  0.0019
    93  403  447  0.0478  0.0163  0.0019
    94  402  447  0.0479  0.0163  0.0019
    95  401  447  0.0479  0.0163  0.0019
    96  400  447  0.0479  0.0163  0.0019
    97  399  447  0.0480  0.0163  0.0019
    98  397  448  0.0479  0.0162  0.0019
    99  396  448  0.0479  0.0162  0.0019
   100  395  448  0.0479  0.0162  0.0019
   101  398  448  0.0479  0.0163  0.0019
   102  395  449  0.0478  0.0162  0.0019
   103  394  449  0.0479  0.0162  0.0019
   104  393  449  0.0478  0.0162  0.0019
   105  392  449  0.0478  0.0162  0.0019
   106  391  449  0.0478  0.0162  0.0019
   107  390  449  0.0478  0.0162  0.0019
   108  390  450  0.0478  0.0162  0.0019
   109  389  450  0.0478  0.0162  0.0019
   110  388  450  0.0477  0.0162  0.0019
   111  387  450  0.0478  0.0162  0.0019
   112  386  450  0.0478  0.0162  0.0019
   113  385  450  0.0477  0.0161  0.0019
   114  385  451  0.0477  0.0161  0.0019
   115  384  451  0.0477  0.0161  0.0019
   116  383  451  0.0477  0.0161  0.0019
   117  382  451  0.0477  0.0161  0.0019
   118  381  451  0.0477  0.0161  0.0019
   119  380  452  0.0477  0.0161  0.0019
   120  379  452  0.0477  0.0161  0.0019
   121  378  452  0.0477  0.0161  0.0019
   122  377  452  0.0477  0.0161  0.0019
   123  381  452  0.0477  0.0161  0.0019
   124  376  453  0.0477  0.0161  0.0019
   125  375  453  0.0478  0.0161  0.0019
   126  359  455  0.0478  0.0161  0.0019
   127  358  455  0.0478  0.0160  0.0019
   128  357  455  0.0478  0.0160  0.0019
   129  356  455  0.0478  0.0160  0.0019
   130  355  455  0.0478  0.0160  0.0019
   131  360  455  0.0478  0.0161  0.0019
   132  354  456  0.0478  0.0160  0.0019
   133  353  456  0.0477  0.0160  0.0019
   134  352  456  0.0477  0.0160  0.0019
   135  351  456  0.0478  0.0160  0.0019
   136  350  456  0.0477  0.0160  0.0019
   137  349  456  0.0477  0.0160  0.0019
   138  348  456  0.0477  0.0160  0.0019
   139  347  456  0.0476  0.0159  0.0019
   140  346  456  0.0476  0.0159  0.0019
   141  345  456  0.0477  0.0160  0.0019
   142  343  457  0.0476  0.0159  0.0019
   143  342  457  0.0476  0.0159  0.0019
   144  341  457  0.0476  0.0159  0.0019
   145  340  457  0.0476  0.0159  0.0019
   146  339  457  0.0476  0.0159  0.0019
   147  344  457  0.0476  0.0159  0.0019
   148  339  458  0.0476  0.0159  0.0019
   149  338  458  0.0476  0.0159  0.0019
   150  337  458  0.0476  0.0159  0.0019
   151  336  459  0.0476  0.0159  0.0019
   152  335  459  0.0476  0.0159  0.0019
   153  337  459  0.0476  0.0159  0.0019

    1  114  732  0.0417  0.0131  0.0009
    2  112  733  0.0417  0.0131  0.0009
    3  113  733  0.0417  0.0131  0.0009
    4  111  734  0.0416  0.0130  0.0008
    5  110  734  0.0417  0.0130  0.0008
    6  112  734  0.0416  0.0130  0.0008
    7  110  735  0.0417  0.0131  0.0008
    8  109  735  0.0417  0.0130  0.0008
    9  108  735  0.0417  0.0130  0.0008
   10  107  735  0.0416  0.0130  0.0008
   11  105  735  0.0417  0.0130  0.0008
   12  104  735  0.0417  0.0130  0.0008
   13  103  735  0.0417  0.0130  0.0008
   14  102  735  0.0417  0.0130  0.0008
   15  101  735  0.0417  0.0130  0.0008
   16  100  735  0.0417  0.0130  0.0008
   17   99  735  0.0417  0.0130  0.0008
   18   98  735  0.0417  0.0130  0.0009
   19   97  735  0.0417  0.0130  0.0009
   20   96  735  0.0418  0.0130  0.0009
   21   95  735  0.0417  0.0130  0.0009
   22   94  735  0.0418  0.0130  0.0009
   23   93  735  0.0418  0.0130  0.0009
   24  106  735  0.0416  0.0130  0.0008
   25   92  736  0.0417  0.0130  0.0008
   26   90  736  0.0417  0.0130  0.0009
   27   91  736  0.0417  0.0130  0.0008
   28   90  737  0.0417  0.0130  0.0008
   29   89  737  0.0417  0.0130  0.0008
   30   66  738  0.0416  0.0129  0.0009
   31   67  738  0.0417  0.0129  0.0009
   32   68  738  0.0417  0.0129  0.0008
   33   69  738  0.0417  0.0129  0.0008
   34   70  738  0.0417  0.0129  0.0009
   35   71  738  0.0417  0.0129  0.0009
   36   72  738  0.0417  0.0129  0.0008
   37   60  738  0.0416  0.0129  0.0009
   38   74  738  0.0418  0.0130  0.0008
   39   75  738  0.0418  0.0130  0.0008
   40   76  738  0.0418  0.0130  0.0008
   41   65  738  0.0416  0.0129  0.0009
   42   78  738  0.0417  0.0129  0.0008
   43   79  738  0.0418  0.0130  0.0008
   44   80  738  0.0417  0.0130  0.0008
   45   81  738  0.0417  0.0130  0.0008
   46   82  738  0.0417  0.0129  0.0008
   47   83  738  0.0416  0.0130  0.0008
   48   84  738  0.0416  0.0129  0.0008
   49   85  738  0.0416  0.0129  0.0008
   50   86  738  0.0416  0.0130  0.0008
   51   87  738  0.0416  0.0130  0.0008
   52   88  738  0.0417  0.0130  0.0008
   53   89  738  0.0417  0.0130  0.0008
   54   63  738  0.0415  0.0128  0.0009
   55   64  738  0.0416  0.0129  0.0009
   56   62  738  0.0416  0.0129  0.0009
   57   77  738  0.0417  0.0129  0.0008
   58   61  738  0.0416  0.0129  0.0009
   59   59  738  0.0417  0.0129  0.0009
   60   58  738  0.0417  0.0129  0.0009
   61   57  738  0.0417  0.0129  0.0009
   62   56  738  0.0417  0.0129  0.0009
   63   55  738  0.0417  0.0129  0.0009
   64   54  738  0.0417  0.0129  0.0009
   65   53  738  0.0417  0.0128  0.0009
   66   52  738  0.0416  0.0128  0.0009
   67   51  738  0.0417  0.0129  0.0009
   68   50  738  0.0417  0.0129  0.0009
   69   49  738  0.0417  0.0128  0.0009
   70   48  738  0.0417  0.0129  0.0009
   71   47  738  0.0417  0.0128  0.0009
   72   73  738  0.0418  0.0130  0.0009
   73   45  739  0.0416  0.0128  0.0009
   74   44  739  0.0416  0.0128  0.0009
   75   43  739  0.0416  0.0128  0.0009
   76   42  739  0.0416  0.0128  0.0009
   77   46  739  0.0417  0.0128  0.0009
   78   42  740  0.0415  0.0128  0.0009
   79   41  740  0.0416  0.0128  0.0009
   80   40  740  0.0415  0.0128  0.0009
   81   39  740  0.0415  0.0127  0.0009
   82   38  740  0.0416  0.0128  0.0009

     1  782  783  0.0407  0.0150  0.0006
     2  781  783  0.0407  0.0150  0.0006
     3  783  783  0.0407  0.0150  0.0006
     4  781  784  0.0407  0.0150  0.0006
     5  780  784  0.0406  0.0150  0.0006
     6  779  784  0.0407  0.0150  0.0006
     7  778  784  0.0407  0.0150  0.0006
     8  776  784  0.0407  0.0150  0.0006
     9  775  784  0.0407  0.0150  0.0006
    10  774  784  0.0407  0.0150  0.0006
    11  773  784  0.0407  0.0150  0.0006
    12  772  784  0.0407  0.0150  0.0006
    13  771  784  0.0407  0.0149  0.0006
    14  770  784  0.0407  0.0149  0.0006
    15  769  784  0.0407  0.0149  0.0006
    16  768  784  0.0406  0.0149  0.0006
    17  767  784  0.0406  0.0149  0.0006
    18  765  785  0.0406  0.0149  0.0006
    19  764  785  0.0406  0.0149  0.0006
    20  762  785  0.0406  0.0149  0.0006
    21  766  785  0.0405  0.0149  0.0006
    22  762  786  0.0406  0.0149  0.0006
    23  761  786  0.0405  0.0148  0.0006
    24  760  786  0.0405  0.0148  0.0006
    25  759  786  0.0405  0.0148  0.0006
    26  758  786  0.0405  0.0148  0.0006
    27  757  786  0.0405  0.0148  0.0006
    28  756  786  0.0405  0.0148  0.0006
    29  755  786  0.0405  0.0148  0.0006
    30  754  786  0.0405  0.0148  0.0006
    31  753  786  0.0405  0.0148  0.0006
    32  752  786  0.0406  0.0148  0.0006
    33  751  786  0.0406  0.0148  0.0006
    34  750  786  0.0405  0.0148  0.0006
    35  749  786  0.0404  0.0148  0.0006
    36  748  786  0.0406  0.0148  0.0006
    37  747  786  0.0405  0.0148  0.0006
    38  745  786  0.0406  0.0148  0.0006
    39  744  786  0.0405  0.0148  0.0006
    40  743  786  0.0405  0.0148  0.0006
    41  742  786  0.0405  0.0148  0.0006
    42  741  786  0.0405  0.0148  0.0006
    43  740  787  0.0405  0.0148  0.0006
    44  739  787  0.0405  0.0148  0.0006
    45  738  787  0.0405  0.0148  0.0006
    46  737  787  0.0405  0.0148  0.0006
    47  736  787  0.0405  0.0148  0.0006
    48  724  787  0.0406  0.0147  0.0006
    49  723  787  0.0405  0.0147  0.0006
    50  722  787  0.0406  0.0147  0.0006
    51  721  787  0.0405  0.0147  0.0006
    52  720  787  0.0405  0.0147  0.0006
    53  719  787  0.0404  0.0147  0.0006
    54  718  787  0.0404  0.0147  0.0006
    55  717  787  0.0405  0.0147  0.0006
    56  716  787  0.0405  0.0147  0.0006
    57  715  787  0.0405  0.0147  0.0006
    58  706  787  0.0406  0.0147  0.0006
    59  707  787  0.0406  0.0147  0.0006
    60  708  787  0.0406  0.0147  0.0006
    61  709  787  0.0406  0.0147  0.0006
    62  710  787  0.0406  0.0147  0.0006
    63  711  787  0.0406  0.0147  0.0006
    64  712  787  0.0405  0.0147  0.0006
    65  713  787  0.0405  0.0147  0.0006
    66  714  787  0.0405  0.0147  0.0006
    67  706  788  0.0405  0.0147  0.0006
    68  705  788  0.0406  0.0147  0.0006
    69  735  788  0.0405  0.0147  0.0006
    70  734  788  0.0405  0.0147  0.0006
    71  733  788  0.0404  0.0147  0.0006
    72  732  788  0.0405  0.0147  0.0006
    73  731  788  0.0405  0.0147  0.0006
    74  730  788  0.0406  0.0148  0.0006
    75  729  788  0.0405  0.0147  0.0006
    76  728  788  0.0405  0.0147  0.0006
    77  725  788  0.0405  0.0147  0.0006
    78  726  788  0.0405  0.0147  0.0006
    79  727  788  0.0405  0.0147  0.0006
    80  736  788  0.0405  0.0147  0.0006
    81  699  789  0.0407  0.0147  0.0006
    82  700  789  0.0407  0.0147  0.0006
    83  701  789  0.0407  0.0147  0.0006
    84  702  789  0.0406  0.0147  0.0006
    85  703  789  0.0405  0.0147  0.0006
    86  704  789  0.0406  0.0147  0.0006
    87  705  789  0.0405  0.0147  0.0006
    88  698  789  0.0407  0.0147  0.0006
    89  697  789  0.0406  0.0147  0.0006
    90  696  789  0.0405  0.0146  0.0006
    91  695  789  0.0405  0.0146  0.0006
    92  694  789  0.0404  0.0146  0.0006
    93  693  789  0.0404  0.0146  0.0006
    94  692  789  0.0404  0.0146  0.0006
    95  691  789  0.0404  0.0146  0.0006
    96  690  789  0.0403  0.0145  0.0006
    97  689  789  0.0405  0.0146  0.0006
    98  688  789  0.0405  0.0146  0.0006
    99  687  789  0.0404  0.0146  0.0006
   100  686  789  0.0404  0.0146  0.0006
   101  685  789  0.0405  0.0146  0.0006
   102  683  790  0.0409  0.0147  0.0006
   103  682  790  0.0410  0.0147  0.0006
   104  681  790  0.0409  0.0147  0.0006
   105  680  790  0.0409  0.0147  0.0006
   106  684  790  0.0406  0.0146  0.0006
   107  680  791  0.0408  0.0147  0.0006
   108  679  791  0.0407  0.0146  0.0006
   109  678  791  0.0408  0.0147  0.0006
   110  677  791  0.0407  0.0146  0.0006
   111  676  791  0.0407  0.0146  0.0006
   112  675  791  0.0406  0.0146  0.0006
   113  673  791  0.0406  0.0146  0.0006
   114  672  791  0.0406  0.0146  0.0006
   115  671  791  0.0406  0.0146  0.0006
   116  670  791  0.0407  0.0146  0.0006
   117  669  791  0.0407  0.0146  0.0006
   118  668  791  0.0407  0.0146  0.0006
   119  667  791  0.0407  0.0146  0.0006
   120  666  791  0.0407  0.0146  0.0006
   121  665  791  0.0408  0.0146  0.0006
   122  664  791  0.0408  0.0146  0.0006
   123  663  791  0.0407  0.0146  0.0006
   124  662  791  0.0407  0.0146  0.0006
   125  661  791  0.0406  0.0145  0.0006
   126  660  791  0.0405  0.0145  0.0006
   127  659  791  0.0406  0.0145  0.0006
   128  658  791  0.0406  0.0145  0.0006
   129  657  791  0.0406  0.0145  0.0006
   130  656  791  0.0405  0.0145  0.0006
   131  655  791  0.0406  0.0145  0.0006
   132  654  791  0.0405  0.0145  0.0006
   133  653  791  0.0405  0.0145  0.0006
   134  651  791  0.0406  0.0145  0.0006
   135  650  791  0.0406  0.0145  0.0006

     1  1041  800  0.0408  0.0159  0.0008
     2  1040  800  0.0408  0.0159  0.0008
     3  1042  800  0.0408  0.0159  0.0008
     4  1039  801  0.0406  0.0158  0.0008
     5  1038  801  0.0406  0.0158  0.0008
     6  1037  801  0.0407  0.0158  0.0008
     7  1040  801  0.0408  0.0159  0.0008
     8  1037  802  0.0406  0.0158  0.0008
     9  1036  802  0.0406  0.0158  0.0008
    10  1035  802  0.0406  0.0158  0.0008
    11  1034  802  0.0405  0.0158  0.0008
    12  1033  802  0.0407  0.0158  0.0008
    13  1032  802  0.0406  0.0158  0.0008
    14  1031  802  0.0406  0.0158  0.0008
    15  1030  802  0.0406  0.0158  0.0008
    16   929  802  0.0407  0.0155  0.0008
    17  1028  803  0.0407  0.0158  0.0008
    18  1019  803  0.0408  0.0158  0.0008
    19  1020  803  0.0408  0.0158  0.0008
    20   929  803  0.0407  0.0155  0.0008
    21   930  803  0.0407  0.0155  0.0008
    22  1021  803  0.0408  0.0158  0.0008
    23  1022  803  0.0405  0.0157  0.0008
    24  1023  803  0.0409  0.0159  0.0008
    25  1024  803  0.0407  0.0158  0.0008
    26  1025  803  0.0408  0.0159  0.0008
    27  1026  803  0.0408  0.0158  0.0008
    28  1027  803  0.0407  0.0158  0.0008
    29  1018  803  0.0408  0.0158  0.0008
    30  1012  804  0.0407  0.0158  0.0008
    31  1013  804  0.0406  0.0157  0.0008
    32  1009  804  0.0408  0.0158  0.0008
    33  1008  804  0.0408  0.0158  0.0008
    34  1018  804  0.0408  0.0158  0.0008
    35  1014  804  0.0407  0.0158  0.0008
    36  1015  804  0.0407  0.0158  0.0008
    37  1005  804  0.0407  0.0157  0.0008
    38  1004  804  0.0407  0.0157  0.0008
    39  1003  804  0.0407  0.0157  0.0008
    40   932  804  0.0406  0.0155  0.0008
    41   931  804  0.0407  0.0155  0.0008
    42  1016  804  0.0408  0.0158  0.0008
    43  1017  804  0.0408  0.0158  0.0008
    44  1011  804  0.0407  0.0158  0.0008
    45  1007  804  0.0407  0.0158  0.0008
    46  1006  804  0.0407  0.0158  0.0008
    47  1001  804  0.0407  0.0157  0.0008
    48   997  805  0.0406  0.0157  0.0008
    49   932  805  0.0407  0.0155  0.0008
    50   933  805  0.0406  0.0155  0.0008
    51   934  805  0.0406  0.0155  0.0008
    52  1000  805  0.0407  0.0157  0.0008
    53   999  805  0.0406  0.0157  0.0008
    54   998  805  0.0405  0.0156  0.0008
    55   996  805  0.0406  0.0157  0.0008
    56   991  806  0.0405  0.0156  0.0008
    57   992  806  0.0404  0.0156  0.0008
    58   993  806  0.0405  0.0156  0.0008
    59   994  806  0.0405  0.0156  0.0008
    60   995  806  0.0407  0.0157  0.0008
    61   990  806  0.0405  0.0156  0.0008
    62   943  806  0.0406  0.0155  0.0008
    63   942  806  0.0406  0.0155  0.0008
    64   987  806  0.0406  0.0157  0.0008
    65   986  806  0.0407  0.0157  0.0008
    66   985  806  0.0407  0.0157  0.0008
    67   984  806  0.0407  0.0157  0.0008
    68   981  806  0.0404  0.0155  0.0008
    69   980  806  0.0403  0.0155  0.0008
    70   979  806  0.0404  0.0156  0.0008
    71   978  806  0.0405  0.0156  0.0008
    72   941  806  0.0406  0.0155  0.0008
    73   940  806  0.0406  0.0155  0.0008
    74   939  806  0.0406  0.0155  0.0008
    75   938  806  0.0407  0.0155  0.0008
    76   937  806  0.0407  0.0155  0.0008
    77   936  806  0.0406  0.0155  0.0008
    78   935  806  0.0406  0.0155  0.0008
    79   945  806  0.0405  0.0155  0.0008
    80   944  806  0.0405  0.0155  0.0008
    81   983  806  0.0405  0.0156  0.0008
    82   989  806  0.0405  0.0156  0.0008
    83   970  807  0.0405  0.0156  0.0008
    84   969  807  0.0404  0.0155  0.0008
    85   968  807  0.0405  0.0155  0.0008
    86   967  807  0.0404  0.0155  0.0008
    87   966  807  0.0404  0.0155  0.0008
    88   964  807  0.0405  0.0155  0.0008
    89   963  807  0.0404  0.0155  0.0008
    90   962  807  0.0405  0.0155  0.0008
    91   961  807  0.0405  0.0155  0.0008
    92   960  807  0.0405  0.0155  0.0008
    93   959  807  0.0404  0.0155  0.0008
    94   958  807  0.0404  0.0155  0.0008
    95   957  807  0.0405  0.0155  0.0008
    96   956  807  0.0405  0.0155  0.0008
    97   955  807  0.0404  0.0155  0.0008
    98   954  807  0.0404  0.0154  0.0008
    99   953  807  0.0404  0.0155  0.0008
   100   951  807  0.0404  0.0155  0.0008
   101   950  807  0.0404  0.0155  0.0008
   102   949  807  0.0404  0.0154  0.0008
   103   948  807  0.0404  0.0154  0.0008
   104   947  807  0.0404  0.0154  0.0008
   105   946  807  0.0405  0.0154  0.0008
   106   945  807  0.0405  0.0155  0.0008
   107   971  807  0.0404  0.0155  0.0008
