; ENVI Output of ROIs (5.4) [Tue Aug 06 18:02:34 2019]
; Number of ROIs: 2
; File Dimension: 1152 x 432
;
; ROI name: Region #1
; ROI rgb value: {255, 0, 0}
; ROI npts: 80
;
; ROI name: Region #2
; ROI rgb value: {0, 255, 0}
; ROI npts: 118
;  ID    X    Y       B1       B2       B3
    1  535  356  -6.4690   1.4560  -1.8065
    3  532  356  -6.4584   1.4588  -1.8085
    4  531  356  -6.4696   1.4604  -1.8072
    5  530  356  -6.4672   1.4614  -1.8077
    6  529  356  -6.4553   1.4620  -1.8095
    7  528  356  -6.4576   1.4631  -1.8094
    8  526  356  -6.4816   1.4664  -1.8066
    9  525  356  -6.4715   1.4670  -1.8082
   10  524  356  -6.4765   1.4683  -1.8077
   11  523  356  -6.4747   1.4694  -1.8081
   12  522  356  -6.4721   1.4703  -1.8086
   13  521  356  -6.4776   1.4717  -1.8082
   14  520  356  -6.4875   1.4732  -1.8070
   15  519  356  -6.4823   1.4741  -1.8079
   16  518  356  -6.4690   1.4746  -1.8099
   17  517  356  -6.5112   1.4775  -1.8046
   18  516  356  -6.5101   1.4786  -1.8049
   19  515  356  -6.4977   1.4791  -1.8067
   20  514  356  -6.4937   1.4800  -1.8075
   21  513  356  -6.4811   1.4806  -1.8093
   22  512  356  -6.4890   1.4820  -1.8085
   23  511  356  -6.4868   1.4830  -1.8090
   24  510  356  -6.4984   1.4847  -1.8077
   25  509  356  -6.4953   1.4856  -1.8083
   26  508  356  -6.4729   1.4857  -1.8114
   27  507  356  -6.5124   1.4886  -1.8064
   28  506  356  -6.5070   1.4895  -1.8073
   29  505  356  -6.4930   1.4899  -1.8093
   30  504  356  -6.4995   1.4913  -1.8086
   31  503  356  -6.5135   1.4931  -1.8070
   32  502  356  -6.5138   1.4942  -1.8071
   33  501  356  -6.4982   1.4946  -1.8094
   34  500  356  -6.4969   1.4956  -1.8098
   35  499  356  -6.4899   1.4964  -1.8109
   36  498  356  -6.4838   1.4972  -1.8119
   37  497  356  -6.4886   1.4985  -1.8115
   38  495  356  -6.4886   1.5007  -1.8119
   39  494  356  -6.4884   1.5018  -1.8122
   40  493  356  -6.4870   1.5028  -1.8126
   41  492  356  -6.4881   1.5040  -1.8126
   42  491  356  -6.4806   1.5047  -1.8138
   43  490  356  -6.4842   1.5060  -1.8135
   44  489  356  -6.4788   1.5068  -1.8144
   45  488  356  -6.4823   1.5080  -1.8142
   46  487  356  -6.4858   1.5093  -1.8139
   47  486  356  -6.4990   1.5111  -1.8124
   48  485  356  -6.4885   1.5117  -1.8139
   49  484  356  -6.4903   1.5128  -1.8139
   50  483  356  -6.5015   1.5145  -1.8127
   51  482  357  -6.4917   1.5153  -1.8130
   52  481  357  -6.4910   1.5164  -1.8133
   53  480  357  -6.4910   1.5175  -1.8134
   54  483  357  -6.4907   1.5142  -1.8129
   55  480  358  -6.4953   1.5179  -1.8118
   56  479  358  -6.4851   1.5185  -1.8133
   57  478  358  -6.4819   1.5194  -1.8139
   58  477  358  -6.4800   1.5204  -1.8144
   59  476  358  -6.4909   1.5221  -1.8131
   60  475  358  -6.4912   1.5232  -1.8133
   61  474  358  -6.4916   1.5243  -1.8135
   62  473  358  -6.4871   1.5252  -1.8142
   63  472  358  -6.5015   1.5271  -1.8126
   64  471  358  -6.5075   1.5285  -1.8121
   65  470  359  -6.4975   1.5292  -1.8125
   66  469  359  -6.5040   1.5307  -1.8119
   67  468  359  -6.5074   1.5320  -1.8116
   68  468  360  -6.4963   1.5316  -1.8119
   69  467  360  -6.4979   1.5328  -1.8120
   70  466  360  -6.5019   1.5341  -1.8117
   71  465  360  -6.4993   1.5350  -1.8122
   72  464  360  -6.4891   1.5356  -1.8137
   73  463  360  -6.4976   1.5372  -1.8128
   74  462  360  -6.4900   1.5378  -1.8139
   75  461  360  -6.4830   1.5385  -1.8150
   76  460  360  -6.5012   1.5407  -1.8129
   77  459  360  -6.4891   1.5411  -1.8146
   78  458  360  -6.4992   1.5428  -1.8135
   79  457  360  -6.4933   1.5435  -1.8145
   80  456  360  -6.4959   1.5448  -1.8144

