; ENVI Output of ROIs (5.4) [Tue Aug 06 21:04:00 2019]
; Number of ROIs: 9
; File Dimension: 1152 x 432
;
; ROI name: Region #1
; ROI rgb value: {255, 0, 0}
; ROI npts: 96
;
; ROI name: Region #2
; ROI rgb value: {0, 255, 0}
; ROI npts: 82
;
; ROI name: Region #3
; ROI rgb value: {0, 0, 255}
; ROI npts: 74
;
; ROI name: Region #4
; ROI rgb value: {255, 255, 0}
; ROI npts: 78
;
; ROI name: Region #5
; ROI rgb value: {0, 255, 255}
; ROI npts: 41
;
; ROI name: Region #6
; ROI rgb value: {255, 0, 255}
; ROI npts: 36
;
; ROI name: Region #7
; ROI rgb value: {176, 48, 96}
; ROI npts: 61
;
; ROI name: Region #8
; ROI rgb value: {46, 139, 87}
; ROI npts: 87
;
; ROI name: Region #9
; ROI rgb value: {160, 32, 240}
; ROI npts: 106
;  ID    X    Y        B1        B2        B3
    1  418  178  -89.7445   40.5958  -25.7397
    2  417  178  -89.7429   40.5998  -25.7398
    3  416  178  -89.7505   40.5990  -25.7411
    4  415  178  -89.7502   40.6022  -25.7415
    5  414  178  -89.7391   40.6112  -25.7404
    6  413  178  -89.7437   40.6119  -25.7414
    7  411  178  -89.7429   40.6185  -25.7421
    8  410  178  -89.7372   40.6247  -25.7416
    9  409  178  -89.7596   40.6161  -25.7450
   10  409  179  -89.7443   40.6246  -25.7402
   11  408  179  -89.7363   40.6319  -25.7395
   12  407  179  -89.7348   40.6358  -25.7396
   13  405  180  -89.7301   40.6451  -25.7369
   14  404  180  -89.7276   40.6495  -25.7369
   15  403  180  -89.7283   40.6522  -25.7374
   16  402  180  -89.7356   40.6515  -25.7388
   17  406  180  -89.7269   40.6436  -25.7361
   18  400  181  -89.7485   40.6516  -25.7383
   19  399  181  -89.7524   40.6527  -25.7392
   20  398  181  -89.7475   40.6584  -25.7390
   21  397  181  -89.7430   40.6638  -25.7387
   22  395  181  -89.7408   40.6712  -25.7392
   23  395  182  -89.7382   40.6731  -25.7360
   24  394  182  -89.7414   40.6745  -25.7367
   25  393  182  -89.7356   40.6807  -25.7364
   26  392  182  -89.7291   40.6871  -25.7359
   27  391  182  -89.7379   40.6857  -25.7374
   28  389  183  -89.7467   40.6880  -25.7363
   29  388  183  -89.7502   40.6893  -25.7371
   30  387  183  -89.7401   40.6975  -25.7363
   31  390  183  -89.7587   40.6787  -25.7373
   32  386  184  -89.7382   40.7022  -25.7335
   33  385  184  -89.7273   40.7109  -25.7325
   34  384  184  -89.7402   40.7074  -25.7344
   35  383  185  -89.7258   40.7185  -25.7301
   36  382  186  -89.7196   40.7253  -25.7268
   37  378  188  -89.6991   40.7493  -25.7200
   38  376  188  -89.7139   40.7480  -25.7225
   39  379  188  -89.6934   40.7492  -25.7190
   40  376  189  -89.7126   40.7492  -25.7195
   41  375  189  -89.7154   40.7509  -25.7202
   42  374  190  -89.7072   40.7587  -25.7169
   43  373  190  -89.6892   40.7709  -25.7150
   44  372  190  -89.7207   40.7580  -25.7191
   45  369  190  -89.6944   40.7806  -25.7171
   46  371  190  -89.7152   40.7639  -25.7188
   47  367  191  -89.6740   40.7976  -25.7125
   48  368  191  -89.6717   40.7958  -25.7118
   49  369  191  -89.6876   40.7846  -25.7134
   50  364  191  -89.6394   40.8244  -25.7093
   51  366  191  -89.6710   40.8022  -25.7125
   52  365  191  -89.6538   40.8140  -25.7106
   53  362  192  -89.6401   40.8307  -25.7073
   54  361  192  -89.6472   40.8302  -25.7085
   55  363  192  -89.6521   40.8216  -25.7084
   56  360  193  -89.6649   40.8249  -25.7084
   57  359  193  -89.6609   40.8299  -25.7081
   58  361  193  -89.6393   40.8348  -25.7047
   59  357  194  -89.6715   40.8312  -25.7075
   60  358  194  -89.6692   40.8293  -25.7069
   61  356  195  -89.6648   40.8383  -25.7042
   62  355  195  -89.6725   40.8374  -25.7056
   63  354  195  -89.6839   40.8347  -25.7074
   64  353  195  -89.6839   40.8378  -25.7077
   65  352  195  -89.6789   40.8434  -25.7074
   66  350  196  -89.6853   40.8468  -25.7061
   67  349  196  -89.6799   40.8526  -25.7058
   68  351  196  -89.6884   40.8422  -25.7061
   69  349  197  -89.6741   40.8561  -25.7024
   70  348  197  -89.6789   40.8568  -25.7033
   71  346  197  -89.6983   40.8531  -25.7064
   72  345  197  -89.6890   40.8609  -25.7056
   73  344  197  -89.6991   40.8589  -25.7072
   74  343  197  -89.7353   40.8438  -25.7122
   75  342  198  -89.6709   40.8797  -25.7016
   76  341  198  -89.6966   40.8699  -25.7052
   77  339  199  -89.6671   40.8913  -25.6995
   78  338  199  -89.6553   40.9003  -25.6982
   79  341  199  -89.6600   40.8887  -25.6978
   80  336  200  -89.6636   40.9027  -25.6972
   81  337  200  -89.6548   40.9041  -25.6957
   82  335  201  -89.6738   40.9012  -25.6962
   83  334  201  -89.6713   40.9055  -25.6963
   84  336  201  -89.6726   40.8988  -25.6957
   85  333  202  -89.6705   40.9095  -25.6938
   86  332  202  -89.6701   40.9128  -25.6941
   87  331  202  -89.6616   40.9200  -25.6934
   88  330  202  -89.6427   40.9325  -25.6914
   89  329  203  -89.6615   40.9268  -25.6913
   90  328  203  -89.6634   40.9288  -25.6919
   91  330  203  -89.6644   40.9222  -25.6913
   92  326  204  -89.6633   40.9355  -25.6899
   93  325  204  -89.6624   40.9390  -25.6901
   94  324  204  -89.6554   40.9455  -25.6896
   95  323  204  -89.6722   40.9402  -25.6920
   96  327  204  -89.6646   40.9319  -25.6896

    1  402  170  -89.7837   40.6208  -25.7730
    2  401  170  -89.7837   40.6239  -25.7735
    3  400  170  -89.7912   40.6232  -25.7748
    4  399  170  -89.7966   40.6235  -25.7758
    5  398  170  -89.8045   40.6226  -25.7771
    6  403  170  -89.7789   40.6202  -25.7722
    7  398  171  -89.7904   40.6305  -25.7725
    8  397  171  -89.7878   40.6349  -25.7725
    9  396  171  -89.7911   40.6363  -25.7733
   10  395  171  -89.7906   40.6397  -25.7735
   11  394  171  -89.7826   40.6470  -25.7729
   12  393  171  -89.7858   40.6485  -25.7736
   13  392  171  -89.7813   40.6539  -25.7735
   14  391  171  -89.7781   40.6586  -25.7734
   15  390  172  -89.7797   40.6615  -25.7712
   16  389  172  -89.7919   40.6583  -25.7732
   17  388  172  -89.8012   40.6567  -25.7747
   18  387  172  -89.7834   40.6690  -25.7726
   19  386  172  -89.7778   40.6750  -25.7723
   20  385  172  -89.8006   40.6664  -25.7756
   21  385  173  -89.7994   40.6676  -25.7727
   22  384  173  -89.8133   40.6635  -25.7750
   23  383  173  -89.8113   40.6677  -25.7748
   24  382  173  -89.8220   40.6654  -25.7765
   25  381  173  -89.8396   40.6594  -25.7792
   26  380  173  -89.8568   40.6538  -25.7817
   27  379  173  -89.7995   40.6862  -25.7748
   28  377  174  -89.8095   40.6879  -25.7739
   29  379  174  -89.8119   40.6805  -25.7735
   30  377  175  -89.7719   40.7077  -25.7662
   31  376  175  -89.7964   40.6983  -25.7698
   32  375  175  -89.8349   40.6817  -25.7752
   33  373  176  -89.8000   40.7064  -25.7685
   34  372  176  -89.8023   40.7083  -25.7691
   35  371  176  -89.8029   40.7111  -25.7696
   36  374  176  -89.7970   40.7048  -25.7676
   37  369  177  -89.7806   40.7292  -25.7646
   38  367  178  -89.7796   40.7365  -25.7624
   39  368  178  -89.7719   40.7373  -25.7610
   40  352  184  -89.7306   40.8111  -25.7444
   41  351  184  -89.7297   40.8147  -25.7448
   42  349  185  -89.7183   40.8271  -25.7413
   43  348  185  -89.7212   40.8287  -25.7421
   44  347  185  -89.7232   40.8307  -25.7426
   45  351  185  -89.7226   40.8188  -25.7411
   46  345  186  -89.7121   40.8430  -25.7391
   47  344  186  -89.7061   40.8491  -25.7387
   48  346  186  -89.7118   40.8401  -25.7387
   49  343  187  -89.7066   40.8525  -25.7364
   50  342  187  -89.7057   40.8560  -25.7367
   51  341  187  -89.7123   40.8557  -25.7379
   52  340  187  -89.7148   40.8576  -25.7385
   53  339  187  -89.7167   40.8596  -25.7391
   54  338  187  -89.7160   40.8631  -25.7394
   55  337  188  -89.7301   40.8597  -25.7387
   56  336  188  -89.7117   40.8719  -25.7369
   57  338  188  -89.7049   40.8692  -25.7352
   58  335  189  -89.7338   40.8645  -25.7373
   59  334  189  -89.7112   40.8788  -25.7346
   60  336  189  -89.7262   40.8652  -25.7359
   61  334  190  -89.7174   40.8763  -25.7327
   62  333  190  -89.7091   40.8835  -25.7321
   63  332  190  -89.7053   40.8885  -25.7319
   64  331  191  -89.7027   40.8934  -25.7290
   65  332  191  -89.6995   40.8919  -25.7283
   66  330  192  -89.7135   40.8917  -25.7278
   67  328  193  -89.7114   40.8994  -25.7255
   68  327  193  -89.7084   40.9039  -25.7256
   69  329  193  -89.7105   40.8968  -25.7251
   70  326  194  -89.7073   40.9081  -25.7230
   71  327  194  -89.6995   40.9089  -25.7217
   72  326  195  -89.6944   40.9150  -25.7186
   73  325  195  -89.6985   40.9161  -25.7194
   74  324  195  -89.7055   40.9156  -25.7207
   75  323  195  -89.7011   40.9209  -25.7205
   76  322  196  -89.7164   40.9168  -25.7201
   77  321  196  -89.7078   40.9242  -25.7193
   78  323  196  -89.6987   40.9226  -25.7175
   79  319  197  -89.6931   40.9381  -25.7154
   80  321  197  -89.6964   40.9304  -25.7152
   81  318  198  -89.6931   40.9417  -25.7131
   82  319  198  -89.6880   40.9412  -25.7121

    1  378  162  -89.8615   40.6512  -25.8144
    2  379  162  -89.8663   40.6456  -25.8146
    3  377  163  -89.8495   40.6610  -25.8104
    4  376  163  -89.8361   40.6711  -25.8089
    5  378  163  -89.8545   40.6553  -25.8106
    6  376  164  -89.8343   40.6725  -25.8058
    7  375  164  -89.8388   40.6734  -25.8068
    8  373  165  -89.8059   40.6970  -25.8003
    9  374  165  -89.8248   40.6842  -25.8025
   10  371  166  -89.7945   40.7096  -25.7967
   11  370  167  -89.7923   40.7144  -25.7939
   12  369  167  -89.8163   40.7053  -25.7974
   13  371  167  -89.8010   40.7069  -25.7947
   14  368  168  -89.7841   40.7254  -25.7906
   15  367  168  -89.7839   40.7286  -25.7909
   16  366  168  -89.7786   40.7344  -25.7906
   17  365  168  -89.7897   40.7319  -25.7925
   18  364  168  -89.8072   40.7261  -25.7951
   19  362  169  -89.8284   40.7221  -25.7959
   20  361  169  -89.8314   40.7237  -25.7966
   21  360  169  -89.8404   40.7222  -25.7981
   22  363  169  -89.8250   40.7207  -25.7951
   23  358  170  -89.8272   40.7357  -25.7944
   24  357  170  -89.8209   40.7420  -25.7939
   25  356  170  -89.8235   40.7438  -25.7947
   26  359  170  -89.8255   40.7334  -25.7938
   27  355  171  -89.8328   40.7427  -25.7934
   28  354  171  -89.8261   40.7492  -25.7928
   29  353  172  -89.8372   40.7474  -25.7917
   30  354  172  -89.8221   40.7519  -25.7894
   31  351  173  -89.8358   40.7548  -25.7895
   32  349  173  -89.8562   40.7508  -25.7928
   33  348  173  -89.8349   40.7646  -25.7904
   34  347  173  -89.8247   40.7729  -25.7894
   35  352  173  -89.8283   40.7555  -25.7882
   36  343  174  -89.8013   40.7975  -25.7850
   37  344  174  -89.8083   40.7910  -25.7855
   38  345  174  -89.8097   40.7871  -25.7854
   39  346  174  -89.8095   40.7842  -25.7850
   40  341  175  -89.7973   40.8063  -25.7825
   41  340  175  -89.7939   40.8111  -25.7823
   42  342  175  -89.7933   40.8053  -25.7815
   43  338  176  -89.7743   40.8277  -25.7775
   44  337  176  -89.7750   40.8304  -25.7780
   45  336  176  -89.7999   40.8211  -25.7814
   46  339  176  -89.7870   40.8182  -25.7788
   47  335  177  -89.7771   40.8361  -25.7761
   48  334  177  -89.7699   40.8428  -25.7756
   49  333  177  -89.7654   40.8481  -25.7753
   50  331  178  -89.7637   40.8556  -25.7732
   51  332  178  -89.7690   40.8499  -25.7736
   52  330  179  -89.7637   40.8592  -25.7708
   53  329  179  -89.7760   40.8562  -25.7727
   54  331  179  -89.7606   40.8577  -25.7701
   55  327  180  -89.7579   40.8719  -25.7682
   56  327  181  -89.7586   40.8722  -25.7654
   57  326  181  -89.7515   40.8788  -25.7648
   58  325  181  -89.7494   40.8829  -25.7649
   59  324  182  -89.7486   40.8869  -25.7623
   60  325  182  -89.7471   40.8846  -25.7617
   61  322  183  -89.7371   40.8993  -25.7588
   62  321  183  -89.7296   40.9061  -25.7583
   63  320  183  -89.7291   40.9094  -25.7585
   64  323  183  -89.7249   40.9023  -25.7569
   65  318  184  -89.7188   40.9211  -25.7552
   66  319  184  -89.7338   40.9106  -25.7568
   67  318  185  -89.7121   40.9250  -25.7515
   68  317  185  -89.7183   40.9250  -25.7528
   69  316  186  -89.7158   40.9299  -25.7499
   70  317  186  -89.7133   40.9280  -25.7492
   71  314  188  -89.7386   40.9258  -25.7480
   72  315  188  -89.7341   40.9249  -25.7471
   73  312  189  -89.7394   40.9321  -25.7460
   74  313  189  -89.7356   40.9309  -25.7453

    1  382  153  -89.9264   40.6000  -25.8473
    2  381  153  -89.9252   40.6038  -25.8475
    3  383  153  -89.9286   40.5957  -25.8473
    4  380  155  -89.8979   40.6222  -25.8385
    5  379  155  -89.8967   40.6259  -25.8387
    6  381  155  -89.8872   40.6245  -25.8367
    7  384  155  -89.8842   40.6166  -25.8351
    8  385  155  -89.8866   40.6122  -25.8351
    9  386  155  -89.8900   40.6074  -25.8351
   10  387  155  -89.8864   40.6061  -25.8344
   11  388  155  -89.8829   40.6047  -25.8336
   12  389  156  -89.8899   40.5986  -25.8312
   13  390  156  -89.8841   40.5984  -25.8302
   14  378  156  -89.9081   40.6238  -25.8376
   15  377  156  -89.8966   40.6329  -25.8365
   16  379  156  -89.8853   40.6324  -25.8343
   17  377  157  -89.9007   40.6313  -25.8342
   18  392  157  -89.8669   40.6015  -25.8245
   19  375  157  -89.8815   40.6474  -25.8323
   20  391  157  -89.8749   40.6006  -25.8257
   21  376  157  -89.8790   40.6456  -25.8316
   22  393  157  -89.8667   40.5984  -25.8241
   23  397  158  -89.8887   40.5751  -25.8227
   24  394  158  -89.8833   40.5874  -25.8230
   25  393  158  -89.8798   40.5923  -25.8228
   26  395  158  -89.8708   40.5907  -25.8210
   27  396  158  -89.8833   40.5811  -25.8224
   28  375  158  -89.8847   40.6464  -25.8299
   29  374  158  -89.9018   40.6408  -25.8326
   30  373  158  -89.9074   40.6410  -25.8338
   31  373  159  -89.9020   40.6444  -25.8302
   32  371  160  -89.8839   40.6605  -25.8256
   33  370  160  -89.8643   40.6736  -25.8233
   34  372  160  -89.8954   40.6515  -25.8268
   35  368  161  -89.9050   40.6597  -25.8267
   36  369  161  -89.9113   40.6533  -25.8272
   37  366  162  -89.9065   40.6658  -25.8247
   38  365  162  -89.9100   40.6672  -25.8255
   39  363  162  -89.8851   40.6861  -25.8230
   40  364  162  -89.8923   40.6793  -25.8236
   41  361  163  -89.8501   40.7107  -25.8160
   42  360  164  -89.8844   40.6970  -25.8182
   43  359  164  -89.8714   40.7067  -25.8168
   44  358  164  -89.8619   40.7147  -25.8159
   45  361  164  -89.8871   40.6925  -25.8182
   46  356  165  -89.8557   40.7246  -25.8129
   47  355  165  -89.8532   40.7290  -25.8129
   48  357  165  -89.8710   40.7138  -25.8146
   49  355  166  -89.8858   40.7131  -25.8144
   50  354  166  -89.8589   40.7298  -25.8113
   51  353  166  -89.8744   40.7251  -25.8137
   52  350  167  -89.8205   40.7622  -25.8047
   53  349  167  -89.8721   40.7393  -25.8118
   54  351  167  -89.8243   40.7572  -25.8048
   55  348  168  -89.8419   40.7582  -25.8055
   56  347  168  -89.8489   40.7578  -25.8067
   57  346  168  -89.8584   40.7561  -25.8083
   58  349  168  -89.8485   40.7518  -25.8059
   59  345  169  -89.8393   40.7694  -25.8033
   60  344  169  -89.8470   40.7686  -25.8047
   61  343  169  -89.8528   40.7689  -25.8057
   62  342  169  -89.8525   40.7721  -25.8061
   63  340  170  -89.8579   40.7762  -25.8046
   64  338  170  -89.8525   40.7851  -25.8047
   65  341  170  -89.8543   40.7749  -25.8038
   66  337  171  -89.8340   40.7980  -25.7998
   67  336  171  -89.8462   40.7950  -25.8017
   68  338  171  -89.8465   40.7887  -25.8010
   69  335  172  -89.8134   40.8151  -25.7949
   70  334  172  -89.8368   40.8065  -25.7983
   71  333  172  -89.8247   40.8156  -25.7971
   72  332  173  -89.8192   40.8220  -25.7939
   73  331  173  -89.7925   40.8384  -25.7908
   74  333  173  -89.7940   40.8315  -25.7902
   75  330  174  -89.7589   40.8589  -25.7839
   76  329  174  -89.7542   40.8643  -25.7837
   77  328  174  -89.7504   40.8693  -25.7835
   78  331  174  -89.7852   40.8427  -25.7870

    1  360  244  -89.5115   40.9309  -25.5497
    2  361  244  -89.5219   40.9227  -25.5505
    3  359  245  -89.5123   40.9341  -25.5474
    4  358  245  -89.5216   40.9324  -25.5488
    5  357  245  -89.5051   40.9437  -25.5474
    6  356  245  -89.4954   40.9516  -25.5467
    7  360  245  -89.5057   40.9344  -25.5464
    8  354  246  -89.4852   40.9633  -25.5435
    9  353  246  -89.5144   40.9517  -25.5471
   10  352  246  -89.5126   40.9555  -25.5473
   11  351  246  -89.5177   40.9560  -25.5484
   12  350  246  -89.5068   40.9644  -25.5474
   13  349  246  -89.5191   40.9613  -25.5492
   14  348  246  -89.5335   40.9571  -25.5512
   15  347  246  -89.5426   40.9556  -25.5525
   16  346  246  -89.5349   40.9624  -25.5520
   17  343  247  -89.5361   40.9714  -25.5505
   18  345  247  -89.5312   40.9679  -25.5493
   19  343  248  -89.5374   40.9713  -25.5479
   20  342  248  -89.5421   40.9720  -25.5488
   21  341  248  -89.5411   40.9755  -25.5490
   22  339  249  -89.5460   40.9796  -25.5477
   23  340  249  -89.5307   40.9842  -25.5456
   24  337  250  -89.5571   40.9807  -25.5469
   25  336  250  -89.5656   40.9794  -25.5483
   26  338  250  -89.5382   40.9871  -25.5444
   27  335  251  -89.5659   40.9829  -25.5459
   28  334  251  -89.5527   40.9924  -25.5448
   29  336  251  -89.5493   40.9881  -25.5436
   30  332  252  -89.5613   40.9947  -25.5438
   31  331  252  -89.5510   41.0028  -25.5430
   32  330  252  -89.5853   40.9889  -25.5470
   33  329  252  -89.5408   41.0139  -25.5426
   34  326  253  -89.5228   41.0323  -25.5390
   35  325  253  -89.5325   41.0305  -25.5403
   36  324  253  -89.5094   41.0449  -25.5381
   37  327  253  -89.5282   41.0267  -25.5392
   38  323  254  -89.4968   41.0547  -25.5343
   39  324  254  -89.4976   41.0513  -25.5341
   40  321  255  -89.4962   41.0614  -25.5324
   41  322  255  -89.4858   41.0636  -25.5308

    1  370  310  -89.4512   40.9679  -25.3606
    2  371  310  -89.4426   40.9692  -25.3594
    3  368  311  -89.4504   40.9748  -25.3586
    4  367  311  -89.4497   40.9781  -25.3590
    5  366  311  -89.4515   40.9802  -25.3596
    6  369  311  -89.4552   40.9694  -25.3587
    7  366  312  -89.4393   40.9869  -25.3556
    8  365  312  -89.4436   40.9877  -25.3564
    9  364  312  -89.4364   40.9943  -25.3561
   10  363  312  -89.4459   40.9926  -25.3574
   11  362  312  -89.4593   40.9888  -25.3592
   12  361  312  -89.4532   40.9948  -25.3589
   13  360  312  -89.4272   41.0108  -25.3569
   14  358  313  -89.4179   41.0220  -25.3540
   15  359  313  -89.4250   41.0154  -25.3544
   16  358  314  -89.4464   41.0083  -25.3540
   17  357  314  -89.4404   41.0143  -25.3538
   19  355  315  -89.4509   41.0156  -25.3529
   20  356  315  -89.4493   41.0133  -25.3524
   21  353  316  -89.4664   41.0143  -25.3524
   22  354  316  -89.4616   41.0137  -25.3516
   23  352  317  -89.4734   41.0144  -25.3509
   24  351  317  -89.4725   41.0178  -25.3511
   25  350  317  -89.4637   41.0252  -25.3507
   26  349  317  -89.4524   41.0338  -25.3499
   27  348  317  -89.4504   41.0377  -25.3501
   28  347  317  -89.4511   41.0404  -25.3505
   29  345  318  -89.4596   41.0426  -25.3495
   30  344  318  -89.4469   41.0519  -25.3487
   31  346  318  -89.4591   41.0399  -25.3490
   32  343  319  -89.4434   41.0571  -25.3461
   33  342  319  -89.4434   41.0601  -25.3465
   34  341  319  -89.4566   41.0565  -25.3482
   35  340  319  -89.4380   41.0687  -25.3467
   36  344  319  -89.4494   41.0512  -25.3462

    1  274  261  -89.5885   41.1598  -25.5437
    2  275  261  -89.5942   41.1540  -25.5440
    3  273  262  -89.5903   41.1624  -25.5415
    4  274  262  -89.5933   41.1580  -25.5415
    5  272  263  -89.5879   41.1671  -25.5389
    6  271  263  -89.5820   41.1729  -25.5386
    7  270  263  -89.5876   41.1732  -25.5395
    8  268  263  -89.5977   41.1743  -25.5414
    9  267  264  -89.5873   41.1828  -25.5378
   10  268  264  -89.5897   41.1787  -25.5377
   11  266  265  -89.5910   41.1846  -25.5358
   12  265  265  -89.5995   41.1835  -25.5371
   13  264  265  -89.5943   41.1890  -25.5368
   14  263  265  -89.6002   41.1891  -25.5379
   15  262  265  -89.6032   41.1906  -25.5387
   16  261  265  -89.6112   41.1898  -25.5400
   17  260  265  -89.5978   41.1991  -25.5388
   18  259  265  -89.5938   41.2040  -25.5388
   19  258  266  -89.5822   41.2130  -25.5352
   20  259  266  -89.5906   41.2061  -25.5358
   21  256  267  -89.5489   41.2353  -25.5296
   22  255  267  -89.5433   41.2409  -25.5293
   23  257  267  -89.5642   41.2250  -25.5309
   24  254  268  -89.5418   41.2451  -25.5267
   25  253  268  -89.5295   41.2539  -25.5257
   26  252  269  -89.5260   41.2590  -25.5229
   27  253  269  -89.5418   41.2486  -25.5244
   28  250  270  -89.5018   41.2769  -25.5184
   29  251  270  -89.5083   41.2709  -25.5188
   30  248  271  -89.4898   41.2890  -25.5152
   31  249  271  -89.4921   41.2849  -25.5150
   32  250  271  -89.4970   41.2796  -25.5153
   33  247  272  -89.4935   41.2907  -25.5132
   34  248  272  -89.5195   41.2755  -25.5156
   35  245  273  -89.4900   41.2987  -25.5107
   36  246  273  -89.4802   41.3004  -25.5094
   37  245  274  -89.4725   41.3075  -25.5062
   38  244  274  -89.4850   41.3046  -25.5080
   39  243  274  -89.4948   41.3029  -25.5095
   40  242  274  -89.4875   41.3092  -25.5090
   41  226  274  -89.4696   41.3644  -25.5127
   42  225  274  -89.4721   41.3661  -25.5134
   43  226  275  -89.4745   41.3625  -25.5107
   44  242  275  -89.4789   41.3138  -25.5054
   45  241  275  -89.4811   41.3157  -25.5060
   46  240  275  -89.4982   41.3106  -25.5082
   47  228  276  -89.4854   41.3522  -25.5084
   48  227  276  -89.4867   41.3545  -25.5089
   49  239  276  -89.5237   41.3020  -25.5086
   50  240  276  -89.5062   41.3073  -25.5064
   51  237  277  -89.5063   41.3166  -25.5048
   52  236  277  -89.5155   41.3152  -25.5062
   53  238  277  -89.5213   41.3067  -25.5061
   54  229  277  -89.4728   41.3557  -25.5039
   55  230  277  -89.5017   41.3393  -25.5068
   56  232  278  -89.4846   41.3419  -25.5016
   57  234  278  -89.5008   41.3285  -25.5025
   58  235  278  -89.4940   41.3288  -25.5014
   59  236  278  -89.5041   41.3211  -25.5022
   60  233  278  -89.4960   41.3337  -25.5024
   61  231  278  -89.4645   41.3543  -25.4996

    1  386  151  -89.9671   40.5652  -25.8574
    2  385  151  -89.9868   40.5583  -25.8603
    3  384  151  -89.9855   40.5622  -25.8604
    4  383  151  -89.9879   40.5640  -25.8611
    5  382  151  -89.9823   40.5701  -25.8607
    6  387  151  -89.9653   40.5630  -25.8567
    7  381  152  -89.9510   40.5900  -25.8538
    8  382  152  -89.9465   40.5891  -25.8530
    9  381  153  -89.9252   40.6038  -25.8475
   10  380  153  -89.9211   40.6091  -25.8473
   11  379  153  -89.9219   40.6118  -25.8478
   12  378  153  -89.9317   40.6099  -25.8495
   13  377  153  -89.9169   40.6207  -25.8478
   14  376  153  -89.9137   40.6255  -25.8477
   15  375  153  -89.9250   40.6228  -25.8495
   16  374  154  -89.9153   40.6315  -25.8458
   17  373  154  -89.9068   40.6390  -25.8451
   18  372  154  -89.9032   40.6440  -25.8449
   19  375  154  -89.9070   40.6326  -25.8444
   20  371  155  -89.9014   40.6487  -25.8420
   21  370  155  -89.9054   40.6497  -25.8430
   22  369  155  -89.9064   40.6524  -25.8435
   23  368  155  -89.9001   40.6587  -25.8431
   24  367  156  -89.8929   40.6661  -25.8396
   25  366  156  -89.8874   40.6720  -25.8393
   26  365  156  -89.9021   40.6677  -25.8415
   27  368  156  -89.8919   40.6635  -25.8391
   28  364  157  -89.9048   40.6700  -25.8394
   29  365  157  -89.8871   40.6759  -25.8367
   30  364  158  -89.8893   40.6785  -25.8345
   31  363  158  -89.8949   40.6788  -25.8356
   32  362  158  -89.8815   40.6887  -25.8341
   33  361  158  -89.8895   40.6878  -25.8356
   34  359  159  -89.8827   40.6981  -25.8325
   35  360  159  -89.8776   40.6975  -25.8315
   36  358  160  -89.8565   40.7151  -25.8265
   37  359  160  -89.8722   40.7040  -25.8283
   38  357  161  -89.8882   40.7027  -25.8284
   39  356  161  -89.9282   40.6855  -25.8341
   40  355  161  -89.9079   40.6989  -25.8317
   41  354  161  -89.9279   40.6919  -25.8348
   42  353  161  -89.9221   40.6981  -25.8343
   43  350  162  -89.9368   40.7006  -25.8346
   44  351  162  -89.9448   40.6934  -25.8353
   45  352  162  -89.9062   40.7097  -25.8298
   46  349  163  -89.8956   40.7251  -25.8266
   47  348  163  -89.8989   40.7265  -25.8275
   48  350  163  -89.9054   40.7170  -25.8275
   49  346  164  -89.9089   40.7284  -25.8264
   50  345  164  -89.9055   40.7332  -25.8263
   51  343  164  -89.9107   40.7368  -25.8277
   52  348  164  -89.9032   40.7250  -25.8251
   53  343  165  -89.8971   40.7442  -25.8231
   54  342  165  -89.8860   40.7529  -25.8219
   55  341  165  -89.8837   40.7572  -25.8219
   56  340  165  -89.8901   40.7571  -25.8232
   57  338  166  -89.8890   40.7645  -25.8208
   58  337  166  -89.9176   40.7533  -25.8249
   59  339  166  -89.8892   40.7613  -25.8206
   60  336  167  -89.8945   40.7685  -25.8194
   61  337  167  -89.8939   40.7657  -25.8190
   62  334  168  -89.8932   40.7760  -25.8172
   63  332  168  -89.8821   40.7877  -25.8166
   64  335  168  -89.8972   40.7708  -25.8174
   65  332  169  -89.8618   40.7985  -25.8109
   66  331  169  -89.8878   40.7886  -25.8146
   67  330  169  -89.8712   40.8000  -25.8128
   68  330  170  -89.8416   40.8153  -25.8061
   69  329  170  -89.8344   40.8220  -25.8054
   70  328  170  -89.8313   40.8266  -25.8054
   71  327  170  -89.8226   40.8340  -25.8047
   72  326  170  -89.8082   40.8443  -25.8032
   73  325  170  -89.8000   40.8514  -25.8025
   74  323  171  -89.7737   40.8713  -25.7968
   75  322  171  -89.7920   40.8652  -25.7996
   76  321  171  -89.7762   40.8761  -25.7979
   77  324  171  -89.7956   40.8573  -25.7995
   78  321  172  -89.7647   40.8824  -25.7936
   79  320  172  -89.7668   40.8845  -25.7942
   80  319  172  -89.7643   40.8887  -25.7942
   81  318  172  -89.7789   40.8846  -25.7964
   82  317  172  -89.7742   40.8900  -25.7962
   83  315  173  -89.7843   40.8918  -25.7953
   84  313  174  -89.7564   40.9122  -25.7895
   85  314  174  -89.7603   40.9072  -25.7897
   86  310  175  -89.7485   40.9258  -25.7868
   87  310  176  -89.7439   40.9286  -25.7835

     1  426  180  -89.7203   40.5847  -25.7281
     2  425  180  -89.7351   40.5801  -25.7303
     3  424  180  -89.7372   40.5821  -25.7310
     4  423  180  -89.7268   40.5907  -25.7300
     5  427  180  -89.7105   40.5867  -25.7265
     6  423  181  -89.7391   40.5848  -25.7287
     7  422  181  -89.6964   40.6103  -25.7237
     8  421  181  -89.7238   40.5990  -25.7276
     9  420  181  -89.7002   40.6145  -25.7249
    10  419  181  -89.7156   40.6096  -25.7272
    11  418  181  -89.6981   40.6218  -25.7253
    12  417  181  -89.6901   40.6292  -25.7245
    13  416  181  -89.7114   40.6211  -25.7278
    14  416  182  -89.6996   40.6279  -25.7233
    15  415  182  -89.6819   40.6402  -25.7215
    16  414  182  -89.7100   40.6287  -25.7254
    17  413  182  -89.6997   40.6372  -25.7245
    18  412  182  -89.7249   40.6272  -25.7280
    19  411  182  -89.7258   40.6298  -25.7285
    20  410  183  -89.7104   40.6415  -25.7241
    21  409  183  -89.6987   40.6507  -25.7230
    22  411  183  -89.7102   40.6385  -25.7238
    23  407  184  -89.7138   40.6497  -25.7227
    24  408  184  -89.7065   40.6503  -25.7213
    25  406  185  -89.7187   40.6508  -25.7209
    26  405  185  -89.7111   40.6578  -25.7203
    27  404  185  -89.7118   40.6606  -25.7208
    28  403  186  -89.7296   40.6551  -25.7205
    29  402  186  -89.7234   40.6614  -25.7200
    30  401  186  -89.7291   40.6615  -25.7212
    31  400  186  -89.7179   40.6704  -25.7203
    32  399  186  -89.7274   40.6686  -25.7218
    33  398  186  -89.7320   40.6693  -25.7228
    34  396  186  -89.7217   40.6808  -25.7222
    35  395  186  -89.7300   40.6797  -25.7236
    36  394  186  -89.7307   40.6824  -25.7241
    37  393  187  -89.7305   40.6862  -25.7215
    38  393  188  -89.7196   40.6924  -25.7174
    39  392  188  -89.7125   40.6991  -25.7168
    40  391  188  -89.7023   40.7075  -25.7159
    41  390  189  -89.6916   40.7167  -25.7121
    42  389  189  -89.6984   40.7163  -25.7133
    43  388  189  -89.6871   40.7252  -25.7123
    44  391  189  -89.6941   40.7123  -25.7121
    45  388  190  -89.6812   40.7287  -25.7087
    46  387  190  -89.6912   40.7267  -25.7103
    47  386  191  -89.6950   40.7284  -25.7084
    48  385  191  -89.6649   40.7469  -25.7049
    49  387  191  -89.6854   40.7302  -25.7069
    50  385  192  -89.6542   40.7530  -25.7008
    51  379  192  -89.6645   40.7662  -25.7041
    52  380  192  -89.6579   40.7665  -25.7031
    53  381  192  -89.6486   40.7682  -25.7016
    54  382  192  -89.6516   40.7636  -25.7016
    55  383  192  -89.6518   40.7604  -25.7013
    56  384  192  -89.6646   40.7508  -25.7025
    57  379  193  -89.6525   40.7729  -25.6999
    58  378  193  -89.6289   40.7880  -25.6975
    59  377  193  -89.6384   40.7862  -25.6991
    60  376  193  -89.6437   40.7866  -25.6999
    61  375  193  -89.6500   40.7865  -25.7011
    62  374  194  -89.6333   40.7985  -25.6968
    63  373  194  -89.6371   40.7997  -25.6975
    64  372  194  -89.6416   40.8005  -25.6984
    65  375  194  -89.6384   40.7929  -25.6971
    66  372  195  -89.6363   40.8037  -25.6950
    67  371  195  -89.6260   40.8121  -25.6940
    68  370  195  -89.6219   40.8172  -25.6939
    69  369  195  -89.6308   40.8158  -25.6953
    70  368  195  -89.6452   40.8115  -25.6975
    71  366  196  -89.6448   40.8183  -25.6954
    72  367  196  -89.6386   40.8185  -25.6942
    73  365  197  -89.6388   40.8250  -25.6922
    74  364  197  -89.6309   40.8321  -25.6916
    75  366  197  -89.6400   40.8214  -25.6920
    76  362  198  -89.6283   40.8401  -25.6893
    77  361  198  -89.6441   40.8351  -25.6916
    78  363  198  -89.6350   40.8336  -25.6897
    79  361  199  -89.6398   40.8379  -25.6882
    80  360  199  -89.6423   40.8397  -25.6888
    81  359  199  -89.6491   40.8393  -25.6900
    82  358  199  -89.6401   40.8469  -25.6893
    83  356  200  -89.6463   40.8504  -25.6881
    84  354  200  -89.6444   40.8575  -25.6885
    85  357  200  -89.6353   40.8529  -25.6864
    86  354  201  -89.6461   40.8572  -25.6860
    87  353  201  -89.6560   40.8552  -25.6876
    88  352  201  -89.6520   40.8603  -25.6874
    89  350  202  -89.6469   40.8695  -25.6849
    90  349  202  -89.6519   40.8701  -25.6858
    91  351  202  -89.6398   40.8701  -25.6835
    92  347  203  -89.6503   40.8775  -25.6835
    93  346  203  -89.6391   40.8862  -25.6824
    94  345  203  -89.6493   40.8841  -25.6841
    95  344  203  -89.6428   40.8905  -25.6836
    96  343  204  -89.6458   40.8926  -25.6814
    97  342  204  -89.6427   40.8972  -25.6815
    98  344  204  -89.6341   40.8954  -25.6796
    99  339  205  -89.6275   40.9145  -25.6777
   100  339  206  -89.6406   40.9084  -25.6769
   101  338  206  -89.6545   40.9045  -25.6791
   102  337  206  -89.6745   40.8975  -25.6819
   103  336  206  -89.6488   40.9135  -25.6789
   104  334  207  -89.6427   40.9232  -25.6759
   105  333  207  -89.6546   40.9203  -25.6780
   106  335  207  -89.6379   40.9225  -25.6753
