; ENVI Output of ROIs (5.4) [Tue Aug 06 21:04:11 2019]
; Number of ROIs: 9
; File Dimension: 1152 x 432
;
; ROI name: Region #1
; ROI rgb value: {255, 0, 0}
; ROI npts: 96
;
; ROI name: Region #2
; ROI rgb value: {0, 255, 0}
; ROI npts: 82
;
; ROI name: Region #3
; ROI rgb value: {0, 0, 255}
; ROI npts: 74
;
; ROI name: Region #4
; ROI rgb value: {255, 255, 0}
; ROI npts: 78
;
; ROI name: Region #5
; ROI rgb value: {0, 255, 255}
; ROI npts: 41
;
; ROI name: Region #6
; ROI rgb value: {255, 0, 255}
; ROI npts: 36
;
; ROI name: Region #7
; ROI rgb value: {176, 48, 96}
; ROI npts: 61
;
; ROI name: Region #8
; ROI rgb value: {46, 139, 87}
; ROI npts: 87
;
; ROI name: Region #9
; ROI rgb value: {160, 32, 240}
; ROI npts: 106
;  ID    X    Y      B1      B2      B3
    1  418  178  0.0379  0.0195  0.0050
    2  417  178  0.0379  0.0194  0.0050
    3  416  178  0.0379  0.0194  0.0050
    4  415  178  0.0380  0.0195  0.0050
    5  414  178  0.0379  0.0194  0.0050
    6  413  178  0.0379  0.0194  0.0050
    7  411  178  0.0379  0.0194  0.0050
    8  410  178  0.0378  0.0193  0.0050
    9  409  178  0.0381  0.0194  0.0050
   10  409  179  0.0379  0.0194  0.0050
   11  408  179  0.0379  0.0193  0.0050
   12  407  179  0.0378  0.0193  0.0050
   13  405  180  0.0378  0.0192  0.0050
   14  404  180  0.0377  0.0192  0.0050
   15  403  180  0.0378  0.0192  0.0050
   16  402  180  0.0379  0.0193  0.0050
   17  406  180  0.0378  0.0192  0.0050
   18  400  181  0.0379  0.0193  0.0050
   19  399  181  0.0380  0.0193  0.0050
   20  398  181  0.0379  0.0193  0.0050
   21  397  181  0.0379  0.0192  0.0050
   22  395  181  0.0379  0.0192  0.0050
   23  395  182  0.0378  0.0192  0.0050
   24  394  182  0.0378  0.0191  0.0050
   25  393  182  0.0378  0.0191  0.0050
   26  392  182  0.0377  0.0191  0.0050
   27  391  182  0.0378  0.0191  0.0050
   28  389  183  0.0377  0.0191  0.0050
   29  388  183  0.0378  0.0191  0.0050
   30  387  183  0.0378  0.0191  0.0050
   31  390  183  0.0378  0.0191  0.0050
   32  386  184  0.0377  0.0190  0.0050
   33  385  184  0.0376  0.0189  0.0049
   34  384  184  0.0377  0.0190  0.0050
   35  383  185  0.0376  0.0189  0.0049
   36  382  186  0.0375  0.0188  0.0049
   37  378  188  0.0373  0.0187  0.0049
   38  376  188  0.0373  0.0187  0.0049
   39  379  188  0.0373  0.0187  0.0049
   40  376  189  0.0372  0.0187  0.0049
   41  375  189  0.0373  0.0187  0.0049
   42  374  190  0.0373  0.0187  0.0049
   43  373  190  0.0372  0.0186  0.0049
   44  372  190  0.0373  0.0186  0.0049
   45  369  190  0.0372  0.0186  0.0049
   46  371  190  0.0372  0.0186  0.0049
   47  367  191  0.0371  0.0185  0.0048
   48  368  191  0.0371  0.0185  0.0048
   49  369  191  0.0371  0.0185  0.0049
   50  364  191  0.0369  0.0184  0.0048
   51  366  191  0.0371  0.0185  0.0048
   52  365  191  0.0369  0.0184  0.0048
   53  362  192  0.0368  0.0183  0.0048
   54  361  192  0.0369  0.0183  0.0048
   55  363  192  0.0369  0.0184  0.0048
   56  360  193  0.0370  0.0184  0.0048
   57  359  193  0.0369  0.0183  0.0048
   58  361  193  0.0368  0.0183  0.0048
   59  357  194  0.0371  0.0184  0.0048
   60  358  194  0.0370  0.0184  0.0048
   61  356  195  0.0370  0.0183  0.0048
   62  355  195  0.0370  0.0183  0.0048
   63  354  195  0.0371  0.0184  0.0048
   64  353  195  0.0371  0.0183  0.0048
   65  352  195  0.0371  0.0183  0.0048
   66  350  196  0.0371  0.0183  0.0048
   67  349  196  0.0370  0.0183  0.0048
   68  351  196  0.0371  0.0183  0.0048
   69  349  197  0.0370  0.0183  0.0048
   70  348  197  0.0370  0.0183  0.0048
   71  346  197  0.0371  0.0183  0.0048
   72  345  197  0.0371  0.0182  0.0048
   73  344  197  0.0371  0.0182  0.0048
   74  343  197  0.0374  0.0184  0.0048
   75  342  198  0.0369  0.0181  0.0048
   76  341  198  0.0371  0.0182  0.0048
   77  339  199  0.0369  0.0181  0.0048
   78  338  199  0.0367  0.0180  0.0048
   79  341  199  0.0368  0.0181  0.0048
   80  336  200  0.0368  0.0180  0.0048
   81  337  200  0.0367  0.0180  0.0048
   82  335  201  0.0369  0.0181  0.0048
   83  334  201  0.0369  0.0180  0.0048
   84  336  201  0.0369  0.0181  0.0048
   85  333  202  0.0369  0.0180  0.0048
   86  332  202  0.0369  0.0180  0.0048
   87  331  202  0.0368  0.0180  0.0047
   88  330  202  0.0367  0.0179  0.0047
   89  329  203  0.0368  0.0179  0.0047
   90  328  203  0.0368  0.0179  0.0047
   91  330  203  0.0368  0.0180  0.0047
   92  326  204  0.0368  0.0179  0.0047
   93  325  204  0.0368  0.0179  0.0047
   94  324  204  0.0367  0.0179  0.0047
   95  323  204  0.0368  0.0179  0.0047
   96  327  204  0.0368  0.0179  0.0047

    1  402  170  0.0381  0.0194  0.0051
    2  401  170  0.0382  0.0194  0.0051
    3  400  170  0.0382  0.0194  0.0051
    4  399  170  0.0382  0.0194  0.0051
    5  398  170  0.0382  0.0194  0.0051
    6  403  170  0.0382  0.0194  0.0051
    7  398  171  0.0381  0.0194  0.0051
    8  397  171  0.0381  0.0194  0.0051
    9  396  171  0.0381  0.0193  0.0051
   10  395  171  0.0381  0.0193  0.0051
   11  394  171  0.0381  0.0193  0.0051
   12  393  171  0.0381  0.0193  0.0051
   13  392  171  0.0380  0.0193  0.0051
   14  391  171  0.0380  0.0193  0.0051
   15  390  172  0.0381  0.0193  0.0051
   16  389  172  0.0382  0.0193  0.0051
   17  388  172  0.0382  0.0193  0.0051
   18  387  172  0.0380  0.0192  0.0051
   19  386  172  0.0380  0.0192  0.0051
   20  385  172  0.0381  0.0192  0.0051
   21  385  173  0.0381  0.0192  0.0051
   22  384  173  0.0383  0.0193  0.0051
   23  383  173  0.0381  0.0192  0.0051
   24  382  173  0.0381  0.0192  0.0051
   25  381  173  0.0383  0.0193  0.0051
   26  380  173  0.0383  0.0193  0.0052
   27  379  173  0.0381  0.0191  0.0051
   28  377  174  0.0381  0.0191  0.0051
   29  379  174  0.0381  0.0192  0.0051
   30  377  175  0.0378  0.0190  0.0051
   31  376  175  0.0380  0.0191  0.0051
   32  375  175  0.0383  0.0192  0.0051
   33  373  176  0.0380  0.0190  0.0051
   34  372  176  0.0380  0.0190  0.0051
   35  371  176  0.0380  0.0190  0.0051
   36  374  176  0.0379  0.0190  0.0051
   37  369  177  0.0379  0.0189  0.0051
   38  367  178  0.0379  0.0189  0.0050
   39  368  178  0.0378  0.0189  0.0050
   40  352  184  0.0373  0.0185  0.0050
   41  351  184  0.0374  0.0185  0.0050
   42  349  185  0.0373  0.0184  0.0049
   43  348  185  0.0374  0.0184  0.0049
   44  347  185  0.0373  0.0184  0.0049
   45  351  185  0.0373  0.0185  0.0049
   46  345  186  0.0372  0.0184  0.0049
   47  344  186  0.0372  0.0183  0.0049
   48  346  186  0.0372  0.0184  0.0049
   49  343  187  0.0372  0.0183  0.0049
   50  342  187  0.0372  0.0183  0.0049
   51  341  187  0.0373  0.0183  0.0049
   52  340  187  0.0373  0.0183  0.0049
   53  339  187  0.0373  0.0183  0.0049
   54  338  187  0.0373  0.0183  0.0049
   55  337  188  0.0373  0.0183  0.0049
   56  336  188  0.0372  0.0183  0.0049
   57  338  188  0.0372  0.0183  0.0049
   58  335  189  0.0374  0.0183  0.0049
   59  334  189  0.0372  0.0182  0.0049
   60  336  189  0.0374  0.0183  0.0049
   61  334  190  0.0372  0.0182  0.0049
   62  333  190  0.0372  0.0182  0.0049
   63  332  190  0.0372  0.0182  0.0049
   64  331  191  0.0371  0.0181  0.0049
   65  332  191  0.0371  0.0182  0.0049
   66  330  192  0.0371  0.0181  0.0049
   67  328  193  0.0371  0.0181  0.0049
   68  327  193  0.0371  0.0181  0.0049
   69  329  193  0.0371  0.0181  0.0049
   70  326  194  0.0370  0.0181  0.0049
   71  327  194  0.0370  0.0181  0.0048
   72  326  195  0.0370  0.0180  0.0048
   73  325  195  0.0370  0.0180  0.0048
   74  324  195  0.0370  0.0180  0.0048
   75  323  195  0.0370  0.0180  0.0048
   76  322  196  0.0371  0.0180  0.0048
   77  321  196  0.0370  0.0180  0.0048
   78  323  196  0.0370  0.0180  0.0048
   79  319  197  0.0369  0.0179  0.0048
   80  321  197  0.0370  0.0180  0.0048
   81  318  198  0.0370  0.0179  0.0048
   82  319  198  0.0369  0.0179  0.0048

    1  378  162  0.0385  0.0194  0.0053
    2  379  162  0.0385  0.0194  0.0053
    3  377  163  0.0384  0.0193  0.0052
    4  376  163  0.0383  0.0192  0.0052
    5  378  163  0.0385  0.0193  0.0052
    6  376  164  0.0383  0.0192  0.0052
    7  375  164  0.0383  0.0193  0.0052
    8  373  165  0.0381  0.0191  0.0052
    9  374  165  0.0382  0.0192  0.0052
   10  371  166  0.0380  0.0190  0.0052
   11  370  167  0.0380  0.0190  0.0052
   12  369  167  0.0381  0.0191  0.0052
   13  371  167  0.0380  0.0190  0.0052
   14  368  168  0.0378  0.0189  0.0051
   15  367  168  0.0378  0.0189  0.0051
   16  366  168  0.0378  0.0189  0.0051
   17  365  168  0.0379  0.0189  0.0051
   18  364  168  0.0380  0.0190  0.0052
   19  362  169  0.0382  0.0190  0.0052
   20  361  169  0.0381  0.0190  0.0052
   21  360  169  0.0382  0.0190  0.0052
   22  363  169  0.0381  0.0190  0.0052
   23  358  170  0.0382  0.0190  0.0052
   24  357  170  0.0381  0.0189  0.0052
   25  356  170  0.0381  0.0189  0.0052
   26  359  170  0.0382  0.0190  0.0052
   27  355  171  0.0382  0.0189  0.0052
   28  354  171  0.0381  0.0189  0.0051
   29  353  172  0.0381  0.0189  0.0052
   30  354  172  0.0381  0.0189  0.0051
   31  351  173  0.0381  0.0189  0.0051
   32  349  173  0.0382  0.0189  0.0052
   33  348  173  0.0381  0.0188  0.0051
   34  347  173  0.0380  0.0188  0.0051
   35  352  173  0.0381  0.0189  0.0051
   36  343  174  0.0378  0.0187  0.0051
   37  344  174  0.0379  0.0187  0.0051
   38  345  174  0.0379  0.0187  0.0051
   39  346  174  0.0379  0.0187  0.0051
   40  341  175  0.0379  0.0187  0.0051
   41  340  175  0.0378  0.0186  0.0051
   42  342  175  0.0378  0.0186  0.0051
   43  338  176  0.0376  0.0185  0.0051
   44  337  176  0.0376  0.0185  0.0051
   45  336  176  0.0377  0.0185  0.0051
   46  339  176  0.0377  0.0185  0.0051
   47  335  177  0.0376  0.0184  0.0051
   48  334  177  0.0376  0.0184  0.0050
   49  333  177  0.0375  0.0184  0.0050
   50  331  178  0.0376  0.0184  0.0050
   51  332  178  0.0377  0.0184  0.0050
   52  330  179  0.0376  0.0184  0.0050
   53  329  179  0.0376  0.0184  0.0050
   54  331  179  0.0376  0.0184  0.0050
   55  327  180  0.0374  0.0183  0.0050
   56  327  181  0.0374  0.0183  0.0050
   57  326  181  0.0373  0.0182  0.0050
   58  325  181  0.0373  0.0182  0.0050
   59  324  182  0.0373  0.0182  0.0050
   60  325  182  0.0372  0.0182  0.0050
   61  322  183  0.0372  0.0181  0.0050
   62  321  183  0.0372  0.0181  0.0050
   63  320  183  0.0372  0.0181  0.0050
   64  323  183  0.0372  0.0181  0.0050
   65  318  184  0.0372  0.0181  0.0049
   66  319  184  0.0373  0.0181  0.0050
   67  318  185  0.0371  0.0180  0.0049
   68  317  185  0.0372  0.0180  0.0049
   69  316  186  0.0371  0.0180  0.0049
   70  317  186  0.0371  0.0180  0.0049
   71  314  188  0.0372  0.0180  0.0049
   72  315  188  0.0372  0.0181  0.0049
   73  312  189  0.0372  0.0180  0.0049
   74  313  189  0.0373  0.0181  0.0049

    1  382  153  0.0390  0.0197  0.0054
    2  381  153  0.0390  0.0197  0.0054
    3  383  153  0.0390  0.0197  0.0054
    4  380  155  0.0388  0.0196  0.0054
    5  379  155  0.0388  0.0195  0.0053
    6  381  155  0.0387  0.0195  0.0053
    7  384  155  0.0387  0.0195  0.0053
    8  385  155  0.0387  0.0196  0.0053
    9  386  155  0.0387  0.0196  0.0053
   10  387  155  0.0387  0.0196  0.0053
   11  388  155  0.0387  0.0196  0.0053
   12  389  156  0.0387  0.0196  0.0053
   13  390  156  0.0387  0.0196  0.0053
   14  378  156  0.0388  0.0195  0.0054
   15  377  156  0.0387  0.0195  0.0053
   16  379  156  0.0387  0.0195  0.0053
   17  377  157  0.0388  0.0195  0.0053
   18  392  157  0.0387  0.0196  0.0053
   19  375  157  0.0386  0.0194  0.0053
   20  391  157  0.0387  0.0196  0.0053
   21  376  157  0.0386  0.0194  0.0053
   22  393  157  0.0387  0.0197  0.0053
   23  397  158  0.0388  0.0198  0.0053
   24  394  158  0.0387  0.0197  0.0053
   25  393  158  0.0387  0.0196  0.0053
   26  395  158  0.0387  0.0196  0.0053
   27  396  158  0.0388  0.0197  0.0053
   28  375  158  0.0387  0.0194  0.0053
   29  374  158  0.0388  0.0195  0.0053
   30  373  158  0.0388  0.0195  0.0053
   31  373  159  0.0388  0.0195  0.0053
   32  371  160  0.0386  0.0194  0.0053
   33  370  160  0.0385  0.0193  0.0053
   34  372  160  0.0387  0.0194  0.0053
   35  368  161  0.0388  0.0194  0.0053
   36  369  161  0.0388  0.0194  0.0053
   37  366  162  0.0388  0.0194  0.0053
   38  365  162  0.0388  0.0194  0.0053
   39  363  162  0.0386  0.0193  0.0053
   40  364  162  0.0387  0.0193  0.0053
   41  361  163  0.0383  0.0191  0.0052
   42  360  164  0.0385  0.0192  0.0053
   43  359  164  0.0384  0.0191  0.0053
   44  358  164  0.0384  0.0191  0.0052
   45  361  164  0.0386  0.0192  0.0053
   46  356  165  0.0383  0.0190  0.0052
   47  355  165  0.0383  0.0190  0.0052
   48  357  165  0.0384  0.0191  0.0052
   49  355  166  0.0385  0.0191  0.0052
   50  354  166  0.0383  0.0190  0.0052
   51  353  166  0.0385  0.0191  0.0052
   52  350  167  0.0380  0.0188  0.0052
   53  349  167  0.0383  0.0190  0.0052
   54  351  167  0.0380  0.0189  0.0052
   55  348  168  0.0382  0.0189  0.0052
   56  347  168  0.0382  0.0189  0.0052
   57  346  168  0.0382  0.0189  0.0052
   58  349  168  0.0382  0.0189  0.0052
   59  345  169  0.0381  0.0188  0.0052
   60  344  169  0.0381  0.0188  0.0052
   61  343  169  0.0381  0.0188  0.0052
   62  342  169  0.0381  0.0188  0.0052
   63  340  170  0.0381  0.0188  0.0052
   64  338  170  0.0381  0.0187  0.0052
   65  341  170  0.0381  0.0188  0.0052
   66  337  171  0.0380  0.0187  0.0052
   67  336  171  0.0380  0.0187  0.0052
   68  338  171  0.0380  0.0187  0.0052
   69  335  172  0.0378  0.0186  0.0051
   70  334  172  0.0380  0.0186  0.0052
   71  333  172  0.0379  0.0186  0.0051
   72  332  173  0.0378  0.0185  0.0051
   73  331  173  0.0376  0.0184  0.0051
   74  333  173  0.0377  0.0185  0.0051
   75  330  174  0.0374  0.0183  0.0051
   76  329  174  0.0374  0.0183  0.0051
   77  328  174  0.0374  0.0183  0.0051
   78  331  174  0.0376  0.0184  0.0051

    1  360  244  0.0359  0.0177  0.0043
    2  361  244  0.0360  0.0178  0.0043
    3  359  245  0.0359  0.0177  0.0043
    4  358  245  0.0360  0.0177  0.0043
    5  357  245  0.0359  0.0177  0.0043
    6  356  245  0.0358  0.0176  0.0043
    7  360  245  0.0359  0.0177  0.0043
    8  354  246  0.0357  0.0176  0.0042
    9  353  246  0.0359  0.0177  0.0043
   10  352  246  0.0359  0.0176  0.0043
   11  351  246  0.0360  0.0177  0.0043
   12  350  246  0.0358  0.0176  0.0043
   13  349  246  0.0360  0.0176  0.0043
   14  348  246  0.0360  0.0177  0.0043
   15  347  246  0.0360  0.0177  0.0043
   16  346  246  0.0359  0.0176  0.0043
   17  343  247  0.0360  0.0176  0.0043
   18  345  247  0.0360  0.0176  0.0043
   19  343  248  0.0360  0.0176  0.0043
   20  342  248  0.0359  0.0176  0.0043
   21  341  248  0.0359  0.0176  0.0043
   22  339  249  0.0360  0.0176  0.0043
   23  340  249  0.0359  0.0175  0.0042
   24  337  250  0.0360  0.0176  0.0043
   25  336  250  0.0361  0.0176  0.0043
   26  338  250  0.0359  0.0175  0.0042
   27  335  251  0.0361  0.0176  0.0043
   28  334  251  0.0360  0.0175  0.0042
   29  336  251  0.0360  0.0175  0.0042
   30  332  252  0.0360  0.0175  0.0042
   31  331  252  0.0360  0.0175  0.0042
   32  330  252  0.0361  0.0175  0.0043
   33  329  252  0.0359  0.0174  0.0042
   34  326  253  0.0358  0.0173  0.0042
   35  325  253  0.0358  0.0173  0.0042
   36  324  253  0.0357  0.0173  0.0042
   37  327  253  0.0358  0.0174  0.0042
   38  323  254  0.0355  0.0172  0.0042
   39  324  254  0.0356  0.0172  0.0042
   40  321  255  0.0356  0.0172  0.0042
   41  322  255  0.0355  0.0172  0.0042

    1  370  310  0.0355  0.0175  0.0037
    2  371  310  0.0354  0.0175  0.0037
    3  368  311  0.0355  0.0175  0.0037
    4  367  311  0.0355  0.0175  0.0037
    5  366  311  0.0355  0.0175  0.0037
    6  369  311  0.0355  0.0175  0.0037
    7  366  312  0.0354  0.0174  0.0037
    8  365  312  0.0354  0.0174  0.0037
    9  364  312  0.0353  0.0174  0.0037
   10  363  312  0.0354  0.0174  0.0037
   11  362  312  0.0356  0.0175  0.0037
   12  361  312  0.0354  0.0174  0.0037
   13  360  312  0.0354  0.0173  0.0036
   14  358  313  0.0352  0.0173  0.0036
   15  359  313  0.0353  0.0173  0.0036
   16  358  314  0.0354  0.0173  0.0036
   17  357  314  0.0354  0.0173  0.0036
   19  355  315  0.0354  0.0173  0.0036
   20  356  315  0.0354  0.0173  0.0036
   21  353  316  0.0355  0.0173  0.0036
   22  354  316  0.0355  0.0173  0.0036
   23  352  317  0.0356  0.0174  0.0036
   24  351  317  0.0355  0.0173  0.0036
   25  350  317  0.0355  0.0173  0.0036
   26  349  317  0.0354  0.0172  0.0036
   27  348  317  0.0354  0.0172  0.0036
   28  347  317  0.0353  0.0172  0.0036
   29  345  318  0.0354  0.0172  0.0036
   30  344  318  0.0353  0.0172  0.0036
   31  346  318  0.0354  0.0172  0.0036
   32  343  319  0.0353  0.0172  0.0036
   33  342  319  0.0353  0.0171  0.0036
   34  341  319  0.0354  0.0172  0.0036
   35  340  319  0.0353  0.0171  0.0036
   36  344  319  0.0353  0.0172  0.0036

    1  274  261  0.0359  0.0169  0.0042
    2  275  261  0.0360  0.0169  0.0042
    3  273  262  0.0359  0.0169  0.0042
    4  274  262  0.0359  0.0169  0.0042
    5  272  263  0.0359  0.0169  0.0042
    6  271  263  0.0358  0.0168  0.0042
    7  270  263  0.0358  0.0168  0.0042
    8  268  263  0.0359  0.0168  0.0042
    9  267  264  0.0357  0.0167  0.0042
   10  268  264  0.0357  0.0168  0.0042
   11  266  265  0.0357  0.0167  0.0042
   12  265  265  0.0357  0.0167  0.0042
   13  264  265  0.0356  0.0167  0.0042
   14  263  265  0.0357  0.0167  0.0042
   15  262  265  0.0358  0.0167  0.0042
   16  261  265  0.0359  0.0167  0.0042
   17  260  265  0.0358  0.0167  0.0042
   18  259  265  0.0358  0.0167  0.0042
   19  258  266  0.0357  0.0166  0.0042
   20  259  266  0.0357  0.0167  0.0042
   21  256  267  0.0355  0.0165  0.0041
   22  255  267  0.0354  0.0165  0.0041
   23  257  267  0.0356  0.0166  0.0041
   24  254  268  0.0354  0.0164  0.0041
   25  253  268  0.0353  0.0164  0.0041
   26  252  269  0.0352  0.0164  0.0041
   27  253  269  0.0354  0.0164  0.0041
   28  250  270  0.0351  0.0163  0.0041
   29  251  270  0.0352  0.0163  0.0041
   30  248  271  0.0351  0.0162  0.0041
   31  249  271  0.0351  0.0163  0.0041
   32  250  271  0.0351  0.0163  0.0041
   33  247  272  0.0351  0.0162  0.0040
   34  248  272  0.0352  0.0163  0.0041
   35  245  273  0.0350  0.0162  0.0040
   36  246  273  0.0349  0.0162  0.0040
   37  245  274  0.0349  0.0161  0.0040
   38  244  274  0.0350  0.0162  0.0040
   39  243  274  0.0350  0.0162  0.0040
   40  242  274  0.0350  0.0161  0.0040
   41  226  274  0.0347  0.0159  0.0040
   42  225  274  0.0347  0.0159  0.0040
   43  226  275  0.0348  0.0159  0.0040
   44  242  275  0.0349  0.0161  0.0040
   45  241  275  0.0349  0.0161  0.0040
   46  240  275  0.0350  0.0161  0.0040
   47  228  276  0.0348  0.0159  0.0040
   48  227  276  0.0348  0.0159  0.0040
   49  239  276  0.0352  0.0162  0.0040
   50  240  276  0.0351  0.0162  0.0040
   51  237  277  0.0350  0.0161  0.0040
   52  236  277  0.0351  0.0161  0.0040
   53  238  277  0.0351  0.0162  0.0040
   54  229  277  0.0347  0.0159  0.0040
   55  230  277  0.0349  0.0160  0.0040
   56  232  278  0.0349  0.0160  0.0040
   57  234  278  0.0350  0.0160  0.0040
   58  235  278  0.0349  0.0160  0.0040
   59  236  278  0.0350  0.0161  0.0040
   60  233  278  0.0349  0.0160  0.0040
   61  231  278  0.0347  0.0159  0.0040

    1  386  151  0.0394  0.0200  0.0054
    2  385  151  0.0395  0.0200  0.0055
    3  384  151  0.0395  0.0199  0.0055
    4  383  151  0.0395  0.0199  0.0055
    5  382  151  0.0394  0.0199  0.0055
    6  387  151  0.0394  0.0199  0.0054
    7  381  152  0.0391  0.0197  0.0054
    8  382  152  0.0392  0.0198  0.0054
    9  381  153  0.0390  0.0197  0.0054
   10  380  153  0.0389  0.0196  0.0054
   11  379  153  0.0390  0.0196  0.0054
   12  378  153  0.0390  0.0197  0.0054
   13  377  153  0.0389  0.0196  0.0054
   14  376  153  0.0388  0.0195  0.0054
   15  375  153  0.0389  0.0196  0.0054
   16  374  154  0.0388  0.0195  0.0054
   17  373  154  0.0388  0.0195  0.0054
   18  372  154  0.0388  0.0195  0.0054
   19  375  154  0.0388  0.0195  0.0054
   20  371  155  0.0387  0.0194  0.0054
   21  370  155  0.0388  0.0194  0.0054
   22  369  155  0.0388  0.0194  0.0054
   23  368  155  0.0387  0.0194  0.0054
   24  367  156  0.0387  0.0194  0.0053
   25  366  156  0.0387  0.0193  0.0053
   26  365  156  0.0387  0.0193  0.0053
   27  368  156  0.0387  0.0194  0.0053
   28  364  157  0.0387  0.0194  0.0053
   29  365  157  0.0386  0.0193  0.0053
   30  364  158  0.0386  0.0193  0.0053
   31  363  158  0.0387  0.0193  0.0053
   32  362  158  0.0386  0.0192  0.0053
   33  361  158  0.0386  0.0193  0.0053
   34  359  159  0.0385  0.0192  0.0053
   35  360  159  0.0385  0.0192  0.0053
   36  358  160  0.0384  0.0191  0.0053
   37  359  160  0.0385  0.0192  0.0053
   38  357  161  0.0386  0.0192  0.0053
   39  356  161  0.0389  0.0193  0.0053
   40  355  161  0.0387  0.0193  0.0053
   41  354  161  0.0389  0.0193  0.0053
   42  353  161  0.0388  0.0193  0.0053
   43  350  162  0.0390  0.0193  0.0053
   44  351  162  0.0390  0.0194  0.0053
   45  352  162  0.0388  0.0192  0.0053
   46  349  163  0.0387  0.0191  0.0053
   47  348  163  0.0387  0.0192  0.0053
   48  350  163  0.0387  0.0192  0.0053
   49  346  164  0.0386  0.0191  0.0053
   50  345  164  0.0386  0.0191  0.0053
   51  343  164  0.0386  0.0190  0.0053
   52  348  164  0.0387  0.0191  0.0053
   53  343  165  0.0385  0.0190  0.0053
   54  342  165  0.0384  0.0190  0.0053
   55  341  165  0.0384  0.0189  0.0053
   56  340  165  0.0384  0.0189  0.0053
   57  338  166  0.0384  0.0189  0.0052
   58  337  166  0.0385  0.0189  0.0053
   59  339  166  0.0384  0.0189  0.0052
   60  336  167  0.0384  0.0189  0.0052
   61  337  167  0.0384  0.0189  0.0052
   62  334  168  0.0384  0.0189  0.0052
   63  332  168  0.0384  0.0188  0.0052
   64  335  168  0.0384  0.0189  0.0052
   65  332  169  0.0381  0.0187  0.0052
   66  331  169  0.0383  0.0188  0.0052
   67  330  169  0.0382  0.0187  0.0052
   68  330  170  0.0380  0.0186  0.0052
   69  329  170  0.0379  0.0185  0.0052
   70  328  170  0.0379  0.0186  0.0052
   71  327  170  0.0379  0.0185  0.0052
   72  326  170  0.0378  0.0185  0.0051
   73  325  170  0.0378  0.0185  0.0051
   74  323  171  0.0376  0.0183  0.0051
   75  322  171  0.0377  0.0184  0.0051
   76  321  171  0.0376  0.0183  0.0051
   77  324  171  0.0378  0.0184  0.0051
   78  321  172  0.0375  0.0183  0.0051
   79  320  172  0.0375  0.0183  0.0051
   80  319  172  0.0375  0.0182  0.0051
   81  318  172  0.0375  0.0183  0.0051
   82  317  172  0.0375  0.0182  0.0051
   83  315  173  0.0375  0.0182  0.0051
   84  313  174  0.0373  0.0181  0.0051
   85  314  174  0.0373  0.0181  0.0051
   86  310  175  0.0372  0.0180  0.0051
   87  310  176  0.0372  0.0180  0.0050

     1  426  180  0.0378  0.0195  0.0050
     2  425  180  0.0379  0.0195  0.0050
     3  424  180  0.0379  0.0195  0.0050
     4  423  180  0.0379  0.0195  0.0050
     5  427  180  0.0378  0.0195  0.0050
     6  423  181  0.0379  0.0195  0.0050
     7  422  181  0.0376  0.0193  0.0049
     8  421  181  0.0378  0.0194  0.0050
     9  420  181  0.0377  0.0193  0.0049
    10  419  181  0.0378  0.0194  0.0050
    11  418  181  0.0376  0.0193  0.0049
    12  417  181  0.0375  0.0192  0.0049
    13  416  181  0.0377  0.0193  0.0050
    14  416  182  0.0376  0.0192  0.0049
    15  415  182  0.0374  0.0192  0.0049
    16  414  182  0.0377  0.0193  0.0049
    17  413  182  0.0376  0.0192  0.0049
    18  412  182  0.0377  0.0193  0.0050
    19  411  182  0.0378  0.0193  0.0050
    20  410  183  0.0376  0.0192  0.0049
    21  409  183  0.0376  0.0192  0.0049
    22  411  183  0.0377  0.0192  0.0049
    23  407  184  0.0376  0.0192  0.0049
    24  408  184  0.0374  0.0191  0.0049
    25  406  185  0.0376  0.0192  0.0049
    26  405  185  0.0375  0.0191  0.0049
    27  404  185  0.0376  0.0191  0.0049
    28  403  186  0.0376  0.0191  0.0049
    29  402  186  0.0375  0.0191  0.0049
    30  401  186  0.0376  0.0191  0.0049
    31  400  186  0.0376  0.0191  0.0049
    32  399  186  0.0377  0.0191  0.0049
    33  398  186  0.0377  0.0191  0.0049
    34  396  186  0.0377  0.0191  0.0049
    35  395  186  0.0377  0.0191  0.0049
    36  394  186  0.0377  0.0191  0.0049
    37  393  187  0.0376  0.0190  0.0049
    38  393  188  0.0376  0.0190  0.0049
    39  392  188  0.0375  0.0190  0.0049
    40  391  188  0.0375  0.0189  0.0049
    41  390  189  0.0374  0.0189  0.0049
    42  389  189  0.0374  0.0189  0.0049
    43  388  189  0.0373  0.0188  0.0049
    44  391  189  0.0374  0.0189  0.0049
    45  388  190  0.0373  0.0188  0.0049
    46  387  190  0.0373  0.0188  0.0049
    47  386  191  0.0374  0.0188  0.0049
    48  385  191  0.0371  0.0187  0.0048
    49  387  191  0.0373  0.0188  0.0049
    50  385  192  0.0371  0.0187  0.0048
    51  379  192  0.0370  0.0186  0.0048
    52  380  192  0.0371  0.0186  0.0048
    53  381  192  0.0371  0.0186  0.0048
    54  382  192  0.0370  0.0186  0.0048
    55  383  192  0.0371  0.0186  0.0048
    56  384  192  0.0371  0.0187  0.0048
    57  379  193  0.0370  0.0185  0.0048
    58  378  193  0.0369  0.0185  0.0048
    59  377  193  0.0370  0.0185  0.0048
    60  376  193  0.0369  0.0185  0.0048
    61  375  193  0.0370  0.0185  0.0048
    62  374  194  0.0370  0.0185  0.0048
    63  373  194  0.0370  0.0185  0.0048
    64  372  194  0.0369  0.0185  0.0048
    65  375  194  0.0370  0.0185  0.0048
    66  372  195  0.0369  0.0185  0.0048
    67  371  195  0.0369  0.0184  0.0048
    68  370  195  0.0368  0.0184  0.0048
    69  369  195  0.0368  0.0184  0.0048
    70  368  195  0.0369  0.0184  0.0048
    71  366  196  0.0369  0.0184  0.0048
    72  367  196  0.0369  0.0184  0.0048
    73  365  197  0.0369  0.0183  0.0048
    74  364  197  0.0368  0.0183  0.0048
    75  366  197  0.0369  0.0184  0.0048
    76  362  198  0.0368  0.0183  0.0047
    77  361  198  0.0369  0.0183  0.0048
    78  363  198  0.0368  0.0183  0.0048
    79  361  199  0.0368  0.0183  0.0048
    80  360  199  0.0368  0.0183  0.0048
    81  359  199  0.0369  0.0183  0.0048
    82  358  199  0.0368  0.0182  0.0048
    83  356  200  0.0369  0.0182  0.0047
    84  354  200  0.0368  0.0182  0.0047
    85  357  200  0.0368  0.0182  0.0047
    86  354  201  0.0368  0.0182  0.0047
    87  353  201  0.0369  0.0182  0.0047
    88  352  201  0.0369  0.0182  0.0047
    89  350  202  0.0369  0.0182  0.0047
    90  349  202  0.0369  0.0182  0.0047
    91  351  202  0.0368  0.0182  0.0047
    92  347  203  0.0368  0.0181  0.0047
    93  346  203  0.0367  0.0181  0.0047
    94  345  203  0.0368  0.0181  0.0047
    95  344  203  0.0367  0.0181  0.0047
    96  343  204  0.0367  0.0180  0.0047
    97  342  204  0.0367  0.0180  0.0047
    98  344  204  0.0366  0.0180  0.0047
    99  339  205  0.0365  0.0179  0.0047
   100  339  206  0.0367  0.0180  0.0047
   101  338  206  0.0369  0.0181  0.0047
   102  337  206  0.0370  0.0181  0.0047
   103  336  206  0.0367  0.0180  0.0047
   104  334  207  0.0365  0.0179  0.0047
   105  333  207  0.0368  0.0180  0.0047
   106  335  207  0.0367  0.0180  0.0047
