; ENVI Output of ROIs (5.4) [Fri Aug 09 16:51:41 2019]
; Number of ROIs: 8
; File Dimension: 1328 x 1184
;
; ROI name: Region #1
; ROI rgb value: {255, 0, 0}
; ROI npts: 95
;
; ROI name: Region #2
; ROI rgb value: {0, 255, 0}
; ROI npts: 75
;
; ROI name: Region #3
; ROI rgb value: {0, 0, 255}
; ROI npts: 136
;
; ROI name: Region #4
; ROI rgb value: {255, 255, 0}
; ROI npts: 127
;
; ROI name: Region #5
; ROI rgb value: {0, 255, 255}
; ROI npts: 161
;
; ROI name: Region #6
; ROI rgb value: {255, 0, 255}
; ROI npts: 83
;
; ROI name: Region #7
; ROI rgb value: {176, 48, 96}
; ROI npts: 79
;
; ROI name: Region #8
; ROI rgb value: {46, 139, 87}
; ROI npts: 105
;  ID     X    Y        B1        B2        B3
    1   877  267  -98.7104  147.9898  -22.8646
    2   878  267  -98.6930  147.9938  -22.8622
    3   879  267  -98.6345  148.0104  -22.8545
    4   880  267  -98.6455  148.0057  -22.8560
    5   881  267  -98.6335  148.0080  -22.8545
    6   882  267  -98.6567  147.9995  -22.8574
    7   883  267  -98.6219  148.0088  -22.8529
    8   884  267  -98.6264  148.0061  -22.8535
    9   885  267  -98.6066  148.0108  -22.8509
   10   886  267  -98.5292  148.0333  -22.8407
   11   887  267  -98.5765  148.0174  -22.8469
   12   888  267  -98.5270  148.0313  -22.8403
   13   889  267  -98.4380  148.0574  -22.8284
   14   890  267  -98.4332  148.0575  -22.8279
   15   891  267  -98.4131  148.0623  -22.8253
   16   892  267  -98.3897  148.0682  -22.8222
   17   893  267  -98.5022  148.0322  -22.8371
   18   894  267  -98.3730  148.0707  -22.8200
   19   895  267  -98.3544  148.0751  -22.8176
   20   896  267  -98.3604  148.0719  -22.8184
   21   897  267  -98.3572  148.0715  -22.8180
   22   898  267  -98.1578  148.1318  -22.7911
   23   899  267  -98.1928  148.1197  -22.7958
   24   900  267  -98.2185  148.1104  -22.7993
   25   901  267  -98.1936  148.1168  -22.7961
   26   902  267  -98.1976  148.1142  -22.7966
   27   903  267  -98.1982  148.1127  -22.7967
   28  1030  267  -97.9963  148.0080  -22.7700
   29  1031  267  -98.0125  148.0015  -22.7721
   30   915  267  -98.1529  148.1108  -22.7906
   31   914  267  -98.1537  148.1119  -22.7907
   32   913  267  -98.1401  148.1174  -22.7888
   33   912  267  -98.1292  148.1221  -22.7874
   34   909  268  -98.1527  148.1189  -22.7893
   35   910  268  -98.1345  148.1232  -22.7869
   36   911  268  -98.1241  148.1251  -22.7854
   37   908  268  -98.1587  148.1183  -22.7901
   38   907  268  -98.1908  148.1097  -22.7944
   39   906  268  -98.1906  148.1111  -22.7944
   40   905  268  -98.1860  148.1139  -22.7938
   41   916  268  -98.1654  148.1056  -22.7910
   42   917  268  -98.1847  148.0983  -22.7935
   43   918  268  -98.1534  148.1067  -22.7894
   44   919  268  -98.1644  148.1020  -22.7909
   45   920  268  -98.1709  148.0986  -22.7918
   46   903  268  -98.1936  148.1142  -22.7948
   47   946  268  -98.1816  148.0607  -22.7930
   48   904  268  -98.1982  148.1114  -22.7954
   49   948  268  -98.1841  148.0572  -22.7934
   50   949  268  -98.1682  148.0609  -22.7913
   51   950  268  -98.1513  148.0648  -22.7890
   52   951  268  -98.1656  148.0591  -22.7909
   53   952  268  -98.1559  148.0607  -22.7896
   54   953  268  -98.1772  148.0527  -22.7924
   55   954  268  -98.1877  148.0481  -22.7938
   56   980  268  -98.0845  148.0461  -22.7803
   57   981  268  -98.0851  148.0446  -22.7803
   58   982  268  -98.1033  148.0375  -22.7828
   59   984  268  -98.0985  148.0363  -22.7821
   60   985  268  -98.0889  148.0380  -22.7809
   61   986  268  -98.0872  148.0373  -22.7807
   62   987  268  -98.0839  148.0370  -22.7802
   63   988  268  -98.0728  148.0392  -22.7788
   64   989  268  -98.0654  148.0402  -22.7778
   65   990  268  -98.0712  148.0370  -22.7786
   66   991  268  -98.0708  148.0358  -22.7785
   67  1004  268  -98.0040  148.0398  -22.7697
   68  1005  268  -98.0109  148.0363  -22.7706
   69  1006  268  -98.0082  148.0359  -22.7703
   70  1007  268  -98.0035  148.0360  -22.7696
   71  1008  268  -97.9967  148.0369  -22.7687
   72  1009  268  -98.0018  148.0339  -22.7694
   73  1010  268  -98.0150  148.0284  -22.7712
   74  1011  268  -98.0124  148.0279  -22.7708
   75  1012  268  -98.0033  148.0295  -22.7696
   76  1013  268  -98.0098  148.0261  -22.7704
   77  1014  268  -98.0097  148.0249  -22.7704
   78  1015  268  -98.0100  148.0234  -22.7705
   79  1016  268  -98.0094  148.0223  -22.7704
   80  1017  268  -98.0113  148.0204  -22.7706
   81  1018  268  -98.0100  148.0195  -22.7705
   82  1019  268  -98.0061  148.0194  -22.7700
   83  1020  268  -98.0007  148.0198  -22.7692
   84  1021  268  -97.9940  148.0206  -22.7684
   85  1022  268  -97.9960  148.0187  -22.7686
   86  1023  268  -97.9897  148.0194  -22.7678
   87  1024  268  -97.9975  148.0155  -22.7688
   88  1025  268  -97.9953  148.0149  -22.7685
   89  1026  268  -98.0131  148.0079  -22.7709
   90  1027  268  -98.0126  148.0067  -22.7708
   91  1028  268  -97.9948  148.0111  -22.7685
   92  1029  268  -97.9884  148.0119  -22.7676
   93  1030  268  -97.9956  148.0082  -22.7686
   94   947  268  -98.1830  148.0589  -22.7932
   95   925  269  -98.1403  148.1015  -22.7864

    1   894  259  -99.1173  147.8404  -22.9301
    2   895  259  -99.0307  147.8657  -22.9185
    3   896  259  -98.8617  147.9166  -22.8952
    4   897  259  -98.8098  147.9312  -22.8885
    5   898  259  -98.6767  147.9710  -22.8709
    6   899  259  -98.6733  147.9707  -22.8704
    7   900  259  -98.6692  147.9706  -22.8700
    8   913  259  -98.2350  148.0876  -22.8118
    9   914  259  -98.2305  148.0877  -22.8112
   10   917  259  -98.2341  148.0825  -22.8118
   11   919  259  -98.3134  148.0552  -22.8224
   12   920  259  -98.2554  148.0719  -22.8148
   13   921  259  -98.2665  148.0671  -22.8163
   14  1009  259  -98.0982  148.0028  -22.7937
   15  1008  259  -98.0513  148.0191  -22.7873
   16  1007  259  -98.1246  147.9971  -22.7972
   17  1006  259  -98.1210  147.9996  -22.7967
   18  1004  259  -98.1353  147.9977  -22.7986
   19  1003  259  -98.1498  147.9944  -22.8006
   20  1002  259  -98.1481  147.9963  -22.8004
   21   930  259  -98.2919  148.0471  -22.8196
   22   931  259  -98.2758  148.0508  -22.8175
   23   932  259  -98.3259  148.0338  -22.8242
   24   933  259  -98.3130  148.0365  -22.8225
   25   935  259  -98.3183  148.0322  -22.8232
   26   936  259  -98.2800  148.0428  -22.8180
   27   938  259  -98.2897  148.0371  -22.8193
   28   939  259  -98.2613  148.0446  -22.8154
   29   940  259  -98.2931  148.0334  -22.8197
   30   942  259  -98.3263  148.0203  -22.8239
   31   944  259  -98.3015  148.0254  -22.8206
   32   945  259  -98.2751  148.0323  -22.8171
   33   946  259  -98.3064  148.0212  -22.8213
   34  1001  259  -98.1562  147.9950  -22.8016
   35  1000  259  -98.1380  148.0021  -22.7991
   36   998  259  -98.1347  148.0059  -22.7986
   37   996  259  -98.1103  148.0163  -22.7954
   38  1010  259  -98.1120  147.9971  -22.7955
   39   995  259  -98.1288  148.0117  -22.7979
   40   994  259  -98.0981  148.0228  -22.7938
   41   993  259  -98.1693  148.0015  -22.8033
   42   972  259  -98.2266  148.0114  -22.8109
   43   973  259  -98.2364  148.0070  -22.8122
   44   975  259  -98.2298  148.0064  -22.8113
   45   976  259  -98.2372  148.0027  -22.8124
   46   977  259  -98.2319  148.0031  -22.8117
   47   992  259  -98.2336  147.9825  -22.8119
   48   991  259  -98.2041  147.9932  -22.8080
   49   990  259  -98.1877  147.9997  -22.8058
   50   989  259  -98.2448  147.9829  -22.8135
   51   983  260  -98.1724  148.0139  -22.8024
   52   984  260  -98.1701  148.0133  -22.8021
   53   985  260  -98.1620  148.0145  -22.8010
   54   986  260  -98.1502  148.0169  -22.7994
   55   987  260  -98.1497  148.0157  -22.7994
   56   988  260  -98.1509  148.0140  -22.7995
   57   982  260  -98.1720  148.0154  -22.8023
   58   981  260  -98.1846  148.0127  -22.8040
   59   980  260  -98.1993  148.0094  -22.8060
   60   978  260  -98.1850  148.0166  -22.8041
   61   957  260  -98.2733  148.0169  -22.8156
   62   956  260  -98.2652  148.0208  -22.8144
   63   955  260  -98.2566  148.0248  -22.8133
   64   952  260  -98.2205  148.0401  -22.8085
   65   951  260  -98.3060  148.0146  -22.8200
   66   950  260  -98.3081  148.0153  -22.8202
   67   949  260  -98.2960  148.0205  -22.8186
   68   930  260  -98.2611  148.0568  -22.8142
   69   929  260  -98.2510  148.0613  -22.8128
   70   928  260  -98.2481  148.0635  -22.8124
   71   927  260  -98.2369  148.0684  -22.8109
   72   925  260  -98.2204  148.0762  -22.8086
   73   923  260  -98.2252  148.0773  -22.8094
   74   922  260  -98.2200  148.0803  -22.8086
   75   953  260  -98.2452  148.0310  -22.8117

     1  1073  277  -97.7763  148.0229  -22.7281
     2  1072  277  -97.7799  148.0230  -22.7286
     3  1074  277  -97.7760  148.0217  -22.7281
     4  1071  278  -97.7820  148.0237  -22.7276
     5  1070  278  -97.7832  148.0246  -22.7278
     6  1069  278  -97.7947  148.0222  -22.7293
     7  1066  278  -97.7725  148.0333  -22.7264
     8  1072  278  -97.7792  148.0233  -22.7273
     9  1066  279  -97.7712  148.0337  -22.7250
    10  1065  279  -97.7823  148.0314  -22.7265
    11  1064  279  -97.7669  148.0377  -22.7245
    12  1063  279  -97.8333  148.0176  -22.7332
    13  1062  279  -97.8301  148.0199  -22.7328
    14  1047  279  -97.8404  148.0362  -22.7342
    15  1048  279  -97.8752  148.0237  -22.7387
    16  1049  279  -97.8034  148.0455  -22.7293
    17  1050  279  -97.7995  148.0454  -22.7288
    18  1051  279  -97.8418  148.0305  -22.7343
    19  1052  279  -97.7957  148.0440  -22.7283
    20  1053  279  -97.7936  148.0434  -22.7280
    21  1056  280  -97.7771  148.0449  -22.7246
    22  1057  280  -97.7522  148.0516  -22.7213
    23  1058  280  -97.7410  148.0539  -22.7198
    24  1059  280  -97.7488  148.0501  -22.7208
    25  1060  280  -97.8233  148.0248  -22.7306
    26  1062  280  -97.8336  148.0188  -22.7320
    27  1055  280  -97.7935  148.0409  -22.7267
    28  1046  280  -97.7965  148.0517  -22.7271
    29  1045  280  -97.7807  148.0580  -22.7250
    30  1044  280  -97.7794  148.0598  -22.7249
    31  1043  280  -97.8286  148.0453  -22.7314
    32  1042  280  -97.8112  148.0521  -22.7291
    33  1041  280  -97.8110  148.0535  -22.7291
    34  1040  280  -97.8221  148.0513  -22.7305
    35  1038  280  -97.8458  148.0463  -22.7336
    36  1009  280  -97.8524  148.0821  -22.7345
    37  1008  280  -97.8635  148.0798  -22.7359
    38  1007  280  -97.8894  148.0729  -22.7393
    39  1011  280  -97.8491  148.0805  -22.7340
    40  1012  280  -97.8681  148.0731  -22.7365
    41  1010  280  -97.8445  148.0833  -22.7334
    42  1025  281  -97.8290  148.0687  -22.7302
    43  1024  281  -97.8449  148.0649  -22.7323
    44  1023  281  -97.8424  148.0670  -22.7319
    45  1022  281  -97.8436  148.0679  -22.7321
    46  1020  281  -97.8546  148.0670  -22.7335
    47  1019  281  -97.8496  148.0699  -22.7328
    48  1037  281  -97.8694  148.0401  -22.7355
    49  1036  281  -97.8715  148.0407  -22.7358
    50  1034  281  -97.8359  148.0547  -22.7311
    51  1007  281  -97.8420  148.0880  -22.7318
    52  1006  281  -97.8354  148.0914  -22.7310
    53  1005  281  -97.8521  148.0874  -22.7332
    54  1018  281  -97.8605  148.0678  -22.7342
    55  1017  281  -97.8501  148.0724  -22.7329
    56  1016  281  -97.8728  148.0665  -22.7359
    57  1014  281  -97.8870  148.0646  -22.7378
    58  1013  281  -97.8794  148.0683  -22.7367
    59  1012  281  -97.8505  148.0788  -22.7329
    60  1027  281  -97.8573  148.0570  -22.7339
    61  1033  281  -97.8305  148.0578  -22.7304
    62  1026  281  -97.8559  148.0588  -22.7337
    63  1004  281  -97.8712  148.0826  -22.7358
    64   991  281  -97.9081  148.0880  -22.7405
    65  1003  281  -97.8597  148.0876  -22.7342
    66  1002  281  -97.8935  148.0782  -22.7386
    67  1001  281  -97.8469  148.0943  -22.7325
    68   997  282  -97.8621  148.0948  -22.7332
    69   998  282  -97.8546  148.0958  -22.7323
    70   999  282  -97.8285  148.1028  -22.7289
    71   996  282  -97.8755  148.0918  -22.7349
    72   995  282  -97.8680  148.0955  -22.7340
    73   994  282  -97.8629  148.0984  -22.7333
    74   991  282  -97.8950  148.0922  -22.7375
    75   978  282  -97.9254  148.0996  -22.7414
    76   977  282  -97.9345  148.0981  -22.7425
    77   976  282  -97.9258  148.1021  -22.7414
    78   975  282  -97.9237  148.1041  -22.7411
    79   974  282  -97.9668  148.0918  -22.7468
    80   973  282  -97.9547  148.0969  -22.7453
    81   990  282  -97.9012  148.0915  -22.7383
    82   989  283  -97.9011  148.0929  -22.7370
    83   988  283  -97.8767  148.1019  -22.7338
    84   987  283  -97.8792  148.1025  -22.7341
    85   986  283  -97.8841  148.1022  -22.7347
    86   921  283  -97.9838  148.1562  -22.7480
    87   920  283  -97.9813  148.1582  -22.7477
    88   951  283  -97.9428  148.1296  -22.7425
    89   980  283  -97.9027  148.1042  -22.7371
    90   973  283  -97.9156  148.1093  -22.7388
    91   972  283  -97.9287  148.1065  -22.7406
    92   970  283  -97.9242  148.1105  -22.7400
    93   969  283  -97.9269  148.1110  -22.7403
    94   968  283  -97.9287  148.1117  -22.7405
    95   967  283  -97.9333  148.1116  -22.7412
    96   966  283  -97.9237  148.1159  -22.7399
    97   965  283  -97.9277  148.1160  -22.7405
    98   963  283  -97.9321  148.1172  -22.7411
    99   962  283  -97.9219  148.1217  -22.7398
   100   959  283  -97.9117  148.1288  -22.7385
   101   958  283  -97.8997  148.1339  -22.7369
   102   956  283  -97.9508  148.1205  -22.7436
   103   955  283  -97.9554  148.1204  -22.7442
   104   954  283  -97.9681  148.1177  -22.7459
   105   953  283  -97.9706  148.1182  -22.7462
   106   952  283  -97.9419  148.1285  -22.7425
   107   982  284  -97.8643  148.1138  -22.7308
   108   950  284  -97.9932  148.1151  -22.7480
   109   983  284  -97.8607  148.1136  -22.7304
   110   948  284  -97.9498  148.1314  -22.7422
   111   947  284  -97.8698  148.1577  -22.7316
   112   984  284  -97.8621  148.1118  -22.7306
   113   922  284  -98.0042  148.1485  -22.7494
   114   923  284  -97.9984  148.1490  -22.7486
   115   924  284  -98.0040  148.1460  -22.7493
   116   949  284  -97.9956  148.1157  -22.7483
   117   941  285  -97.9693  148.1345  -22.7434
   118   939  285  -97.9775  148.1346  -22.7444
   119   938  285  -97.9628  148.1405  -22.7425
   120   937  285  -97.9700  148.1395  -22.7434
   121   935  285  -97.9701  148.1421  -22.7434
   122   942  285  -97.9733  148.1319  -22.7439
   123   933  285  -97.9906  148.1384  -22.7461
   124   932  285  -98.0095  148.1338  -22.7487
   125   931  285  -98.0013  148.1377  -22.7475
   126   930  285  -98.0019  148.1388  -22.7476
   127   929  285  -97.9984  148.1412  -22.7472
   128   928  285  -98.0293  148.1329  -22.7513
   129   927  285  -98.0295  148.1341  -22.7513
   130   926  285  -97.9882  148.1483  -22.7460
   131   925  285  -98.0109  148.1426  -22.7489
   132   943  285  -97.9820  148.1279  -22.7451
   133   945  285  -97.9735  148.1279  -22.7440
   134   946  285  -97.9221  148.1427  -22.7372
   135   947  285  -97.9255  148.1404  -22.7377
   136   934  285  -97.9816  148.1399  -22.7449

     1   972  393  -97.5430  148.2331  -22.5541
     2   974  393  -97.5393  148.2317  -22.5537
     3   975  393  -97.5473  148.2279  -22.5547
     4   977  393  -97.5497  148.2246  -22.5551
     5   978  393  -97.5538  148.2220  -22.5556
     6   981  393  -97.5598  148.2163  -22.5564
     7   982  393  -97.5542  148.2167  -22.5557
     8   983  393  -97.5492  148.2170  -22.5551
     9   984  393  -97.5383  148.2192  -22.5538
    10   985  393  -97.5426  148.2165  -22.5543
    11   986  393  -97.5396  148.2162  -22.5540
    12   988  393  -97.5207  148.2197  -22.5516
    13   973  393  -97.5417  148.2322  -22.5540
    14   924  394  -97.6552  148.2596  -22.5667
    15   925  394  -97.6396  148.2632  -22.5648
    16   926  394  -97.6387  148.2621  -22.5647
    17   927  394  -97.6459  148.2586  -22.5657
    18   928  394  -97.6411  148.2588  -22.5651
    19   930  394  -97.6330  148.2588  -22.5641
    20   931  394  -97.6319  148.2578  -22.5640
    21   932  394  -97.6281  148.2577  -22.5635
    22   933  394  -97.6311  148.2555  -22.5639
    23   934  394  -97.6181  148.2583  -22.5623
    24   935  394  -97.6139  148.2583  -22.5618
    25   936  394  -97.6046  148.2599  -22.5606
    26   938  394  -97.5941  148.2607  -22.5593
    27   939  394  -97.5695  148.2670  -22.5563
    28   946  394  -97.5310  148.2701  -22.5513
    29   947  394  -97.5254  148.2706  -22.5507
    30   948  394  -97.5328  148.2670  -22.5516
    31   950  394  -97.5450  148.2607  -22.5531
    32   952  394  -97.5000  148.2722  -22.5476
    33   954  394  -97.5000  148.2696  -22.5475
    34   955  394  -97.4783  148.2752  -22.5448
    35   956  394  -97.4628  148.2787  -22.5429
    36   957  394  -97.4877  148.2697  -22.5460
    37   959  394  -97.4817  148.2690  -22.5452
    38   960  394  -97.4828  148.2674  -22.5454
    39   961  394  -97.4746  148.2687  -22.5444
    40   923  394  -97.6506  148.2623  -22.5661
    41   964  394  -97.4930  148.2591  -22.5467
    42   966  394  -97.5123  148.2505  -22.5491
    43  1020  394  -97.4112  148.2137  -22.5366
    44  1019  394  -97.4278  148.2097  -22.5386
    45  1016  394  -97.4486  148.2069  -22.5412
    46  1015  394  -97.4197  148.2173  -22.5377
    47  1014  394  -97.4715  148.2021  -22.5441
    48  1012  394  -97.5034  148.1945  -22.5479
    49  1010  394  -97.4825  148.2037  -22.5453
    50  1009  394  -97.4261  148.2230  -22.5384
    51  1007  394  -97.4319  148.2236  -22.5390
    52  1005  394  -97.4079  148.2338  -22.5360
    53  1004  394  -97.4949  148.2075  -22.5468
    54  1003  394  -97.4978  148.2078  -22.5472
    55  1002  394  -97.4968  148.2094  -22.5471
    56  1001  394  -97.4735  148.2181  -22.5443
    57  1000  394  -97.4858  148.2154  -22.5459
    58   999  394  -97.4663  148.2229  -22.5434
    59   997  394  -97.4625  148.2267  -22.5430
    60   996  394  -97.4712  148.2252  -22.5441
    61   994  394  -97.4688  148.2285  -22.5438
    62   993  394  -97.4677  148.2301  -22.5437
    63   992  394  -97.4735  148.2295  -22.5445
    64   967  394  -97.5224  148.2460  -22.5503
    65   990  394  -97.5206  148.2172  -22.5503
    66   989  394  -97.5257  148.2168  -22.5510
    67   922  394  -97.6488  148.2642  -22.5659
    68   921  394  -97.6613  148.2616  -22.5674
    69   920  394  -97.6454  148.2678  -22.5654
    70   919  394  -97.6323  148.2732  -22.5637
    71   918  394  -97.6140  148.2801  -22.5614
    72   917  394  -97.5941  148.2876  -22.5590
    73   916  394  -97.5811  148.2929  -22.5574
    74   914  394  -97.6087  148.2869  -22.5608
    75   913  394  -97.6946  148.2615  -22.5716
    76   911  394  -97.7130  148.2584  -22.5739
    77   909  394  -97.7106  148.2617  -22.5737
    78   962  394  -97.4759  148.2670  -22.5445
    79   991  394  -97.4799  148.2288  -22.5453
    80   969  394  -97.5340  148.2398  -22.5518
    81   968  394  -97.5214  148.2450  -22.5502
    82   908  394  -97.6784  148.2730  -22.5697
    83  1023  395  -97.4410  148.2004  -22.5391
    84  1024  395  -97.4625  148.1923  -22.5417
    85  1025  395  -97.4357  148.1996  -22.5384
    86  1026  395  -97.4735  148.1863  -22.5430
    87  1027  395  -97.4306  148.1987  -22.5378
    88  1028  395  -97.4344  148.1962  -22.5382
    89  1029  395  -97.4387  148.1936  -22.5387
    90  1031  395  -97.4147  148.1987  -22.5357
    91  1033  395  -97.3604  148.2135  -22.5290
    92  1034  395  -97.3709  148.2089  -22.5303
    93  1035  395  -97.3862  148.2027  -22.5321
    94  1036  395  -97.3888  148.2006  -22.5324
    95  1038  395  -97.4011  148.1942  -22.5339
    96  1039  395  -97.4075  148.1908  -22.5347
    97  1040  395  -97.4008  148.1917  -22.5339
    98  1041  395  -97.3976  148.1915  -22.5336
    99  1043  395  -97.4112  148.1846  -22.5352
   100  1044  395  -97.4131  148.1827  -22.5355
   101  1045  395  -97.4220  148.1786  -22.5365
   102  1047  395  -97.4301  148.1734  -22.5375
   103  1048  395  -97.4309  148.1719  -22.5377
   104  1049  395  -97.4417  148.1672  -22.5389
   105  1050  395  -97.4446  148.1649  -22.5393
   106  1051  395  -97.4457  148.1633  -22.5394
   107  1052  395  -97.4515  148.1602  -22.5401
   108  1053  395  -97.4488  148.1598  -22.5398
   109  1054  395  -97.4621  148.1542  -22.5414
   110  1055  395  -97.4623  148.1529  -22.5414
   111  1056  395  -97.4429  148.1579  -22.5389
   112  1057  395  -97.4603  148.1510  -22.5411
   113  1058  395  -97.4560  148.1511  -22.5405
   114  1059  395  -97.4490  148.1521  -22.5395
   115  1060  395  -97.4481  148.1511  -22.5393
   116  1061  395  -97.4658  148.1442  -22.5414
   117  1062  395  -97.4732  148.1405  -22.5422
   118  1063  395  -97.4962  148.1318  -22.5450
   119  1064  395  -97.4830  148.1348  -22.5433
   120  1065  395  -97.4982  148.1286  -22.5452
   121  1066  395  -97.4601  148.1396  -22.5407
   122  1067  395  -97.4128  148.1536  -22.5350
   123  1068  395  -97.4130  148.1522  -22.5351
   124  1069  395  -97.4176  148.1495  -22.5357
   125   908  395  -97.6879  148.2701  -22.5696
   126   907  395  -97.6938  148.2696  -22.5703
   127   906  395  -97.6907  148.2718  -22.5700

     1  1050  475  -97.1274  148.2705  -22.4044
     2  1051  475  -97.1274  148.2693  -22.4045
     3  1052  475  -97.1276  148.2680  -22.4045
     4  1053  475  -97.1143  148.2710  -22.4029
     5  1054  475  -97.1151  148.2695  -22.4030
     6  1055  475  -97.1020  148.2724  -22.4015
     7  1056  475  -97.1024  148.2711  -22.4015
     8  1057  475  -97.1083  148.2679  -22.4022
     9  1059  475  -97.1066  148.2660  -22.4020
    10  1059  476  -97.0808  148.2743  -22.3979
    11  1060  476  -97.1089  148.2640  -22.4012
    12  1061  476  -97.0942  148.2675  -22.3995
    13  1063  476  -97.1173  148.2576  -22.4021
    14  1064  476  -97.1368  148.2500  -22.4044
    15  1065  476  -97.1436  148.2466  -22.4052
    16  1066  476  -97.1387  148.2470  -22.4046
    17  1133  476  -96.9511  148.2248  -22.3824
    18  1135  476  -96.9254  148.2308  -22.3794
    19  1139  476  -96.9680  148.2119  -22.3844
    20  1140  476  -96.9742  148.2086  -22.3851
    21  1141  476  -96.9584  148.2126  -22.3833
    22  1142  476  -96.9787  148.2046  -22.3857
    23  1143  476  -96.9779  148.2037  -22.3856
    24  1144  476  -97.0049  148.1935  -22.3887
    25  1131  476  -96.9645  148.2229  -22.3839
    26  1130  476  -96.9722  148.2216  -22.3848
    27  1129  476  -96.9587  148.2272  -22.3833
    28  1128  476  -96.9304  148.2378  -22.3800
    29  1127  476  -96.9803  148.2227  -22.3858
    30  1126  476  -96.9844  148.2226  -22.3863
    31  1125  476  -96.9756  148.2267  -22.3853
    32  1124  476  -96.9965  148.2211  -22.3877
    33  1123  476  -97.0043  148.2197  -22.3886
    34  1122  476  -97.0915  148.1925  -22.3988
    35  1120  476  -97.0697  148.2021  -22.3963
    36  1119  476  -97.0670  148.2042  -22.3960
    37  1118  476  -97.0662  148.2057  -22.3959
    38  1117  476  -97.0620  148.2083  -22.3954
    39  1115  476  -97.0602  148.2114  -22.3952
    40  1114  476  -97.0617  148.2122  -22.3954
    41  1113  476  -97.0506  148.2170  -22.3941
    42  1112  476  -97.0605  148.2150  -22.3953
    43  1111  476  -97.0700  148.2132  -22.3964
    44  1132  476  -96.9525  148.2256  -22.3825
    45  1110  476  -97.0717  148.2139  -22.3966
    46  1109  476  -97.0729  148.2147  -22.3967
    47  1108  476  -97.0824  148.2129  -22.3978
    48  1107  476  -97.0837  148.2137  -22.3980
    49  1106  476  -97.0899  148.2129  -22.3987
    50  1106  477  -97.0921  148.2122  -22.3978
    51  1105  477  -97.0872  148.2151  -22.3972
    52  1104  477  -97.0982  148.2128  -22.3985
    53  1103  477  -97.1252  148.2052  -22.4017
    54  1102  477  -97.1164  148.2093  -22.4007
    55  1101  477  -97.1265  148.2073  -22.4019
    56  1098  477  -97.1021  148.2189  -22.3991
    57  1095  477  -97.0781  148.2305  -22.3963
    58  1094  477  -97.0833  148.2300  -22.3969
    59  1093  477  -97.0821  148.2317  -22.3968
    60  1092  477  -97.0892  148.2306  -22.3976
    61  1091  477  -97.0867  148.2327  -22.3974
    62  1089  477  -97.0994  148.2310  -22.3988
    63  1088  477  -97.1025  148.2313  -22.3992
    64  1086  477  -97.0853  148.2393  -22.3972
    65  1084  477  -97.0929  148.2394  -22.3981
    66  1083  477  -97.0935  148.2404  -22.3982
    67  1082  477  -97.0996  148.2397  -22.3989
    68  1081  477  -97.0915  148.2435  -22.3980
    69  1080  477  -97.1159  148.2369  -22.4008
    70  1079  477  -97.1058  148.2414  -22.3996
    71  1078  477  -97.1229  148.2371  -22.4016
    72  1077  477  -97.1295  148.2362  -22.4024
    73  1076  477  -97.1352  148.2356  -22.4030
    74  1075  477  -97.1339  148.2373  -22.4029
    75  1074  477  -97.1286  148.2403  -22.4023
    76  1073  477  -97.1163  148.2455  -22.4008
    77  1071  477  -97.1294  148.2438  -22.4024
    78  1070  477  -97.1231  148.2471  -22.4016
    79  1069  477  -97.1236  148.2481  -22.4017
    80  1068  477  -97.1345  148.2458  -22.4030
    81  1139  477  -96.9425  148.2203  -22.3802
    82  1137  477  -96.9369  148.2246  -22.3796
    83  1136  477  -96.9299  148.2281  -22.3787
    84  1135  477  -96.9385  148.2265  -22.3797
    85  1067  477  -97.1379  148.2460  -22.4034
    86  1066  477  -97.1411  148.2462  -22.4037
    87  1099  477  -97.1077  148.2159  -22.3997
    88  1144  478  -96.9837  148.2006  -22.3839
    89  1145  478  -96.9863  148.1985  -22.3842
    90  1147  478  -96.9890  148.1951  -22.3845
    91  1148  478  -96.9811  148.1965  -22.3836
    92  1149  478  -96.9793  148.1959  -22.3834
    93  1150  478  -96.9712  148.1973  -22.3824
    94  1151  478  -96.9741  148.1951  -22.3828
    95  1153  478  -96.9901  148.1874  -22.3847
    96  1154  478  -97.0007  148.1826  -22.3859
    97  1156  478  -96.9937  148.1824  -22.3851
    98  1158  478  -96.9832  148.1834  -22.3839
    99  1159  478  -96.9925  148.1791  -22.3849
   100  1194  478  -96.9312  148.1562  -22.3776
   101  1192  478  -96.9316  148.1586  -22.3776
   102  1190  478  -96.9355  148.1597  -22.3781
   103  1189  478  -96.9322  148.1620  -22.3777
   104  1188  478  -96.9373  148.1616  -22.3783
   105  1187  478  -96.9392  148.1622  -22.3785
   106  1186  478  -96.9414  148.1627  -22.3787
   107  1185  478  -96.9447  148.1628  -22.3791
   108  1184  478  -96.9388  148.1660  -22.3784
   109  1183  478  -96.9514  148.1631  -22.3799
   110  1182  478  -96.9446  148.1666  -22.3791
   111  1197  479  -96.8697  148.1730  -22.3692
   112  1195  479  -96.8836  148.1709  -22.3708
   113  1194  479  -96.9122  148.1626  -22.3742
   114  1160  479  -97.0073  148.1730  -22.3854
   115  1161  479  -97.0074  148.1718  -22.3854
   116  1162  479  -97.0038  148.1718  -22.3850
   117  1180  479  -96.9513  148.1669  -22.3787
   118  1181  479  -96.9459  148.1674  -22.3780
   119  1182  479  -96.9476  148.1656  -22.3782
   120  1164  479  -96.9885  148.1743  -22.3832
   121  1196  479  -96.8893  148.1678  -22.3715
   122  1172  480  -96.9776  148.1681  -22.3805
   123  1170  480  -96.9694  148.1733  -22.3796
   124  1169  480  -96.9522  148.1802  -22.3776
   125  1166  480  -96.9545  148.1831  -22.3779
   126  1165  480  -96.9664  148.1804  -22.3793
   127  1173  480  -96.9734  148.1682  -22.3801
   128  1180  480  -96.9416  148.1701  -22.3763
   129  1179  480  -96.9483  148.1691  -22.3771
   130  1178  480  -96.9467  148.1709  -22.3770
   131  1177  480  -96.9578  148.1685  -22.3782
   132  1175  480  -96.9667  148.1680  -22.3793
   133  1171  480  -96.9763  148.1697  -22.3804
   134  1174  480  -96.9606  148.1712  -22.3786
   135  1198  480  -96.8705  148.1716  -22.3681
   136  1199  480  -96.8431  148.1795  -22.3649
   137  1201  480  -96.8534  148.1736  -22.3661
   138  1202  480  -96.8460  148.1749  -22.3653
   139  1203  480  -96.8696  148.1657  -22.3680
   140  1204  480  -96.8770  148.1620  -22.3689
   141  1205  480  -96.8817  148.1593  -22.3694
   142  1208  481  -96.8450  148.1679  -22.3639
   143  1209  481  -96.8573  148.1626  -22.3653
   144  1210  481  -96.8677  148.1578  -22.3666
   145  1206  481  -96.8805  148.1585  -22.3681
   146  1211  482  -96.8642  148.1578  -22.3649
   147  1212  482  -96.8639  148.1567  -22.3649
   148  1213  482  -96.8593  148.1570  -22.3643
   149  1214  482  -96.8852  148.1471  -22.3673
   150  1215  482  -96.8838  148.1464  -22.3672
   151  1216  482  -96.8924  148.1423  -22.3682
   152  1217  483  -96.8939  148.1405  -22.3671
   153  1218  483  -96.8816  148.1435  -22.3656
   154  1219  483  -96.8947  148.1378  -22.3671
   155  1220  483  -96.9032  148.1338  -22.3681
   156  1223  484  -96.9022  148.1304  -22.3668
   157  1224  484  -96.9013  148.1295  -22.3667
   158  1225  484  -96.8874  148.1329  -22.3651
   159  1226  484  -96.9121  148.1234  -22.3680
   160  1227  484  -96.9076  148.1237  -22.3674
   161  1222  484  -96.9158  148.1271  -22.3684

    1  1159  392  -97.5247  147.9993  -22.5532
    4  1160  392  -97.5281  147.9969  -22.5536
    5  1161  392  -97.4860  148.0096  -22.5484
    6  1201  392  -97.3319  148.0098  -22.5290
    7  1200  392  -97.3403  148.0083  -22.5301
    8  1197  392  -97.3231  148.0178  -22.5280
    9  1196  392  -97.3242  148.0187  -22.5281
   10  1195  392  -97.3239  148.0201  -22.5281
   11  1194  392  -97.3197  148.0228  -22.5276
   12  1193  392  -97.3199  148.0240  -22.5276
   13  1202  392  -97.3396  148.0060  -22.5300
   14  1172  393  -97.4272  148.0150  -22.5399
   15  1175  393  -97.2396  148.0734  -22.5166
   16  1176  393  -97.2444  148.0706  -22.5172
   17  1177  393  -97.2427  148.0699  -22.5170
   18  1178  393  -97.2463  148.0674  -22.5174
   19  1171  393  -97.3093  148.0554  -22.5253
   20  1180  393  -97.2491  148.0640  -22.5177
   21  1182  393  -97.2788  148.0516  -22.5214
   22  1183  393  -97.3028  148.0424  -22.5243
   23  1185  393  -97.2819  148.0468  -22.5217
   24  1186  393  -97.2888  148.0432  -22.5226
   25  1187  393  -97.3386  148.0254  -22.5287
   26  1188  393  -97.3015  148.0365  -22.5242
   27  1189  393  -97.3127  148.0315  -22.5255
   28  1190  393  -97.3040  148.0331  -22.5244
   29  1191  393  -97.3228  148.0256  -22.5268
   30  1170  393  -97.2916  148.0625  -22.5231
   31  1169  393  -97.2947  148.0627  -22.5235
   32  1168  393  -97.2816  148.0683  -22.5219
   33  1166  393  -97.4749  148.0069  -22.5456
   34  1164  393  -97.7065  147.9328  -22.5744
   35  1163  393  -97.5584  147.9831  -22.5561
   37  1179  393  -97.2570  148.0626  -22.5187
   38  1204  393  -97.3028  148.0158  -22.5243
   39  1205  393  -97.2909  148.0185  -22.5228
   40  1206  393  -97.2882  148.0181  -22.5225
   41  1207  393  -97.2810  148.0193  -22.5216
   42  1208  393  -97.2822  148.0176  -22.5217
   43  1210  393  -97.2761  148.0171  -22.5209
   44  1211  393  -97.2725  148.0171  -22.5205
   45  1251  394  -97.1507  148.0078  -22.5041
   46  1250  394  -97.1568  148.0070  -22.5049
   47  1253  395  -97.1415  148.0084  -22.5018
   48  1254  395  -97.1338  148.0098  -22.5009
   49  1255  395  -97.1294  148.0100  -22.5003
   50  1256  395  -97.1298  148.0086  -22.5004
   51  1258  395  -97.1316  148.0055  -22.5006
   52  1260  395  -97.1413  147.9997  -22.5018
   53  1261  395  -97.1156  148.0072  -22.4986
   54  1262  395  -97.1365  147.9988  -22.5012
   55  1264  395  -97.1633  147.9872  -22.5045
   56  1265  395  -97.1733  147.9826  -22.5057
   57  1266  395  -97.1954  147.9738  -22.5084
   58  1267  395  -97.2246  147.9627  -22.5120
   59  1269  395  -97.1937  147.9706  -22.5082
   60  1270  395  -97.1863  147.9719  -22.5073
   61  1272  395  -97.1741  147.9735  -22.5058
   62  1273  395  -97.1669  147.9747  -22.5049
   63  1274  395  -97.1703  147.9723  -22.5053
   64  1275  395  -97.1985  147.9614  -22.5088
   65  1277  395  -97.1361  147.9802  -22.5011
   66  1278  395  -97.1373  147.9785  -22.5012
   67  1279  395  -97.1414  147.9758  -22.5017
   68  1280  395  -97.1670  147.9659  -22.5049
   69  1281  395  -97.1422  147.9731  -22.5018
   70  1282  395  -97.1369  147.9736  -22.5012
   71  1283  395  -97.1565  147.9657  -22.5036
   72  1284  395  -97.1491  147.9669  -22.5027
   73  1285  395  -97.1345  147.9707  -22.5009
   74  1286  395  -97.1424  147.9667  -22.5019
   75  1287  395  -97.1392  147.9666  -22.5014
   76  1288  395  -97.1373  147.9660  -22.5012
   77  1289  395  -97.1646  147.9554  -22.5046
   78  1290  395  -97.1577  147.9565  -22.5037
   79  1292  395  -97.1573  147.9541  -22.5037
   80  1293  395  -97.1424  147.9580  -22.5019
   81  1295  396  -97.1354  147.9579  -22.4998
   82  1296  396  -97.1315  147.9580  -22.4993
   83  1294  396  -97.1423  147.9568  -22.5006

    1  1115  403  -97.3944  148.0989  -22.5235
    2  1117  403  -97.4108  148.0910  -22.5256
    3  1118  403  -97.3567  148.1074  -22.5189
    4  1119  403  -97.3970  148.0929  -22.5239
    5  1121  403  -97.3518  148.1052  -22.5184
    6  1122  403  -97.3355  148.1092  -22.5164
    7  1123  403  -97.3461  148.1045  -22.5177
    8  1124  403  -97.3635  148.0975  -22.5198
    9  1125  403  -97.3759  148.0922  -22.5213
   10  1126  403  -97.3638  148.0949  -22.5199
   11  1137  403  -97.3285  148.0925  -22.5155
   12  1138  403  -97.3514  148.0838  -22.5183
   13  1139  403  -97.2838  148.1047  -22.5100
   14  1140  403  -97.3203  148.0914  -22.5145
   15  1141  403  -97.3075  148.0944  -22.5129
   16  1144  403  -97.3022  148.0923  -22.5122
   17  1145  403  -97.2793  148.0986  -22.5094
   18  1116  403  -97.4095  148.0927  -22.5254
   19  1190  404  -97.2636  148.0471  -22.5062
   20  1189  404  -97.2692  148.0465  -22.5069
   21  1188  404  -97.2627  148.0499  -22.5061
   22  1186  404  -97.2690  148.0503  -22.5069
   23  1185  404  -97.2758  148.0493  -22.5077
   24  1184  404  -97.2708  148.0522  -22.5071
   25  1182  404  -97.2864  148.0496  -22.5090
   26  1181  404  -97.2912  148.0493  -22.5096
   27  1180  404  -97.2979  148.0483  -22.5104
   28  1178  404  -97.2882  148.0540  -22.5092
   29  1177  404  -97.3350  148.0398  -22.5150
   30  1176  404  -97.2879  148.0567  -22.5092
   31  1174  404  -97.2825  148.0610  -22.5086
   32  1173  404  -97.3132  148.0521  -22.5123
   33  1171  404  -97.3018  148.0584  -22.5109
   34  1170  404  -97.3269  148.0513  -22.5140
   35  1169  404  -97.3224  148.0541  -22.5135
   36  1168  404  -97.3096  148.0596  -22.5119
   37  1167  404  -97.2469  148.0816  -22.5043
   38  1165  404  -97.4832  148.0060  -22.5330
   39  1163  404  -97.4029  148.0351  -22.5232
   40  1192  404  -97.2562  148.0470  -22.5053
   41  1161  404  -97.3413  148.0580  -22.5157
   42  1159  404  -97.3492  148.0579  -22.5167
   43  1158  404  -97.3151  148.0704  -22.5125
   44  1157  404  -97.3500  148.0602  -22.5168
   45  1156  404  -97.2663  148.0891  -22.5066
   46  1155  404  -97.2604  148.0923  -22.5059
   47  1154  404  -97.4035  148.0463  -22.5233
   48  1152  404  -97.2960  148.0843  -22.5102
   49  1151  404  -97.3174  148.0785  -22.5128
   50  1150  404  -97.2875  148.0896  -22.5092
   51  1149  404  -97.3249  148.0786  -22.5137
   52  1193  404  -97.2649  148.0428  -22.5064
   53  1194  404  -97.2672  148.0408  -22.5066
   54  1196  404  -97.2843  148.0326  -22.5087
   55  1199  404  -97.2953  148.0251  -22.5100
   56  1200  404  -97.2921  148.0249  -22.5096
   57  1201  404  -97.3011  148.0207  -22.5107
   58  1202  404  -97.2636  148.0319  -22.5062
   59  1136  404  -97.3088  148.1003  -22.5118
   60  1135  404  -97.3224  148.0971  -22.5135
   61  1134  404  -97.3444  148.0912  -22.5162
   62  1133  404  -97.3379  148.0945  -22.5155
   63  1132  404  -97.3557  148.0900  -22.5176
   64  1131  404  -97.3435  148.0952  -22.5161
   65  1130  404  -97.3599  148.0912  -22.5182
   66  1129  404  -97.3317  148.1017  -22.5147
   67  1127  404  -97.3801  148.0883  -22.5206
   68  1126  404  -97.3600  148.0962  -22.5182
   69  1204  404  -97.2794  148.0241  -22.5080
   70  1205  404  -97.2674  148.0269  -22.5066
   71  1206  404  -97.2767  148.0225  -22.5077
   72  1207  404  -97.2624  148.0260  -22.5060
   73  1208  404  -97.2396  148.0324  -22.5032
   74  1209  404  -97.2492  148.0279  -22.5043
   75  1210  404  -97.2290  148.0334  -22.5019
   76  1211  404  -97.2261  148.0331  -22.5015
   77  1213  404  -97.2172  148.0336  -22.5004
   78  1162  404  -97.3260  148.0618  -22.5139
   79  1214  404  -97.2135  148.0336  -22.5000

     1  1033  587  -96.6603  148.4460  -22.2200
     2  1032  587  -96.6737  148.4430  -22.2215
     3  1033  588  -96.6486  148.4498  -22.2176
     4  1034  588  -96.6645  148.4435  -22.2193
     5  1035  588  -96.6526  148.4461  -22.2180
     6  1036  588  -96.6573  148.4434  -22.2185
     7  1037  588  -96.6525  148.4437  -22.2179
     8  1038  588  -96.6532  148.4423  -22.2180
     9  1040  588  -96.6448  148.4426  -22.2171
    10  1041  588  -96.6341  148.4448  -22.2159
    11  1042  588  -96.6394  148.4419  -22.2165
    12  1043  588  -96.6628  148.4332  -22.2190
    13  1044  588  -96.6849  148.4249  -22.2214
    14  1045  588  -96.6832  148.4243  -22.2212
    15  1046  588  -96.6877  148.4216  -22.2217
    16  1047  588  -96.6889  148.4200  -22.2218
    17  1049  588  -96.6916  148.4167  -22.2221
    18  1051  588  -96.6766  148.4191  -22.2204
    19  1052  588  -96.6893  148.4138  -22.2218
    20  1055  589  -96.6927  148.4092  -22.2209
    21  1056  589  -96.6851  148.4104  -22.2201
    22  1057  589  -96.6909  148.4073  -22.2207
    23  1054  589  -96.6934  148.4102  -22.2210
    24  1059  590  -96.6877  148.4060  -22.2192
    25  1061  590  -96.6821  148.4054  -22.2186
    26  1062  590  -96.6623  148.4106  -22.2164
    27  1058  590  -96.6902  148.4064  -22.2195
    28  1106  592  -96.6416  148.3642  -22.2116
    29  1107  592  -96.6646  148.3555  -22.2141
    30  1108  592  -96.6646  148.3543  -22.2141
    31  1109  592  -96.6577  148.3553  -22.2133
    32  1111  592  -96.6198  148.3653  -22.2093
    33  1112  592  -96.6282  148.3614  -22.2102
    34  1113  592  -96.6341  148.3582  -22.2108
    35  1115  592  -96.6162  148.3616  -22.2088
    36  1117  592  -96.6399  148.3515  -22.2113
    37  1118  592  -96.6424  148.3495  -22.2116
    38  1122  592  -96.6015  148.3580  -22.2072
    39  1123  592  -96.5947  148.3590  -22.2065
    40  1151  595  -96.5822  148.3296  -22.2016
    41  1157  595  -96.5728  148.3255  -22.2005
    42  1159  595  -96.5680  148.3246  -22.2000
    43  1160  595  -96.5727  148.3219  -22.2005
    44  1156  595  -96.5714  148.3271  -22.2004
    45  1155  595  -96.5738  148.3275  -22.2006
    46  1154  595  -96.5660  148.3313  -22.1998
    47  1152  595  -96.5772  148.3300  -22.2010
    48  1193  596  -96.4986  148.3069  -22.1912
    49  1194  596  -96.5063  148.3031  -22.1920
    50  1191  596  -96.4879  148.3128  -22.1900
    51  1195  596  -96.5061  148.3020  -22.1920
    52  1188  596  -96.4774  148.3199  -22.1890
    53  1187  596  -96.4811  148.3199  -22.1893
    54  1186  596  -96.4794  148.3216  -22.1892
    55  1184  596  -96.5051  148.3155  -22.1919
    56  1183  596  -96.4975  148.3192  -22.1912
    57  1182  596  -96.5051  148.3179  -22.1920
    58  1181  596  -96.5083  148.3180  -22.1923
    59  1196  596  -96.5104  148.2993  -22.1925
    60  1197  596  -96.4994  148.3018  -22.1913
    61  1199  596  -96.5344  148.2878  -22.1951
    62  1189  596  -96.4854  148.3160  -22.1898
    63  1191  597  -96.4758  148.3169  -22.1877
    64  1192  597  -96.4794  148.3145  -22.1880
    65  1193  597  -96.4850  148.3114  -22.1886
    66  1200  597  -96.4935  148.3002  -22.1896
    67  1201  597  -96.5010  148.2965  -22.1904
    68  1202  597  -96.5105  148.2922  -22.1914
    69  1203  597  -96.5127  148.2902  -22.1917
    70  1204  597  -96.5167  148.2877  -22.1921
    71  1205  597  -96.5247  148.2838  -22.1929
    72  1206  598  -96.5198  148.2843  -22.1913
    73  1207  598  -96.5180  148.2837  -22.1910
    74  1208  598  -96.5194  148.2820  -22.1912
    75  1209  598  -96.5199  148.2807  -22.1912
    76  1210  598  -96.5209  148.2792  -22.1913
    77  1229  598  -96.4870  148.2678  -22.1876
    78  1228  598  -96.4825  148.2704  -22.1871
    79  1230  598  -96.4950  148.2639  -22.1884
    80  1226  598  -96.4611  148.2800  -22.1849
    81  1225  598  -96.4547  148.2834  -22.1842
    82  1224  598  -96.4809  148.2758  -22.1870
    83  1237  599  -96.4695  148.2641  -22.1845
    84  1240  599  -96.4727  148.2594  -22.1848
    85  1236  599  -96.4584  148.2690  -22.1834
    86  1221  599  -96.4773  148.2806  -22.1855
    87  1222  599  -96.4752  148.2801  -22.1852
    88  1223  599  -96.4637  148.2828  -22.1840
    89  1224  599  -96.4667  148.2806  -22.1843
    90  1238  599  -96.4641  148.2647  -22.1839
    91  1239  599  -96.4688  148.2620  -22.1844
    92  1214  599  -96.5290  148.2717  -22.1910
    93  1212  599  -96.5357  148.2719  -22.1918
    94  1211  599  -96.5293  148.2752  -22.1911
    95  1213  599  -96.5316  148.2720  -22.1913
    96  1230  599  -96.4919  148.2650  -22.1869
    97  1231  599  -96.4395  148.2813  -22.1814
    98  1232  599  -96.4428  148.2790  -22.1817
    99  1233  599  -96.4649  148.2704  -22.1841
   100  1234  599  -96.4193  148.2845  -22.1792
   101  1217  600  -96.5042  148.2765  -22.1872
   102  1216  600  -96.5151  148.2740  -22.1884
   103  1215  600  -96.5012  148.2798  -22.1869
   104  1218  600  -96.4913  148.2796  -22.1858
   105  1219  600  -96.4918  148.2782  -22.1859
