; ENVI Output of ROIs (5.4) [Fri Aug 09 16:51:55 2019]
; Number of ROIs: 8
; File Dimension: 1328 x 1184
;
; ROI name: Region #1
; ROI rgb value: {255, 0, 0}
; ROI npts: 95
;
; ROI name: Region #2
; ROI rgb value: {0, 255, 0}
; ROI npts: 75
;
; ROI name: Region #3
; ROI rgb value: {0, 0, 255}
; ROI npts: 136
;
; ROI name: Region #4
; ROI rgb value: {255, 255, 0}
; ROI npts: 127
;
; ROI name: Region #5
; ROI rgb value: {0, 255, 255}
; ROI npts: 161
;
; ROI name: Region #6
; ROI rgb value: {255, 0, 255}
; ROI npts: 83
;
; ROI name: Region #7
; ROI rgb value: {176, 48, 96}
; ROI npts: 79
;
; ROI name: Region #8
; ROI rgb value: {46, 139, 87}
; ROI npts: 105
;  ID     X    Y      B1      B2      B3
    1   877  267  0.1455  0.0450  0.0203
    2   878  267  0.1454  0.0449  0.0202
    3   879  267  0.1441  0.0445  0.0201
    4   880  267  0.1444  0.0446  0.0201
    5   881  267  0.1440  0.0445  0.0201
    6   882  267  0.1446  0.0447  0.0201
    7   883  267  0.1438  0.0445  0.0200
    8   884  267  0.1439  0.0445  0.0200
    9   885  267  0.1435  0.0444  0.0200
   10   886  267  0.1422  0.0440  0.0198
   11   887  267  0.1431  0.0443  0.0199
   12   888  267  0.1423  0.0441  0.0198
   13   889  267  0.1408  0.0437  0.0196
   14   890  267  0.1406  0.0436  0.0196
   15   891  267  0.1401  0.0435  0.0195
   16   892  267  0.1398  0.0434  0.0195
   17   893  267  0.1416  0.0439  0.0197
   18   894  267  0.1394  0.0433  0.0194
   19   895  267  0.1390  0.0431  0.0194
   20   896  267  0.1390  0.0432  0.0194
   21   897  267  0.1390  0.0432  0.0194
   22   898  267  0.1364  0.0424  0.0190
   23   899  267  0.1369  0.0425  0.0191
   24   900  267  0.1371  0.0426  0.0191
   25   901  267  0.1366  0.0425  0.0190
   26   902  267  0.1366  0.0425  0.0191
   27   903  267  0.1367  0.0425  0.0191
   28  1030  267  0.1340  0.0431  0.0187
   29  1031  267  0.1342  0.0432  0.0187
   30   915  267  0.1362  0.0425  0.0190
   31   914  267  0.1362  0.0425  0.0190
   32   913  267  0.1360  0.0424  0.0190
   33   912  267  0.1359  0.0424  0.0189
   34   909  268  0.1361  0.0424  0.0190
   35   910  268  0.1358  0.0423  0.0189
   36   911  268  0.1359  0.0424  0.0189
   37   908  268  0.1361  0.0424  0.0190
   38   907  268  0.1365  0.0425  0.0190
   39   906  268  0.1365  0.0425  0.0190
   40   905  268  0.1364  0.0425  0.0190
   41   916  268  0.1364  0.0426  0.0190
   42   917  268  0.1367  0.0427  0.0191
   43   918  268  0.1360  0.0425  0.0190
   44   919  268  0.1362  0.0426  0.0190
   45   920  268  0.1364  0.0426  0.0190
   46   903  268  0.1365  0.0425  0.0190
   47   946  268  0.1371  0.0431  0.0191
   48   904  268  0.1366  0.0425  0.0190
   49   948  268  0.1371  0.0432  0.0191
   50   949  268  0.1368  0.0431  0.0191
   51   950  268  0.1366  0.0430  0.0190
   52   951  268  0.1369  0.0431  0.0191
   53   952  268  0.1367  0.0431  0.0190
   54   953  268  0.1371  0.0432  0.0191
   55   954  268  0.1373  0.0433  0.0191
   56   980  268  0.1353  0.0430  0.0189
   57   981  268  0.1354  0.0430  0.0189
   58   982  268  0.1358  0.0431  0.0189
   59   984  268  0.1357  0.0431  0.0189
   60   985  268  0.1355  0.0431  0.0189
   61   986  268  0.1354  0.0431  0.0189
   62   987  268  0.1353  0.0430  0.0189
   63   988  268  0.1352  0.0430  0.0188
   64   989  268  0.1350  0.0429  0.0188
   65   990  268  0.1351  0.0430  0.0188
   66   991  268  0.1351  0.0430  0.0188
   67  1004  268  0.1340  0.0428  0.0187
   68  1005  268  0.1341  0.0428  0.0187
   69  1006  268  0.1341  0.0429  0.0187
   70  1007  268  0.1340  0.0428  0.0187
   71  1008  268  0.1339  0.0428  0.0187
   72  1009  268  0.1339  0.0428  0.0187
   73  1010  268  0.1342  0.0429  0.0187
   74  1011  268  0.1342  0.0429  0.0187
   75  1012  268  0.1341  0.0429  0.0187
   76  1013  268  0.1342  0.0430  0.0187
   77  1014  268  0.1342  0.0430  0.0187
   78  1015  268  0.1342  0.0430  0.0187
   79  1016  268  0.1342  0.0430  0.0187
   80  1017  268  0.1342  0.0430  0.0187
   81  1018  268  0.1342  0.0430  0.0187
   82  1019  268  0.1341  0.0430  0.0187
   83  1020  268  0.1340  0.0430  0.0187
   84  1021  268  0.1339  0.0430  0.0187
   85  1022  268  0.1340  0.0430  0.0187
   86  1023  268  0.1339  0.0430  0.0187
   87  1024  268  0.1340  0.0430  0.0187
   88  1025  268  0.1339  0.0430  0.0187
   89  1026  268  0.1342  0.0431  0.0187
   90  1027  268  0.1342  0.0431  0.0187
   91  1028  268  0.1339  0.0430  0.0187
   92  1029  268  0.1338  0.0430  0.0187
   93  1030  268  0.1339  0.0431  0.0187
   94   947  268  0.1371  0.0432  0.0191
   95   925  269  0.1359  0.0425  0.0189

    1   894  259  0.1515  0.0470  0.0212
    2   895  259  0.1500  0.0465  0.0210
    3   896  259  0.1488  0.0462  0.0208
    4   897  259  0.1473  0.0457  0.0206
    5   898  259  0.1446  0.0449  0.0202
    6   899  259  0.1446  0.0450  0.0202
    7   900  259  0.1444  0.0449  0.0202
    8   913  259  0.1376  0.0429  0.0193
    9   914  259  0.1374  0.0429  0.0192
   10   917  259  0.1374  0.0429  0.0192
   11   919  259  0.1385  0.0433  0.0194
   12   920  259  0.1373  0.0429  0.0192
   13   921  259  0.1374  0.0430  0.0193
   14  1009  259  0.1357  0.0434  0.0190
   15  1008  259  0.1351  0.0432  0.0189
   16  1007  259  0.1361  0.0435  0.0191
   17  1006  259  0.1361  0.0435  0.0191
   18  1004  259  0.1363  0.0435  0.0191
   19  1003  259  0.1364  0.0436  0.0191
   20  1002  259  0.1363  0.0435  0.0191
   21   930  259  0.1381  0.0433  0.0194
   22   931  259  0.1379  0.0432  0.0193
   23   932  259  0.1386  0.0435  0.0194
   24   933  259  0.1383  0.0434  0.0194
   25   935  259  0.1386  0.0435  0.0194
   26   936  259  0.1380  0.0433  0.0193
   27   938  259  0.1383  0.0434  0.0194
   28   939  259  0.1379  0.0433  0.0193
   29   940  259  0.1385  0.0435  0.0194
   30   942  259  0.1394  0.0438  0.0195
   31   944  259  0.1391  0.0438  0.0195
   32   945  259  0.1387  0.0436  0.0194
   33   946  259  0.1392  0.0438  0.0195
   34  1001  259  0.1363  0.0435  0.0191
   35  1000  259  0.1360  0.0434  0.0191
   36   998  259  0.1360  0.0434  0.0191
   37   996  259  0.1356  0.0432  0.0190
   38  1010  259  0.1360  0.0435  0.0191
   39   995  259  0.1358  0.0433  0.0190
   40   994  259  0.1353  0.0431  0.0190
   41   993  259  0.1364  0.0435  0.0191
   42   972  259  0.1374  0.0435  0.0193
   43   973  259  0.1375  0.0436  0.0193
   44   975  259  0.1374  0.0436  0.0193
   45   976  259  0.1375  0.0436  0.0193
   46   977  259  0.1374  0.0436  0.0192
   47   992  259  0.1374  0.0438  0.0193
   48   991  259  0.1369  0.0436  0.0192
   49   990  259  0.1366  0.0435  0.0192
   50   989  259  0.1375  0.0438  0.0193
   51   983  260  0.1365  0.0434  0.0191
   52   984  260  0.1364  0.0434  0.0191
   53   985  260  0.1363  0.0433  0.0191
   54   986  260  0.1361  0.0433  0.0191
   55   987  260  0.1361  0.0433  0.0191
   56   988  260  0.1362  0.0433  0.0191
   57   982  260  0.1365  0.0434  0.0191
   58   981  260  0.1367  0.0434  0.0191
   59   980  260  0.1369  0.0434  0.0192
   60   978  260  0.1366  0.0434  0.0191
   61   957  260  0.1387  0.0438  0.0194
   62   956  260  0.1386  0.0437  0.0194
   63   955  260  0.1385  0.0437  0.0194
   64   952  260  0.1379  0.0435  0.0193
   65   951  260  0.1391  0.0438  0.0195
   66   950  260  0.1392  0.0439  0.0195
   67   949  260  0.1390  0.0438  0.0194
   68   930  260  0.1376  0.0431  0.0193
   69   929  260  0.1375  0.0431  0.0193
   70   928  260  0.1376  0.0431  0.0193
   71   927  260  0.1375  0.0430  0.0192
   72   925  260  0.1372  0.0429  0.0192
   73   923  260  0.1370  0.0429  0.0192
   74   922  260  0.1371  0.0429  0.0192
   75   953  260  0.1384  0.0436  0.0194

     1  1073  277  0.1307  0.0425  0.0181
     2  1072  277  0.1308  0.0425  0.0182
     3  1074  277  0.1307  0.0425  0.0181
     4  1071  278  0.1307  0.0425  0.0181
     5  1070  278  0.1308  0.0425  0.0181
     6  1069  278  0.1309  0.0425  0.0182
     7  1066  278  0.1304  0.0423  0.0181
     8  1072  278  0.1307  0.0425  0.0181
     9  1066  279  0.1304  0.0423  0.0181
    10  1065  279  0.1305  0.0423  0.0181
    11  1064  279  0.1302  0.0422  0.0181
    12  1063  279  0.1315  0.0426  0.0182
    13  1062  279  0.1314  0.0426  0.0182
    14  1047  279  0.1314  0.0424  0.0182
    15  1048  279  0.1321  0.0427  0.0183
    16  1049  279  0.1308  0.0423  0.0181
    17  1050  279  0.1307  0.0423  0.0181
    18  1051  279  0.1315  0.0425  0.0182
    19  1052  279  0.1307  0.0423  0.0181
    20  1053  279  0.1307  0.0423  0.0181
    21  1056  280  0.1304  0.0422  0.0181
    22  1057  280  0.1300  0.0421  0.0180
    23  1058  280  0.1298  0.0420  0.0180
    24  1059  280  0.1299  0.0421  0.0180
    25  1060  280  0.1312  0.0425  0.0182
    26  1062  280  0.1314  0.0426  0.0182
    27  1055  280  0.1307  0.0423  0.0181
    28  1046  280  0.1306  0.0422  0.0181
    29  1045  280  0.1304  0.0421  0.0181
    30  1044  280  0.1303  0.0421  0.0181
    31  1043  280  0.1311  0.0423  0.0182
    32  1042  280  0.1309  0.0422  0.0181
    33  1041  280  0.1308  0.0422  0.0181
    34  1040  280  0.1310  0.0422  0.0182
    35  1038  280  0.1314  0.0423  0.0182
    36  1009  280  0.1314  0.0420  0.0182
    37  1008  280  0.1316  0.0421  0.0182
    38  1007  280  0.1320  0.0422  0.0183
    39  1011  280  0.1314  0.0421  0.0182
    40  1012  280  0.1317  0.0422  0.0183
    41  1010  280  0.1313  0.0420  0.0182
    42  1025  281  0.1310  0.0421  0.0181
    43  1024  281  0.1313  0.0421  0.0182
    44  1023  281  0.1312  0.0421  0.0182
    45  1022  281  0.1313  0.0421  0.0182
    46  1020  281  0.1315  0.0422  0.0182
    47  1019  281  0.1315  0.0422  0.0182
    48  1037  281  0.1318  0.0425  0.0183
    49  1036  281  0.1318  0.0425  0.0183
    50  1034  281  0.1311  0.0422  0.0182
    51  1007  281  0.1313  0.0420  0.0182
    52  1006  281  0.1311  0.0419  0.0182
    53  1005  281  0.1314  0.0420  0.0182
    54  1018  281  0.1317  0.0422  0.0182
    55  1017  281  0.1315  0.0421  0.0182
    56  1016  281  0.1319  0.0423  0.0183
    57  1014  281  0.1321  0.0423  0.0183
    58  1013  281  0.1320  0.0423  0.0183
    59  1012  281  0.1315  0.0421  0.0182
    60  1027  281  0.1315  0.0423  0.0182
    61  1033  281  0.1311  0.0422  0.0182
    62  1026  281  0.1315  0.0422  0.0182
    63  1004  281  0.1315  0.0420  0.0182
    64   991  281  0.1324  0.0421  0.0183
    65  1003  281  0.1314  0.0420  0.0182
    66  1002  281  0.1320  0.0422  0.0183
    67  1001  281  0.1312  0.0419  0.0182
    68   997  282  0.1315  0.0419  0.0182
    69   998  282  0.1313  0.0419  0.0182
    70   999  282  0.1309  0.0417  0.0181
    71   996  282  0.1318  0.0420  0.0182
    72   995  282  0.1317  0.0420  0.0182
    73   994  282  0.1315  0.0419  0.0182
    74   991  282  0.1322  0.0421  0.0183
    75   978  282  0.1329  0.0422  0.0184
    76   977  282  0.1331  0.0422  0.0184
    77   976  282  0.1329  0.0422  0.0184
    78   975  282  0.1329  0.0421  0.0184
    79   974  282  0.1335  0.0423  0.0185
    80   973  282  0.1332  0.0422  0.0184
    81   990  282  0.1323  0.0421  0.0183
    82   989  283  0.1324  0.0421  0.0183
    83   988  283  0.1319  0.0420  0.0182
    84   987  283  0.1320  0.0420  0.0183
    85   986  283  0.1321  0.0420  0.0183
    86   921  283  0.1330  0.0416  0.0184
    87   920  283  0.1330  0.0415  0.0184
    88   951  283  0.1327  0.0418  0.0184
    89   980  283  0.1326  0.0421  0.0183
    90   973  283  0.1326  0.0420  0.0183
    91   972  283  0.1328  0.0421  0.0184
    92   970  283  0.1328  0.0420  0.0184
    93   969  283  0.1328  0.0420  0.0184
    94   968  283  0.1328  0.0420  0.0184
    95   967  283  0.1329  0.0420  0.0184
    96   966  283  0.1327  0.0420  0.0183
    97   965  283  0.1326  0.0419  0.0183
    98   963  283  0.1326  0.0419  0.0183
    99   962  283  0.1324  0.0419  0.0183
   100   959  283  0.1321  0.0417  0.0183
   101   958  283  0.1319  0.0416  0.0182
   102   956  283  0.1329  0.0419  0.0184
   103   955  283  0.1329  0.0419  0.0184
   104   954  283  0.1332  0.0420  0.0184
   105   953  283  0.1331  0.0420  0.0184
   106   952  283  0.1326  0.0418  0.0183
   107   982  284  0.1319  0.0419  0.0182
   108   950  284  0.1333  0.0420  0.0184
   109   983  284  0.1318  0.0419  0.0182
   110   948  284  0.1329  0.0418  0.0184
   111   947  284  0.1316  0.0414  0.0182
   112   984  284  0.1318  0.0419  0.0182
   113   922  284  0.1335  0.0417  0.0185
   114   923  284  0.1334  0.0417  0.0184
   115   924  284  0.1335  0.0418  0.0184
   116   949  284  0.1333  0.0420  0.0184
   117   941  285  0.1333  0.0419  0.0184
   118   939  285  0.1335  0.0419  0.0184
   119   938  285  0.1333  0.0418  0.0184
   120   937  285  0.1334  0.0419  0.0184
   121   935  285  0.1334  0.0418  0.0184
   122   942  285  0.1333  0.0419  0.0184
   123   933  285  0.1336  0.0419  0.0185
   124   932  285  0.1339  0.0420  0.0185
   125   931  285  0.1338  0.0419  0.0185
   126   930  285  0.1339  0.0419  0.0185
   127   929  285  0.1337  0.0419  0.0185
   128   928  285  0.1341  0.0420  0.0185
   129   927  285  0.1341  0.0420  0.0185
   130   926  285  0.1333  0.0417  0.0184
   131   925  285  0.1337  0.0418  0.0185
   132   943  285  0.1334  0.0420  0.0184
   133   945  285  0.1332  0.0419  0.0184
   134   946  285  0.1324  0.0417  0.0183
   135   947  285  0.1324  0.0417  0.0183
   136   934  285  0.1336  0.0419  0.0184

     1   972  393  0.1262  0.0399  0.0164
     2   974  393  0.1261  0.0399  0.0164
     3   975  393  0.1262  0.0400  0.0164
     4   977  393  0.1261  0.0400  0.0164
     5   978  393  0.1261  0.0400  0.0164
     6   981  393  0.1262  0.0400  0.0164
     7   982  393  0.1260  0.0400  0.0164
     8   983  393  0.1259  0.0400  0.0164
     9   984  393  0.1257  0.0399  0.0163
    10   985  393  0.1258  0.0399  0.0163
    11   986  393  0.1256  0.0399  0.0163
    12   988  393  0.1255  0.0399  0.0163
    13   973  393  0.1262  0.0399  0.0164
    14   924  394  0.1279  0.0400  0.0166
    15   925  394  0.1275  0.0399  0.0165
    16   926  394  0.1275  0.0399  0.0165
    17   927  394  0.1276  0.0399  0.0165
    18   928  394  0.1274  0.0399  0.0165
    19   930  394  0.1273  0.0398  0.0165
    20   931  394  0.1272  0.0398  0.0165
    21   932  394  0.1271  0.0398  0.0165
    22   933  394  0.1272  0.0399  0.0165
    23   934  394  0.1270  0.0398  0.0165
    24   935  394  0.1269  0.0398  0.0165
    25   936  394  0.1268  0.0398  0.0165
    26   938  394  0.1267  0.0397  0.0164
    27   939  394  0.1264  0.0397  0.0164
    28   946  394  0.1261  0.0397  0.0164
    29   947  394  0.1260  0.0396  0.0163
    30   948  394  0.1262  0.0397  0.0164
    31   950  394  0.1263  0.0397  0.0164
    32   952  394  0.1256  0.0396  0.0163
    33   954  394  0.1257  0.0396  0.0163
    34   955  394  0.1254  0.0395  0.0163
    35   956  394  0.1252  0.0395  0.0162
    36   957  394  0.1256  0.0396  0.0163
    37   959  394  0.1255  0.0396  0.0163
    38   960  394  0.1254  0.0396  0.0163
    39   961  394  0.1253  0.0396  0.0163
    40   923  394  0.1278  0.0400  0.0166
    41   964  394  0.1256  0.0397  0.0163
    42   966  394  0.1259  0.0398  0.0163
    43  1020  394  0.1243  0.0398  0.0161
    44  1019  394  0.1246  0.0399  0.0162
    45  1016  394  0.1250  0.0400  0.0162
    46  1015  394  0.1244  0.0398  0.0161
    47  1014  394  0.1253  0.0401  0.0163
    48  1012  394  0.1259  0.0403  0.0163
    49  1010  394  0.1256  0.0402  0.0163
    50  1009  394  0.1247  0.0398  0.0162
    51  1007  394  0.1250  0.0399  0.0162
    52  1005  394  0.1246  0.0398  0.0162
    53  1004  394  0.1258  0.0402  0.0163
    54  1003  394  0.1257  0.0401  0.0163
    55  1002  394  0.1257  0.0401  0.0163
    56  1001  394  0.1253  0.0400  0.0163
    57  1000  394  0.1254  0.0400  0.0163
    58   999  394  0.1251  0.0399  0.0162
    59   997  394  0.1250  0.0398  0.0162
    60   996  394  0.1251  0.0398  0.0162
    61   994  394  0.1250  0.0398  0.0162
    62   993  394  0.1249  0.0398  0.0162
    63   992  394  0.1249  0.0397  0.0162
    64   967  394  0.1260  0.0398  0.0163
    65   990  394  0.1255  0.0399  0.0163
    66   989  394  0.1255  0.0399  0.0163
    67   922  394  0.1278  0.0399  0.0166
    68   921  394  0.1282  0.0400  0.0166
    69   920  394  0.1280  0.0400  0.0166
    70   919  394  0.1279  0.0399  0.0166
    71   918  394  0.1277  0.0398  0.0165
    72   917  394  0.1274  0.0397  0.0165
    73   916  394  0.1272  0.0397  0.0165
    74   914  394  0.1275  0.0398  0.0165
    75   913  394  0.1283  0.0400  0.0166
    76   911  394  0.1285  0.0400  0.0167
    77   909  394  0.1284  0.0400  0.0167
    78   962  394  0.1255  0.0396  0.0163
    79   991  394  0.1249  0.0397  0.0162
    80   969  394  0.1261  0.0399  0.0164
    81   968  394  0.1260  0.0398  0.0163
    82   908  394  0.1279  0.0398  0.0166
    83  1023  395  0.1248  0.0400  0.0162
    84  1024  395  0.1252  0.0401  0.0162
    85  1025  395  0.1248  0.0400  0.0162
    86  1026  395  0.1253  0.0402  0.0163
    87  1027  395  0.1246  0.0400  0.0162
    88  1028  395  0.1248  0.0401  0.0162
    89  1029  395  0.1249  0.0401  0.0162
    90  1031  395  0.1247  0.0401  0.0162
    91  1033  395  0.1238  0.0398  0.0161
    92  1034  395  0.1240  0.0399  0.0161
    93  1035  395  0.1243  0.0400  0.0161
    94  1036  395  0.1244  0.0400  0.0161
    95  1038  395  0.1246  0.0401  0.0162
    96  1039  395  0.1247  0.0402  0.0162
    97  1040  395  0.1245  0.0401  0.0161
    98  1041  395  0.1244  0.0401  0.0161
    99  1043  395  0.1247  0.0402  0.0162
   100  1044  395  0.1247  0.0402  0.0162
   101  1045  395  0.1249  0.0403  0.0162
   102  1047  395  0.1250  0.0404  0.0162
   103  1048  395  0.1250  0.0403  0.0162
   104  1049  395  0.1252  0.0404  0.0162
   105  1050  395  0.1253  0.0405  0.0162
   106  1051  395  0.1254  0.0405  0.0162
   107  1052  395  0.1254  0.0405  0.0163
   108  1053  395  0.1254  0.0405  0.0163
   109  1054  395  0.1256  0.0406  0.0163
   110  1055  395  0.1257  0.0406  0.0163
   111  1056  395  0.1256  0.0406  0.0163
   112  1057  395  0.1258  0.0407  0.0163
   113  1058  395  0.1259  0.0407  0.0163
   114  1059  395  0.1261  0.0408  0.0163
   115  1060  395  0.1262  0.0409  0.0163
   116  1061  395  0.1267  0.0410  0.0164
   117  1062  395  0.1270  0.0411  0.0164
   118  1063  395  0.1274  0.0413  0.0165
   119  1064  395  0.1273  0.0413  0.0165
   120  1065  395  0.1276  0.0414  0.0165
   121  1066  395  0.1265  0.0410  0.0164
   122  1067  395  0.1255  0.0407  0.0162
   123  1068  395  0.1254  0.0407  0.0162
   124  1069  395  0.1254  0.0407  0.0162
   125   908  395  0.1281  0.0399  0.0166
   126   907  395  0.1283  0.0399  0.0166
   127   906  395  0.1281  0.0398  0.0166

     1  1050  475  0.1197  0.0386  0.0148
     2  1051  475  0.1197  0.0386  0.0148
     3  1052  475  0.1197  0.0386  0.0148
     4  1053  475  0.1195  0.0386  0.0148
     5  1054  475  0.1195  0.0386  0.0148
     6  1055  475  0.1193  0.0386  0.0147
     7  1056  475  0.1193  0.0386  0.0147
     8  1057  475  0.1193  0.0386  0.0148
     9  1059  475  0.1193  0.0386  0.0147
    10  1059  476  0.1188  0.0384  0.0147
    11  1060  476  0.1192  0.0386  0.0147
    12  1061  476  0.1190  0.0385  0.0147
    13  1063  476  0.1194  0.0387  0.0148
    14  1064  476  0.1197  0.0387  0.0148
    15  1065  476  0.1197  0.0388  0.0148
    16  1066  476  0.1197  0.0388  0.0148
    17  1133  476  0.1175  0.0387  0.0145
    18  1135  476  0.1171  0.0386  0.0145
    19  1139  476  0.1176  0.0388  0.0145
    20  1140  476  0.1177  0.0389  0.0145
    21  1141  476  0.1175  0.0388  0.0145
    22  1142  476  0.1177  0.0389  0.0145
    23  1143  476  0.1177  0.0389  0.0145
    24  1144  476  0.1181  0.0390  0.0146
    25  1131  476  0.1177  0.0388  0.0145
    26  1130  476  0.1178  0.0388  0.0145
    27  1129  476  0.1176  0.0387  0.0145
    28  1128  476  0.1171  0.0385  0.0145
    29  1127  476  0.1179  0.0388  0.0146
    30  1126  476  0.1179  0.0388  0.0146
    31  1125  476  0.1178  0.0387  0.0146
    32  1124  476  0.1181  0.0388  0.0146
    33  1123  476  0.1182  0.0389  0.0146
    34  1122  476  0.1195  0.0393  0.0148
    35  1120  476  0.1191  0.0391  0.0147
    36  1119  476  0.1191  0.0391  0.0147
    37  1118  476  0.1190  0.0391  0.0147
    38  1117  476  0.1190  0.0390  0.0147
    39  1115  476  0.1189  0.0390  0.0147
    40  1114  476  0.1189  0.0390  0.0147
    41  1113  476  0.1187  0.0389  0.0147
    42  1112  476  0.1188  0.0390  0.0147
    43  1111  476  0.1190  0.0390  0.0147
    44  1132  476  0.1175  0.0387  0.0145
    45  1110  476  0.1190  0.0390  0.0147
    46  1109  476  0.1190  0.0390  0.0147
    47  1108  476  0.1192  0.0390  0.0147
    48  1107  476  0.1193  0.0391  0.0147
    49  1106  476  0.1193  0.0390  0.0147
    50  1106  477  0.1193  0.0391  0.0147
    51  1105  477  0.1192  0.0390  0.0147
    52  1104  477  0.1193  0.0390  0.0147
    53  1103  477  0.1197  0.0392  0.0148
    54  1102  477  0.1196  0.0391  0.0148
    55  1101  477  0.1197  0.0391  0.0148
    56  1098  477  0.1192  0.0390  0.0147
    57  1095  477  0.1188  0.0388  0.0147
    58  1094  477  0.1189  0.0388  0.0147
    59  1093  477  0.1189  0.0388  0.0147
    60  1092  477  0.1189  0.0388  0.0147
    61  1091  477  0.1189  0.0388  0.0147
    62  1089  477  0.1191  0.0388  0.0147
    63  1088  477  0.1191  0.0388  0.0147
    64  1086  477  0.1188  0.0387  0.0147
    65  1084  477  0.1189  0.0387  0.0147
    66  1083  477  0.1189  0.0387  0.0147
    67  1082  477  0.1190  0.0387  0.0147
    68  1081  477  0.1189  0.0387  0.0147
    69  1080  477  0.1192  0.0388  0.0147
    70  1079  477  0.1191  0.0387  0.0147
    71  1078  477  0.1194  0.0388  0.0147
    72  1077  477  0.1195  0.0388  0.0148
    73  1076  477  0.1196  0.0388  0.0148
    74  1075  477  0.1196  0.0388  0.0148
    75  1074  477  0.1195  0.0388  0.0148
    76  1073  477  0.1193  0.0387  0.0147
    77  1071  477  0.1195  0.0388  0.0148
    78  1070  477  0.1194  0.0387  0.0147
    79  1069  477  0.1194  0.0387  0.0147
    80  1068  477  0.1196  0.0388  0.0148
    81  1139  477  0.1172  0.0387  0.0145
    82  1137  477  0.1171  0.0386  0.0145
    83  1136  477  0.1171  0.0386  0.0145
    84  1135  477  0.1172  0.0387  0.0145
    85  1067  477  0.1196  0.0388  0.0148
    86  1066  477  0.1197  0.0388  0.0148
    87  1099  477  0.1194  0.0390  0.0147
    88  1144  478  0.1178  0.0389  0.0145
    89  1145  478  0.1178  0.0389  0.0145
    90  1147  478  0.1178  0.0390  0.0145
    91  1148  478  0.1176  0.0389  0.0145
    92  1149  478  0.1176  0.0389  0.0145
    93  1150  478  0.1175  0.0389  0.0145
    94  1151  478  0.1175  0.0389  0.0145
    95  1153  478  0.1177  0.0390  0.0145
    96  1154  478  0.1178  0.0390  0.0145
    97  1156  478  0.1177  0.0390  0.0145
    98  1158  478  0.1176  0.0390  0.0145
    99  1159  478  0.1178  0.0391  0.0145
   100  1194  478  0.1172  0.0392  0.0145
   101  1192  478  0.1172  0.0392  0.0145
   102  1190  478  0.1172  0.0392  0.0145
   103  1189  478  0.1172  0.0391  0.0145
   104  1188  478  0.1173  0.0392  0.0145
   105  1187  478  0.1173  0.0392  0.0145
   106  1186  478  0.1174  0.0392  0.0145
   107  1185  478  0.1174  0.0392  0.0145
   108  1184  478  0.1174  0.0392  0.0145
   109  1183  478  0.1176  0.0392  0.0145
   110  1182  478  0.1175  0.0392  0.0145
   111  1197  479  0.1163  0.0389  0.0143
   112  1195  479  0.1165  0.0390  0.0144
   113  1194  479  0.1169  0.0391  0.0144
   114  1160  479  0.1181  0.0392  0.0146
   115  1161  479  0.1181  0.0392  0.0146
   116  1162  479  0.1181  0.0392  0.0146
   117  1180  479  0.1176  0.0392  0.0145
   118  1181  479  0.1176  0.0392  0.0145
   119  1182  479  0.1176  0.0392  0.0145
   120  1164  479  0.1179  0.0392  0.0145
   121  1196  479  0.1166  0.0390  0.0144
   122  1172  480  0.1180  0.0393  0.0145
   123  1170  480  0.1179  0.0392  0.0145
   124  1169  480  0.1176  0.0391  0.0145
   125  1166  480  0.1176  0.0391  0.0145
   126  1165  480  0.1178  0.0391  0.0145
   127  1173  480  0.1180  0.0393  0.0145
   128  1180  480  0.1175  0.0392  0.0145
   129  1179  480  0.1176  0.0392  0.0145
   130  1178  480  0.1175  0.0392  0.0145
   131  1177  480  0.1177  0.0392  0.0145
   132  1175  480  0.1178  0.0392  0.0145
   133  1171  480  0.1180  0.0393  0.0145
   134  1174  480  0.1178  0.0392  0.0145
   135  1198  480  0.1163  0.0389  0.0143
   136  1199  480  0.1159  0.0388  0.0143
   137  1201  480  0.1161  0.0389  0.0143
   138  1202  480  0.1160  0.0389  0.0143
   139  1203  480  0.1163  0.0390  0.0143
   140  1204  480  0.1164  0.0390  0.0144
   141  1205  480  0.1164  0.0391  0.0144
   142  1208  481  0.1159  0.0389  0.0143
   143  1209  481  0.1162  0.0390  0.0143
   144  1210  481  0.1163  0.0391  0.0143
   145  1206  481  0.1165  0.0391  0.0144
   146  1211  482  0.1163  0.0391  0.0143
   147  1212  482  0.1163  0.0391  0.0143
   148  1213  482  0.1163  0.0391  0.0143
   149  1214  482  0.1167  0.0392  0.0144
   150  1215  482  0.1167  0.0392  0.0144
   151  1216  482  0.1168  0.0393  0.0144
   152  1217  483  0.1169  0.0393  0.0144
   153  1218  483  0.1168  0.0393  0.0144
   154  1219  483  0.1170  0.0394  0.0144
   155  1220  483  0.1171  0.0394  0.0144
   156  1223  484  0.1172  0.0395  0.0144
   157  1224  484  0.1172  0.0395  0.0144
   158  1225  484  0.1169  0.0394  0.0144
   159  1226  484  0.1173  0.0396  0.0144
   160  1227  484  0.1172  0.0395  0.0144
   161  1222  484  0.1173  0.0395  0.0144

    1  1159  392  0.1258  0.0418  0.0164
    4  1160  392  0.1259  0.0418  0.0164
    5  1161  392  0.1254  0.0416  0.0163
    6  1201  392  0.1236  0.0415  0.0161
    7  1200  392  0.1238  0.0415  0.0161
    8  1197  392  0.1235  0.0414  0.0161
    9  1196  392  0.1235  0.0414  0.0161
   10  1195  392  0.1235  0.0414  0.0161
   11  1194  392  0.1234  0.0413  0.0160
   12  1193  392  0.1234  0.0413  0.0161
   13  1202  392  0.1238  0.0415  0.0161
   14  1172  393  0.1244  0.0414  0.0162
   15  1175  393  0.1219  0.0406  0.0159
   16  1176  393  0.1220  0.0407  0.0159
   17  1177  393  0.1220  0.0407  0.0159
   18  1178  393  0.1221  0.0407  0.0159
   19  1171  393  0.1229  0.0409  0.0160
   20  1180  393  0.1221  0.0408  0.0159
   21  1182  393  0.1227  0.0410  0.0159
   22  1183  393  0.1231  0.0411  0.0160
   23  1185  393  0.1227  0.0410  0.0160
   24  1186  393  0.1229  0.0410  0.0160
   25  1187  393  0.1236  0.0413  0.0161
   26  1188  393  0.1230  0.0411  0.0160
   27  1189  393  0.1232  0.0412  0.0160
   28  1190  393  0.1231  0.0412  0.0160
   29  1191  393  0.1234  0.0413  0.0160
   30  1170  393  0.1226  0.0408  0.0159
   31  1169  393  0.1227  0.0408  0.0159
   32  1168  393  0.1225  0.0407  0.0159
   33  1166  393  0.1255  0.0417  0.0163
   34  1164  393  0.1286  0.0427  0.0167
   35  1163  393  0.1264  0.0420  0.0164
   37  1179  393  0.1223  0.0408  0.0159
   38  1204  393  0.1232  0.0413  0.0160
   39  1205  393  0.1230  0.0413  0.0160
   40  1206  393  0.1229  0.0413  0.0160
   41  1207  393  0.1228  0.0413  0.0160
   42  1208  393  0.1229  0.0413  0.0160
   43  1210  393  0.1228  0.0413  0.0160
   44  1211  393  0.1228  0.0413  0.0160
   45  1251  394  0.1211  0.0411  0.0157
   46  1250  394  0.1213  0.0412  0.0158
   47  1253  395  0.1210  0.0411  0.0157
   48  1254  395  0.1209  0.0411  0.0157
   49  1255  395  0.1207  0.0410  0.0157
   50  1256  395  0.1208  0.0411  0.0157
   51  1258  395  0.1207  0.0411  0.0157
   52  1260  395  0.1209  0.0411  0.0157
   53  1261  395  0.1206  0.0411  0.0157
   54  1262  395  0.1209  0.0412  0.0157
   55  1264  395  0.1213  0.0413  0.0158
   56  1265  395  0.1215  0.0414  0.0158
   57  1266  395  0.1218  0.0415  0.0158
   58  1267  395  0.1223  0.0417  0.0159
   59  1269  395  0.1218  0.0415  0.0158
   60  1270  395  0.1217  0.0415  0.0158
   61  1272  395  0.1215  0.0415  0.0158
   62  1273  395  0.1214  0.0414  0.0158
   63  1274  395  0.1215  0.0415  0.0158
   64  1275  395  0.1219  0.0416  0.0158
   65  1277  395  0.1210  0.0413  0.0157
   66  1278  395  0.1210  0.0414  0.0157
   67  1279  395  0.1211  0.0414  0.0157
   68  1280  395  0.1215  0.0415  0.0158
   69  1281  395  0.1211  0.0414  0.0157
   70  1282  395  0.1210  0.0414  0.0157
   71  1283  395  0.1214  0.0415  0.0158
   72  1284  395  0.1212  0.0415  0.0157
   73  1285  395  0.1209  0.0414  0.0157
   74  1286  395  0.1210  0.0415  0.0157
   75  1287  395  0.1210  0.0415  0.0157
   76  1288  395  0.1210  0.0415  0.0157
   77  1289  395  0.1215  0.0416  0.0158
   78  1290  395  0.1213  0.0416  0.0158
   79  1292  395  0.1213  0.0416  0.0157
   80  1293  395  0.1211  0.0415  0.0157
   81  1295  396  0.1209  0.0415  0.0157
   82  1296  396  0.1209  0.0415  0.0157
   83  1294  396  0.1211  0.0415  0.0157

    1  1115  403  0.1241  0.0407  0.0160
    2  1117  403  0.1243  0.0408  0.0161
    3  1118  403  0.1235  0.0406  0.0160
    4  1119  403  0.1241  0.0408  0.0160
    5  1121  403  0.1233  0.0405  0.0159
    6  1122  403  0.1231  0.0405  0.0159
    7  1123  403  0.1233  0.0406  0.0159
    8  1124  403  0.1235  0.0406  0.0160
    9  1125  403  0.1237  0.0407  0.0160
   10  1126  403  0.1235  0.0406  0.0160
   11  1137  403  0.1230  0.0406  0.0159
   12  1138  403  0.1234  0.0407  0.0159
   13  1139  403  0.1224  0.0404  0.0158
   14  1140  403  0.1230  0.0406  0.0159
   15  1141  403  0.1228  0.0406  0.0159
   16  1144  403  0.1227  0.0406  0.0159
   17  1145  403  0.1224  0.0405  0.0158
   18  1116  403  0.1243  0.0408  0.0161
   19  1190  404  0.1223  0.0409  0.0158
   20  1189  404  0.1223  0.0409  0.0158
   21  1188  404  0.1222  0.0409  0.0158
   22  1186  404  0.1223  0.0409  0.0158
   23  1185  404  0.1224  0.0409  0.0158
   24  1184  404  0.1223  0.0409  0.0158
   25  1182  404  0.1226  0.0409  0.0158
   26  1181  404  0.1226  0.0409  0.0158
   27  1180  404  0.1228  0.0410  0.0159
   28  1178  404  0.1226  0.0409  0.0158
   29  1177  404  0.1233  0.0411  0.0159
   30  1176  404  0.1226  0.0408  0.0158
   31  1174  404  0.1225  0.0408  0.0158
   32  1173  404  0.1230  0.0410  0.0159
   33  1171  404  0.1228  0.0409  0.0159
   34  1170  404  0.1232  0.0410  0.0159
   35  1169  404  0.1231  0.0409  0.0159
   36  1168  404  0.1229  0.0409  0.0159
   37  1167  404  0.1218  0.0405  0.0157
   38  1165  404  0.1259  0.0418  0.0162
   39  1163  404  0.1244  0.0413  0.0161
   40  1192  404  0.1221  0.0409  0.0158
   41  1161  404  0.1234  0.0410  0.0159
   42  1159  404  0.1236  0.0410  0.0160
   43  1158  404  0.1230  0.0408  0.0159
   44  1157  404  0.1236  0.0410  0.0160
   45  1156  404  0.1222  0.0405  0.0158
   46  1155  404  0.1220  0.0405  0.0158
   47  1154  404  0.1245  0.0413  0.0161
   48  1152  404  0.1227  0.0406  0.0158
   49  1151  404  0.1231  0.0408  0.0159
   50  1150  404  0.1226  0.0406  0.0158
   51  1149  404  0.1232  0.0408  0.0159
   52  1193  404  0.1223  0.0409  0.0158
   53  1194  404  0.1223  0.0410  0.0158
   54  1196  404  0.1227  0.0411  0.0158
   55  1199  404  0.1229  0.0412  0.0159
   56  1200  404  0.1228  0.0412  0.0159
   57  1201  404  0.1230  0.0412  0.0159
   58  1202  404  0.1224  0.0410  0.0158
   59  1136  404  0.1228  0.0405  0.0159
   60  1135  404  0.1230  0.0406  0.0159
   61  1134  404  0.1233  0.0407  0.0159
   62  1133  404  0.1231  0.0406  0.0159
   63  1132  404  0.1234  0.0407  0.0159
   64  1131  404  0.1232  0.0406  0.0159
   65  1130  404  0.1234  0.0407  0.0159
   66  1129  404  0.1230  0.0405  0.0159
   67  1127  404  0.1238  0.0408  0.0160
   68  1126  404  0.1235  0.0406  0.0159
   69  1204  404  0.1227  0.0412  0.0158
   70  1205  404  0.1225  0.0411  0.0158
   71  1206  404  0.1227  0.0412  0.0158
   72  1207  404  0.1224  0.0411  0.0158
   73  1208  404  0.1221  0.0410  0.0158
   74  1209  404  0.1222  0.0411  0.0158
   75  1210  404  0.1219  0.0410  0.0157
   76  1211  404  0.1218  0.0410  0.0157
   77  1213  404  0.1217  0.0409  0.0157
   78  1162  404  0.1231  0.0409  0.0159
   79  1214  404  0.1217  0.0410  0.0157

     1  1033  587  0.1119  0.0359  0.0129
     2  1032  587  0.1121  0.0360  0.0129
     3  1033  588  0.1118  0.0359  0.0129
     4  1034  588  0.1121  0.0360  0.0129
     5  1035  588  0.1119  0.0359  0.0129
     6  1036  588  0.1120  0.0360  0.0129
     7  1037  588  0.1120  0.0360  0.0129
     8  1038  588  0.1120  0.0360  0.0129
     9  1040  588  0.1118  0.0360  0.0129
    10  1041  588  0.1117  0.0359  0.0128
    11  1042  588  0.1118  0.0360  0.0129
    12  1043  588  0.1121  0.0361  0.0129
    13  1044  588  0.1125  0.0362  0.0129
    14  1045  588  0.1124  0.0362  0.0129
    15  1046  588  0.1125  0.0362  0.0129
    16  1047  588  0.1125  0.0363  0.0129
    17  1049  588  0.1126  0.0363  0.0129
    18  1051  588  0.1124  0.0363  0.0129
    19  1052  588  0.1126  0.0363  0.0129
    20  1055  589  0.1127  0.0364  0.0129
    21  1056  589  0.1127  0.0364  0.0129
    22  1057  589  0.1128  0.0364  0.0129
    23  1054  589  0.1127  0.0364  0.0129
    24  1059  590  0.1128  0.0364  0.0129
    25  1061  590  0.1127  0.0364  0.0129
    26  1062  590  0.1124  0.0363  0.0129
    27  1058  590  0.1127  0.0364  0.0129
    28  1106  592  0.1123  0.0367  0.0129
    29  1107  592  0.1127  0.0369  0.0129
    30  1108  592  0.1127  0.0369  0.0129
    31  1109  592  0.1126  0.0368  0.0129
    32  1111  592  0.1120  0.0367  0.0128
    33  1112  592  0.1121  0.0367  0.0128
    34  1113  592  0.1122  0.0368  0.0129
    35  1115  592  0.1120  0.0367  0.0128
    36  1117  592  0.1124  0.0369  0.0129
    37  1118  592  0.1125  0.0369  0.0129
    38  1122  592  0.1118  0.0367  0.0128
    39  1123  592  0.1117  0.0367  0.0128
    40  1151  595  0.1115  0.0369  0.0128
    41  1157  595  0.1114  0.0369  0.0127
    42  1159  595  0.1113  0.0369  0.0127
    43  1160  595  0.1114  0.0369  0.0127
    44  1156  595  0.1114  0.0369  0.0127
    45  1155  595  0.1114  0.0369  0.0127
    46  1154  595  0.1114  0.0369  0.0127
    47  1152  595  0.1115  0.0369  0.0128
    48  1193  596  0.1106  0.0369  0.0126
    49  1194  596  0.1106  0.0370  0.0126
    50  1191  596  0.1104  0.0369  0.0126
    51  1195  596  0.1106  0.0370  0.0126
    52  1188  596  0.1102  0.0368  0.0126
    53  1187  596  0.1103  0.0368  0.0126
    54  1186  596  0.1103  0.0368  0.0126
    55  1184  596  0.1106  0.0369  0.0126
    56  1183  596  0.1104  0.0368  0.0126
    57  1182  596  0.1106  0.0369  0.0126
    58  1181  596  0.1107  0.0369  0.0126
    59  1196  596  0.1107  0.0370  0.0126
    60  1197  596  0.1105  0.0370  0.0126
    61  1199  596  0.1109  0.0371  0.0127
    62  1189  596  0.1104  0.0369  0.0126
    63  1191  597  0.1101  0.0368  0.0126
    64  1192  597  0.1102  0.0368  0.0126
    65  1193  597  0.1103  0.0369  0.0126
    66  1200  597  0.1103  0.0369  0.0126
    67  1201  597  0.1104  0.0369  0.0126
    68  1202  597  0.1105  0.0370  0.0126
    69  1203  597  0.1105  0.0370  0.0126
    70  1204  597  0.1106  0.0371  0.0126
    71  1205  597  0.1107  0.0371  0.0126
    72  1206  598  0.1106  0.0371  0.0126
    73  1207  598  0.1106  0.0371  0.0126
    74  1208  598  0.1106  0.0371  0.0126
    75  1209  598  0.1107  0.0371  0.0126
    76  1210  598  0.1107  0.0371  0.0126
    77  1229  598  0.1103  0.0372  0.0126
    78  1228  598  0.1102  0.0371  0.0126
    79  1230  598  0.1105  0.0373  0.0126
    80  1226  598  0.1099  0.0370  0.0125
    81  1225  598  0.1098  0.0370  0.0125
    82  1224  598  0.1102  0.0371  0.0126
    83  1237  599  0.1101  0.0372  0.0126
    84  1240  599  0.1102  0.0372  0.0126
    85  1236  599  0.1099  0.0371  0.0125
    86  1221  599  0.1101  0.0370  0.0126
    87  1222  599  0.1100  0.0370  0.0126
    88  1223  599  0.1099  0.0370  0.0125
    89  1224  599  0.1099  0.0370  0.0125
    90  1238  599  0.1100  0.0372  0.0126
    91  1239  599  0.1101  0.0372  0.0126
    92  1214  599  0.1108  0.0372  0.0126
    93  1212  599  0.1109  0.0372  0.0127
    94  1211  599  0.1108  0.0372  0.0126
    95  1213  599  0.1109  0.0372  0.0127
    96  1230  599  0.1104  0.0372  0.0126
    97  1231  599  0.1096  0.0370  0.0125
    98  1232  599  0.1096  0.0370  0.0125
    99  1233  599  0.1100  0.0371  0.0126
   100  1234  599  0.1093  0.0369  0.0125
   101  1217  600  0.1105  0.0371  0.0126
   102  1216  600  0.1106  0.0372  0.0126
   103  1215  600  0.1104  0.0371  0.0126
   104  1218  600  0.1103  0.0371  0.0126
   105  1219  600  0.1103  0.0371  0.0126
