; ENVI Output of ROIs (5.4) [Fri Aug 09 17:06:52 2019]
; Number of ROIs: 8
; File Dimension: 1328 x 1184
;
; ROI name: Region #1
; ROI rgb value: {255, 0, 0}
; ROI npts: 135
;
; ROI name: Region #2
; ROI rgb value: {0, 255, 0}
; ROI npts: 113
;
; ROI name: Region #3
; ROI rgb value: {0, 0, 255}
; ROI npts: 200
;
; ROI name: Region #4
; ROI rgb value: {255, 255, 0}
; ROI npts: 88
;
; ROI name: Region #5
; ROI rgb value: {0, 255, 255}
; ROI npts: 86
;
; ROI name: Region #6
; ROI rgb value: {255, 0, 255}
; ROI npts: 140
;
; ROI name: Region #7
; ROI rgb value: {176, 48, 96}
; ROI npts: 61
;
; ROI name: Region #8
; ROI rgb value: {46, 139, 87}
; ROI npts: 107
;   ID    X    Y        B1        B2        B3
     1  130  195  -98.8538  147.5461  -22.9754
     2  236  195  -98.7801  147.4226  -22.9651
     3  235  195  -98.7683  147.4280  -22.9635
     4  234  195  -98.7628  147.4312  -22.9627
     5  233  195  -98.7544  147.4355  -22.9616
     6  232  195  -98.7447  147.4402  -22.9603
     7  230  195  -98.7547  147.4396  -22.9617
     8  229  195  -98.7551  147.4408  -22.9617
     9  227  195  -98.7562  147.4433  -22.9619
    10  226  195  -98.7548  147.4451  -22.9617
    11  224  195  -98.7702  147.4427  -22.9639
    12  223  195  -98.7628  147.4466  -22.9629
    13  222  195  -98.7681  147.4462  -22.9636
    14  221  195  -98.7707  147.4467  -22.9640
    15  220  195  -98.7802  147.4449  -22.9653
    16  219  195  -98.7849  147.4447  -22.9660
    17  217  195  -98.8019  147.4418  -22.9683
    18  216  195  -98.7955  147.4453  -22.9674
    19  215  195  -98.8022  147.4445  -22.9683
    20  213  195  -98.8094  147.4448  -22.9693
    21  212  195  -98.8098  147.4461  -22.9694
    22  211  195  -98.8020  147.4501  -22.9683
    23  210  195  -98.7948  147.4540  -22.9673
    24  132  195  -98.8408  147.5476  -22.9736
    25  134  195  -98.8379  147.5458  -22.9732
    26  131  195  -98.8435  147.5481  -22.9740
    27  204  196  -98.7898  147.4641  -22.9653
    28  203  196  -98.7810  147.4685  -22.9641
    29  194  196  -98.7813  147.4809  -22.9641
    30  193  196  -98.8068  147.4738  -22.9676
    31  192  196  -98.7934  147.4797  -22.9658
    32  185  196  -98.8200  147.4806  -22.9691
    33  184  196  -98.8005  147.4885  -22.9666
    34  154  196  -98.8045  147.5291  -22.9672
    35  153  196  -98.8086  147.5291  -22.9678
    36  152  196  -98.8118  147.5294  -22.9682
    37  139  196  -98.8157  147.5462  -22.9688
    38  138  196  -98.8294  147.5431  -22.9707
    39  137  196  -98.8345  147.5428  -22.9714
    40  136  196  -98.8392  147.5426  -22.9720
    41  135  196  -98.8389  147.5441  -22.9720
    42  134  196  -98.8362  147.5464  -22.9716
    43  207  196  -98.7852  147.4615  -22.9646
    44  208  196  -98.7907  147.4582  -22.9654
    45  206  196  -98.7818  147.4640  -22.9642
    46  119  196  -98.8597  147.5595  -22.9749
    47  129  196  -98.8367  147.5532  -22.9717
    48  128  196  -98.8264  147.5580  -22.9703
    49  124  196  -98.8252  147.5640  -22.9701
    50  123  196  -98.8313  147.5633  -22.9710
    51  120  196  -98.8559  147.5594  -22.9744
    52  236  196  -98.7742  147.4246  -22.9630
    53  118  196  -98.8611  147.5605  -22.9751
    54  117  196  -98.8588  147.5627  -22.9748
    55  162  197  -98.7905  147.5226  -22.9640
    56   57  197  -98.9457  147.6180  -22.9853
    57   59  197  -98.9503  147.6137  -22.9860
    58   60  197  -98.9438  147.6144  -22.9851
    59   61  197  -98.9245  147.6193  -22.9825
    60  107  197  -98.8661  147.5742  -22.9745
    61  108  197  -98.8676  147.5724  -22.9747
    62  110  197  -98.8572  147.5730  -22.9732
    63  111  197  -98.8525  147.5732  -22.9725
    64  112  197  -98.8493  147.5728  -22.9721
    65  114  197  -98.8442  147.5717  -22.9714
    66  192  197  -98.8366  147.4653  -22.9702
    67  191  197  -98.8209  147.4719  -22.9681
    68  190  197  -98.8316  147.4697  -22.9695
    69  188  197  -98.8456  147.4679  -22.9713
    70  187  197  -98.8231  147.4768  -22.9683
    71   62  197  -98.9273  147.6170  -22.9828
    72   63  197  -98.8752  147.6326  -22.9757
    73  164  197  -98.8046  147.5151  -22.9660
    74  163  197  -98.7825  147.5239  -22.9629
    75  161  197  -98.7930  147.5232  -22.9643
    76  160  197  -98.7966  147.5234  -22.9648
    77  159  197  -98.8086  147.5208  -22.9665
    78  158  197  -98.7887  147.5288  -22.9637
    79  157  197  -98.8005  147.5263  -22.9653
    80  156  197  -98.8000  147.5278  -22.9653
    81   71  197  -98.9010  147.6130  -22.9793
    82   70  197  -98.8933  147.6169  -22.9782
    83   69  197  -98.8923  147.6187  -22.9781
    84   67  197  -98.8699  147.6287  -22.9750
    85   66  197  -98.8651  147.6317  -22.9743
    86   65  197  -98.8648  147.6331  -22.9743
    87  154  197  -98.7968  147.5317  -22.9648
    88  155  197  -98.7957  147.5306  -22.9647
    89   71  198  -98.8895  147.6168  -22.9764
    90   72  198  -98.8890  147.6156  -22.9763
    91   73  198  -98.9049  147.6090  -22.9785
    92   74  198  -98.8861  147.6137  -22.9759
    93   54  198  -98.9207  147.6304  -22.9805
    94   55  198  -98.9396  147.6229  -22.9831
    95   56  198  -98.9412  147.6209  -22.9833
    96   57  198  -98.9354  147.6214  -22.9825
    97   92  198  -98.8714  147.5935  -22.9739
    98   93  198  -98.8692  147.5928  -22.9735
    99   82  198  -98.8662  147.6091  -22.9733
   100   94  198  -98.8608  147.5942  -22.9724
   101   52  198  -98.9008  147.6396  -22.9778
   102   97  198  -98.8502  147.5935  -22.9708
   103   89  199  -98.8709  147.5979  -22.9724
   104   91  199  -98.8701  147.5954  -22.9723
   105   86  199  -98.8745  147.6009  -22.9729
   106   83  199  -98.8716  147.6060  -22.9726
   107   81  199  -98.8653  147.6109  -22.9717
   108   80  199  -98.8843  147.6061  -22.9743
   109   78  199  -98.8700  147.6135  -22.9723
   110   92  199  -98.8534  147.5995  -22.9700
   111   77  199  -98.8801  147.6116  -22.9737
   112   76  199  -98.8783  147.6136  -22.9735
   113   84  199  -98.8697  147.6053  -22.9723
   114   52  199  -98.8878  147.6439  -22.9747
   115   51  199  -98.8747  147.6495  -22.9728
   116   50  199  -98.8677  147.6532  -22.9719
   117   49  199  -98.8788  147.6510  -22.9734
   118   48  199  -98.8957  147.6469  -22.9757
   119   47  199  -98.8868  147.6512  -22.9745
   120   46  199  -98.9031  147.6473  -22.9767
   121   45  199  -98.8986  147.6501  -22.9761
   122   44  199  -98.9185  147.6451  -22.9788
   123   43  199  -98.9049  147.6509  -22.9770
   124   42  199  -98.9139  147.6493  -22.9782
   125   41  199  -98.9048  147.6537  -22.9770
   126   39  200  -98.9148  147.6533  -22.9770
   127   40  200  -98.9283  147.6476  -22.9789
   128   38  201  -98.9167  147.6542  -22.9759
   129   39  201  -98.9155  147.6532  -22.9757
   130   35  203  -98.9314  147.6537  -22.9752
   131   34  203  -98.9496  147.6492  -22.9777
   132   33  203  -98.9391  147.6540  -22.9762
   133   32  203  -98.9435  147.6540  -22.9768
   134   31  203  -98.9464  147.6544  -22.9773
   135   30  203  -98.9294  147.6613  -22.9749

     1  208  182  -98.8215  147.4468  -22.9884
     2  207  182  -98.8219  147.4481  -22.9885
     3  206  182  -98.8238  147.4489  -22.9887
     4  205  182  -98.8131  147.4539  -22.9873
     5  204  182  -98.8151  147.4546  -22.9875
     6  202  182  -98.8095  147.4593  -22.9868
     7  200  182  -98.7868  147.4697  -22.9836
     8  198  182  -98.8142  147.4633  -22.9875
     9  196  182  -98.7976  147.4717  -22.9852
    10  195  182  -98.8264  147.4634  -22.9892
    11  194  182  -98.8369  147.4612  -22.9906
    12  193  182  -98.8466  147.4594  -22.9920
    13  192  182  -98.8454  147.4612  -22.9918
    14  191  183  -98.8473  147.4621  -22.9908
    15  189  183  -98.7824  147.4866  -22.9818
    16  184  183  -98.8095  147.4845  -22.9856
    17  181  183  -98.8601  147.4718  -22.9925
    18  179  183  -98.8095  147.4915  -22.9856
    19  177  183  -98.8278  147.4882  -22.9882
    20  174  183  -98.8687  147.4787  -22.9939
    21  173  183  -98.8537  147.4851  -22.9917
    22  172  183  -98.8379  147.4918  -22.9895
    23  171  183  -98.8513  147.4887  -22.9913
    24  170  183  -98.8104  147.5038  -22.9856
    25  166  183  -98.7799  147.5195  -22.9814
    26  164  183  -98.7795  147.5225  -22.9813
    27  163  183  -98.7994  147.5172  -22.9841
    28  160  183  -98.7904  147.5244  -22.9829
    29  159  183  -98.8106  147.5191  -22.9858
    30  157  183  -98.8344  147.5139  -22.9891
    31  155  183  -98.8116  147.5243  -22.9858
    32  154  183  -98.8242  147.5215  -22.9875
    33  153  183  -98.8178  147.5251  -22.9866
    34  186  183  -98.8068  147.4826  -22.9852
    35  146  184  -98.8435  147.5264  -22.9888
    36  147  184  -98.8370  147.5271  -22.9879
    37  144  184  -98.8539  147.5257  -22.9902
    38  151  184  -98.8193  147.5274  -22.9855
    39  141  184  -98.8606  147.5277  -22.9911
    40  139  184  -98.8774  147.5249  -22.9934
    41  138  184  -98.8756  147.5269  -22.9931
    42  136  184  -98.8714  147.5311  -22.9926
    43  135  184  -98.8634  147.5351  -22.9915
    44  133  184  -98.8736  147.5345  -22.9929
    45  132  184  -98.8791  147.5341  -22.9936
    46  123  184  -98.8639  147.5517  -22.9916
    47  122  184  -98.8765  147.5490  -22.9933
    48  149  184  -98.8223  147.5292  -22.9858
    49  118  185  -98.8669  147.5578  -22.9906
    50  117  185  -98.8694  147.5584  -22.9910
    51  116  185  -98.8694  147.5597  -22.9910
    52  113  185  -98.8757  147.5619  -22.9918
    53  111  185  -98.8786  147.5637  -22.9922
    54  119  185  -98.8721  147.5547  -22.9913
    55  109  185  -98.8783  147.5666  -22.9922
    56  108  185  -98.8810  147.5671  -22.9926
    57   91  185  -98.8792  147.5914  -22.9923
    58  234  185  -98.7908  147.4210  -22.9800
    59  236  185  -98.7827  147.4210  -22.9788
    60  240  185  -98.7871  147.4139  -22.9794
    61  241  185  -98.7979  147.4088  -22.9809
    62  243  185  -98.7798  147.4121  -22.9784
    63  244  185  -98.7826  147.4098  -22.9788
    64  246  185  -98.7818  147.4073  -22.9787
    65  248  185  -98.7723  147.4077  -22.9773
    66   98  185  -98.8792  147.5817  -22.9923
    67   97  185  -98.8789  147.5831  -22.9922
    68   96  185  -98.8829  147.5832  -22.9928
    69   95  185  -98.8837  147.5844  -22.9929
    70   93  185  -98.8701  147.5916  -22.9910
    71   92  185  -98.8709  147.5927  -22.9911
    72  110  185  -98.8787  147.5650  -22.9922
    73  217  185  -98.8202  147.4349  -22.9842
    74  218  185  -98.8142  147.4355  -22.9834
    75  220  185  -98.7843  147.4428  -22.9792
    76  222  185  -98.7896  147.4382  -22.9799
    77  224  185  -98.7820  147.4380  -22.9788
    78  225  185  -98.7678  147.4414  -22.9769
    79  226  185  -98.7722  147.4385  -22.9775
    80  227  185  -98.7615  147.4408  -22.9760
    81  229  185  -98.7726  147.4342  -22.9775
    82  231  185  -98.7663  147.4335  -22.9765
    83  232  185  -98.7791  147.4278  -22.9783
    84  107  186  -98.8672  147.5731  -22.9893
    85  106  186  -98.8693  147.5738  -22.9896
    86  105  186  -98.8749  147.5734  -22.9904
    87  104  186  -98.8775  147.5739  -22.9907
    88  103  186  -98.8777  147.5752  -22.9908
    89  102  186  -98.8786  147.5764  -22.9909
    90  100  186  -98.8808  147.5784  -22.9912
    91   99  186  -98.8892  147.5771  -22.9923
    92  252  186  -98.7608  147.4061  -22.9745
    93  254  187  -98.7493  147.4073  -22.9715
    94  256  187  -98.7532  147.4031  -22.9721
    95  257  187  -98.7529  147.4018  -22.9720
    96  259  187  -98.7650  147.3949  -22.9738
    97  260  187  -98.7754  147.3899  -22.9752
    98  253  187  -98.7524  147.4076  -22.9719
    99  260  188  -98.7669  147.3929  -22.9727
   100  262  188  -98.7586  147.3929  -22.9716
   101  263  188  -98.7683  147.3882  -22.9729
   102  264  188  -98.7722  147.3855  -22.9735
   103  266  188  -98.7464  147.3915  -22.9699
   104  267  188  -98.7321  147.3950  -22.9679
   105  268  188  -98.7246  147.3962  -22.9669
   106  269  188  -98.7149  147.3981  -22.9655
   107  270  188  -98.7085  147.3989  -22.9646
   108  271  188  -98.7107  147.3967  -22.9649
   109  272  189  -98.7201  147.3922  -22.9648
   110  271  189  -98.7159  147.3950  -22.9642
   111  273  190  -98.7353  147.3857  -22.9656
   112  274  190  -98.7489  147.3796  -22.9674
   113  272  190  -98.7184  147.3929  -22.9632

     1  131  388  -97.5346  147.9939  -22.5541
     2  132  388  -97.4727  148.0130  -22.5464
     3  133  388  -97.4582  148.0165  -22.5447
     4  135  388  -97.4674  148.0109  -22.5458
     5  137  388  -97.5088  147.9947  -22.5509
     6  138  388  -97.5344  147.9850  -22.5541
     7  140  388  -97.5877  147.9647  -22.5607
     8  141  388  -97.5993  147.9596  -22.5621
     9  142  388  -97.6098  147.9548  -22.5634
    10  143  388  -97.6530  147.9393  -22.5687
    11  144  388  -97.6319  147.9449  -22.5661
    12  145  388  -97.6312  147.9439  -22.5660
    13  146  388  -97.6305  147.9428  -22.5659
    14  147  388  -97.6018  147.9510  -22.5624
    15  148  388  -97.5937  147.9524  -22.5614
    16  149  388  -97.5933  147.9513  -22.5613
    17  151  388  -97.5773  147.9540  -22.5594
    18  152  388  -97.5707  147.9549  -22.5585
    19  154  388  -97.5674  147.9534  -22.5581
    20  166  388  -97.5597  147.9405  -22.5571
    21  167  388  -97.5697  147.9358  -22.5583
    22  169  388  -97.5859  147.9278  -22.5603
    23  170  389  -97.5721  147.9312  -22.5573
    24  171  389  -97.5885  147.9245  -22.5593
    25  173  389  -97.5816  147.9242  -22.5584
    26  174  389  -97.5800  147.9234  -22.5582
    27  175  389  -97.5873  147.9197  -22.5591
    28  176  389  -97.5980  147.9148  -22.5604
    29  177  389  -97.5872  147.9171  -22.5591
    30  178  389  -97.5798  147.9183  -22.5581
    31  179  389  -97.5765  147.9181  -22.5577
    32  180  389  -97.5663  147.9203  -22.5564
    33  181  389  -97.5716  147.9172  -22.5570
    34  182  389  -97.5810  147.9127  -22.5582
    35  183  389  -97.5768  147.9129  -22.5577
    36  224  390  -97.4768  147.8935  -22.5440
    37  225  390  -97.4710  147.8942  -22.5433
    38  227  390  -97.4554  147.8969  -22.5413
    39  229  390  -97.4787  147.8864  -22.5442
    40  230  390  -97.4863  147.8826  -22.5451
    41  231  390  -97.5056  147.8748  -22.5475
    42  232  390  -97.4872  147.8797  -22.5452
    43  234  390  -97.4882  147.8768  -22.5453
    44  235  390  -97.4948  147.8733  -22.5461
    45  237  390  -97.5150  147.8638  -22.5486
    46  239  390  -97.5425  147.8519  -22.5520
    47  240  390  -97.5358  147.8529  -22.5511
    48  241  390  -97.5521  147.8461  -22.5531
    49  243  390  -97.6152  147.8221  -22.5609
    50  244  390  -97.5467  147.8440  -22.5524
    51  245  390  -97.5191  147.8521  -22.5490
    52  246  390  -97.5285  147.8476  -22.5502
    53  248  390  -97.5502  147.8376  -22.5528
    54  249  390  -97.5021  147.8527  -22.5469
    55  251  390  -97.5017  147.8502  -22.5468
    56  252  390  -97.5018  147.8489  -22.5468
    57  253  390  -97.5071  147.8458  -22.5475
    58  254  390  -97.4929  147.8493  -22.5457
    59  255  390  -97.5016  147.8451  -22.5468
    60  256  390  -97.4832  147.8501  -22.5445
    61  257  390  -97.4706  147.8530  -22.5430
    62  258  390  -97.4674  147.8528  -22.5426
    63  279  392  -97.4404  147.8351  -22.5364
    64  280  392  -97.4320  147.8367  -22.5354
    65  281  392  -97.4471  147.8302  -22.5372
    66  282  392  -97.4520  147.8272  -22.5378
    67  283  392  -97.4514  147.8261  -22.5378
    68  284  392  -97.4183  147.8362  -22.5337
    69  285  392  -97.4019  147.8405  -22.5317
    70  287  392  -97.4041  147.8372  -22.5319
    71  288  392  -97.4093  147.8341  -22.5326
    72  289  392  -97.4049  147.8343  -22.5320
    73  290  392  -97.4197  147.8280  -22.5338
    74  291  392  -97.4427  147.8188  -22.5366
    75  292  392  -97.4272  147.8228  -22.5348
    76  294  392  -97.4402  147.8158  -22.5363
    77  295  392  -97.4443  147.8131  -22.5368
    78  296  392  -97.4438  147.8120  -22.5368
    79  297  392  -97.4442  147.8105  -22.5368
    80  298  392  -97.4341  147.8127  -22.5355
    81  299  392  -97.3692  147.8337  -22.5276
    82  300  392  -97.3764  147.8300  -22.5284
    83  301  392  -97.3806  147.8272  -22.5289
    84  302  392  -97.3788  147.8266  -22.5286
    85  303  392  -97.3897  147.8215  -22.5300
    86  304  392  -97.3965  147.8179  -22.5308
    87  305  392  -97.3861  147.8202  -22.5296
    88  306  392  -97.3945  147.8160  -22.5306
    89  307  392  -97.3947  147.8146  -22.5306
    90  309  392  -97.3678  147.8213  -22.5273
    91  350  393  -97.4581  147.7370  -22.5367
    92  348  393  -97.4521  147.7417  -22.5360
    93  347  393  -97.4063  147.7590  -22.5304
    94  346  393  -97.3746  147.7713  -22.5265
    95  349  393  -97.4538  147.7398  -22.5362
    96  326  394  -97.3498  147.8058  -22.5225
    97  327  394  -97.3551  147.8027  -22.5231
    98  328  394  -97.3845  147.7912  -22.5267
    99  329  394  -97.3934  147.7868  -22.5278
   100  331  394  -97.4231  147.7739  -22.5314
   101  325  394  -97.3409  147.8102  -22.5214
   102  333  394  -97.4272  147.7699  -22.5319
   103  335  394  -97.4011  147.7764  -22.5287
   104  336  394  -97.4319  147.7644  -22.5325
   105  337  394  -97.4106  147.7705  -22.5299
   106  338  394  -97.3948  147.7747  -22.5279
   107  324  394  -97.3404  147.8116  -22.5213
   108  323  394  -97.3349  147.8148  -22.5207
   109  322  394  -97.3537  147.8096  -22.5230
   110  332  394  -97.4048  147.7790  -22.5292
   111  321  394  -97.3694  147.8054  -22.5249
   112  352  394  -97.3291  147.7795  -22.5197
   113  354  394  -97.3369  147.7742  -22.5206
   114  355  394  -97.3367  147.7729  -22.5206
   115  356  394  -97.3390  147.7709  -22.5209
   116  358  394  -97.3252  147.7731  -22.5192
   117  359  394  -97.3219  147.7730  -22.5187
   118  399  395  -97.3054  147.7272  -22.5152
   119  401  395  -97.2978  147.7273  -22.5143
   120  400  395  -97.3045  147.7262  -22.5151
   121  398  395  -97.3122  147.7261  -22.5161
   122  396  395  -97.3136  147.7282  -22.5163
   123  383  395  -97.3604  147.7285  -22.5222
   124  384  395  -97.2677  147.7598  -22.5109
   125  385  395  -97.2951  147.7489  -22.5143
   126  386  395  -97.2703  147.7563  -22.5112
   127  387  395  -97.2779  147.7523  -22.5121
   128  389  395  -97.3118  147.7378  -22.5162
   129  392  395  -97.3200  147.7311  -22.5171
   130  394  395  -97.3184  147.7291  -22.5169
   131  395  395  -97.3201  147.7272  -22.5171
   132  402  395  -97.2906  147.7285  -22.5134
   133  375  396  -97.3299  147.7496  -22.5173
   134  379  396  -97.2656  147.7670  -22.5094
   135  376  396  -97.3024  147.7580  -22.5139
   136  380  396  -97.3191  147.7470  -22.5160
   137  382  396  -97.3357  147.7385  -22.5180
   138  445  398  -97.2441  147.6898  -22.5035
   139  449  398  -97.2260  147.6911  -22.5013
   140  448  398  -97.2249  147.6928  -22.5012
   141  447  398  -97.2387  147.6891  -22.5029
   142  443  398  -97.2493  147.6905  -22.5042
   143  444  398  -97.2265  147.6974  -22.5014
   144  450  398  -97.2193  147.6922  -22.5005
   145  446  398  -97.2478  147.6872  -22.5040
   146  441  399  -97.2663  147.6871  -22.5051
   147  440  399  -97.2457  147.6957  -22.5026
   148  439  399  -97.2444  147.6975  -22.5024
   149  442  399  -97.2452  147.6933  -22.5025
   150  451  399  -97.2117  147.6937  -22.4983
   151  452  399  -97.2410  147.6819  -22.5019
   152  453  399  -97.2498  147.6775  -22.5029
   153  454  399  -97.2393  147.6800  -22.5016
   154  455  399  -97.2382  147.6790  -22.5015
   155  477  399  -97.2276  147.6545  -22.5000
   156  478  399  -97.2234  147.6547  -22.4994
   157  481  399  -97.2269  147.6496  -22.4999
   158  482  399  -97.2360  147.6450  -22.5010
   159  483  399  -97.2321  147.6451  -22.5005
   160  484  399  -97.2223  147.6474  -22.4993
   161  485  399  -97.2360  147.6411  -22.5009
   162  487  399  -97.2255  147.6423  -22.4997
   163  489  399  -97.1962  147.6503  -22.4961
   164  490  399  -97.1895  147.6514  -22.4953
   165  491  399  -97.1963  147.6477  -22.4961
   166  492  399  -97.1997  147.6452  -22.4965
   167  494  399  -97.1791  147.6500  -22.4940
   168  496  400  -97.1391  147.6619  -22.4878
   169  497  400  -97.1528  147.6557  -22.4895
   170  498  400  -97.0869  147.6782  -22.4815
   171  499  400  -97.1193  147.6652  -22.4854
   172  495  400  -97.1689  147.6525  -22.4915
   173  510  401  -97.1361  147.6451  -22.4861
   174  511  401  -97.1062  147.6546  -22.4825
   175  512  401  -97.0985  147.6561  -22.4815
   176  513  401  -97.1719  147.6283  -22.4905
   177  515  401  -97.1191  147.6448  -22.4840
   178  517  401  -97.1757  147.6217  -22.4909
   179  534  401  -97.0508  147.6453  -22.4754
   180  535  401  -97.2197  147.5825  -22.4959
   181  536  401  -97.3017  147.5513  -22.5060
   182  537  401  -97.3579  147.5296  -22.5128
   183  538  401  -97.0571  147.6379  -22.4761
   184  540  401  -97.1874  147.5878  -22.4920
   185  541  401  -97.0953  147.6201  -22.4807
   186  542  401  -97.1895  147.5844  -22.4923
   187  544  401  -97.1741  147.5875  -22.4904
   188  545  401  -97.1345  147.6006  -22.4855
   189  546  401  -97.2292  147.5648  -22.4971
   190  547  401  -97.1826  147.5805  -22.4914
   191  549  401  -97.2164  147.5656  -22.4955
   192  550  401  -97.1342  147.5943  -22.4855
   193  551  401  -97.2145  147.5637  -22.4952
   194  553  401  -97.1418  147.5877  -22.4864
   195  554  401  -97.1676  147.5769  -22.4895
   196  555  401  -97.2030  147.5627  -22.4938
   197  556  401  -97.1947  147.5644  -22.4928
   198  558  401  -97.1764  147.5685  -22.4905
   199  559  401  -97.1572  147.5743  -22.4882
   200  560  401  -97.1495  147.5758  -22.4872

    1   99  398  -97.5950  148.0158  -22.5495
    2   97  398  -97.5945  148.0186  -22.5495
    3   96  398  -97.5927  148.0204  -22.5492
    4   98  398  -97.5824  148.0212  -22.5479
    5   84  399  -97.6164  148.0282  -22.5511
    6   85  399  -97.6107  148.0288  -22.5504
    7   87  399  -97.6015  148.0292  -22.5492
    8   88  399  -97.6056  148.0266  -22.5497
    9   83  399  -97.6276  148.0258  -22.5524
   10   90  399  -97.5906  148.0289  -22.5478
   11   91  399  -97.5859  148.0292  -22.5472
   12   92  399  -97.5901  148.0265  -22.5478
   13   94  399  -97.5635  148.0326  -22.5445
   14   82  399  -97.6469  148.0208  -22.5548
   15   81  399  -97.6491  148.0214  -22.5551
   16   89  399  -97.6069  148.0249  -22.5498
   17   80  399  -97.6505  148.0222  -22.5552
   18   99  399  -97.6132  148.0099  -22.5505
   19  100  399  -97.5999  148.0130  -22.5488
   20  102  399  -97.6274  148.0014  -22.5522
   21  103  399  -97.5979  148.0098  -22.5486
   22  104  399  -97.6079  148.0052  -22.5498
   23  105  399  -97.5887  148.0102  -22.5474
   24  106  399  -97.6049  148.0036  -22.5494
   25  108  399  -97.6235  147.9949  -22.5516
   26  109  399  -97.6214  147.9943  -22.5514
   27  111  399  -97.6212  147.9918  -22.5513
   28  112  399  -97.6171  147.9919  -22.5508
   29  113  399  -97.6298  147.9864  -22.5523
   30  127  399  -97.5267  148.0023  -22.5397
   31  128  399  -97.5098  148.0066  -22.5376
   32  130  399  -97.5064  148.0052  -22.5372
   33  132  399  -97.5189  147.9985  -22.5387
   34  134  399  -97.5406  147.9887  -22.5414
   35  135  399  -97.5392  147.9879  -22.5412
   36  136  399  -97.5629  147.9788  -22.5440
   37  137  399  -97.5255  147.9899  -22.5395
   38  139  399  -97.5770  147.9703  -22.5457
   39  140  399  -97.5462  147.9792  -22.5420
   40  141  399  -97.5423  147.9792  -22.5415
   41  142  399  -97.5399  147.9787  -22.5412
   42  143  399  -97.5482  147.9747  -22.5422
   43  145  399  -97.5123  147.9839  -22.5378
   44  147  399  -97.5084  147.9827  -22.5373
   45  148  399  -97.4845  147.9893  -22.5344
   46  149  399  -97.4816  147.9890  -22.5340
   47  150  399  -97.5560  147.9631  -22.5431
   48  151  399  -97.5435  147.9659  -22.5416
   49  152  399  -97.5425  147.9649  -22.5414
   50  153  399  -97.5272  147.9687  -22.5395
   51  154  399  -97.4840  147.9818  -22.5342
   52  155  399  -97.4937  147.9773  -22.5354
   53  156  399  -97.4956  147.9754  -22.5356
   54  157  399  -97.4967  147.9737  -22.5358
   55  159  399  -97.4827  147.9758  -22.5340
   56  161  399  -97.4866  147.9720  -22.5345
   57  162  399  -97.4865  147.9707  -22.5345
   58  163  399  -97.4849  147.9699  -22.5343
   59  164  399  -97.5005  147.9635  -22.5362
   60  169  399  -97.5031  147.9562  -22.5364
   61  170  399  -97.5201  147.9492  -22.5385
   62  171  399  -97.5048  147.9530  -22.5366
   63  172  399  -97.5022  147.9526  -22.5363
   64  173  399  -97.5231  147.9443  -22.5388
   65  174  399  -97.4665  147.9620  -22.5319
   66  176  399  -97.4915  147.9510  -22.5349
   67  179  399  -97.4660  147.9557  -22.5318
   68  181  399  -97.4767  147.9495  -22.5330
   69  242  402  -97.3444  147.9160  -22.5130
   70  243  402  -97.3515  147.9123  -22.5138
   71  245  402  -97.3799  147.9001  -22.5172
   72  246  402  -97.4036  147.8908  -22.5201
   73  247  402  -97.4446  147.8756  -22.5251
   74  248  402  -97.4358  147.8773  -22.5240
   75  249  402  -97.4425  147.8737  -22.5248
   76  250  402  -97.4260  147.8780  -22.5228
   77  251  402  -97.4329  147.8744  -22.5236
   78  292  404  -97.3587  147.8472  -22.5115
   79  293  404  -97.3558  147.8468  -22.5112
   80  295  404  -97.3519  147.8456  -22.5107
   81  297  404  -97.3284  147.8511  -22.5078
   82  299  404  -97.3104  147.8548  -22.5055
   83  300  404  -97.3159  147.8516  -22.5062
   84  301  404  -97.3343  147.8439  -22.5085
   85  302  404  -97.3143  147.8496  -22.5060
   86  303  404  -97.3285  147.8434  -22.5078
   87  305  404  -97.3613  147.8295  -22.5117
   88  306  405  -97.3668  147.8264  -22.5112

    1   23  585  -96.9397  148.3350  -22.2487
    2   24  585  -96.9406  148.3335  -22.2488
    3   25  585  -96.9686  148.3233  -22.2518
    4   26  585  -96.9685  148.3221  -22.2517
    5   27  585  -96.9598  148.3237  -22.2508
    6   28  585  -96.9680  148.3198  -22.2517
    7   29  585  -96.9742  148.3166  -22.2523
    8   30  585  -96.9690  148.3170  -22.2518
    9   31  585  -96.9795  148.3125  -22.2528
   10   32  585  -96.9557  148.3189  -22.2503
   11   33  585  -96.9834  148.3087  -22.2532
   12   36  586  -96.9620  148.3120  -22.2497
   13   37  586  -96.9617  148.3109  -22.2496
   14   38  586  -96.9643  148.3088  -22.2499
   15   34  586  -96.9816  148.3081  -22.2518
   16   78  588  -96.9389  148.2680  -22.2442
   17   79  588  -96.9339  148.2684  -22.2437
   18   80  588  -96.9443  148.2638  -22.2448
   19   81  588  -96.9407  148.2637  -22.2444
   20   82  588  -96.9553  148.2578  -22.2459
   21   84  588  -96.9497  148.2571  -22.2452
   22   85  588  -96.9684  148.2498  -22.2472
   23   86  588  -96.9660  148.2494  -22.2469
   24   87  588  -96.9550  148.2517  -22.2457
   25   88  588  -96.9336  148.2574  -22.2434
   26   89  588  -96.9363  148.2553  -22.2437
   27   91  589  -96.9345  148.2535  -22.2422
   28   93  589  -96.9311  148.2522  -22.2418
   29   94  589  -96.9250  148.2529  -22.2411
   30   95  589  -96.9137  148.2554  -22.2399
   31   96  589  -96.9191  148.2524  -22.2404
   32   99  589  -96.9122  148.2510  -22.2397
   33  100  589  -96.9087  148.2509  -22.2393
   34   90  589  -96.9511  148.2493  -22.2440
   35  126  590  -96.8594  148.2352  -22.2324
   36  127  590  -96.8531  148.2360  -22.2317
   37  128  590  -96.8376  148.2399  -22.2300
   38  129  590  -96.8377  148.2386  -22.2300
   39  130  590  -96.8283  148.2405  -22.2290
   40  132  590  -96.8308  148.2372  -22.2292
   41  133  590  -96.8278  148.2370  -22.2289
   42  135  590  -96.8297  148.2339  -22.2291
   43  136  590  -96.8255  148.2341  -22.2286
   44  163  592  -96.8326  148.1987  -22.2265
   45  164  592  -96.8335  148.1972  -22.2266
   46  165  592  -96.8140  148.2025  -22.2245
   47  166  592  -96.8333  148.1948  -22.2266
   48  167  592  -96.8141  148.2000  -22.2245
   49  168  592  -96.8063  148.2013  -22.2237
   50  169  592  -96.7953  148.2037  -22.2225
   51  170  592  -96.7842  148.2062  -22.2213
   52  171  592  -96.7832  148.2053  -22.2212
   53  171  593  -96.7733  148.2087  -22.2190
   54  172  593  -96.7792  148.2055  -22.2196
   55  173  593  -96.7753  148.2056  -22.2192
   56  175  593  -96.7864  148.1994  -22.2204
   57  176  593  -96.7790  148.2007  -22.2195
   58  179  593  -96.7626  148.2025  -22.2177
   59  180  593  -96.7584  148.2026  -22.2173
   60  181  593  -96.7589  148.2012  -22.2173
   61  182  593  -96.7540  148.2016  -22.2168
   62  183  593  -96.7516  148.2012  -22.2165
   63  184  593  -96.7359  148.2052  -22.2148
   64  185  593  -96.7397  148.2028  -22.2152
   65  186  593  -96.7440  148.2001  -22.2157
   66  187  593  -96.7459  148.1982  -22.2159
   67  203  593  -96.7525  148.1764  -22.2164
   68  202  593  -96.7500  148.1785  -22.2161
   69  200  593  -96.7290  148.1880  -22.2139
   70  199  593  -96.7377  148.1863  -22.2148
   71  197  593  -96.7319  148.1907  -22.2143
   72  194  593  -96.7335  148.1938  -22.2145
   73  195  593  -96.7240  148.1957  -22.2134
   74  196  593  -96.7379  148.1899  -22.2149
   75  193  594  -96.7500  148.1896  -22.2151
   76  192  594  -96.7108  148.2039  -22.2109
   77  191  594  -96.7468  148.1931  -22.2148
   78  189  594  -96.7236  148.2033  -22.2123
   79  188  594  -96.7405  148.1989  -22.2141
   80  205  594  -96.7234  148.1838  -22.2121
   81  206  594  -96.7256  148.1818  -22.2123
   82  207  594  -96.7340  148.1778  -22.2132
   83  210  594  -96.7376  148.1729  -22.2135
   84  211  594  -96.7838  148.1562  -22.2184
   85  212  594  -96.7416  148.1691  -22.2139
   86  213  594  -96.7551  148.1633  -22.2153

     1   26  472  -97.4593  148.1578  -22.4428
     2   27  472  -97.4634  148.1552  -22.4433
     3   28  472  -97.4601  148.1550  -22.4429
     4   29  472  -97.4615  148.1533  -22.4431
     5   30  472  -97.4592  148.1527  -22.4428
     6   32  472  -97.4403  148.1563  -22.4405
     7   33  472  -97.4525  148.1511  -22.4420
     8   34  472  -97.4547  148.1491  -22.4422
     9   35  472  -97.4594  148.1463  -22.4428
    10   37  472  -97.4714  148.1399  -22.4442
    11  111  472  -97.3600  148.0822  -22.4303
    12  109  472  -97.3077  148.1019  -22.4243
    13  108  472  -97.2980  148.1064  -22.4231
    14  107  472  -97.2582  148.1206  -22.4185
    15  106  472  -97.2173  148.1353  -22.4137
    16  104  472  -97.2025  148.1427  -22.4120
    17  103  472  -97.2198  148.1383  -22.4140
    18  102  472  -97.1496  148.1625  -22.4059
    19   48  472  -97.3923  148.1515  -22.4349
    20   50  472  -97.3967  148.1475  -22.4354
    21   51  472  -97.3841  148.1503  -22.4340
    22  101  472  -97.1759  148.1551  -22.4089
    23  100  472  -97.2020  148.1479  -22.4120
    24   99  472  -97.2908  148.1201  -22.4223
    25   97  472  -97.2970  148.1206  -22.4231
    26   96  472  -97.2924  148.1233  -22.4226
    27   95  472  -97.2928  148.1245  -22.4226
    28  112  472  -97.3069  148.0984  -22.4241
    29   58  473  -97.3753  148.1444  -22.4317
    30   59  473  -97.3559  148.1494  -22.4294
    31   61  473  -97.3756  148.1405  -22.4316
    32   62  473  -97.3789  148.1382  -22.4320
    33   63  473  -97.3625  148.1422  -22.4301
    34   57  473  -97.3806  148.1439  -22.4323
    35   65  473  -97.3453  148.1453  -22.4281
    36   66  473  -97.3537  148.1413  -22.4290
    37   67  473  -97.3607  148.1377  -22.4298
    38   68  473  -97.3527  148.1391  -22.4289
    39   69  473  -97.3438  148.1407  -22.4279
    40   71  473  -97.3311  148.1423  -22.4263
    41   72  473  -97.3335  148.1403  -22.4266
    42   74  473  -97.3419  148.1350  -22.4275
    43   75  473  -97.3507  148.1309  -22.4285
    44   76  473  -97.3539  148.1286  -22.4289
    45   77  473  -97.3654  148.1236  -22.4301
    46   78  473  -97.3644  148.1226  -22.4300
    47   79  473  -97.3461  148.1273  -22.4278
    48   81  473  -97.3327  148.1292  -22.4263
    49   83  473  -97.3015  148.1368  -22.4226
    50   85  473  -97.2930  148.1371  -22.4216
    51   87  473  -97.2791  148.1391  -22.4199
    52   88  473  -97.2473  148.1482  -22.4162
    53   56  473  -97.3846  148.1439  -22.4328
    54   55  473  -97.3705  148.1497  -22.4311
    55   54  473  -97.3648  148.1528  -22.4305
    56   53  473  -97.3813  148.1488  -22.4324
    57   52  473  -97.3748  148.1521  -22.4316
    58   51  473  -97.3852  148.1500  -22.4329
    59   47  473  -97.4004  148.1502  -22.4346
    60   46  473  -97.4140  148.1471  -22.4362
    61   45  473  -97.4290  148.1435  -22.4380
    62   43  473  -97.4291  148.1460  -22.4380
    63   42  473  -97.4535  148.1394  -22.4408
    64   40  473  -97.4784  148.1339  -22.4437
    65   39  473  -97.4657  148.1393  -22.4423
    66   38  473  -97.4722  148.1385  -22.4430
    67   64  473  -97.3621  148.1411  -22.4300
    68  114  473  -97.3278  148.0891  -22.4253
    69  120  473  -97.3121  148.0866  -22.4235
    70  118  473  -97.3050  148.0915  -22.4227
    71  117  473  -97.3172  148.0887  -22.4241
    72  115  473  -97.3271  148.0880  -22.4253
    73  121  474  -97.3273  148.0804  -22.4240
    74  123  474  -97.2789  148.0938  -22.4183
    75  124  474  -97.2315  148.1082  -22.4128
    76  125  474  -97.2322  148.1067  -22.4129
    77  126  474  -97.2083  148.1133  -22.4102
    78  127  474  -97.1700  148.1246  -22.4057
    79  166  474  -97.1994  148.0659  -22.4086
    80  164  474  -97.2069  148.0659  -22.4095
    81  163  474  -97.1994  148.0696  -22.4086
    82  162  474  -97.1884  148.0746  -22.4073
    83  161  474  -97.1987  148.0724  -22.4086
    84  160  474  -97.2014  148.0728  -22.4089
    85  159  474  -97.1994  148.0747  -22.4087
    86  158  474  -97.1939  148.0778  -22.4081
    87  138  475  -97.2601  148.0811  -22.4149
    88  140  475  -97.2427  148.0843  -22.4128
    89  172  475  -97.1455  148.0763  -22.4010
    90  171  475  -97.1476  148.0769  -22.4013
    91  170  475  -97.1818  148.0667  -22.4053
    92  169  475  -97.1892  148.0656  -22.4061
    93  168  475  -97.1828  148.0690  -22.4054
    94  167  475  -97.2009  148.0642  -22.4075
    95  127  475  -97.2386  148.1021  -22.4124
    96  128  475  -97.2719  148.0898  -22.4163
    97  129  475  -97.2613  148.0921  -22.4150
    98  130  475  -97.2623  148.0905  -22.4152
    99  156  475  -97.1817  148.0844  -22.4055
   100  157  475  -97.1814  148.0833  -22.4054
   101  137  475  -97.2400  148.0890  -22.4126
   102  135  475  -97.2554  148.0864  -22.4144
   103  134  475  -97.2422  148.0921  -22.4128
   104  132  475  -97.2463  148.0932  -22.4133
   105  155  476  -97.2044  148.0782  -22.4069
   106  153  476  -97.1891  148.0858  -22.4052
   107  152  476  -97.1823  148.0893  -22.4044
   108  150  476  -97.2192  148.0796  -22.4087
   109  149  476  -97.2332  148.0762  -22.4104
   110  148  476  -97.2434  148.0741  -22.4116
   111  145  476  -97.2544  148.0742  -22.4129
   112  143  476  -97.2271  148.0858  -22.4098
   113  142  476  -97.2599  148.0762  -22.4136
   114  141  476  -97.2376  148.0848  -22.4110
   115  173  476  -97.1634  148.0692  -22.4019
   116  174  476  -97.1369  148.0768  -22.3988
   117  175  476  -97.2332  148.0434  -22.4100
   118  176  476  -97.2032  148.0521  -22.4065
   119  177  476  -97.1780  148.0592  -22.4036
   120  178  476  -97.2293  148.0409  -22.4096
   121  179  476  -97.2253  148.0409  -22.4091
   122  180  476  -97.2566  148.0292  -22.4127
   123  182  477  -97.1274  148.0699  -22.3964
   124  184  477  -97.1728  148.0522  -22.4017
   125  185  477  -97.2131  148.0375  -22.4064
   126  186  477  -97.1977  148.0414  -22.4046
   127  187  477  -97.2096  148.0361  -22.4060
   128  189  478  -97.2133  148.0325  -22.4052
   129  190  478  -97.2113  148.0319  -22.4049
   130  192  478  -97.1721  148.0424  -22.4004
   131  188  478  -97.2020  148.0375  -22.4039
   132  194  479  -97.1474  148.0483  -22.3962
   133  195  479  -97.1502  148.0461  -22.3966
   134  197  479  -97.1713  148.0365  -22.3990
   135  198  479  -97.1588  148.0394  -22.3976
   136  199  479  -97.1738  148.0331  -22.3993
   137  200  479  -97.1462  148.0411  -22.3961
   138  201  479  -97.1574  148.0361  -22.3974
   139  203  480  -97.1515  148.0356  -22.3955
   140  202  480  -97.1545  148.0359  -22.3959

    1  476  413  -97.1705  147.6772  -22.4760
    2  477  413  -97.1453  147.6850  -22.4730
    3  479  413  -97.1247  147.6898  -22.4704
    4  481  413  -97.1375  147.6826  -22.4719
    5  482  413  -97.1355  147.6821  -22.4717
    6  484  413  -97.1491  147.6746  -22.4733
    7  487  413  -97.1523  147.6696  -22.4737
    8  488  413  -97.1555  147.6671  -22.4741
    9  489  413  -97.1631  147.6631  -22.4750
   10  491  413  -97.1587  147.6621  -22.4744
   11  493  413  -97.1629  147.6581  -22.4749
   12  494  413  -97.1626  147.6569  -22.4749
   13  496  413  -97.1762  147.6494  -22.4765
   14  498  413  -97.1677  147.6499  -22.4754
   15  500  413  -97.1739  147.6451  -22.4762
   16  501  413  -97.1767  147.6428  -22.4765
   17  503  413  -97.1678  147.6434  -22.4754
   18  504  413  -97.1677  147.6422  -22.4754
   19  505  414  -97.1574  147.6447  -22.4729
   20  536  414  -97.1231  147.6172  -22.4684
   21  532  414  -97.1637  147.6076  -22.4733
   22  510  414  -97.1341  147.6467  -22.4700
   23  512  414  -97.1711  147.6307  -22.4745
   24  513  414  -97.1698  147.6299  -22.4743
   25  514  414  -97.1319  147.6423  -22.4697
   26  517  414  -97.1497  147.6320  -22.4718
   27  519  414  -97.1854  147.6165  -22.4761
   28  521  414  -97.1603  147.6230  -22.4731
   29  527  414  -97.1410  147.6223  -22.4706
   30  529  414  -97.1645  147.6112  -22.4735
   31  508  415  -97.1634  147.6387  -22.4724
   32  507  415  -97.1431  147.6473  -22.4699
   33  539  415  -97.0493  147.6403  -22.4582
   34  541  415  -97.0836  147.6253  -22.4623
   35  543  415  -97.0776  147.6249  -22.4616
   36  545  415  -97.0855  147.6194  -22.4625
   37  547  415  -97.1403  147.5969  -22.4691
   38  548  415  -97.2056  147.5717  -22.4769
   39  549  415  -97.1390  147.5948  -22.4689
   40  555  415  -97.1184  147.5946  -22.4664
   41  559  415  -97.1044  147.5946  -22.4646
   42  562  415  -97.0922  147.5951  -22.4632
   43  564  415  -97.0800  147.5970  -22.4617
   44  566  415  -97.0760  147.5959  -22.4612
   45  568  415  -97.0729  147.5945  -22.4608
   46  569  415  -97.0890  147.5873  -22.4627
   47  571  415  -97.0859  147.5859  -22.4623
   48  574  415  -97.0714  147.5873  -22.4606
   49  576  415  -97.0638  147.5876  -22.4597
   50  577  415  -97.0577  147.5885  -22.4589
   51  578  415  -97.0843  147.5775  -22.4621
   52  582  415  -97.0624  147.5804  -22.4594
   53  584  415  -97.0843  147.5697  -22.4620
   54  587  415  -97.1046  147.5584  -22.4645
   55  590  416  -97.0706  147.5672  -22.4590
   56  592  416  -97.1247  147.5446  -22.4655
   57  594  416  -97.1150  147.5456  -22.4643
   58  589  416  -97.0880  147.5620  -22.4612
   59  597  417  -97.1440  147.5311  -22.4665
   60  598  417  -97.1167  147.5399  -22.4632
   61  596  417  -97.1425  147.5330  -22.4664

     1  1236  360  -97.0452  146.7308  -22.5167
     2  1235  360  -97.0575  146.7269  -22.5182
     3  1234  360  -97.0812  146.7181  -22.5212
     4  1233  360  -97.0812  146.7195  -22.5212
     5  1232  360  -97.0944  146.7152  -22.5228
     6  1230  360  -97.0779  146.7248  -22.5209
     7  1229  360  -97.0843  146.7234  -22.5217
     8  1228  360  -97.0955  146.7200  -22.5230
     9  1227  360  -97.0889  146.7241  -22.5222
    10  1226  360  -97.0830  146.7280  -22.5215
    11  1224  361  -97.0628  146.7392  -22.5178
    12  1223  361  -97.0792  146.7336  -22.5198
    13  1222  361  -97.0699  146.7389  -22.5187
    14  1220  361  -97.0697  146.7416  -22.5187
    15  1219  361  -97.0654  146.7447  -22.5182
    16  1218  361  -97.0716  146.7434  -22.5190
    17  1217  361  -97.0729  146.7442  -22.5191
    18  1226  361  -97.0633  146.7364  -22.5178
    19  1216  362  -97.0421  146.7586  -22.5141
    20  1215  362  -97.0360  146.7625  -22.5134
    21  1214  362  -97.0514  146.7573  -22.5153
    22  1212  362  -97.0415  146.7641  -22.5141
    23  1210  362  -97.0559  146.7607  -22.5159
    24  1208  362  -97.0368  146.7714  -22.5136
    25  1206  362  -97.0545  146.7665  -22.5158
    26  1205  362  -97.0442  146.7722  -22.5145
    27  1203  363  -97.0611  146.7678  -22.5154
    28  1201  363  -97.0728  146.7655  -22.5168
    29  1200  363  -97.0652  146.7700  -22.5159
    30  1198  363  -97.0608  146.7745  -22.5153
    31  1204  363  -97.0564  146.7684  -22.5148
    32  1197  364  -97.0322  146.7879  -22.5106
    33  1195  364  -97.0536  146.7816  -22.5132
    34  1194  364  -97.0581  146.7810  -22.5138
    35  1193  364  -97.0652  146.7793  -22.5147
    36  1192  364  -97.0804  146.7742  -22.5166
    37  1191  364  -97.0747  146.7780  -22.5159
    38  1190  364  -97.0811  146.7766  -22.5167
    39  1188  364  -97.0856  146.7774  -22.5173
    40  1180  364  -97.0961  146.7835  -22.5187
    41  1179  364  -97.0966  146.7846  -22.5188
    42  1184  365  -97.0905  146.7807  -22.5167
    43  1183  365  -97.0830  146.7851  -22.5158
    44  1188  365  -97.0853  146.7775  -22.5160
    45  1185  365  -97.0468  146.7977  -22.5113
    46  1187  365  -97.0716  146.7846  -22.5143
    47  1161  365  -97.0875  146.8122  -22.5168
    48  1162  365  -97.0867  146.8112  -22.5167
    49  1164  365  -97.0926  146.8062  -22.5175
    50  1165  365  -97.0841  146.8084  -22.5164
    51  1167  365  -97.0817  146.8067  -22.5161
    52  1168  365  -97.0772  146.8073  -22.5155
    53  1169  365  -97.0875  146.8017  -22.5167
    54  1170  365  -97.0774  146.8046  -22.5154
    55  1172  365  -97.0710  146.8047  -22.5146
    56  1173  365  -97.0699  146.8038  -22.5144
    57  1174  365  -97.0896  146.7942  -22.5169
    58  1175  365  -97.1068  146.7857  -22.5190
    59  1176  365  -97.1116  146.7823  -22.5196
    60  1177  365  -97.1014  146.7853  -22.5182
    61  1178  365  -97.0967  146.7859  -22.5176
    62  1159  366  -97.0742  146.8205  -22.5140
    63  1158  366  -97.1212  146.8022  -22.5200
    64  1157  366  -97.0711  146.8244  -22.5136
    65  1155  366  -97.0573  146.8328  -22.5120
    66  1153  366  -97.1009  146.8173  -22.5174
    67  1151  366  -97.1380  146.8044  -22.5219
    68  1149  366  -97.1281  146.8112  -22.5207
    69  1148  366  -97.1197  146.8160  -22.5197
    70  1145  366  -97.0536  146.8475  -22.5116
    71  1144  366  -97.1136  146.8239  -22.5190
    72  1140  367  -97.0751  146.8452  -22.5131
    73  1137  367  -97.1126  146.8336  -22.5177
    74  1141  367  -97.0713  146.8455  -22.5126
    75  1136  368  -97.0776  146.8495  -22.5123
    76  1135  368  -97.0889  146.8462  -22.5137
    77  1133  368  -97.0980  146.8450  -22.5148
    78  1131  368  -97.1122  146.8418  -22.5166
    79  1129  368  -97.1521  146.8278  -22.5216
    80  1128  368  -97.1469  146.8313  -22.5209
    81  1127  368  -97.1527  146.8302  -22.5216
    82  1122  368  -97.1298  146.8463  -22.5188
    83  1120  368  -97.1355  146.8466  -22.5195
    84  1117  368  -97.1319  146.8521  -22.5192
    85  1114  368  -97.0877  146.8744  -22.5136
    86  1113  368  -97.0964  146.8721  -22.5148
    87  1068  368  -97.1637  146.9037  -22.5237
    88  1067  368  -97.1599  146.9067  -22.5232
    89  1064  368  -97.1870  146.8995  -22.5266
    90  1063  368  -97.1869  146.9009  -22.5266
    91  1062  368  -97.2221  146.8878  -22.5309
    92  1059  368  -97.2489  146.8808  -22.5343
    93  1058  368  -97.2432  146.8844  -22.5336
    94  1055  368  -97.2478  146.8866  -22.5342
    95  1053  368  -97.2454  146.8902  -22.5338
    96  1052  368  -97.2343  146.8961  -22.5325
    97  1051  368  -97.2358  146.8968  -22.5327
    98  1050  368  -97.2378  146.8973  -22.5329
    99  1049  368  -97.2354  146.8996  -22.5327
   100  1047  368  -97.2458  146.8980  -22.5340
   101  1044  368  -97.2370  146.9056  -22.5329
   102  1043  368  -97.2214  146.9133  -22.5309
   103  1042  368  -97.2108  146.9189  -22.5297
   104  1041  368  -97.2119  146.9198  -22.5299
   105  1040  368  -97.1974  146.9270  -22.5281
   106  1039  368  -97.2088  146.9237  -22.5296
   107  1038  368  -97.1990  146.9290  -22.5284
