; ENVI Output of ROIs (5.4) [Fri Aug 09 17:07:08 2019]
; Number of ROIs: 8
; File Dimension: 1328 x 1184
;
; ROI name: Region #1
; ROI rgb value: {255, 0, 0}
; ROI npts: 135
;
; ROI name: Region #2
; ROI rgb value: {0, 255, 0}
; ROI npts: 113
;
; ROI name: Region #3
; ROI rgb value: {0, 0, 255}
; ROI npts: 200
;
; ROI name: Region #4
; ROI rgb value: {255, 255, 0}
; ROI npts: 88
;
; ROI name: Region #5
; ROI rgb value: {0, 255, 255}
; ROI npts: 86
;
; ROI name: Region #6
; ROI rgb value: {255, 0, 255}
; ROI npts: 140
;
; ROI name: Region #7
; ROI rgb value: {176, 48, 96}
; ROI npts: 61
;
; ROI name: Region #8
; ROI rgb value: {46, 139, 87}
; ROI npts: 107
;   ID    X    Y      B1      B2      B3
     1  130  195  0.1475  0.0491  0.0213
     2  236  195  0.1472  0.0503  0.0213
     3  235  195  0.1470  0.0502  0.0212
     4  234  195  0.1468  0.0501  0.0212
     5  233  195  0.1467  0.0500  0.0212
     6  232  195  0.1465  0.0500  0.0212
     7  230  195  0.1465  0.0499  0.0212
     8  229  195  0.1465  0.0499  0.0212
     9  227  195  0.1466  0.0499  0.0212
    10  226  195  0.1465  0.0499  0.0212
    11  224  195  0.1467  0.0499  0.0212
    12  223  195  0.1465  0.0499  0.0212
    13  222  195  0.1466  0.0499  0.0212
    14  221  195  0.1466  0.0499  0.0212
    15  220  195  0.1468  0.0499  0.0212
    16  219  195  0.1468  0.0499  0.0212
    17  217  195  0.1471  0.0500  0.0213
    18  216  195  0.1470  0.0499  0.0213
    19  215  195  0.1471  0.0500  0.0213
    20  213  195  0.1473  0.0500  0.0213
    21  212  195  0.1473  0.0500  0.0213
    22  211  195  0.1471  0.0499  0.0213
    23  210  195  0.1470  0.0499  0.0213
    24  132  195  0.1473  0.0490  0.0213
    25  134  195  0.1473  0.0490  0.0213
    26  131  195  0.1474  0.0490  0.0213
    27  204  196  0.1468  0.0497  0.0212
    28  203  196  0.1466  0.0497  0.0212
    29  194  196  0.1465  0.0495  0.0212
    30  193  196  0.1470  0.0497  0.0213
    31  192  196  0.1469  0.0496  0.0212
    32  185  196  0.1479  0.0499  0.0214
    33  184  196  0.1473  0.0497  0.0213
    34  154  196  0.1469  0.0492  0.0212
    35  153  196  0.1470  0.0492  0.0212
    36  152  196  0.1470  0.0492  0.0212
    37  139  196  0.1470  0.0490  0.0212
    38  138  196  0.1472  0.0491  0.0213
    39  137  196  0.1473  0.0491  0.0213
    40  136  196  0.1474  0.0491  0.0213
    41  135  196  0.1474  0.0491  0.0213
    42  134  196  0.1473  0.0490  0.0213
    43  207  196  0.1469  0.0498  0.0212
    44  208  196  0.1469  0.0498  0.0212
    45  206  196  0.1467  0.0497  0.0212
    46  119  196  0.1476  0.0489  0.0213
    47  129  196  0.1473  0.0490  0.0213
    48  128  196  0.1470  0.0489  0.0212
    49  124  196  0.1470  0.0488  0.0212
    50  123  196  0.1471  0.0488  0.0213
    51  120  196  0.1475  0.0489  0.0213
    52  236  196  0.1469  0.0502  0.0212
    53  118  196  0.1476  0.0489  0.0213
    54  117  196  0.1475  0.0489  0.0213
    55  162  197  0.1467  0.0492  0.0212
    56   57  197  0.1489  0.0486  0.0215
    57   59  197  0.1489  0.0487  0.0215
    58   60  197  0.1488  0.0486  0.0215
    59   61  197  0.1483  0.0485  0.0214
    60  107  197  0.1475  0.0488  0.0213
    61  108  197  0.1476  0.0488  0.0213
    62  110  197  0.1475  0.0488  0.0213
    63  111  197  0.1474  0.0488  0.0213
    64  112  197  0.1474  0.0488  0.0213
    65  114  197  0.1473  0.0488  0.0213
    66  192  197  0.1479  0.0500  0.0214
    67  191  197  0.1476  0.0498  0.0213
    68  190  197  0.1480  0.0499  0.0214
    69  188  197  0.1484  0.0501  0.0214
    70  187  197  0.1479  0.0499  0.0213
    71   62  197  0.1484  0.0485  0.0214
    72   63  197  0.1474  0.0482  0.0213
    73  164  197  0.1469  0.0493  0.0212
    74  163  197  0.1466  0.0492  0.0212
    75  161  197  0.1467  0.0492  0.0212
    76  160  197  0.1468  0.0492  0.0212
    77  159  197  0.1470  0.0492  0.0212
    78  158  197  0.1467  0.0491  0.0212
    79  157  197  0.1469  0.0492  0.0212
    80  156  197  0.1469  0.0492  0.0212
    81   71  197  0.1478  0.0484  0.0213
    82   70  197  0.1477  0.0484  0.0213
    83   69  197  0.1477  0.0484  0.0213
    84   67  197  0.1473  0.0482  0.0213
    85   66  197  0.1472  0.0482  0.0213
    86   65  197  0.1472  0.0482  0.0213
    87  154  197  0.1468  0.0491  0.0212
    88  155  197  0.1469  0.0491  0.0212
    89   71  198  0.1476  0.0484  0.0213
    90   72  198  0.1475  0.0484  0.0213
    91   73  198  0.1479  0.0485  0.0213
    92   74  198  0.1476  0.0484  0.0213
    93   54  198  0.1484  0.0484  0.0214
    94   55  198  0.1488  0.0486  0.0215
    95   56  198  0.1488  0.0486  0.0215
    96   57  198  0.1487  0.0486  0.0215
    97   92  198  0.1475  0.0486  0.0213
    98   93  198  0.1475  0.0486  0.0213
    99   82  198  0.1471  0.0483  0.0212
   100   94  198  0.1474  0.0486  0.0213
   101   52  198  0.1480  0.0483  0.0214
   102   97  198  0.1474  0.0486  0.0213
   103   89  199  0.1476  0.0486  0.0213
   104   91  199  0.1475  0.0486  0.0213
   105   86  199  0.1476  0.0485  0.0213
   106   83  199  0.1473  0.0484  0.0213
   107   81  199  0.1472  0.0484  0.0212
   108   80  199  0.1475  0.0485  0.0213
   109   78  199  0.1473  0.0484  0.0213
   110   92  199  0.1473  0.0485  0.0212
   111   77  199  0.1475  0.0484  0.0213
   112   76  199  0.1474  0.0484  0.0213
   113   84  199  0.1474  0.0485  0.0213
   114   52  199  0.1477  0.0482  0.0213
   115   51  199  0.1475  0.0481  0.0213
   116   50  199  0.1473  0.0480  0.0213
   117   49  199  0.1475  0.0481  0.0213
   118   48  199  0.1478  0.0482  0.0213
   119   47  199  0.1477  0.0481  0.0213
   120   46  199  0.1480  0.0482  0.0213
   121   45  199  0.1479  0.0482  0.0213
   122   44  199  0.1483  0.0483  0.0214
   123   43  199  0.1480  0.0482  0.0213
   124   42  199  0.1482  0.0482  0.0214
   125   41  199  0.1480  0.0481  0.0213
   126   39  200  0.1482  0.0482  0.0214
   127   40  200  0.1484  0.0483  0.0214
   128   38  201  0.1482  0.0482  0.0213
   129   39  201  0.1482  0.0482  0.0214
   130   35  203  0.1486  0.0483  0.0214
   131   34  203  0.1490  0.0484  0.0214
   132   33  203  0.1487  0.0483  0.0214
   133   32  203  0.1489  0.0483  0.0214
   134   31  203  0.1488  0.0483  0.0214
   135   30  203  0.1485  0.0482  0.0214

     1  208  182  0.1476  0.0500  0.0215
     2  207  182  0.1476  0.0500  0.0215
     3  206  182  0.1476  0.0500  0.0215
     4  205  182  0.1473  0.0499  0.0215
     5  204  182  0.1474  0.0499  0.0215
     6  202  182  0.1471  0.0498  0.0214
     7  200  182  0.1468  0.0497  0.0214
     8  198  182  0.1472  0.0498  0.0214
     9  196  182  0.1469  0.0497  0.0214
    10  195  182  0.1474  0.0498  0.0215
    11  194  182  0.1476  0.0499  0.0215
    12  193  182  0.1477  0.0499  0.0215
    13  192  182  0.1477  0.0499  0.0215
    14  191  183  0.1477  0.0499  0.0215
    15  189  183  0.1464  0.0494  0.0213
    16  184  183  0.1468  0.0495  0.0214
    17  181  183  0.1478  0.0498  0.0215
    18  179  183  0.1467  0.0494  0.0214
    19  177  183  0.1469  0.0494  0.0214
    20  174  183  0.1476  0.0496  0.0215
    21  173  183  0.1476  0.0496  0.0215
    22  172  183  0.1472  0.0495  0.0214
    23  171  183  0.1476  0.0496  0.0215
    24  170  183  0.1469  0.0493  0.0214
    25  166  183  0.1462  0.0491  0.0213
    26  164  183  0.1463  0.0491  0.0213
    27  163  183  0.1467  0.0492  0.0214
    28  160  183  0.1462  0.0490  0.0213
    29  159  183  0.1464  0.0491  0.0213
    30  157  183  0.1468  0.0492  0.0214
    31  155  183  0.1468  0.0491  0.0214
    32  154  183  0.1470  0.0492  0.0214
    33  153  183  0.1469  0.0491  0.0214
    34  186  183  0.1468  0.0495  0.0214
    35  146  184  0.1475  0.0493  0.0215
    36  147  184  0.1474  0.0492  0.0214
    37  144  184  0.1477  0.0493  0.0215
    38  151  184  0.1470  0.0491  0.0214
    39  141  184  0.1479  0.0493  0.0215
    40  139  184  0.1482  0.0494  0.0216
    41  138  184  0.1482  0.0494  0.0215
    42  136  184  0.1481  0.0493  0.0215
    43  135  184  0.1479  0.0493  0.0215
    44  133  184  0.1481  0.0493  0.0215
    45  132  184  0.1482  0.0493  0.0215
    46  123  184  0.1478  0.0491  0.0215
    47  122  184  0.1480  0.0491  0.0215
    48  149  184  0.1471  0.0492  0.0214
    49  118  185  0.1478  0.0490  0.0215
    50  117  185  0.1479  0.0490  0.0215
    51  116  185  0.1478  0.0490  0.0215
    52  113  185  0.1480  0.0490  0.0215
    53  111  185  0.1480  0.0490  0.0215
    54  119  185  0.1479  0.0491  0.0215
    55  109  185  0.1480  0.0490  0.0215
    56  108  185  0.1480  0.0489  0.0215
    57   91  185  0.1478  0.0487  0.0215
    58  234  185  0.1475  0.0504  0.0214
    59  236  185  0.1474  0.0503  0.0214
    60  240  185  0.1475  0.0504  0.0214
    61  241  185  0.1477  0.0505  0.0215
    62  243  185  0.1474  0.0504  0.0214
    63  244  185  0.1476  0.0505  0.0214
    64  246  185  0.1476  0.0505  0.0214
    65  248  185  0.1475  0.0505  0.0214
    66   98  185  0.1480  0.0488  0.0215
    67   97  185  0.1480  0.0488  0.0215
    68   96  185  0.1481  0.0488  0.0215
    69   95  185  0.1481  0.0488  0.0215
    70   93  185  0.1477  0.0487  0.0215
    71   92  185  0.1477  0.0487  0.0215
    72  110  185  0.1480  0.0490  0.0215
    73  217  185  0.1476  0.0502  0.0215
    74  218  185  0.1474  0.0501  0.0214
    75  220  185  0.1471  0.0500  0.0214
    76  222  185  0.1472  0.0501  0.0214
    77  224  185  0.1471  0.0501  0.0214
    78  225  185  0.1468  0.0500  0.0213
    79  226  185  0.1469  0.0500  0.0214
    80  227  185  0.1468  0.0500  0.0213
    81  229  185  0.1470  0.0501  0.0214
    82  231  185  0.1471  0.0502  0.0214
    83  232  185  0.1474  0.0503  0.0214
    84  107  186  0.1477  0.0488  0.0215
    85  106  186  0.1477  0.0488  0.0215
    86  105  186  0.1478  0.0488  0.0215
    87  104  186  0.1479  0.0489  0.0215
    88  103  186  0.1479  0.0489  0.0215
    89  102  186  0.1479  0.0489  0.0215
    90  100  186  0.1480  0.0488  0.0215
    91   99  186  0.1481  0.0489  0.0215
    92  252  186  0.1471  0.0504  0.0214
    93  254  187  0.1469  0.0504  0.0213
    94  256  187  0.1469  0.0504  0.0213
    95  257  187  0.1470  0.0504  0.0213
    96  259  187  0.1470  0.0505  0.0214
    97  260  187  0.1472  0.0505  0.0214
    98  253  187  0.1470  0.0504  0.0213
    99  260  188  0.1471  0.0505  0.0213
   100  262  188  0.1469  0.0505  0.0213
   101  263  188  0.1471  0.0506  0.0213
   102  264  188  0.1471  0.0506  0.0213
   103  266  188  0.1467  0.0505  0.0213
   104  267  188  0.1464  0.0504  0.0213
   105  268  188  0.1463  0.0504  0.0212
   106  269  188  0.1462  0.0503  0.0212
   107  270  188  0.1461  0.0503  0.0212
   108  271  188  0.1461  0.0503  0.0212
   109  272  189  0.1463  0.0504  0.0212
   110  271  189  0.1464  0.0504  0.0212
   111  273  190  0.1467  0.0505  0.0213
   112  274  190  0.1470  0.0507  0.0213
   113  272  190  0.1464  0.0504  0.0212

     1  131  388  0.1250  0.0415  0.0162
     2  132  388  0.1242  0.0413  0.0161
     3  133  388  0.1238  0.0411  0.0161
     4  135  388  0.1240  0.0412  0.0161
     5  137  388  0.1246  0.0414  0.0162
     6  138  388  0.1250  0.0416  0.0162
     7  140  388  0.1257  0.0418  0.0163
     8  141  388  0.1259  0.0419  0.0164
     9  142  388  0.1261  0.0420  0.0164
    10  143  388  0.1267  0.0422  0.0165
    11  144  388  0.1264  0.0421  0.0164
    12  145  388  0.1264  0.0421  0.0164
    13  146  388  0.1263  0.0421  0.0164
    14  147  388  0.1259  0.0420  0.0164
    15  148  388  0.1258  0.0419  0.0163
    16  149  388  0.1257  0.0419  0.0163
    17  151  388  0.1255  0.0419  0.0163
    18  152  388  0.1254  0.0418  0.0163
    19  154  388  0.1253  0.0418  0.0163
    20  166  388  0.1253  0.0420  0.0163
    21  167  388  0.1255  0.0420  0.0163
    22  169  388  0.1258  0.0421  0.0163
    23  170  389  0.1256  0.0421  0.0163
    24  171  389  0.1259  0.0422  0.0163
    25  173  389  0.1258  0.0422  0.0163
    26  174  389  0.1258  0.0422  0.0163
    27  175  389  0.1259  0.0423  0.0163
    28  176  389  0.1261  0.0423  0.0164
    29  177  389  0.1260  0.0423  0.0164
    30  178  389  0.1258  0.0423  0.0163
    31  179  389  0.1258  0.0423  0.0163
    32  180  389  0.1257  0.0423  0.0163
    33  181  389  0.1258  0.0423  0.0163
    34  182  389  0.1260  0.0423  0.0164
    35  183  389  0.1259  0.0423  0.0163
    36  224  390  0.1242  0.0422  0.0161
    37  225  390  0.1241  0.0422  0.0161
    38  227  390  0.1239  0.0421  0.0161
    39  229  390  0.1242  0.0422  0.0161
    40  230  390  0.1243  0.0423  0.0161
    41  231  390  0.1246  0.0424  0.0162
    42  232  390  0.1243  0.0423  0.0161
    43  234  390  0.1244  0.0424  0.0161
    44  235  390  0.1245  0.0424  0.0162
    45  237  390  0.1248  0.0425  0.0162
    46  239  390  0.1252  0.0427  0.0163
    47  240  390  0.1252  0.0427  0.0162
    48  241  390  0.1254  0.0428  0.0163
    49  243  390  0.1264  0.0431  0.0164
    50  244  390  0.1254  0.0428  0.0163
    51  245  390  0.1249  0.0427  0.0162
    52  246  390  0.1251  0.0427  0.0162
    53  248  390  0.1254  0.0429  0.0163
    54  249  390  0.1247  0.0426  0.0162
    55  251  390  0.1247  0.0426  0.0162
    56  252  390  0.1247  0.0426  0.0162
    57  253  390  0.1248  0.0427  0.0162
    58  254  390  0.1246  0.0426  0.0162
    59  255  390  0.1247  0.0427  0.0162
    60  256  390  0.1244  0.0426  0.0161
    61  257  390  0.1242  0.0425  0.0161
    62  258  390  0.1241  0.0425  0.0161
    63  279  392  0.1242  0.0427  0.0161
    64  280  392  0.1241  0.0427  0.0161
    65  281  392  0.1243  0.0428  0.0161
    66  282  392  0.1244  0.0429  0.0161
    67  283  392  0.1243  0.0429  0.0161
    68  284  392  0.1238  0.0427  0.0160
    69  285  392  0.1235  0.0426  0.0160
    70  287  392  0.1236  0.0426  0.0160
    71  288  392  0.1237  0.0427  0.0160
    72  289  392  0.1236  0.0427  0.0160
    73  290  392  0.1239  0.0428  0.0161
    74  291  392  0.1242  0.0429  0.0161
    75  292  392  0.1239  0.0428  0.0161
    76  294  392  0.1242  0.0429  0.0161
    77  295  392  0.1242  0.0429  0.0161
    78  296  392  0.1242  0.0429  0.0161
    79  297  392  0.1243  0.0430  0.0161
    80  298  392  0.1241  0.0429  0.0161
    81  299  392  0.1231  0.0426  0.0160
    82  300  392  0.1233  0.0427  0.0160
    83  301  392  0.1233  0.0427  0.0160
    84  302  392  0.1234  0.0427  0.0160
    85  303  392  0.1235  0.0428  0.0160
    86  304  392  0.1236  0.0428  0.0160
    87  305  392  0.1234  0.0428  0.0160
    88  306  392  0.1236  0.0428  0.0160
    89  307  392  0.1236  0.0428  0.0160
    90  309  392  0.1231  0.0427  0.0160
    91  350  393  0.1249  0.0437  0.0162
    92  348  393  0.1248  0.0437  0.0162
    93  347  393  0.1241  0.0434  0.0161
    94  346  393  0.1235  0.0432  0.0160
    95  349  393  0.1248  0.0437  0.0162
    96  326  394  0.1229  0.0428  0.0159
    97  327  394  0.1230  0.0428  0.0159
    98  328  394  0.1235  0.0430  0.0160
    99  329  394  0.1236  0.0431  0.0160
   100  331  394  0.1241  0.0433  0.0161
   101  325  394  0.1228  0.0428  0.0159
   102  333  394  0.1243  0.0433  0.0161
   103  335  394  0.1238  0.0432  0.0160
   104  336  394  0.1242  0.0434  0.0161
   105  337  394  0.1239  0.0433  0.0160
   106  338  394  0.1237  0.0432  0.0160
   107  324  394  0.1228  0.0427  0.0159
   108  323  394  0.1227  0.0427  0.0159
   109  322  394  0.1229  0.0428  0.0159
   110  332  394  0.1239  0.0432  0.0160
   111  321  394  0.1232  0.0429  0.0160
   112  352  394  0.1227  0.0430  0.0159
   113  354  394  0.1229  0.0431  0.0159
   114  355  394  0.1229  0.0431  0.0159
   115  356  394  0.1229  0.0431  0.0159
   116  358  394  0.1227  0.0430  0.0159
   117  359  394  0.1227  0.0431  0.0159
   118  399  395  0.1225  0.0434  0.0158
   119  401  395  0.1224  0.0434  0.0158
   120  400  395  0.1225  0.0434  0.0159
   121  398  395  0.1226  0.0434  0.0159
   122  396  395  0.1225  0.0434  0.0159
   123  383  395  0.1231  0.0434  0.0159
   124  384  395  0.1215  0.0429  0.0157
   125  385  395  0.1219  0.0430  0.0158
   126  386  395  0.1216  0.0430  0.0158
   127  387  395  0.1218  0.0430  0.0158
   128  389  395  0.1224  0.0433  0.0158
   129  392  395  0.1225  0.0434  0.0159
   130  394  395  0.1226  0.0434  0.0159
   131  395  395  0.1227  0.0434  0.0159
   132  402  395  0.1222  0.0434  0.0158
   133  375  396  0.1226  0.0432  0.0159
   134  379  396  0.1216  0.0429  0.0157
   135  376  396  0.1221  0.0430  0.0158
   136  380  396  0.1224  0.0432  0.0158
   137  382  396  0.1227  0.0433  0.0159
   138  445  398  0.1219  0.0436  0.0157
   139  449  398  0.1216  0.0436  0.0157
   140  448  398  0.1215  0.0436  0.0157
   141  447  398  0.1218  0.0436  0.0157
   142  443  398  0.1219  0.0437  0.0157
   143  444  398  0.1216  0.0436  0.0157
   144  450  398  0.1214  0.0436  0.0157
   145  446  398  0.1219  0.0437  0.0157
   146  441  399  0.1222  0.0437  0.0158
   147  440  399  0.1218  0.0436  0.0157
   148  439  399  0.1218  0.0436  0.0157
   149  442  399  0.1218  0.0436  0.0157
   150  451  399  0.1214  0.0435  0.0157
   151  452  399  0.1219  0.0437  0.0157
   152  453  399  0.1221  0.0438  0.0158
   153  454  399  0.1219  0.0437  0.0157
   154  455  399  0.1219  0.0437  0.0157
   155  477  399  0.1218  0.0440  0.0157
   156  478  399  0.1217  0.0440  0.0157
   157  481  399  0.1217  0.0440  0.0157
   158  482  399  0.1219  0.0440  0.0157
   159  483  399  0.1219  0.0440  0.0157
   160  484  399  0.1217  0.0440  0.0157
   161  485  399  0.1219  0.0441  0.0157
   162  487  399  0.1217  0.0440  0.0157
   163  489  399  0.1213  0.0439  0.0157
   164  490  399  0.1211  0.0439  0.0156
   165  491  399  0.1212  0.0439  0.0157
   166  492  399  0.1213  0.0439  0.0157
   167  494  399  0.1210  0.0438  0.0156
   168  496  400  0.1204  0.0436  0.0155
   169  497  400  0.1206  0.0437  0.0156
   170  498  400  0.1195  0.0434  0.0154
   171  499  400  0.1201  0.0436  0.0155
   172  495  400  0.1208  0.0438  0.0156
   173  510  401  0.1203  0.0438  0.0155
   174  511  401  0.1199  0.0436  0.0155
   175  512  401  0.1198  0.0436  0.0154
   176  513  401  0.1209  0.0440  0.0156
   177  515  401  0.1202  0.0438  0.0155
   178  517  401  0.1211  0.0441  0.0156
   179  534  401  0.1194  0.0437  0.0154
   180  535  401  0.1220  0.0446  0.0157
   181  536  401  0.1232  0.0451  0.0159
   182  537  401  0.1241  0.0454  0.0160
   183  538  401  0.1195  0.0437  0.0154
   184  540  401  0.1214  0.0445  0.0157
   185  541  401  0.1201  0.0440  0.0155
   186  542  401  0.1214  0.0445  0.0156
   187  544  401  0.1212  0.0444  0.0156
   188  545  401  0.1207  0.0442  0.0156
   189  546  401  0.1221  0.0448  0.0157
   190  547  401  0.1214  0.0445  0.0156
   191  549  401  0.1219  0.0447  0.0157
   192  550  401  0.1206  0.0443  0.0155
   193  551  401  0.1219  0.0447  0.0157
   194  553  401  0.1207  0.0443  0.0156
   195  554  401  0.1211  0.0445  0.0156
   196  555  401  0.1217  0.0447  0.0157
   197  556  401  0.1215  0.0447  0.0157
   198  558  401  0.1213  0.0446  0.0156
   199  559  401  0.1210  0.0445  0.0156
   200  560  401  0.1209  0.0445  0.0156

    1   99  398  0.1255  0.0413  0.0162
    2   97  398  0.1255  0.0413  0.0162
    3   96  398  0.1255  0.0413  0.0162
    4   98  398  0.1254  0.0413  0.0162
    5   84  399  0.1257  0.0412  0.0162
    6   85  399  0.1256  0.0412  0.0162
    7   87  399  0.1255  0.0412  0.0162
    8   88  399  0.1256  0.0412  0.0162
    9   83  399  0.1259  0.0413  0.0163
   10   90  399  0.1254  0.0412  0.0162
   11   91  399  0.1253  0.0412  0.0162
   12   92  399  0.1254  0.0412  0.0162
   13   94  399  0.1250  0.0411  0.0161
   14   82  399  0.1262  0.0414  0.0163
   15   81  399  0.1262  0.0414  0.0163
   16   89  399  0.1256  0.0413  0.0162
   17   80  399  0.1262  0.0414  0.0163
   18   99  399  0.1258  0.0414  0.0162
   19  100  399  0.1257  0.0414  0.0162
   20  102  399  0.1261  0.0416  0.0163
   21  103  399  0.1256  0.0414  0.0162
   22  104  399  0.1258  0.0415  0.0162
   23  105  399  0.1255  0.0414  0.0162
   24  106  399  0.1258  0.0415  0.0162
   25  108  399  0.1261  0.0416  0.0163
   26  109  399  0.1261  0.0416  0.0163
   27  111  399  0.1262  0.0417  0.0163
   28  112  399  0.1261  0.0417  0.0163
   29  113  399  0.1263  0.0417  0.0163
   30  127  399  0.1246  0.0413  0.0161
   31  128  399  0.1243  0.0413  0.0161
   32  130  399  0.1243  0.0412  0.0160
   33  132  399  0.1245  0.0413  0.0161
   34  134  399  0.1248  0.0415  0.0161
   35  135  399  0.1248  0.0415  0.0161
   36  136  399  0.1252  0.0416  0.0162
   37  137  399  0.1246  0.0414  0.0161
   38  139  399  0.1255  0.0417  0.0162
   39  140  399  0.1250  0.0416  0.0161
   40  141  399  0.1249  0.0416  0.0161
   41  142  399  0.1249  0.0416  0.0161
   42  143  399  0.1250  0.0416  0.0161
   43  145  399  0.1244  0.0414  0.0161
   44  147  399  0.1244  0.0415  0.0161
   45  148  399  0.1240  0.0413  0.0160
   46  149  399  0.1240  0.0413  0.0160
   47  150  399  0.1252  0.0418  0.0162
   48  151  399  0.1250  0.0417  0.0161
   49  152  399  0.1250  0.0417  0.0161
   50  153  399  0.1248  0.0417  0.0161
   51  154  399  0.1241  0.0414  0.0160
   52  155  399  0.1242  0.0415  0.0160
   53  156  399  0.1243  0.0415  0.0160
   54  157  399  0.1243  0.0415  0.0160
   55  159  399  0.1241  0.0415  0.0160
   56  161  399  0.1242  0.0415  0.0160
   57  162  399  0.1242  0.0415  0.0160
   58  163  399  0.1241  0.0415  0.0160
   59  164  399  0.1244  0.0416  0.0161
   60  169  399  0.1246  0.0417  0.0161
   61  170  399  0.1248  0.0418  0.0161
   62  171  399  0.1246  0.0418  0.0161
   63  172  399  0.1245  0.0418  0.0161
   64  173  399  0.1249  0.0419  0.0161
   65  174  399  0.1240  0.0416  0.0160
   66  176  399  0.1244  0.0418  0.0161
   67  179  399  0.1240  0.0417  0.0160
   68  181  399  0.1243  0.0418  0.0160
   69  242  402  0.1220  0.0416  0.0157
   70  243  402  0.1221  0.0417  0.0157
   71  245  402  0.1227  0.0419  0.0158
   72  246  402  0.1230  0.0420  0.0159
   73  247  402  0.1237  0.0423  0.0159
   74  248  402  0.1236  0.0422  0.0159
   75  249  402  0.1237  0.0423  0.0159
   76  250  402  0.1234  0.0422  0.0159
   77  251  402  0.1236  0.0422  0.0159
   78  292  404  0.1230  0.0425  0.0158
   79  293  404  0.1229  0.0425  0.0158
   80  295  404  0.1229  0.0425  0.0158
   81  297  404  0.1225  0.0423  0.0158
   82  299  404  0.1224  0.0423  0.0157
   83  300  404  0.1224  0.0423  0.0158
   84  301  404  0.1226  0.0424  0.0158
   85  302  404  0.1223  0.0423  0.0157
   86  303  404  0.1225  0.0424  0.0158
   87  305  404  0.1231  0.0426  0.0158
   88  306  405  0.1231  0.0427  0.0158

    1   23  585  0.1143  0.0369  0.0131
    2   24  585  0.1143  0.0369  0.0131
    3   25  585  0.1148  0.0370  0.0132
    4   26  585  0.1148  0.0370  0.0132
    5   27  585  0.1146  0.0370  0.0132
    6   28  585  0.1147  0.0370  0.0132
    7   29  585  0.1148  0.0371  0.0132
    8   30  585  0.1148  0.0371  0.0132
    9   31  585  0.1150  0.0371  0.0132
   10   32  585  0.1146  0.0370  0.0132
   11   33  585  0.1151  0.0372  0.0132
   12   36  586  0.1148  0.0371  0.0132
   13   37  586  0.1148  0.0371  0.0132
   14   38  586  0.1149  0.0372  0.0132
   15   34  586  0.1151  0.0372  0.0132
   16   78  588  0.1145  0.0374  0.0131
   17   79  588  0.1144  0.0374  0.0131
   18   80  588  0.1146  0.0375  0.0131
   19   81  588  0.1146  0.0375  0.0131
   20   82  588  0.1149  0.0376  0.0132
   21   84  588  0.1148  0.0376  0.0132
   22   85  588  0.1151  0.0377  0.0132
   23   86  588  0.1151  0.0377  0.0132
   24   87  588  0.1150  0.0377  0.0132
   25   88  588  0.1147  0.0376  0.0131
   26   89  588  0.1147  0.0376  0.0131
   27   91  589  0.1149  0.0377  0.0131
   28   93  589  0.1149  0.0377  0.0131
   29   94  589  0.1148  0.0377  0.0131
   30   95  589  0.1146  0.0376  0.0131
   31   96  589  0.1147  0.0377  0.0131
   32   99  589  0.1145  0.0376  0.0131
   33  100  589  0.1145  0.0376  0.0131
   34   90  589  0.1150  0.0377  0.0132
   35  126  590  0.1139  0.0377  0.0130
   36  127  590  0.1138  0.0376  0.0130
   37  128  590  0.1136  0.0376  0.0130
   38  129  590  0.1136  0.0376  0.0130
   39  130  590  0.1135  0.0376  0.0130
   40  132  590  0.1136  0.0376  0.0130
   41  133  590  0.1135  0.0376  0.0130
   42  135  590  0.1135  0.0377  0.0130
   43  136  590  0.1135  0.0377  0.0130
   44  163  592  0.1138  0.0380  0.0130
   45  164  592  0.1138  0.0380  0.0130
   46  165  592  0.1135  0.0379  0.0130
   47  166  592  0.1138  0.0380  0.0130
   48  167  592  0.1134  0.0379  0.0129
   49  168  592  0.1133  0.0379  0.0129
   50  169  592  0.1131  0.0378  0.0129
   51  170  592  0.1129  0.0378  0.0129
   52  171  592  0.1129  0.0378  0.0129
   53  171  593  0.1127  0.0377  0.0129
   54  172  593  0.1128  0.0377  0.0129
   55  173  593  0.1127  0.0377  0.0129
   56  175  593  0.1128  0.0378  0.0129
   57  176  593  0.1128  0.0378  0.0129
   58  179  593  0.1126  0.0377  0.0128
   59  180  593  0.1125  0.0377  0.0128
   60  181  593  0.1125  0.0377  0.0128
   61  182  593  0.1125  0.0377  0.0128
   62  183  593  0.1124  0.0377  0.0128
   63  184  593  0.1122  0.0376  0.0128
   64  185  593  0.1123  0.0377  0.0128
   65  186  593  0.1123  0.0377  0.0128
   66  187  593  0.1123  0.0377  0.0128
   67  203  593  0.1124  0.0379  0.0128
   68  202  593  0.1124  0.0379  0.0128
   69  200  593  0.1120  0.0377  0.0128
   70  199  593  0.1122  0.0378  0.0128
   71  197  593  0.1120  0.0377  0.0128
   72  194  593  0.1121  0.0377  0.0128
   73  195  593  0.1119  0.0377  0.0128
   74  196  593  0.1122  0.0377  0.0128
   75  193  594  0.1123  0.0378  0.0128
   76  192  594  0.1117  0.0375  0.0127
   77  191  594  0.1122  0.0377  0.0128
   78  189  594  0.1119  0.0376  0.0128
   79  188  594  0.1122  0.0377  0.0128
   80  205  594  0.1119  0.0377  0.0128
   81  206  594  0.1119  0.0378  0.0128
   82  207  594  0.1121  0.0378  0.0128
   83  210  594  0.1122  0.0379  0.0128
   84  211  594  0.1130  0.0382  0.0129
   85  212  594  0.1123  0.0380  0.0128
   86  213  594  0.1125  0.0380  0.0128

     1   26  472  0.1228  0.0397  0.0152
     2   27  472  0.1228  0.0397  0.0152
     3   28  472  0.1228  0.0397  0.0152
     4   29  472  0.1228  0.0397  0.0152
     5   30  472  0.1227  0.0397  0.0152
     6   32  472  0.1225  0.0396  0.0151
     7   33  472  0.1227  0.0397  0.0151
     8   34  472  0.1227  0.0397  0.0151
     9   35  472  0.1227  0.0397  0.0152
    10   37  472  0.1229  0.0398  0.0152
    11  111  472  0.1217  0.0402  0.0150
    12  109  472  0.1208  0.0398  0.0149
    13  108  472  0.1207  0.0398  0.0149
    14  107  472  0.1200  0.0396  0.0148
    15  106  472  0.1194  0.0394  0.0148
    16  104  472  0.1192  0.0393  0.0147
    17  103  472  0.1195  0.0394  0.0148
    18  102  472  0.1184  0.0390  0.0146
    19   48  472  0.1215  0.0395  0.0150
    20   50  472  0.1215  0.0395  0.0150
    21   51  472  0.1213  0.0394  0.0150
    22  101  472  0.1188  0.0391  0.0147
    23  100  472  0.1191  0.0392  0.0147
    24   99  472  0.1206  0.0397  0.0149
    25   97  472  0.1207  0.0397  0.0149
    26   96  472  0.1206  0.0396  0.0149
    27   95  472  0.1206  0.0396  0.0149
    28  112  472  0.1208  0.0399  0.0149
    29   58  473  0.1212  0.0395  0.0150
    30   59  473  0.1210  0.0394  0.0149
    31   61  473  0.1213  0.0395  0.0150
    32   62  473  0.1213  0.0395  0.0150
    33   63  473  0.1211  0.0395  0.0150
    34   57  473  0.1213  0.0395  0.0150
    35   65  473  0.1209  0.0394  0.0149
    36   66  473  0.1210  0.0395  0.0149
    37   67  473  0.1211  0.0395  0.0150
    38   68  473  0.1210  0.0395  0.0149
    39   69  473  0.1208  0.0395  0.0149
    40   71  473  0.1207  0.0394  0.0149
    41   72  473  0.1208  0.0395  0.0149
    42   74  473  0.1210  0.0396  0.0149
    43   75  473  0.1211  0.0396  0.0150
    44   76  473  0.1212  0.0396  0.0150
    45   77  473  0.1215  0.0397  0.0150
    46   78  473  0.1215  0.0398  0.0150
    47   79  473  0.1212  0.0397  0.0150
    48   81  473  0.1210  0.0396  0.0149
    49   83  473  0.1205  0.0395  0.0149
    50   85  473  0.1204  0.0395  0.0149
    51   87  473  0.1202  0.0394  0.0148
    52   88  473  0.1198  0.0393  0.0148
    53   56  473  0.1213  0.0395  0.0150
    54   55  473  0.1212  0.0394  0.0150
    55   54  473  0.1211  0.0394  0.0149
    56   53  473  0.1214  0.0395  0.0150
    57   52  473  0.1212  0.0394  0.0150
    58   51  473  0.1214  0.0395  0.0150
    59   47  473  0.1217  0.0395  0.0150
    60   46  473  0.1219  0.0396  0.0151
    61   45  473  0.1222  0.0397  0.0151
    62   43  473  0.1222  0.0396  0.0151
    63   42  473  0.1226  0.0398  0.0151
    64   40  473  0.1230  0.0399  0.0152
    65   39  473  0.1228  0.0398  0.0152
    66   38  473  0.1229  0.0398  0.0152
    67   64  473  0.1211  0.0395  0.0150
    68  114  473  0.1211  0.0400  0.0149
    69  120  473  0.1209  0.0400  0.0149
    70  118  473  0.1207  0.0399  0.0149
    71  117  473  0.1209  0.0400  0.0149
    72  115  473  0.1211  0.0400  0.0149
    73  121  474  0.1211  0.0401  0.0149
    74  123  474  0.1204  0.0399  0.0148
    75  124  474  0.1196  0.0396  0.0148
    76  125  474  0.1196  0.0396  0.0148
    77  126  474  0.1192  0.0395  0.0147
    78  127  474  0.1186  0.0393  0.0146
    79  166  474  0.1195  0.0400  0.0147
    80  164  474  0.1195  0.0400  0.0147
    81  163  474  0.1194  0.0399  0.0147
    82  162  474  0.1192  0.0398  0.0147
    83  161  474  0.1194  0.0399  0.0147
    84  160  474  0.1194  0.0399  0.0147
    85  159  474  0.1194  0.0399  0.0147
    86  158  474  0.1192  0.0398  0.0147
    87  138  475  0.1199  0.0398  0.0148
    88  140  475  0.1197  0.0398  0.0148
    89  172  475  0.1186  0.0397  0.0146
    90  171  475  0.1187  0.0398  0.0146
    91  170  475  0.1192  0.0399  0.0147
    92  169  475  0.1193  0.0399  0.0147
    93  168  475  0.1192  0.0399  0.0147
    94  167  475  0.1195  0.0400  0.0147
    95  127  475  0.1198  0.0397  0.0148
    96  128  475  0.1202  0.0398  0.0148
    97  129  475  0.1201  0.0398  0.0148
    98  130  475  0.1201  0.0398  0.0148
    99  156  475  0.1190  0.0397  0.0147
   100  157  475  0.1191  0.0397  0.0147
   101  137  475  0.1196  0.0397  0.0148
   102  135  475  0.1199  0.0398  0.0148
   103  134  475  0.1197  0.0397  0.0148
   104  132  475  0.1198  0.0397  0.0148
   105  155  476  0.1193  0.0398  0.0147
   106  153  476  0.1190  0.0397  0.0147
   107  152  476  0.1189  0.0396  0.0146
   108  150  476  0.1194  0.0398  0.0147
   109  149  476  0.1197  0.0399  0.0147
   110  148  476  0.1198  0.0399  0.0148
   111  145  476  0.1200  0.0399  0.0148
   112  143  476  0.1195  0.0398  0.0147
   113  142  476  0.1200  0.0399  0.0148
   114  141  476  0.1197  0.0398  0.0147
   115  173  476  0.1188  0.0398  0.0146
   116  174  476  0.1184  0.0397  0.0146
   117  175  476  0.1199  0.0402  0.0148
   118  176  476  0.1194  0.0401  0.0147
   119  177  476  0.1190  0.0399  0.0147
   120  178  476  0.1198  0.0402  0.0148
   121  179  476  0.1197  0.0402  0.0147
   122  180  476  0.1202  0.0403  0.0148
   123  182  477  0.1184  0.0398  0.0146
   124  184  477  0.1190  0.0400  0.0147
   125  185  477  0.1196  0.0402  0.0147
   126  186  477  0.1194  0.0401  0.0147
   127  187  477  0.1195  0.0402  0.0147
   128  189  478  0.1196  0.0402  0.0147
   129  190  478  0.1196  0.0402  0.0147
   130  192  478  0.1190  0.0401  0.0146
   131  188  478  0.1194  0.0402  0.0147
   132  194  479  0.1186  0.0400  0.0146
   133  195  479  0.1186  0.0400  0.0146
   134  197  479  0.1189  0.0401  0.0146
   135  198  479  0.1187  0.0400  0.0146
   136  199  479  0.1189  0.0401  0.0146
   137  200  479  0.1185  0.0400  0.0146
   138  201  479  0.1186  0.0400  0.0146
   139  203  480  0.1186  0.0400  0.0146
   140  202  480  0.1186  0.0400  0.0146

    1  476  413  0.1208  0.0436  0.0155
    2  477  413  0.1203  0.0434  0.0154
    3  479  413  0.1200  0.0433  0.0154
    4  481  413  0.1203  0.0434  0.0154
    5  482  413  0.1202  0.0434  0.0154
    6  484  413  0.1204  0.0435  0.0154
    7  487  413  0.1204  0.0436  0.0154
    8  488  413  0.1205  0.0436  0.0154
    9  489  413  0.1206  0.0436  0.0154
   10  491  413  0.1206  0.0436  0.0154
   11  493  413  0.1206  0.0437  0.0154
   12  494  413  0.1206  0.0437  0.0154
   13  496  413  0.1209  0.0438  0.0155
   14  498  413  0.1207  0.0438  0.0155
   15  500  413  0.1208  0.0438  0.0155
   16  501  413  0.1209  0.0439  0.0155
   17  503  413  0.1207  0.0438  0.0155
   18  504  413  0.1208  0.0439  0.0155
   19  505  414  0.1206  0.0438  0.0154
   20  536  414  0.1203  0.0440  0.0154
   21  532  414  0.1210  0.0442  0.0155
   22  510  414  0.1204  0.0438  0.0154
   23  512  414  0.1209  0.0440  0.0155
   24  513  414  0.1209  0.0440  0.0155
   25  514  414  0.1203  0.0438  0.0154
   26  517  414  0.1206  0.0439  0.0154
   27  519  414  0.1212  0.0442  0.0155
   28  521  414  0.1208  0.0440  0.0155
   29  527  414  0.1206  0.0440  0.0154
   30  529  414  0.1210  0.0442  0.0155
   31  508  415  0.1207  0.0439  0.0154
   32  507  415  0.1204  0.0438  0.0154
   33  539  415  0.1193  0.0437  0.0152
   34  541  415  0.1198  0.0439  0.0153
   35  543  415  0.1197  0.0439  0.0153
   36  545  415  0.1198  0.0439  0.0153
   37  547  415  0.1207  0.0443  0.0154
   38  548  415  0.1218  0.0447  0.0156
   39  549  415  0.1207  0.0443  0.0154
   40  555  415  0.1204  0.0442  0.0154
   41  559  415  0.1202  0.0442  0.0154
   42  562  415  0.1200  0.0441  0.0153
   43  564  415  0.1198  0.0441  0.0153
   44  566  415  0.1197  0.0441  0.0153
   45  568  415  0.1197  0.0441  0.0153
   46  569  415  0.1199  0.0442  0.0153
   47  571  415  0.1199  0.0442  0.0153
   48  574  415  0.1196  0.0442  0.0153
   49  576  415  0.1195  0.0441  0.0153
   50  577  415  0.1193  0.0441  0.0153
   51  578  415  0.1199  0.0443  0.0153
   52  582  415  0.1195  0.0442  0.0153
   53  584  415  0.1198  0.0443  0.0153
   54  587  415  0.1201  0.0445  0.0154
   55  590  416  0.1198  0.0444  0.0153
   56  592  416  0.1206  0.0447  0.0154
   57  594  416  0.1206  0.0447  0.0154
   58  589  416  0.1200  0.0444  0.0153
   59  597  417  0.1210  0.0449  0.0154
   60  598  417  0.1207  0.0448  0.0154
   61  596  417  0.1210  0.0449  0.0154

     1  1236  360  0.1233  0.0526  0.0162
     2  1235  360  0.1235  0.0527  0.0163
     3  1234  360  0.1239  0.0528  0.0163
     4  1233  360  0.1239  0.0528  0.0163
     5  1232  360  0.1242  0.0529  0.0164
     6  1230  360  0.1238  0.0528  0.0163
     7  1229  360  0.1240  0.0528  0.0163
     8  1228  360  0.1242  0.0529  0.0164
     9  1227  360  0.1241  0.0528  0.0163
    10  1226  360  0.1240  0.0528  0.0163
    11  1224  361  0.1236  0.0526  0.0163
    12  1223  361  0.1239  0.0527  0.0163
    13  1222  361  0.1237  0.0526  0.0163
    14  1220  361  0.1237  0.0526  0.0163
    15  1219  361  0.1236  0.0525  0.0163
    16  1218  361  0.1237  0.0526  0.0163
    17  1217  361  0.1237  0.0526  0.0163
    18  1226  361  0.1236  0.0526  0.0163
    19  1216  362  0.1231  0.0523  0.0162
    20  1215  362  0.1230  0.0522  0.0162
    21  1214  362  0.1233  0.0523  0.0162
    22  1212  362  0.1231  0.0523  0.0162
    23  1210  362  0.1233  0.0523  0.0162
    24  1208  362  0.1230  0.0522  0.0162
    25  1206  362  0.1233  0.0523  0.0162
    26  1205  362  0.1231  0.0522  0.0162
    27  1203  363  0.1234  0.0523  0.0162
    28  1201  363  0.1237  0.0524  0.0163
    29  1200  363  0.1236  0.0523  0.0163
    30  1198  363  0.1235  0.0523  0.0162
    31  1204  363  0.1233  0.0523  0.0162
    32  1197  364  0.1230  0.0520  0.0162
    33  1195  364  0.1234  0.0522  0.0162
    34  1194  364  0.1235  0.0522  0.0162
    35  1193  364  0.1236  0.0523  0.0162
    36  1192  364  0.1239  0.0524  0.0163
    37  1191  364  0.1238  0.0523  0.0163
    38  1190  364  0.1239  0.0524  0.0163
    39  1188  364  0.1240  0.0524  0.0163
    40  1180  364  0.1241  0.0523  0.0163
    41  1179  364  0.1240  0.0523  0.0163
    42  1184  365  0.1240  0.0524  0.0163
    43  1183  365  0.1239  0.0523  0.0163
    44  1188  365  0.1239  0.0524  0.0163
    45  1185  365  0.1233  0.0521  0.0162
    46  1187  365  0.1237  0.0522  0.0162
    47  1161  365  0.1235  0.0519  0.0162
    48  1162  365  0.1234  0.0518  0.0162
    49  1164  365  0.1235  0.0519  0.0162
    50  1165  365  0.1233  0.0518  0.0162
    51  1167  365  0.1233  0.0519  0.0162
    52  1168  365  0.1233  0.0518  0.0162
    53  1169  365  0.1235  0.0520  0.0162
    54  1170  365  0.1234  0.0519  0.0162
    55  1172  365  0.1234  0.0519  0.0162
    56  1173  365  0.1234  0.0519  0.0162
    57  1174  365  0.1237  0.0521  0.0162
    58  1175  365  0.1240  0.0522  0.0163
    59  1176  365  0.1241  0.0523  0.0163
    60  1177  365  0.1240  0.0522  0.0163
    61  1178  365  0.1240  0.0523  0.0163
    62  1159  366  0.1232  0.0517  0.0162
    63  1158  366  0.1236  0.0519  0.0162
    64  1157  366  0.1231  0.0517  0.0162
    65  1155  366  0.1229  0.0515  0.0161
    66  1153  366  0.1236  0.0518  0.0162
    67  1151  366  0.1244  0.0521  0.0163
    68  1149  366  0.1242  0.0520  0.0163
    69  1148  366  0.1240  0.0519  0.0163
    70  1145  366  0.1228  0.0514  0.0161
    71  1144  366  0.1239  0.0518  0.0163
    72  1140  367  0.1231  0.0515  0.0162
    73  1137  367  0.1240  0.0518  0.0163
    74  1141  367  0.1231  0.0515  0.0162
    75  1136  368  0.1230  0.0514  0.0161
    76  1135  368  0.1232  0.0515  0.0162
    77  1133  368  0.1235  0.0516  0.0162
    78  1131  368  0.1236  0.0516  0.0162
    79  1129  368  0.1243  0.0519  0.0163
    80  1128  368  0.1242  0.0518  0.0163
    81  1127  368  0.1243  0.0519  0.0163
    82  1122  368  0.1240  0.0517  0.0163
    83  1120  368  0.1241  0.0517  0.0163
    84  1117  368  0.1240  0.0516  0.0163
    85  1114  368  0.1234  0.0513  0.0162
    86  1113  368  0.1235  0.0513  0.0162
    87  1068  368  0.1243  0.0512  0.0163
    88  1067  368  0.1243  0.0512  0.0163
    89  1064  368  0.1247  0.0513  0.0164
    90  1063  368  0.1248  0.0513  0.0164
    91  1062  368  0.1253  0.0516  0.0164
    92  1059  368  0.1257  0.0517  0.0165
    93  1058  368  0.1257  0.0517  0.0165
    94  1055  368  0.1258  0.0517  0.0165
    95  1053  368  0.1258  0.0517  0.0165
    96  1052  368  0.1257  0.0516  0.0165
    97  1051  368  0.1256  0.0516  0.0165
    98  1050  368  0.1257  0.0516  0.0165
    99  1049  368  0.1256  0.0515  0.0165
   100  1047  368  0.1257  0.0516  0.0165
   101  1044  368  0.1257  0.0515  0.0165
   102  1043  368  0.1255  0.0514  0.0164
   103  1042  368  0.1251  0.0512  0.0164
   104  1041  368  0.1251  0.0512  0.0164
   105  1040  368  0.1250  0.0512  0.0164
   106  1039  368  0.1250  0.0512  0.0164
   107  1038  368  0.1248  0.0511  0.0164
