; ENVI Output of ROIs (5.4) [Sat Aug 17 15:25:17 2019]
; Number of ROIs: 15
; File Dimension: 1328 x 1184
;
; ROI name: Region #1
; ROI rgb value: {255, 0, 0}
; ROI npts: 98
;
; ROI name: Region #2
; ROI rgb value: {0, 255, 0}
; ROI npts: 122
;
; ROI name: Region #3
; ROI rgb value: {0, 0, 255}
; ROI npts: 118
;
; ROI name: Region #4
; ROI rgb value: {255, 255, 0}
; ROI npts: 113
;
; ROI name: Region #5
; ROI rgb value: {0, 255, 255}
; ROI npts: 45
;
; ROI name: Region #6
; ROI rgb value: {255, 0, 255}
; ROI npts: 43
;
; ROI name: Region #7
; ROI rgb value: {176, 48, 96}
; ROI npts: 36
;
; ROI name: Region #8
; ROI rgb value: {46, 139, 87}
; ROI npts: 59
;
; ROI name: Region #9
; ROI rgb value: {160, 32, 240}
; ROI npts: 67
;
; ROI name: Region #10
; ROI rgb value: {255, 127, 80}
; ROI npts: 64
;
; ROI name: Region #11
; ROI rgb value: {127, 255, 212}
; ROI npts: 60
;
; ROI name: Region #12
; ROI rgb value: {218, 112, 214}
; ROI npts: 27
;
; ROI name: Region #13
; ROI rgb value: {160, 82, 45}
; ROI npts: 52
;
; ROI name: Region #14
; ROI rgb value: {127, 255, 0}
; ROI npts: 160
;
; ROI name: Region #15
; ROI rgb value: {216, 191, 216}
; ROI npts: 56
;  ID    X    Y        B1        B2        B3
    1   80  399  -97.6505  148.0222  -22.5552
    2   81  399  -97.6491  148.0214  -22.5551
    3   82  399  -97.6469  148.0208  -22.5548
    4   83  399  -97.6276  148.0258  -22.5524
    5   84  399  -97.6164  148.0282  -22.5511
    6   85  399  -97.6107  148.0288  -22.5504
    7   86  399  -97.6084  148.0282  -22.5500
    8   87  399  -97.6015  148.0292  -22.5492
    9   88  399  -97.6056  148.0266  -22.5497
   10   89  399  -97.6069  148.0249  -22.5498
   11   90  399  -97.5906  148.0289  -22.5478
   12   91  399  -97.5859  148.0292  -22.5472
   13   92  399  -97.5901  148.0265  -22.5478
   14   93  399  -97.5740  148.0305  -22.5458
   15   94  399  -97.5635  148.0326  -22.5445
   16   95  399  -97.5765  148.0271  -22.5460
   17   96  399  -97.5747  148.0264  -22.5458
   18   97  399  -97.5877  148.0209  -22.5474
   19   98  399  -97.5861  148.0201  -22.5472
   20   99  399  -97.6132  148.0099  -22.5505
   21  100  399  -97.5999  148.0130  -22.5488
   22  101  399  -97.6391  147.9989  -22.5536
   23  102  399  -97.6274  148.0014  -22.5522
   24  103  399  -97.5979  148.0098  -22.5486
   25  104  399  -97.6079  148.0052  -22.5498
   26  105  399  -97.5887  148.0102  -22.5474
   27  106  399  -97.6049  148.0036  -22.5494
   28  107  399  -97.6137  147.9995  -22.5504
   29  108  399  -97.6235  147.9949  -22.5516
   30  109  399  -97.6214  147.9943  -22.5514
   31  110  399  -97.6325  147.9894  -22.5527
   32  111  399  -97.6212  147.9918  -22.5513
   33  112  399  -97.6171  147.9919  -22.5508
   34  113  399  -97.6298  147.9864  -22.5523
   35  114  399  -97.6274  147.9859  -22.5520
   36  115  399  -97.5923  147.9962  -22.5477
   37  116  399  -97.6096  147.9892  -22.5498
   38  117  399  -97.6169  147.9855  -22.5507
   39  118  399  -97.5653  148.0012  -22.5444
   40  119  399  -97.5848  147.9935  -22.5468
   41  120  399  -97.6044  147.9857  -22.5492
   42  121  399  -97.6278  147.9767  -22.5520
   43  122  399  -97.6175  147.9789  -22.5508
   44  123  399  -97.6166  147.9779  -22.5507
   45  124  399  -97.6069  147.9798  -22.5495
   46  125  399  -97.5892  147.9843  -22.5473
   47  126  399  -97.5507  147.9957  -22.5426
   48  127  399  -97.5267  148.0023  -22.5397
   49  128  399  -97.5098  148.0066  -22.5376
   50  129  399  -97.5178  148.0027  -22.5386
   51  130  399  -97.5064  148.0052  -22.5372
   52  131  399  -97.5056  148.0042  -22.5371
   53  132  399  -97.5189  147.9985  -22.5387
   54  133  399  -97.5248  147.9952  -22.5394
   55  134  399  -97.5406  147.9887  -22.5414
   56  135  399  -97.5392  147.9879  -22.5412
   57  136  399  -97.5629  147.9788  -22.5440
   58  137  399  -97.5255  147.9899  -22.5395
   59  138  399  -97.5635  147.9760  -22.5441
   60  139  399  -97.5770  147.9703  -22.5457
   61  140  399  -97.5462  147.9792  -22.5420
   62  141  399  -97.5423  147.9792  -22.5415
   63  142  399  -97.5399  147.9787  -22.5412
   64  143  399  -97.5482  147.9747  -22.5422
   65  144  399  -97.5219  147.9821  -22.5390
   66  145  399  -97.5123  147.9839  -22.5378
   67  146  399  -97.5286  147.9773  -22.5398
   68  147  399  -97.5084  147.9827  -22.5373
   69  148  399  -97.4845  147.9893  -22.5344
   70  149  399  -97.4816  147.9890  -22.5340
   71  150  399  -97.5560  147.9631  -22.5431
   72  151  399  -97.5435  147.9659  -22.5416
   73  152  399  -97.5425  147.9649  -22.5414
   74  153  399  -97.5272  147.9687  -22.5395
   75  154  399  -97.4840  147.9818  -22.5342
   76  155  399  -97.4937  147.9773  -22.5354
   77  156  399  -97.4956  147.9754  -22.5356
   78  157  399  -97.4967  147.9737  -22.5358
   79  158  399  -97.4977  147.9721  -22.5359
   80  159  399  -97.4827  147.9758  -22.5340
   81  160  399  -97.4831  147.9744  -22.5341
   82  161  399  -97.4866  147.9720  -22.5345
   83  162  399  -97.4865  147.9707  -22.5345
   84  163  399  -97.4849  147.9699  -22.5343
   85  164  399  -97.5005  147.9635  -22.5362
   86  165  399  -97.4746  147.9708  -22.5330
   87  166  399  -97.4960  147.9624  -22.5356
   88  167  399  -97.5257  147.9512  -22.5392
   89  168  399  -97.5070  147.9562  -22.5369
   90  169  399  -97.5031  147.9562  -22.5364
   91  170  399  -97.5201  147.9492  -22.5385
   92  171  399  -97.5048  147.9530  -22.5366
   93  172  399  -97.5022  147.9526  -22.5363
   94  173  399  -97.5231  147.9443  -22.5388
   95  174  399  -97.4665  147.9620  -22.5319
   96  175  399  -97.4822  147.9554  -22.5338
   97  176  399  -97.4915  147.9510  -22.5349
   98  177  399  -97.4640  147.9589  -22.5316

     1  131  388  -97.5346  147.9939  -22.5541
     2  132  388  -97.4727  148.0130  -22.5464
     3  133  388  -97.4582  148.0165  -22.5447
     4  134  388  -97.4388  148.0217  -22.5423
     5  135  388  -97.4674  148.0109  -22.5458
     6  136  388  -97.4794  148.0057  -22.5473
     7  137  388  -97.5088  147.9947  -22.5509
     8  138  388  -97.5344  147.9850  -22.5541
     9  139  388  -97.5366  147.9829  -22.5544
    10  140  388  -97.5877  147.9647  -22.5607
    11  141  388  -97.5993  147.9596  -22.5621
    12  142  388  -97.6098  147.9548  -22.5634
    13  143  388  -97.6530  147.9393  -22.5687
    14  144  388  -97.6319  147.9449  -22.5661
    15  145  388  -97.6312  147.9439  -22.5660
    16  146  388  -97.6305  147.9428  -22.5659
    17  147  388  -97.6018  147.9510  -22.5624
    18  148  388  -97.5937  147.9524  -22.5614
    19  149  388  -97.5933  147.9513  -22.5613
    20  150  388  -97.5852  147.9527  -22.5603
    21  151  388  -97.5773  147.9540  -22.5594
    22  152  388  -97.5707  147.9549  -22.5585
    23  153  388  -97.5693  147.9540  -22.5584
    24  154  388  -97.5674  147.9534  -22.5581
    25  155  388  -97.5582  147.9551  -22.5570
    26  156  388  -97.5549  147.9550  -22.5566
    27  157  388  -97.5344  147.9605  -22.5540
    28  158  388  -97.5433  147.9563  -22.5551
    29  159  388  -97.5314  147.9589  -22.5537
    30  160  388  -97.5225  147.9606  -22.5525
    31  161  388  -97.5227  147.9592  -22.5526
    32  162  388  -97.5207  147.9586  -22.5523
    33  163  388  -97.5398  147.9509  -22.5546
    34  164  388  -97.5362  147.9509  -22.5542
    35  165  388  -97.5469  147.9460  -22.5555
    36  166  388  -97.5597  147.9405  -22.5571
    37  167  388  -97.5697  147.9358  -22.5583
    38  168  388  -97.5715  147.9339  -22.5585
    39  169  388  -97.5859  147.9278  -22.5603
    40  170  388  -97.5886  147.9257  -22.5606
    41  171  388  -97.5870  147.9249  -22.5604
    42  172  388  -97.5816  147.9254  -22.5597
    43  173  388  -97.5874  147.9222  -22.5604
    44  174  389  -97.5800  147.9234  -22.5582
    45  175  389  -97.5873  147.9197  -22.5591
    46  176  389  -97.5980  147.9148  -22.5604
    47  177  389  -97.5872  147.9171  -22.5591
    48  178  389  -97.5798  147.9183  -22.5581
    49  179  389  -97.5765  147.9181  -22.5577
    50  224  389  -97.4730  147.8948  -22.5448
    51  225  389  -97.4656  147.8960  -22.5438
    52  226  389  -97.4658  147.8946  -22.5438
    53  227  389  -97.4536  147.8975  -22.5423
    54  228  389  -97.4664  147.8918  -22.5439
    55  229  389  -97.4684  147.8899  -22.5442
    56  230  390  -97.4863  147.8826  -22.5451
    57  231  390  -97.5056  147.8748  -22.5475
    58  232  390  -97.4872  147.8797  -22.5452
    59  233  390  -97.4906  147.8773  -22.5456
    60  234  390  -97.4882  147.8768  -22.5453
    61  235  390  -97.4948  147.8733  -22.5461
    62  236  390  -97.5021  147.8695  -22.5470
    63  237  390  -97.5150  147.8638  -22.5486
    64  238  390  -97.5290  147.8578  -22.5503
    65  239  390  -97.5425  147.8519  -22.5520
    66  240  390  -97.5358  147.8529  -22.5511
    67  241  390  -97.5521  147.8461  -22.5531
    68  242  390  -97.5839  147.8340  -22.5570
    69  243  390  -97.6152  147.8221  -22.5609
    70  244  390  -97.5467  147.8440  -22.5524
    71  245  390  -97.5191  147.8521  -22.5490
    72  246  390  -97.5285  147.8476  -22.5502
    73  247  390  -97.5514  147.8385  -22.5530
    74  248  390  -97.5502  147.8376  -22.5528
    75  249  390  -97.5021  147.8527  -22.5469
    76  250  390  -97.4880  147.8562  -22.5452
    77  251  390  -97.5017  147.8502  -22.5468
    78  252  390  -97.5018  147.8489  -22.5468
    79  253  390  -97.5071  147.8458  -22.5475
    80  254  390  -97.4929  147.8493  -22.5457
    81  255  390  -97.5016  147.8451  -22.5468
    82  256  390  -97.4832  147.8501  -22.5445
    83  257  390  -97.4706  147.8530  -22.5430
    84  258  390  -97.4674  147.8528  -22.5426
    85  259  390  -97.4684  147.8512  -22.5427
    86  260  390  -97.4624  147.8520  -22.5420
    87  261  390  -97.4477  147.8557  -22.5402
    88  262  390  -97.4576  147.8510  -22.5414
    89  263  390  -97.4469  147.8534  -22.5400
    90  264  390  -97.4461  147.8523  -22.5399
    91  277  392  -97.4203  147.8446  -22.5340
    92  278  392  -97.4273  147.8409  -22.5349
    93  279  392  -97.4404  147.8351  -22.5364
    94  280  392  -97.4320  147.8367  -22.5354
    95  281  392  -97.4471  147.8302  -22.5372
    96  282  392  -97.4520  147.8272  -22.5378
    97  283  392  -97.4514  147.8261  -22.5378
    98  284  392  -97.4183  147.8362  -22.5337
    99  285  392  -97.4019  147.8405  -22.5317
   100  286  392  -97.4008  147.8396  -22.5315
   101  287  392  -97.4041  147.8372  -22.5319
   102  288  392  -97.4093  147.8341  -22.5326
   103  289  392  -97.4049  147.8343  -22.5320
   104  290  392  -97.4197  147.8280  -22.5338
   105  291  392  -97.4427  147.8188  -22.5366
   106  292  392  -97.4272  147.8228  -22.5348
   107  293  392  -97.4394  147.8173  -22.5363
   108  294  392  -97.4402  147.8158  -22.5363
   109  295  392  -97.4443  147.8131  -22.5368
   110  296  392  -97.4438  147.8120  -22.5368
   111  297  392  -97.4442  147.8105  -22.5368
   112  298  392  -97.4341  147.8127  -22.5355
   113  299  392  -97.3692  147.8337  -22.5276
   114  300  392  -97.3764  147.8300  -22.5284
   115  301  392  -97.3806  147.8272  -22.5289
   116  302  392  -97.3788  147.8266  -22.5286
   117  303  392  -97.3897  147.8215  -22.5300
   118  304  392  -97.3965  147.8179  -22.5308
   119  305  392  -97.3861  147.8202  -22.5296
   120  306  392  -97.3945  147.8160  -22.5306
   121  307  392  -97.3947  147.8146  -22.5306
   122  308  392  -97.3764  147.8197  -22.5284

     1   25  471  -97.4418  148.1646  -22.4420
     2   26  471  -97.4681  148.1549  -22.4451
     3   27  471  -97.4558  148.1576  -22.4436
     4   28  471  -97.4628  148.1540  -22.4444
     5   29  471  -97.4703  148.1504  -22.4453
     6   30  471  -97.4547  148.1541  -22.4434
     7   24  471  -97.4443  148.1651  -22.4423
     8   31  472  -97.4392  148.1579  -22.4404
     9   32  472  -97.4403  148.1563  -22.4405
    10   33  472  -97.4525  148.1511  -22.4420
    11   34  472  -97.4547  148.1491  -22.4422
    12   35  472  -97.4594  148.1463  -22.4428
    13   36  472  -97.4534  148.1470  -22.4421
    14   37  472  -97.4714  148.1399  -22.4442
    15   38  472  -97.4800  148.1359  -22.4451
    16   39  472  -97.4751  148.1362  -22.4446
    17   40  472  -97.4699  148.1366  -22.4440
    18   41  472  -97.4615  148.1380  -22.4430
    19   98  472  -97.2855  148.1231  -22.4217
    20   97  472  -97.2970  148.1206  -22.4231
    21  100  472  -97.2020  148.1479  -22.4120
    22  101  472  -97.1759  148.1551  -22.4089
    23  102  472  -97.1496  148.1625  -22.4059
    24  103  472  -97.2198  148.1383  -22.4140
    25  104  472  -97.2025  148.1427  -22.4120
    26  105  472  -97.2485  148.1264  -22.4174
    27  106  472  -97.2173  148.1353  -22.4137
    28  107  472  -97.2582  148.1206  -22.4185
    29  108  472  -97.2980  148.1064  -22.4231
    30   99  472  -97.2908  148.1201  -22.4223
    31  122  473  -97.3123  148.0840  -22.4235
    32  121  473  -97.3270  148.0804  -22.4252
    33  120  473  -97.3121  148.0866  -22.4235
    34  119  473  -97.3125  148.0878  -22.4235
    35  118  473  -97.3050  148.0915  -22.4227
    36  117  473  -97.3172  148.0887  -22.4241
    37  116  473  -97.3003  148.0955  -22.4221
    38  115  473  -97.3271  148.0880  -22.4253
    39  123  473  -97.2430  148.1056  -22.4154
    40  113  473  -97.2861  148.1040  -22.4205
    41  112  473  -97.3332  148.0898  -22.4260
    42  111  473  -97.2987  148.1024  -22.4220
    43  110  473  -97.3114  148.0995  -22.4235
    44  109  473  -97.2981  148.1051  -22.4219
    45   52  473  -97.3748  148.1521  -22.4316
    46   51  473  -97.3852  148.1500  -22.4329
    47   50  473  -97.3800  148.1530  -22.4323
    48   49  473  -97.3694  148.1577  -22.4310
    49   48  473  -97.3759  148.1568  -22.4318
    50   47  473  -97.4004  148.1502  -22.4346
    51   46  473  -97.4140  148.1471  -22.4362
    52   45  473  -97.4290  148.1435  -22.4380
    53   44  473  -97.4498  148.1380  -22.4404
    54   77  473  -97.3654  148.1236  -22.4301
    55   78  473  -97.3644  148.1226  -22.4300
    56   79  473  -97.3461  148.1273  -22.4278
    57   80  473  -97.3523  148.1241  -22.4286
    58   81  473  -97.3327  148.1292  -22.4263
    59   82  473  -97.3147  148.1338  -22.4242
    60   83  473  -97.3015  148.1368  -22.4226
    61   84  473  -97.3031  148.1350  -22.4228
    62   85  473  -97.2930  148.1371  -22.4216
    63   86  473  -97.2664  148.1445  -22.4185
    64   87  473  -97.2791  148.1391  -22.4199
    65   88  473  -97.2473  148.1482  -22.4162
    66   89  473  -97.3010  148.1294  -22.4225
    67   90  473  -97.2478  148.1455  -22.4162
    68   91  473  -97.2549  148.1420  -22.4170
    69   92  473  -97.2367  148.1466  -22.4149
    70   93  473  -97.2488  148.1414  -22.4163
    71   94  473  -97.2337  148.1451  -22.4146
    72   95  473  -97.2428  148.1409  -22.4156
    73   96  473  -97.2459  148.1386  -22.4160
    74   43  473  -97.4291  148.1460  -22.4380
    75   42  473  -97.4535  148.1394  -22.4408
    76  114  473  -97.3278  148.0891  -22.4253
    77   76  474  -97.3419  148.1325  -22.4262
    78   75  474  -97.3488  148.1316  -22.4271
    79   74  474  -97.3468  148.1335  -22.4268
    80   73  474  -97.3393  148.1372  -22.4260
    81   72  474  -97.3278  148.1422  -22.4247
    82   71  474  -97.3234  148.1449  -22.4242
    83   70  474  -97.3275  148.1448  -22.4247
    84   69  474  -97.3328  148.1443  -22.4253
    85   68  474  -97.3402  148.1432  -22.4262
    86   67  474  -97.3375  148.1453  -22.4259
    87   66  474  -97.3654  148.1376  -22.4292
    88   65  474  -97.3529  148.1429  -22.4277
    89   64  474  -97.3529  148.1441  -22.4277
    90   63  474  -97.3741  148.1385  -22.4302
    91   62  474  -97.3779  148.1385  -22.4307
    92   61  474  -97.3860  148.1372  -22.4316
    93   60  474  -97.3610  148.1465  -22.4287
    94   59  474  -97.3718  148.1443  -22.4300
    95   58  474  -97.3641  148.1481  -22.4291
    96   57  474  -97.3608  148.1504  -22.4287
    97   56  474  -97.3687  148.1491  -22.4297
    98   55  474  -97.3642  148.1518  -22.4292
    99   54  474  -97.3556  148.1559  -22.4282
   100   53  474  -97.3776  148.1500  -22.4307
   101  124  474  -97.2315  148.1082  -22.4128
   102  125  474  -97.2322  148.1067  -22.4129
   103  126  474  -97.2083  148.1133  -22.4102
   104  127  474  -97.1700  148.1246  -22.4057
   105  128  474  -97.1786  148.1205  -22.4067
   106  129  474  -97.1827  148.1179  -22.4071
   107  130  474  -97.2265  148.1022  -22.4122
   108  131  474  -97.2184  148.1037  -22.4113
   109  132  474  -97.2298  148.0986  -22.4126
   110  133  474  -97.2319  148.0967  -22.4128
   111  134  474  -97.2412  148.0923  -22.4139
   112  135  474  -97.2346  148.0932  -22.4132
   113  137  475  -97.2400  148.0890  -22.4126
   114  138  475  -97.2601  148.0811  -22.4149
   115  139  475  -97.2408  148.0862  -22.4126
   116  140  475  -97.2427  148.0843  -22.4128
   117  141  475  -97.2449  148.0824  -22.4130
   118  136  475  -97.2704  148.0802  -22.4161

     1  361  489  -96.9913  147.8919  -22.3641
     2  365  489  -97.0071  147.8814  -22.3659
     3  364  489  -97.0118  147.8810  -22.3664
     4  363  489  -96.9936  147.8886  -22.3643
     5  362  489  -96.9934  147.8899  -22.3643
     6  360  489  -97.0027  147.8892  -22.3654
     7  359  489  -97.0031  147.8903  -22.3655
     8  358  489  -96.9997  147.8928  -22.3651
     9  350  489  -97.0209  147.8955  -22.3676
    10  351  489  -97.0189  147.8949  -22.3674
    11  352  489  -97.0202  147.8932  -22.3675
    12  353  489  -97.0184  147.8926  -22.3673
    13  354  489  -97.0193  147.8910  -22.3674
    14  355  489  -97.0005  147.8963  -22.3652
    15  356  489  -96.9991  147.8955  -22.3650
    16  357  489  -97.0024  147.8931  -22.3654
    17  366  489  -97.0155  147.8772  -22.3668
    18  348  490  -97.0409  147.8911  -22.3688
    19  347  490  -97.0244  147.8981  -22.3669
    20  373  490  -96.9398  147.8949  -22.3569
    21  371  490  -96.9898  147.8799  -22.3627
    22  370  490  -96.9823  147.8838  -22.3618
    23  369  490  -97.0513  147.8609  -22.3697
    24  368  490  -97.0376  147.8670  -22.3681
    25  367  490  -96.9980  147.8821  -22.3637
    26  374  490  -96.9549  147.8883  -22.3586
    27  346  490  -97.0373  147.8949  -22.3684
    28  345  490  -96.9805  147.9159  -22.3619
    29  344  490  -97.2267  147.8316  -22.3901
    30  372  490  -96.9422  147.8953  -22.3572
    31  349  490  -97.0331  147.8926  -22.3679
    32  376  491  -96.9551  147.8858  -22.3574
    33  379  491  -96.9575  147.8812  -22.3576
    34  377  491  -96.9613  147.8824  -22.3581
    35  378  491  -96.9373  147.8895  -22.3554
    36  343  491  -96.9619  147.9249  -22.3586
    37  342  491  -97.1942  147.8455  -22.3851
    38  375  491  -96.9538  147.8875  -22.3573
    39  430  492  -96.9458  147.8211  -22.3544
    40  431  492  -96.9438  147.8205  -22.3542
    41  433  492  -96.9563  147.8136  -22.3556
    42  434  492  -96.9710  147.8071  -22.3572
    43  432  492  -96.9424  147.8198  -22.3540
    44  429  492  -96.9232  147.8304  -22.3519
    45  380  492  -96.9666  147.8768  -22.3574
    46  381  492  -96.9569  147.8790  -22.3563
    47  382  492  -96.9565  147.8778  -22.3563
    48  383  492  -96.9384  147.8829  -22.3542
    49  384  492  -96.9477  147.8784  -22.3553
    50  405  492  -96.9220  147.8610  -22.3520
    51  404  492  -96.9060  147.8679  -22.3502
    52  403  492  -96.9157  147.8657  -22.3514
    53  402  492  -96.9188  147.8659  -22.3517
    54  401  492  -96.9155  147.8683  -22.3513
    55  400  492  -96.9220  147.8673  -22.3521
    56  399  492  -96.9209  147.8690  -22.3520
    57  398  492  -96.9257  147.8685  -22.3525
    58  397  492  -96.9547  147.8596  -22.3559
    59  396  492  -96.9309  147.8692  -22.3531
    60  395  492  -96.9082  147.8784  -22.3506
    61  394  492  -96.9024  147.8818  -22.3499
    62  393  492  -96.8994  147.8841  -22.3496
    63  392  492  -96.8755  147.8937  -22.3468
    64  391  492  -96.9313  147.8753  -22.3533
    65  390  492  -96.8919  147.8905  -22.3487
    66  389  492  -96.8898  147.8924  -22.3485
    67  388  492  -96.9448  147.8744  -22.3548
    68  387  492  -96.9496  147.8740  -22.3554
    69  386  492  -96.9358  147.8801  -22.3538
    70  385  492  -96.9404  147.8797  -22.3544
    71  406  493  -96.9145  147.8625  -22.3499
    72  407  493  -96.9125  147.8619  -22.3497
    73  408  493  -96.9254  147.8561  -22.3512
    74  409  493  -96.9139  147.8589  -22.3499
    75  410  493  -96.9084  147.8596  -22.3492
    76  411  493  -96.9211  147.8538  -22.3506
    77  412  493  -96.9162  147.8543  -22.3501
    78  413  493  -96.9341  147.8467  -22.3521
    79  414  493  -96.9328  147.8459  -22.3520
    80  415  493  -96.9587  147.8355  -22.3549
    81  416  493  -96.9734  147.8291  -22.3566
    82  417  493  -96.9779  147.8262  -22.3571
    83  418  493  -96.9798  147.8243  -22.3573
    84  419  493  -96.9690  147.8268  -22.3560
    85  420  493  -96.9952  147.8163  -22.3590
    86  421  493  -96.9987  147.8138  -22.3594
    87  422  493  -96.9004  147.8473  -22.3482
    88  423  493  -96.9028  147.8452  -22.3484
    89  424  493  -96.9226  147.8369  -22.3507
    90  425  493  -96.8954  147.8453  -22.3476
    91  426  493  -96.9486  147.8252  -22.3536
    92  427  493  -96.9286  147.8310  -22.3513
    93  428  493  -96.8980  147.8406  -22.3478
    94  435  493  -96.8732  147.8406  -22.3448
    95  436  493  -96.8626  147.8431  -22.3436
    96  437  493  -96.8845  147.8341  -22.3461
    97  438  493  -96.8358  147.8502  -22.3405
    98  439  493  -96.8588  147.8407  -22.3431
    99  440  493  -96.8551  147.8408  -22.3427
   100  441  493  -96.8304  147.8483  -22.3398
   101  442  494  -96.8653  147.8347  -22.3427
   102  443  494  -96.8420  147.8417  -22.3400
   103  444  494  -96.8374  147.8421  -22.3394
   104  445  494  -96.8342  147.8420  -22.3391
   105  446  494  -96.8463  147.8364  -22.3404
   106  447  494  -96.8506  147.8337  -22.3409
   107  448  494  -96.8446  147.8345  -22.3402
   108  449  494  -96.8531  147.8302  -22.3412
   109  451  495  -96.8278  147.8368  -22.3370
   110  452  495  -96.8371  147.8323  -22.3380
   111  453  495  -96.8333  147.8324  -22.3376
   112  454  495  -96.8206  147.8356  -22.3361
   113  450  495  -96.8294  147.8375  -22.3372

    1  291  489  -97.0528  147.9588  -22.3722
    2  270  489  -97.0791  147.9763  -22.3755
    3  271  489  -97.0997  147.9680  -22.3778
    4  272  489  -97.0863  147.9713  -22.3763
    5  273  489  -97.0780  147.9729  -22.3753
    6  274  489  -97.0858  147.9689  -22.3762
    7  275  489  -97.0594  147.9767  -22.3732
    8  276  489  -97.0879  147.9657  -22.3765
    9  277  489  -97.0772  147.9681  -22.3752
   10  278  489  -97.0742  147.9679  -22.3749
   11  288  489  -97.0398  147.9670  -22.3708
   12  289  489  -97.0355  147.9673  -22.3702
   13  290  489  -97.0440  147.9631  -22.3712
   14  269  489  -97.0908  147.9735  -22.3768
   15  292  489  -97.0542  147.9571  -22.3723
   16  293  489  -97.0536  147.9560  -22.3722
   17  297  489  -97.0477  147.9530  -22.3714
   18  296  489  -97.0635  147.9489  -22.3733
   19  295  489  -97.0483  147.9554  -22.3715
   20  294  489  -97.0553  147.9542  -22.3724
   21  298  490  -97.0398  147.9545  -22.3693
   22  299  490  -97.0411  147.9529  -22.3695
   23  300  490  -97.0424  147.9511  -22.3696
   24  301  490  -97.0406  147.9505  -22.3694
   25  302  490  -97.0661  147.9405  -22.3723
   26  303  490  -97.0319  147.9510  -22.3683
   27  287  490  -97.0653  147.9597  -22.3724
   28  286  490  -97.0663  147.9606  -22.3726
   29  285  490  -97.0494  147.9676  -22.3706
   30  284  490  -97.0604  147.9651  -22.3719
   31  283  490  -97.0342  147.9753  -22.3690
   32  282  490  -97.0502  147.9711  -22.3708
   33  281  490  -97.0123  147.9854  -22.3664
   34  280  490  -97.0435  147.9759  -22.3701
   35  279  490  -97.0464  147.9762  -22.3704
   36  304  490  -97.0628  147.9391  -22.3719
   37  305  490  -97.0461  147.9436  -22.3699
   38  306  490  -97.0521  147.9402  -22.3706
   39  307  490  -97.0333  147.9454  -22.3685
   40  308  490  -97.0511  147.9381  -22.3705
   41  310  491  -97.0480  147.9367  -22.3689
   42  311  491  -97.0273  147.9425  -22.3665
   43  312  491  -97.0294  147.9406  -22.3667
   44  313  491  -97.0196  147.9427  -22.3656
   45  309  491  -97.0083  147.9516  -22.3643

    1  647  445  -96.9257  147.5498  -22.4060
    2  646  445  -96.9298  147.5495  -22.4065
    3  645  445  -96.9376  147.5479  -22.4075
    4  644  445  -96.9426  147.5473  -22.4081
    5  643  445  -96.9406  147.5493  -22.4079
    6  642  445  -96.9433  147.5496  -22.4082
    7  641  445  -96.9384  147.5527  -22.4076
    8  640  445  -96.9402  147.5533  -22.4078
    9  639  445  -96.9445  147.5530  -22.4083
   10  638  445  -96.9405  147.5557  -22.4079
   11  637  445  -96.9557  147.5513  -22.4097
   12  636  445  -96.9523  147.5539  -22.4093
   13  635  445  -96.9426  147.5588  -22.4082
   14  634  445  -96.9491  147.5577  -22.4089
   15  633  445  -96.9371  147.5634  -22.4076
   16  632  445  -96.9414  147.5631  -22.4081
   17  631  445  -96.9406  147.5647  -22.4080
   18  630  445  -96.9500  147.5624  -22.4091
   19  629  445  -96.9393  147.5677  -22.4078
   20  628  445  -96.9348  147.5707  -22.4073
   21  627  445  -96.9432  147.5688  -22.4083
   22  626  445  -96.9760  147.5579  -22.4122
   23  625  445  -96.9408  147.5723  -22.4080
   24  624  445  -96.9185  147.5818  -22.4054
   25  623  445  -96.9151  147.5844  -22.4050
   26  622  445  -96.9480  147.5734  -22.4089
   27  621  445  -96.9855  147.5608  -22.4133
   28  620  445  -96.9771  147.5652  -22.4124
   29  619  445  -96.9581  147.5735  -22.4101
   30  618  445  -96.9619  147.5733  -22.4106
   31  617  445  -96.9659  147.5732  -22.4111
   32  616  445  -96.9971  147.5629  -22.4148
   33  615  445  -96.9675  147.5751  -22.4113
   34  614  445  -97.0385  147.5501  -22.4196
   35  613  445  -97.0141  147.5604  -22.4168
   36  612  445  -96.9813  147.5738  -22.4130
   37  611  445  -96.9610  147.5826  -22.4106
   38  610  445  -96.9554  147.5860  -22.4099
   39  608  446  -96.9670  147.5843  -22.4101
   40  607  446  -96.9835  147.5795  -22.4120
   41  606  446  -96.9909  147.5780  -22.4129
   42  605  446  -96.9795  147.5835  -22.4116
   43  609  446  -96.9800  147.5782  -22.4116

    1  60  198  -98.9443  147.6143  -22.9838
    2  70  198  -98.9051  147.6131  -22.9785
    3  69  198  -98.9153  147.6112  -22.9799
    4  68  198  -98.9048  147.6160  -22.9784
    5  67  198  -98.8955  147.6205  -22.9771
    6  66  198  -98.9039  147.6191  -22.9783
    7  65  198  -98.8975  147.6226  -22.9774
    8  64  198  -98.9074  147.6207  -22.9788
    9  63  198  -98.9165  147.6192  -22.9800
   10  62  198  -98.9196  147.6196  -22.9804
   11  61  198  -98.9441  147.6130  -22.9838
   12  53  198  -98.9083  147.6358  -22.9788
   13  54  198  -98.9207  147.6304  -22.9805
   14  55  198  -98.9396  147.6229  -22.9831
   15  56  198  -98.9412  147.6209  -22.9833
   16  57  198  -98.9354  147.6214  -22.9825
   17  58  198  -98.9602  147.6120  -22.9859
   18  59  198  -98.9513  147.6135  -22.9847
   19  74  199  -98.8837  147.6146  -22.9742
   20  52  199  -98.8878  147.6439  -22.9747
   21  51  199  -98.8747  147.6495  -22.9728
   22  50  199  -98.8677  147.6532  -22.9719
   23  72  199  -98.8956  147.6135  -22.9758
   24  71  199  -98.8867  147.6178  -22.9746
   25  73  199  -98.8998  147.6107  -22.9764
   26  45  200  -98.9053  147.6480  -22.9757
   27  44  200  -98.9180  147.6453  -22.9774
   28  43  200  -98.9074  147.6501  -22.9760
   29  48  200  -98.8905  147.6487  -22.9737
   30  49  200  -98.8716  147.6534  -22.9711
   31  46  200  -98.8928  147.6507  -22.9740
   32  47  200  -98.8962  147.6482  -22.9745
   33  42  200  -98.9057  147.6521  -22.9757
   34  75  200  -98.8974  147.6088  -22.9748
   35  76  200  -98.8947  147.6083  -22.9744
   36  77  200  -98.8885  147.6089  -22.9736

    1  246  188  -98.7427  147.4208  -22.9693
    2  218  188  -98.8292  147.4306  -22.9815
    3  219  188  -98.8131  147.4347  -22.9792
    4  220  188  -98.8059  147.4357  -22.9782
    5  221  188  -98.8039  147.4350  -22.9779
    6  222  188  -98.7928  147.4373  -22.9763
    7  223  188  -98.7827  147.4394  -22.9750
    8  224  188  -98.7636  147.4444  -22.9723
    9  225  188  -98.7726  147.4400  -22.9735
   10  226  188  -98.7437  147.4484  -22.9695
   11  227  188  -98.7541  147.4435  -22.9710
   12  228  188  -98.7649  147.4384  -22.9725
   13  229  188  -98.7563  147.4399  -22.9713
   14  230  188  -98.7642  147.4359  -22.9723
   15  231  188  -98.7678  147.4332  -22.9728
   16  232  188  -98.7460  147.4392  -22.9697
   17  233  188  -98.7796  147.4264  -22.9744
   18  234  188  -98.7719  147.4276  -22.9734
   19  235  188  -98.7672  147.4279  -22.9727
   20  236  188  -98.7768  147.4232  -22.9741
   21  237  188  -98.7799  147.4207  -22.9745
   22  238  188  -98.7628  147.4251  -22.9721
   23  239  188  -98.7746  147.4197  -22.9738
   24  240  188  -98.7755  147.4180  -22.9739
   25  241  188  -98.7792  147.4154  -22.9744
   26  250  188  -98.7562  147.4106  -22.9712
   27  249  188  -98.7540  147.4127  -22.9709
   28  248  188  -98.7492  147.4158  -22.9702
   29  247  188  -98.7516  147.4164  -22.9706
   30  217  188  -98.8221  147.4344  -22.9805
   31  245  188  -98.7356  147.4246  -22.9684
   32  244  188  -98.7741  147.4129  -22.9737
   33  243  188  -98.7659  147.4171  -22.9726
   34  242  188  -98.7607  147.4203  -22.9718
   35  252  189  -98.7393  147.4136  -22.9675
   36  253  189  -98.7434  147.4108  -22.9680
   37  254  189  -98.7517  147.4066  -22.9691
   38  255  189  -98.7462  147.4071  -22.9683
   39  256  189  -98.7625  147.4001  -22.9707
   40  257  189  -98.7548  147.4013  -22.9696
   41  251  189  -98.7406  147.4146  -22.9676
   42  258  190  -98.7677  147.3956  -22.9701
   43  259  190  -98.7659  147.3948  -22.9699
   44  260  190  -98.7736  147.3908  -22.9709
   45  261  190  -98.7776  147.3880  -22.9715
   46  262  190  -98.7773  147.3867  -22.9715
   47  263  190  -98.7775  147.3852  -22.9715
   48  264  191  -98.7544  147.3918  -22.9669
   49  265  191  -98.7351  147.3970  -22.9642
   50  266  191  -98.7279  147.3981  -22.9632
   51  267  191  -98.7177  147.4002  -22.9617
   52  268  191  -98.7114  147.4009  -22.9609
   53  269  191  -98.7169  147.3976  -22.9616
   54  270  191  -98.7216  147.3946  -22.9623
   55  271  191  -98.7197  147.3939  -22.9621
   56  273  192  -98.7270  147.3886  -22.9617
   57  274  192  -98.7399  147.3828  -22.9635
   58  275  192  -98.7535  147.3768  -22.9654
   59  272  192  -98.7175  147.3933  -22.9604

    1  494  413  -97.1626  147.6569  -22.4749
    2  495  413  -97.1718  147.6523  -22.4760
    3  496  413  -97.1762  147.6494  -22.4765
    4  493  413  -97.1629  147.6581  -22.4749
    5  497  414  -97.1774  147.6478  -22.4754
    6  498  414  -97.1709  147.6488  -22.4746
    7  499  414  -97.1818  147.6436  -22.4759
    8  500  414  -97.1721  147.6458  -22.4747
    9  501  414  -97.1566  147.6501  -22.4728
   10  502  414  -97.1558  147.6491  -22.4727
   11  503  414  -97.1515  147.6494  -22.4722
   12  551  414  -97.1445  147.5901  -22.4709
   13  550  414  -97.1444  147.5914  -22.4709
   14  549  414  -97.1426  147.5934  -22.4706
   15  548  414  -97.0952  147.6120  -22.4649
   16  547  414  -97.1014  147.6110  -22.4657
   17  546  414  -97.1177  147.6063  -22.4677
   18  545  414  -97.0857  147.6193  -22.4638
   19  544  414  -97.0932  147.6179  -22.4647
   20  543  414  -97.1096  147.6131  -22.4667
   21  542  414  -97.1053  147.6160  -22.4662
   22  541  414  -97.0730  147.6291  -22.4622
   23  540  414  -97.0745  147.6298  -22.4625
   24  539  414  -97.0694  147.6329  -22.4619
   25  538  414  -97.0744  147.6324  -22.4625
   26  537  414  -97.1047  147.6226  -22.4661
   27  536  414  -97.1231  147.6172  -22.4684
   28  535  414  -97.1403  147.6122  -22.4705
   29  534  414  -97.1629  147.6053  -22.4732
   30  533  414  -97.1611  147.6073  -22.4730
   31  532  414  -97.1637  147.6076  -22.4733
   32  531  414  -97.1637  147.6089  -22.4733
   33  525  414  -97.1273  147.6298  -22.4690
   34  526  414  -97.1387  147.6244  -22.4704
   35  527  414  -97.1410  147.6223  -22.4706
   36  528  414  -97.1511  147.6173  -22.4719
   37  529  414  -97.1645  147.6112  -22.4735
   38  530  414  -97.1528  147.6141  -22.4720
   39  524  415  -97.1265  147.6315  -22.4677
   40  523  415  -97.1821  147.6126  -22.4744
   41  522  415  -97.1782  147.6153  -22.4740
   42  521  415  -97.1699  147.6196  -22.4730
   43  520  415  -97.1791  147.6176  -22.4741
   44  519  415  -97.1735  147.6209  -22.4734
   45  518  415  -97.1905  147.6160  -22.4755
   46  517  415  -97.1763  147.6225  -22.4738
   47  516  415  -97.1760  147.6238  -22.4738
   48  515  415  -97.1726  147.6264  -22.4734
   49  514  415  -97.1507  147.6356  -22.4707
   50  513  415  -97.1652  147.6316  -22.4725
   51  512  415  -97.1573  147.6358  -22.4716
   52  511  415  -97.1559  147.6375  -22.4714
   53  510  415  -97.1466  147.6422  -22.4703
   54  509  415  -97.1487  147.6427  -22.4706
   55  508  415  -97.1634  147.6387  -22.4724
   56  507  415  -97.1431  147.6473  -22.4699
   57  506  415  -97.1328  147.6523  -22.4687
   58  505  415  -97.1463  147.6487  -22.4703
   59  504  415  -97.1547  147.6470  -22.4713
   60  552  415  -97.1106  147.6013  -22.4655
   61  553  415  -97.1316  147.5923  -22.4680
   62  554  415  -97.1524  147.5834  -22.4705
   63  555  415  -97.1184  147.5946  -22.4664
   64  556  415  -97.1111  147.5959  -22.4655
   65  557  415  -97.1437  147.5827  -22.4694
   66  558  415  -97.1339  147.5850  -22.4682
   67  559  415  -97.1044  147.5946  -22.4646

    1  552  444  -97.0226  147.6353  -22.4198
    2  554  444  -97.0248  147.6319  -22.4200
    3  555  444  -97.0329  147.6277  -22.4210
    4  556  444  -97.0271  147.6286  -22.4203
    5  557  444  -97.0230  147.6288  -22.4198
    6  546  444  -97.0312  147.6399  -22.4209
    7  547  444  -97.0212  147.6422  -22.4198
    8  548  444  -97.0249  147.6396  -22.4201
    9  549  444  -97.0161  147.6415  -22.4191
   10  550  444  -97.0136  147.6412  -22.4188
   11  551  444  -97.0155  147.6392  -22.4190
   12  558  444  -97.0197  147.6287  -22.4194
   13  559  444  -97.0050  147.6328  -22.4176
   14  560  444  -97.0047  147.6316  -22.4176
   15  561  444  -97.0020  147.6314  -22.4172
   16  562  444  -96.9826  147.6372  -22.4149
   17  563  444  -96.9817  147.6362  -22.4148
   18  564  444  -96.9667  147.6405  -22.4130
   19  565  444  -96.9686  147.6385  -22.4132
   20  566  444  -96.9786  147.6335  -22.4144
   21  553  444  -97.0339  147.6299  -22.4211
   22  583  445  -96.9875  147.6086  -22.4140
   23  582  445  -96.9826  147.6117  -22.4134
   24  581  445  -96.9946  147.6086  -22.4149
   25  580  445  -97.0026  147.6069  -22.4158
   26  579  445  -97.0041  147.6077  -22.4160
   27  584  445  -96.9879  147.6072  -22.4140
   28  577  445  -97.0041  147.6102  -22.4160
   29  576  445  -97.0062  147.6107  -22.4163
   30  575  445  -96.9963  147.6156  -22.4152
   31  574  445  -96.9829  147.6218  -22.4136
   32  573  445  -96.9797  147.6243  -22.4132
   33  541  445  -97.0272  147.6478  -22.4193
   34  571  445  -96.9822  147.6259  -22.4135
   35  570  445  -96.9824  147.6271  -22.4135
   36  569  445  -96.9771  147.6303  -22.4129
   37  568  445  -96.9776  147.6314  -22.4130
   38  567  445  -96.9869  147.6293  -22.4141
   39  585  445  -96.9745  147.6109  -22.4124
   40  586  445  -96.9849  147.6057  -22.4137
   41  587  445  -96.9663  147.6113  -22.4114
   42  588  445  -96.9669  147.6098  -22.4115
   43  589  445  -96.9702  147.6074  -22.4119
   44  590  445  -96.9656  147.6078  -22.4113
   45  591  445  -96.9838  147.5998  -22.4135
   46  592  445  -96.9816  147.5993  -22.4132
   47  593  445  -96.9798  147.5987  -22.4130
   48  545  445  -97.0207  147.6450  -22.4185
   49  544  445  -97.0096  147.6504  -22.4172
   50  543  445  -97.0098  147.6516  -22.4172
   51  542  445  -97.0195  147.6493  -22.4184
   52  578  445  -97.0169  147.6042  -22.4176
   53  572  445  -96.9731  147.6280  -22.4124
   54  594  446  -96.9732  147.5999  -22.4110
   55  595  446  -96.9776  147.5970  -22.4115
   56  596  446  -96.9664  147.5999  -22.4101
   57  597  446  -96.9747  147.5955  -22.4111
   58  598  446  -96.9772  147.5933  -22.4114
   59  599  446  -96.9746  147.5930  -22.4110
   60  600  446  -96.9577  147.5980  -22.4091
   61  601  446  -96.9652  147.5939  -22.4099
   62  602  446  -96.9718  147.5902  -22.4107
   63  603  446  -96.9756  147.5875  -22.4111
   64  604  446  -96.9890  147.5813  -22.4127

    1  892  421  -97.0596  147.1805  -22.4479
    2  891  421  -97.0605  147.1814  -22.4480
    3  890  421  -97.0527  147.1859  -22.4470
    4  889  421  -97.0507  147.1879  -22.4468
    5  888  421  -97.0720  147.1808  -22.4494
    6  887  421  -97.0676  147.1839  -22.4488
    7  886  421  -97.0745  147.1825  -22.4497
    8  893  421  -97.0566  147.1804  -22.4475
    9  885  422  -97.0613  147.1890  -22.4469
   10  884  422  -97.0915  147.1784  -22.4505
   11  883  422  -97.0881  147.1811  -22.4501
   12  882  422  -97.0803  147.1855  -22.4492
   13  881  422  -97.0845  147.1851  -22.4497
   14  880  422  -97.0812  147.1877  -22.4493
   15  879  422  -97.0625  147.1964  -22.4471
   16  878  422  -97.0818  147.1901  -22.4494
   17  877  422  -97.0770  147.1933  -22.4489
   18  876  422  -97.0620  147.2005  -22.4471
   19  875  422  -97.0545  147.2047  -22.4462
   20  874  422  -97.0367  147.2130  -22.4442
   21  873  422  -97.0367  147.2143  -22.4442
   22  872  422  -97.0470  147.2116  -22.4454
   23  871  423  -97.0553  147.2097  -22.4451
   24  869  423  -97.0543  147.2127  -22.4451
   25  868  423  -97.0611  147.2113  -22.4459
   26  867  423  -97.0586  147.2136  -22.4456
   27  866  423  -97.0582  147.2151  -22.4456
   28  870  423  -97.0608  147.2089  -22.4458
   29  862  424  -97.0630  147.2185  -22.4450
   30  861  424  -97.0735  147.2157  -22.4463
   31  864  424  -97.0774  147.2102  -22.4467
   32  865  424  -97.1075  147.1971  -22.4502
   33  860  424  -97.0800  147.2144  -22.4471
   34  859  424  -97.1098  147.2041  -22.4506
   35  858  424  -97.0806  147.2168  -22.4472
   36  857  424  -97.0841  147.2167  -22.4476
   37  863  424  -97.0852  147.2085  -22.4476
   38  856  424  -97.0803  147.2195  -22.4471
   39  855  425  -97.0657  147.2266  -22.4443
   40  854  425  -97.0553  147.2320  -22.4431
   41  853  425  -97.0880  147.2205  -22.4469
   42  852  425  -97.0877  147.2219  -22.4469
   43  851  425  -97.0675  147.2311  -22.4445
   44  850  425  -97.0753  147.2294  -22.4454
   45  849  425  -97.0620  147.2358  -22.4439
   46  848  425  -97.0660  147.2356  -22.4443
   47  847  425  -97.0630  147.2381  -22.4440
   48  846  425  -97.0585  147.2411  -22.4435
   49  845  425  -97.0640  147.2403  -22.4441
   50  844  425  -97.0531  147.2458  -22.4429
   51  843  425  -97.0623  147.2436  -22.4440
   52  842  425  -97.0683  147.2425  -22.4447
   53  840  426  -97.0553  147.2502  -22.4420
   54  839  426  -97.0558  147.2514  -22.4421
   55  838  426  -97.0625  147.2500  -22.4429
   56  837  426  -97.0643  147.2507  -22.4431
   57  836  426  -97.0896  147.2421  -22.4461
   58  835  426  -97.0905  147.2430  -22.4462
   59  834  426  -97.0953  147.2425  -22.4468
   60  841  426  -97.0488  147.2515  -22.4412

    1  185  266  -97.9560  147.7751  -22.7609
    2  186  266  -97.9689  147.7694  -22.7627
    3  187  266  -97.9575  147.7719  -22.7612
    4  188  266  -97.9571  147.7707  -22.7612
    5  189  266  -97.9742  147.7637  -22.7635
    6  190  266  -97.9304  147.7770  -22.7577
    7  191  266  -97.9625  147.7649  -22.7620
    8  192  266  -97.9650  147.7628  -22.7623
    9  193  266  -97.9901  147.7530  -22.7657
   10  194  266  -97.9886  147.7522  -22.7654
   11  195  266  -97.9939  147.7491  -22.7662
   12  196  266  -98.0141  147.7410  -22.7689
   13  197  266  -98.0043  147.7429  -22.7676
   14  198  266  -98.0065  147.7408  -22.7679
   15  199  266  -98.0056  147.7398  -22.7677
   16  200  266  -97.9726  147.7496  -22.7634
   17  201  266  -97.9637  147.7513  -22.7622
   18  202  266  -97.9711  147.7474  -22.7632
   19  203  266  -97.9799  147.7431  -22.7644
   20  204  266  -98.0032  147.7339  -22.7675
   21  205  266  -98.0151  147.7286  -22.7691
   22  206  266  -97.9853  147.7373  -22.7649
   23  207  266  -98.0073  147.7286  -22.7679
   24  208  266  -97.9828  147.7355  -22.7646
   25  209  266  -97.9992  147.7287  -22.7667
   26  210  266  -98.0017  147.7265  -22.7671
   27  211  266  -97.9907  147.7289  -22.7656

    1   98  286  -97.8969  147.9109  -22.7279
    2  122  286  -97.8191  147.9050  -22.7178
    3  121  286  -97.8409  147.8991  -22.7207
    4  120  286  -97.8474  147.8983  -22.7215
    5  119  286  -97.8353  147.9036  -22.7199
    6  118  286  -97.8396  147.9035  -22.7205
    7  117  286  -97.8323  147.9072  -22.7195
    8  116  286  -97.8415  147.9055  -22.7207
    9  115  286  -97.8436  147.9061  -22.7210
   10   81  286  -97.8640  147.9439  -22.7236
   11   82  286  -97.8655  147.9421  -22.7238
   12   83  286  -97.8583  147.9432  -22.7229
   13   84  286  -97.8582  147.9419  -22.7228
   14   85  286  -97.8553  147.9415  -22.7225
   15   86  286  -97.8548  147.9404  -22.7224
   16   87  286  -97.8508  147.9404  -22.7219
   17   88  286  -97.8523  147.9386  -22.7221
   18   89  286  -97.8403  147.9412  -22.7205
   19   90  286  -97.8345  147.9418  -22.7198
   20   91  286  -97.8641  147.9308  -22.7237
   21   92  286  -97.8988  147.9181  -22.7282
   22   93  286  -97.8709  147.9259  -22.7246
   23   94  286  -97.8703  147.9249  -22.7244
   24   95  286  -97.8762  147.9216  -22.7252
   25   96  286  -97.8781  147.9197  -22.7255
   26   97  286  -97.8786  147.9182  -22.7256
   27  123  286  -97.8191  147.9037  -22.7179
   28   99  286  -97.9112  147.9049  -22.7298
   29  100  286  -97.9114  147.9035  -22.7298
   30  101  286  -97.9066  147.9037  -22.7293
   31  102  286  -97.8718  147.9138  -22.7247
   32  103  286  -97.8635  147.9152  -22.7237
   33  104  286  -97.8458  147.9198  -22.7214
   34  105  286  -97.8419  147.9197  -22.7209
   35  106  286  -97.8333  147.9212  -22.7197
   36  107  286  -97.8273  147.9219  -22.7189
   37  108  286  -97.8000  147.9296  -22.7154
   38  109  286  -97.8234  147.9206  -22.7184
   39  110  286  -97.8372  147.9147  -22.7203
   40  111  286  -97.8623  147.9052  -22.7235
   41  112  286  -97.8625  147.9038  -22.7235
   42  113  286  -97.8513  147.9062  -22.7221
   43  114  286  -97.8471  147.9062  -22.7215
   44   80  287  -97.8642  147.9453  -22.7224
   45   79  287  -97.8737  147.9434  -22.7237
   46   78  287  -97.8706  147.9457  -22.7233
   47   77  287  -97.8600  147.9505  -22.7219
   48   76  287  -97.8765  147.9464  -22.7241
   49   75  287  -97.8774  147.9475  -22.7242
   50   74  287  -97.8907  147.9444  -22.7260
   51   73  287  -97.8855  147.9474  -22.7253
   52   72  287  -97.8895  147.9474  -22.7259

     1   959  766  -95.2611  147.8345  -21.8594
     2   960  766  -95.2655  147.8317  -21.8598
     3   961  766  -95.2609  147.8323  -21.8593
     4   962  766  -95.2590  147.8319  -21.8591
     5   963  766  -95.2684  147.8270  -21.8600
     6   964  766  -95.2714  147.8247  -21.8602
     7   965  766  -95.2694  147.8243  -21.8600
     8   966  766  -95.2780  147.8198  -21.8608
     9   967  766  -95.2817  147.8172  -21.8611
    10   968  766  -95.2820  147.8159  -21.8611
    11   969  766  -95.2798  147.8156  -21.8609
    12   970  766  -95.2859  147.8120  -21.8614
    13   971  766  -95.2875  147.8102  -21.8616
    14   972  766  -95.2917  147.8074  -21.8619
    15   973  766  -95.2864  147.8083  -21.8614
    16   974  767  -95.2875  147.8069  -21.8604
    17   975  767  -95.2538  147.8192  -21.8573
    18   976  767  -95.2818  147.8068  -21.8598
    19   977  767  -95.2673  147.8115  -21.8585
    20   978  767  -95.2754  147.8071  -21.8592
    21   979  767  -95.2785  147.8047  -21.8595
    22   980  768  -95.2582  147.8117  -21.8565
    23   981  768  -95.2704  147.8057  -21.8577
    24   982  768  -95.2787  147.8012  -21.8584
    25   983  768  -95.2790  147.7999  -21.8584
    26   984  768  -95.2490  147.8108  -21.8556
    27   985  768  -95.2681  147.8020  -21.8574
    28   986  768  -95.3109  147.7837  -21.8613
    29   987  768  -95.2943  147.7892  -21.8597
    30   988  768  -95.3033  147.7845  -21.8605
    31   989  768  -95.2808  147.7923  -21.8584
    32   990  769  -95.2938  147.7860  -21.8585
    33   991  769  -95.3048  147.7804  -21.8595
    34   992  769  -95.2820  147.7885  -21.8574
    35   993  769  -95.2303  147.8081  -21.8527
    36   994  769  -95.2334  147.8057  -21.8529
    37   995  769  -95.2428  147.8008  -21.8538
    38   996  769  -95.2391  147.8011  -21.8534
    39   997  769  -95.2358  147.8013  -21.8531
    40   998  769  -95.2406  147.7982  -21.8535
    41   999  769  -95.2393  147.7975  -21.8534
    42  1000  769  -95.2350  147.7982  -21.8530
    43  1001  769  -95.2437  147.7935  -21.8538
    44  1002  769  -95.2338  147.7963  -21.8528
    45  1003  769  -95.2358  147.7944  -21.8530
    46  1004  769  -95.2509  147.7871  -21.8544
    47  1005  769  -95.2486  147.7869  -21.8542
    48  1006  769  -95.2417  147.7885  -21.8535
    49  1007  769  -95.2243  147.7944  -21.8519
    50  1008  769  -95.2556  147.7807  -21.8547
    51  1009  769  -95.2424  147.7848  -21.8535
    52  1010  769  -95.2326  147.7876  -21.8526
    53  1011  769  -95.2325  147.7865  -21.8525
    54  1012  769  -95.2195  147.7906  -21.8514
    55  1013  769  -95.2291  147.7856  -21.8522
    56  1014  769  -95.2283  147.7848  -21.8521
    57  1015  769  -95.2119  147.7903  -21.8506
    58  1016  769  -95.2367  147.7791  -21.8528
    59  1017  769  -95.2467  147.7739  -21.8538
    60  1018  769  -95.2390  147.7759  -21.8530
    61  1019  769  -95.2381  147.7751  -21.8529
    62  1020  769  -95.2443  147.7714  -21.8535
    63  1021  770  -95.2592  147.7643  -21.8537
    64  1022  770  -95.2600  147.7629  -21.8537
    65  1023  770  -95.2566  147.7631  -21.8534
    66  1024  770  -95.2541  147.7630  -21.8531
    67  1025  770  -95.2577  147.7603  -21.8535
    68  1051  770  -95.1898  147.7581  -21.8467
    69  1050  770  -95.1973  147.7561  -21.8474
    70  1049  770  -95.2118  147.7514  -21.8488
    71  1048  770  -95.2108  147.7529  -21.8487
    72  1047  770  -95.2030  147.7573  -21.8480
    73  1046  770  -95.2219  147.7507  -21.8497
    74  1045  770  -95.2098  147.7568  -21.8486
    75  1044  770  -95.2268  147.7510  -21.8502
    76  1043  770  -95.2170  147.7562  -21.8494
    77  1042  770  -95.2287  147.7526  -21.8504
    78  1041  770  -95.2195  147.7574  -21.8496
    79  1040  770  -95.2147  147.7605  -21.8492
    80  1039  770  -95.2134  147.7622  -21.8491
    81  1038  770  -95.2222  147.7598  -21.8499
    82  1037  770  -95.2317  147.7571  -21.8508
    83  1036  770  -95.2179  147.7638  -21.8496
    84  1035  770  -95.2347  147.7581  -21.8511
    85  1034  770  -95.2469  147.7544  -21.8522
    86  1033  770  -95.2432  147.7570  -21.8520
    87  1032  770  -95.2400  147.7595  -21.8517
    88  1031  770  -95.2496  147.7567  -21.8526
    89  1030  770  -95.2629  147.7525  -21.8538
    90  1029  770  -95.2682  147.7515  -21.8543
    91  1028  770  -95.2704  147.7517  -21.8546
    92  1027  770  -95.2745  147.7512  -21.8550
    93  1026  770  -95.2711  147.7538  -21.8547
    94  1052  771  -95.1937  147.7554  -21.8460
    95  1053  771  -95.1934  147.7543  -21.8460
    96  1054  771  -95.1848  147.7567  -21.8452
    97  1055  771  -95.1726  147.7605  -21.8440
    98  1056  771  -95.1684  147.7611  -21.8436
    99  1057  771  -95.1637  147.7618  -21.8432
   100  1058  771  -95.1606  147.7620  -21.8428
   101  1059  771  -95.1694  147.7572  -21.8436
   102  1060  771  -95.1597  147.7601  -21.8427
   103  1061  771  -95.1430  147.7657  -21.8412
   104  1062  771  -95.1498  147.7618  -21.8418
   105  1063  771  -95.1448  147.7627  -21.8413
   106  1064  771  -95.1352  147.7655  -21.8404
   107  1065  771  -95.1129  147.7734  -21.8383
   108  1066  771  -95.1610  147.7527  -21.8427
   109  1067  772  -95.1351  147.7622  -21.8392
   110  1068  772  -95.1518  147.7542  -21.8407
   111  1069  772  -95.1591  147.7501  -21.8413
   112  1070  772  -95.1603  147.7484  -21.8414
   113  1071  772  -95.1382  147.7563  -21.8394
   114  1072  772  -95.1330  147.7573  -21.8389
   115  1073  772  -95.1325  147.7564  -21.8389
   116  1074  772  -95.1246  147.7585  -21.8381
   117  1075  772  -95.1362  147.7526  -21.8392
   118  1076  772  -95.1331  147.7527  -21.8389
   119  1077  772  -95.1303  147.7527  -21.8386
   120  1078  772  -95.1269  147.7529  -21.8383
   121  1079  773  -95.1389  147.7470  -21.8383
   122  1080  773  -95.1359  147.7471  -21.8380
   123  1081  773  -95.1372  147.7454  -21.8381
   124  1082  773  -95.1383  147.7438  -21.8382
   125  1083  773  -95.1455  147.7397  -21.8388
   126  1084  773  -95.1438  147.7393  -21.8386
   127  1085  773  -95.1339  147.7422  -21.8377
   128  1086  773  -95.1278  147.7435  -21.8371
   129  1087  774  -95.1251  147.7435  -21.8358
   130  1088  774  -95.1351  147.7383  -21.8367
   131  1089  774  -95.1468  147.7324  -21.8378
   132  1090  774  -95.1272  147.7393  -21.8359
   133  1091  774  -95.1233  147.7397  -21.8356
   134  1092  774  -95.1370  147.7330  -21.8368
   135  1093  774  -95.1798  147.7142  -21.8407
   136  1094  774  -95.1637  147.7197  -21.8392
   137  1095  774  -95.1522  147.7233  -21.8381
   138  1096  775  -95.1668  147.7162  -21.8383
   139  1097  775  -95.1132  147.7371  -21.8334
   140  1098  775  -95.1082  147.7380  -21.8330
   141  1099  775  -95.1050  147.7382  -21.8326
   142  1100  775  -95.1205  147.7307  -21.8341
   143  1101  775  -95.1085  147.7345  -21.8329
   144  1102  775  -95.1041  147.7352  -21.8325
   145  1103  775  -95.1131  147.7303  -21.8333
   146  1104  775  -95.1171  147.7275  -21.8337
   147  1105  775  -95.1524  147.7118  -21.8369
   148  1106  775  -95.1064  147.7296  -21.8327
   149  1107  775  -95.1005  147.7309  -21.8321
   150  1108  775  -95.1025  147.7289  -21.8323
   151  1109  775  -95.0937  147.7314  -21.8315
   152  1110  776  -95.1260  147.7171  -21.8334
   153  1111  776  -95.1012  147.7261  -21.8310
   154  1112  776  -95.0831  147.7324  -21.8294
   155  1113  776  -95.0818  147.7319  -21.8292
   156  1114  776  -95.0772  147.7326  -21.8288
   157  1115  776  -95.0943  147.7244  -21.8303
   158  1116  776  -95.0686  147.7339  -21.8280
   159  1117  776  -95.0660  147.7338  -21.8277
   160  1118  776  -95.0757  147.7287  -21.8286

    1   84  588  -96.9497  148.2571  -22.2452
    2   85  588  -96.9684  148.2498  -22.2472
    3   86  588  -96.9660  148.2494  -22.2469
    4   87  588  -96.9550  148.2517  -22.2457
    5   88  588  -96.9336  148.2574  -22.2434
    6   89  588  -96.9363  148.2553  -22.2437
    7   90  588  -96.9235  148.2583  -22.2423
    8   91  588  -96.9226  148.2574  -22.2420
    9   92  588  -96.9409  148.2502  -22.2440
   10   93  588  -96.9297  148.2526  -22.2428
   11   94  588  -96.9307  148.2510  -22.2429
   12   95  588  -96.9136  148.2554  -22.2410
   13   96  588  -96.9107  148.2551  -22.2407
   14   97  588  -96.9164  148.2520  -22.2413
   15   98  588  -96.9129  148.2519  -22.2409
   16   99  588  -96.9071  148.2526  -22.2403
   17  154  592  -96.8294  148.2109  -22.2263
   18  155  592  -96.8374  148.2070  -22.2271
   19  156  592  -96.8344  148.2067  -22.2268
   20  157  592  -96.8281  148.2076  -22.2262
   21  158  592  -96.8263  148.2070  -22.2259
   22  172  592  -96.7749  148.2069  -22.2203
   23  171  592  -96.7832  148.2053  -22.2212
   24  170  592  -96.7842  148.2062  -22.2213
   25  169  592  -96.7953  148.2037  -22.2225
   26  168  592  -96.8063  148.2013  -22.2237
   27  167  592  -96.8141  148.2000  -22.2245
   28  166  592  -96.8333  148.1948  -22.2266
   29  165  592  -96.8140  148.2025  -22.2245
   30  164  592  -96.8335  148.1972  -22.2266
   31  163  592  -96.8326  148.1987  -22.2265
   32  162  592  -96.8178  148.2049  -22.2249
   33  161  592  -96.8329  148.2011  -22.2265
   34  160  592  -96.8272  148.2042  -22.2260
   35  159  592  -96.8171  148.2088  -22.2250
   36  173  593  -96.7753  148.2056  -22.2192
   37  174  593  -96.7849  148.2011  -22.2202
   38  175  593  -96.7864  148.1994  -22.2204
   39  176  593  -96.7790  148.2007  -22.2195
   40  177  593  -96.7789  148.1995  -22.2195
   41  178  593  -96.7809  148.1976  -22.2197
   42  179  593  -96.7626  148.2025  -22.2177
   43  180  593  -96.7584  148.2026  -22.2173
   44  181  593  -96.7589  148.2012  -22.2173
   45  182  593  -96.7540  148.2016  -22.2168
   46  183  593  -96.7516  148.2012  -22.2165
   47  184  593  -96.7359  148.2052  -22.2148
   48  185  593  -96.7397  148.2028  -22.2152
   49  186  593  -96.7440  148.2001  -22.2157
   50  187  593  -96.7459  148.1982  -22.2159
   51  188  593  -96.7377  148.1998  -22.2150
   52  189  593  -96.7422  148.1970  -22.2155
   53  190  593  -96.7265  148.2010  -22.2137
   54  191  593  -96.7407  148.1951  -22.2153
   55  192  593  -96.7456  148.1922  -22.2158
   56  193  593  -96.7258  148.1976  -22.2137
