; ENVI Output of ROIs (5.4) [Sat Aug 17 15:25:32 2019]
; Number of ROIs: 15
; File Dimension: 1328 x 1184
;
; ROI name: Region #1
; ROI rgb value: {255, 0, 0}
; ROI npts: 98
;
; ROI name: Region #2
; ROI rgb value: {0, 255, 0}
; ROI npts: 122
;
; ROI name: Region #3
; ROI rgb value: {0, 0, 255}
; ROI npts: 118
;
; ROI name: Region #4
; ROI rgb value: {255, 255, 0}
; ROI npts: 113
;
; ROI name: Region #5
; ROI rgb value: {0, 255, 255}
; ROI npts: 45
;
; ROI name: Region #6
; ROI rgb value: {255, 0, 255}
; ROI npts: 43
;
; ROI name: Region #7
; ROI rgb value: {176, 48, 96}
; ROI npts: 36
;
; ROI name: Region #8
; ROI rgb value: {46, 139, 87}
; ROI npts: 59
;
; ROI name: Region #9
; ROI rgb value: {160, 32, 240}
; ROI npts: 67
;
; ROI name: Region #10
; ROI rgb value: {255, 127, 80}
; ROI npts: 64
;
; ROI name: Region #11
; ROI rgb value: {127, 255, 212}
; ROI npts: 60
;
; ROI name: Region #12
; ROI rgb value: {218, 112, 214}
; ROI npts: 27
;
; ROI name: Region #13
; ROI rgb value: {160, 82, 45}
; ROI npts: 52
;
; ROI name: Region #14
; ROI rgb value: {127, 255, 0}
; ROI npts: 160
;
; ROI name: Region #15
; ROI rgb value: {216, 191, 216}
; ROI npts: 56
;  ID    X    Y      B1      B2      B3
    1   80  399  0.1262  0.0414  0.0163
    2   81  399  0.1262  0.0414  0.0163
    3   82  399  0.1262  0.0414  0.0163
    4   83  399  0.1259  0.0413  0.0163
    5   84  399  0.1257  0.0412  0.0162
    6   85  399  0.1256  0.0412  0.0162
    7   86  399  0.1256  0.0412  0.0162
    8   87  399  0.1255  0.0412  0.0162
    9   88  399  0.1256  0.0412  0.0162
   10   89  399  0.1256  0.0413  0.0162
   11   90  399  0.1254  0.0412  0.0162
   12   91  399  0.1253  0.0412  0.0162
   13   92  399  0.1254  0.0412  0.0162
   14   93  399  0.1252  0.0411  0.0162
   15   94  399  0.1250  0.0411  0.0161
   16   95  399  0.1252  0.0412  0.0162
   17   96  399  0.1252  0.0412  0.0162
   18   97  399  0.1254  0.0413  0.0162
   19   98  399  0.1254  0.0413  0.0162
   20   99  399  0.1258  0.0414  0.0162
   21  100  399  0.1257  0.0414  0.0162
   22  101  399  0.1263  0.0416  0.0163
   23  102  399  0.1261  0.0416  0.0163
   24  103  399  0.1256  0.0414  0.0162
   25  104  399  0.1258  0.0415  0.0162
   26  105  399  0.1255  0.0414  0.0162
   27  106  399  0.1258  0.0415  0.0162
   28  107  399  0.1260  0.0416  0.0163
   29  108  399  0.1261  0.0416  0.0163
   30  109  399  0.1261  0.0416  0.0163
   31  110  399  0.1263  0.0417  0.0163
   32  111  399  0.1262  0.0417  0.0163
   33  112  399  0.1261  0.0417  0.0163
   34  113  399  0.1263  0.0417  0.0163
   35  114  399  0.1263  0.0417  0.0163
   36  115  399  0.1257  0.0416  0.0162
   37  116  399  0.1261  0.0417  0.0163
   38  117  399  0.1262  0.0417  0.0163
   39  118  399  0.1253  0.0415  0.0162
   40  119  399  0.1256  0.0416  0.0162
   41  120  399  0.1259  0.0417  0.0162
   42  121  399  0.1263  0.0418  0.0163
   43  122  399  0.1261  0.0418  0.0163
   44  123  399  0.1261  0.0418  0.0163
   45  124  399  0.1260  0.0417  0.0163
   46  125  399  0.1257  0.0416  0.0162
   47  126  399  0.1250  0.0414  0.0161
   48  127  399  0.1246  0.0413  0.0161
   49  128  399  0.1243  0.0413  0.0161
   50  129  399  0.1245  0.0413  0.0161
   51  130  399  0.1243  0.0412  0.0160
   52  131  399  0.1243  0.0412  0.0160
   53  132  399  0.1245  0.0413  0.0161
   54  133  399  0.1246  0.0414  0.0161
   55  134  399  0.1248  0.0415  0.0161
   56  135  399  0.1248  0.0415  0.0161
   57  136  399  0.1252  0.0416  0.0162
   58  137  399  0.1246  0.0414  0.0161
   59  138  399  0.1253  0.0416  0.0162
   60  139  399  0.1255  0.0417  0.0162
   61  140  399  0.1250  0.0416  0.0161
   62  141  399  0.1249  0.0416  0.0161
   63  142  399  0.1249  0.0416  0.0161
   64  143  399  0.1250  0.0416  0.0161
   65  144  399  0.1246  0.0415  0.0161
   66  145  399  0.1244  0.0414  0.0161
   67  146  399  0.1247  0.0416  0.0161
   68  147  399  0.1244  0.0415  0.0161
   69  148  399  0.1240  0.0413  0.0160
   70  149  399  0.1240  0.0413  0.0160
   71  150  399  0.1252  0.0418  0.0162
   72  151  399  0.1250  0.0417  0.0161
   73  152  399  0.1250  0.0417  0.0161
   74  153  399  0.1248  0.0417  0.0161
   75  154  399  0.1241  0.0414  0.0160
   76  155  399  0.1242  0.0415  0.0160
   77  156  399  0.1243  0.0415  0.0160
   78  157  399  0.1243  0.0415  0.0160
   79  158  399  0.1243  0.0415  0.0160
   80  159  399  0.1241  0.0415  0.0160
   81  160  399  0.1241  0.0415  0.0160
   82  161  399  0.1242  0.0415  0.0160
   83  162  399  0.1242  0.0415  0.0160
   84  163  399  0.1241  0.0415  0.0160
   85  164  399  0.1244  0.0416  0.0161
   86  165  399  0.1240  0.0415  0.0160
   87  166  399  0.1244  0.0416  0.0161
   88  167  399  0.1249  0.0418  0.0161
   89  168  399  0.1246  0.0417  0.0161
   90  169  399  0.1246  0.0417  0.0161
   91  170  399  0.1248  0.0418  0.0161
   92  171  399  0.1246  0.0418  0.0161
   93  172  399  0.1245  0.0418  0.0161
   94  173  399  0.1249  0.0419  0.0161
   95  174  399  0.1240  0.0416  0.0160
   96  175  399  0.1242  0.0417  0.0160
   97  176  399  0.1244  0.0418  0.0161
   98  177  399  0.1239  0.0416  0.0160

     1  131  388  0.1250  0.0415  0.0162
     2  132  388  0.1242  0.0413  0.0161
     3  133  388  0.1238  0.0411  0.0161
     4  134  388  0.1234  0.0410  0.0160
     5  135  388  0.1240  0.0412  0.0161
     6  136  388  0.1241  0.0413  0.0161
     7  137  388  0.1246  0.0414  0.0162
     8  138  388  0.1250  0.0416  0.0162
     9  139  388  0.1249  0.0416  0.0162
    10  140  388  0.1257  0.0418  0.0163
    11  141  388  0.1259  0.0419  0.0164
    12  142  388  0.1261  0.0420  0.0164
    13  143  388  0.1267  0.0422  0.0165
    14  144  388  0.1264  0.0421  0.0164
    15  145  388  0.1264  0.0421  0.0164
    16  146  388  0.1263  0.0421  0.0164
    17  147  388  0.1259  0.0420  0.0164
    18  148  388  0.1258  0.0419  0.0163
    19  149  388  0.1257  0.0419  0.0163
    20  150  388  0.1256  0.0419  0.0163
    21  151  388  0.1255  0.0419  0.0163
    22  152  388  0.1254  0.0418  0.0163
    23  153  388  0.1254  0.0419  0.0163
    24  154  388  0.1253  0.0418  0.0163
    25  155  388  0.1252  0.0418  0.0163
    26  156  388  0.1252  0.0418  0.0163
    27  157  388  0.1249  0.0417  0.0162
    28  158  388  0.1250  0.0418  0.0162
    29  159  388  0.1248  0.0417  0.0162
    30  160  388  0.1247  0.0417  0.0162
    31  161  388  0.1246  0.0417  0.0162
    32  162  388  0.1247  0.0417  0.0162
    33  163  388  0.1250  0.0418  0.0162
    34  164  388  0.1249  0.0418  0.0162
    35  165  388  0.1251  0.0419  0.0163
    36  166  388  0.1253  0.0420  0.0163
    37  167  388  0.1255  0.0420  0.0163
    38  168  388  0.1255  0.0421  0.0163
    39  169  388  0.1258  0.0421  0.0163
    40  170  388  0.1258  0.0422  0.0163
    41  171  388  0.1258  0.0422  0.0163
    42  172  388  0.1257  0.0422  0.0163
    43  173  388  0.1258  0.0422  0.0164
    44  174  389  0.1258  0.0422  0.0163
    45  175  389  0.1259  0.0423  0.0163
    46  176  389  0.1261  0.0423  0.0164
    47  177  389  0.1260  0.0423  0.0164
    48  178  389  0.1258  0.0423  0.0163
    49  179  389  0.1258  0.0423  0.0163
    50  224  389  0.1241  0.0422  0.0161
    51  225  389  0.1240  0.0421  0.0161
    52  226  389  0.1241  0.0422  0.0161
    53  227  389  0.1239  0.0421  0.0161
    54  228  389  0.1240  0.0422  0.0161
    55  229  389  0.1241  0.0422  0.0161
    56  230  390  0.1243  0.0423  0.0161
    57  231  390  0.1246  0.0424  0.0162
    58  232  390  0.1243  0.0423  0.0161
    59  233  390  0.1244  0.0423  0.0161
    60  234  390  0.1244  0.0424  0.0161
    61  235  390  0.1245  0.0424  0.0162
    62  236  390  0.1246  0.0425  0.0162
    63  237  390  0.1248  0.0425  0.0162
    64  238  390  0.1250  0.0426  0.0162
    65  239  390  0.1252  0.0427  0.0163
    66  240  390  0.1252  0.0427  0.0162
    67  241  390  0.1254  0.0428  0.0163
    68  242  390  0.1260  0.0430  0.0163
    69  243  390  0.1264  0.0431  0.0164
    70  244  390  0.1254  0.0428  0.0163
    71  245  390  0.1249  0.0427  0.0162
    72  246  390  0.1251  0.0427  0.0162
    73  247  390  0.1254  0.0429  0.0163
    74  248  390  0.1254  0.0429  0.0163
    75  249  390  0.1247  0.0426  0.0162
    76  250  390  0.1245  0.0425  0.0162
    77  251  390  0.1247  0.0426  0.0162
    78  252  390  0.1247  0.0426  0.0162
    79  253  390  0.1248  0.0427  0.0162
    80  254  390  0.1246  0.0426  0.0162
    81  255  390  0.1247  0.0427  0.0162
    82  256  390  0.1244  0.0426  0.0161
    83  257  390  0.1242  0.0425  0.0161
    84  258  390  0.1241  0.0425  0.0161
    85  259  390  0.1241  0.0425  0.0161
    86  260  390  0.1240  0.0425  0.0161
    87  261  390  0.1238  0.0424  0.0161
    88  262  390  0.1240  0.0425  0.0161
    89  263  390  0.1239  0.0425  0.0161
    90  264  390  0.1238  0.0425  0.0161
    91  277  392  0.1238  0.0426  0.0160
    92  278  392  0.1239  0.0426  0.0161
    93  279  392  0.1242  0.0427  0.0161
    94  280  392  0.1241  0.0427  0.0161
    95  281  392  0.1243  0.0428  0.0161
    96  282  392  0.1244  0.0429  0.0161
    97  283  392  0.1243  0.0429  0.0161
    98  284  392  0.1238  0.0427  0.0160
    99  285  392  0.1235  0.0426  0.0160
   100  286  392  0.1235  0.0426  0.0160
   101  287  392  0.1236  0.0426  0.0160
   102  288  392  0.1237  0.0427  0.0160
   103  289  392  0.1236  0.0427  0.0160
   104  290  392  0.1239  0.0428  0.0161
   105  291  392  0.1242  0.0429  0.0161
   106  292  392  0.1239  0.0428  0.0161
   107  293  392  0.1241  0.0429  0.0161
   108  294  392  0.1242  0.0429  0.0161
   109  295  392  0.1242  0.0429  0.0161
   110  296  392  0.1242  0.0429  0.0161
   111  297  392  0.1243  0.0430  0.0161
   112  298  392  0.1241  0.0429  0.0161
   113  299  392  0.1231  0.0426  0.0160
   114  300  392  0.1233  0.0427  0.0160
   115  301  392  0.1233  0.0427  0.0160
   116  302  392  0.1234  0.0427  0.0160
   117  303  392  0.1235  0.0428  0.0160
   118  304  392  0.1236  0.0428  0.0160
   119  305  392  0.1234  0.0428  0.0160
   120  306  392  0.1236  0.0428  0.0160
   121  307  392  0.1236  0.0428  0.0160
   122  308  392  0.1232  0.0427  0.0160

     1   25  471  0.1225  0.0395  0.0151
     2   26  471  0.1229  0.0397  0.0152
     3   27  471  0.1227  0.0397  0.0152
     4   28  471  0.1228  0.0397  0.0152
     5   29  471  0.1229  0.0397  0.0152
     6   30  471  0.1227  0.0397  0.0152
     7   24  471  0.1226  0.0396  0.0151
     8   31  472  0.1224  0.0396  0.0151
     9   32  472  0.1225  0.0396  0.0151
    10   33  472  0.1227  0.0397  0.0151
    11   34  472  0.1227  0.0397  0.0151
    12   35  472  0.1227  0.0397  0.0152
    13   36  472  0.1226  0.0397  0.0151
    14   37  472  0.1229  0.0398  0.0152
    15   38  472  0.1231  0.0399  0.0152
    16   39  472  0.1229  0.0398  0.0152
    17   40  472  0.1229  0.0398  0.0152
    18   41  472  0.1228  0.0398  0.0152
    19   98  472  0.1205  0.0396  0.0149
    20   97  472  0.1207  0.0397  0.0149
    21  100  472  0.1191  0.0392  0.0147
    22  101  472  0.1188  0.0391  0.0147
    23  102  472  0.1184  0.0390  0.0146
    24  103  472  0.1195  0.0394  0.0148
    25  104  472  0.1192  0.0393  0.0147
    26  105  472  0.1199  0.0395  0.0148
    27  106  472  0.1194  0.0394  0.0148
    28  107  472  0.1200  0.0396  0.0148
    29  108  472  0.1207  0.0398  0.0149
    30   99  472  0.1206  0.0397  0.0149
    31  122  473  0.1208  0.0400  0.0149
    32  121  473  0.1211  0.0401  0.0149
    33  120  473  0.1209  0.0400  0.0149
    34  119  473  0.1209  0.0400  0.0149
    35  118  473  0.1207  0.0399  0.0149
    36  117  473  0.1209  0.0400  0.0149
    37  116  473  0.1206  0.0399  0.0149
    38  115  473  0.1211  0.0400  0.0149
    39  123  473  0.1198  0.0397  0.0148
    40  113  473  0.1204  0.0398  0.0149
    41  112  473  0.1212  0.0400  0.0150
    42  111  473  0.1206  0.0398  0.0149
    43  110  473  0.1209  0.0399  0.0149
    44  109  473  0.1206  0.0398  0.0149
    45   52  473  0.1212  0.0394  0.0150
    46   51  473  0.1214  0.0395  0.0150
    47   50  473  0.1213  0.0394  0.0150
    48   49  473  0.1212  0.0394  0.0150
    49   48  473  0.1213  0.0394  0.0150
    50   47  473  0.1217  0.0395  0.0150
    51   46  473  0.1219  0.0396  0.0151
    52   45  473  0.1222  0.0397  0.0151
    53   44  473  0.1225  0.0398  0.0151
    54   77  473  0.1215  0.0397  0.0150
    55   78  473  0.1215  0.0398  0.0150
    56   79  473  0.1212  0.0397  0.0150
    57   80  473  0.1213  0.0397  0.0150
    58   81  473  0.1210  0.0396  0.0149
    59   82  473  0.1207  0.0396  0.0149
    60   83  473  0.1205  0.0395  0.0149
    61   84  473  0.1206  0.0395  0.0149
    62   85  473  0.1204  0.0395  0.0149
    63   86  473  0.1200  0.0394  0.0148
    64   87  473  0.1202  0.0394  0.0148
    65   88  473  0.1198  0.0393  0.0148
    66   89  473  0.1206  0.0396  0.0149
    67   90  473  0.1199  0.0394  0.0148
    68   91  473  0.1200  0.0394  0.0148
    69   92  473  0.1196  0.0393  0.0148
    70   93  473  0.1199  0.0394  0.0148
    71   94  473  0.1196  0.0393  0.0148
    72   95  473  0.1197  0.0394  0.0148
    73   96  473  0.1198  0.0394  0.0148
    74   43  473  0.1222  0.0396  0.0151
    75   42  473  0.1226  0.0398  0.0151
    76  114  473  0.1211  0.0400  0.0149
    77   76  474  0.1210  0.0396  0.0149
    78   75  474  0.1211  0.0396  0.0149
    79   74  474  0.1211  0.0396  0.0149
    80   73  474  0.1209  0.0395  0.0149
    81   72  474  0.1207  0.0394  0.0149
    82   71  474  0.1206  0.0394  0.0149
    83   70  474  0.1207  0.0394  0.0149
    84   69  474  0.1207  0.0394  0.0149
    85   68  474  0.1208  0.0394  0.0149
    86   67  474  0.1208  0.0394  0.0149
    87   66  474  0.1212  0.0395  0.0150
    88   65  474  0.1210  0.0395  0.0149
    89   64  474  0.1210  0.0395  0.0149
    90   63  474  0.1213  0.0396  0.0150
    91   62  474  0.1214  0.0396  0.0150
    92   61  474  0.1214  0.0396  0.0150
    93   60  474  0.1211  0.0395  0.0149
    94   59  474  0.1212  0.0395  0.0150
    95   58  474  0.1211  0.0394  0.0149
    96   57  474  0.1210  0.0394  0.0149
    97   56  474  0.1211  0.0394  0.0149
    98   55  474  0.1211  0.0394  0.0149
    99   54  474  0.1210  0.0393  0.0149
   100   53  474  0.1213  0.0395  0.0150
   101  124  474  0.1196  0.0396  0.0148
   102  125  474  0.1196  0.0396  0.0148
   103  126  474  0.1192  0.0395  0.0147
   104  127  474  0.1186  0.0393  0.0146
   105  128  474  0.1187  0.0394  0.0147
   106  129  474  0.1189  0.0394  0.0147
   107  130  474  0.1195  0.0396  0.0147
   108  131  474  0.1193  0.0396  0.0147
   109  132  474  0.1195  0.0397  0.0147
   110  133  474  0.1195  0.0397  0.0148
   111  134  474  0.1196  0.0397  0.0148
   112  135  474  0.1195  0.0397  0.0147
   113  137  475  0.1196  0.0397  0.0148
   114  138  475  0.1199  0.0398  0.0148
   115  139  475  0.1197  0.0398  0.0148
   116  140  475  0.1197  0.0398  0.0148
   117  141  475  0.1198  0.0398  0.0148
   118  136  475  0.1201  0.0399  0.0148

     1  361  489  0.1172  0.0411  0.0143
     2  365  489  0.1174  0.0412  0.0143
     3  364  489  0.1175  0.0413  0.0143
     4  363  489  0.1172  0.0411  0.0143
     5  362  489  0.1173  0.0411  0.0143
     6  360  489  0.1174  0.0412  0.0143
     7  359  489  0.1174  0.0412  0.0143
     8  358  489  0.1173  0.0411  0.0143
     9  350  489  0.1176  0.0411  0.0144
    10  351  489  0.1176  0.0411  0.0144
    11  352  489  0.1176  0.0412  0.0144
    12  353  489  0.1176  0.0412  0.0144
    13  354  489  0.1176  0.0412  0.0144
    14  355  489  0.1173  0.0411  0.0143
    15  356  489  0.1173  0.0411  0.0143
    16  357  489  0.1173  0.0411  0.0143
    17  366  489  0.1176  0.0413  0.0144
    18  348  490  0.1179  0.0412  0.0144
    19  347  490  0.1176  0.0411  0.0143
    20  373  490  0.1163  0.0409  0.0142
    21  371  490  0.1171  0.0412  0.0143
    22  370  490  0.1170  0.0411  0.0143
    23  369  490  0.1181  0.0415  0.0144
    24  368  490  0.1179  0.0414  0.0144
    25  367  490  0.1172  0.0412  0.0143
    26  374  490  0.1166  0.0410  0.0142
    27  346  490  0.1178  0.0412  0.0144
    28  345  490  0.1169  0.0409  0.0143
    29  344  490  0.1209  0.0422  0.0147
    30  372  490  0.1164  0.0409  0.0142
    31  349  490  0.1177  0.0412  0.0144
    32  376  491  0.1166  0.0411  0.0142
    33  379  491  0.1167  0.0411  0.0142
    34  377  491  0.1167  0.0411  0.0142
    35  378  491  0.1163  0.0410  0.0142
    36  343  491  0.1166  0.0407  0.0142
    37  342  491  0.1204  0.0420  0.0147
    38  375  491  0.1166  0.0410  0.0142
    39  430  492  0.1168  0.0416  0.0142
    40  431  492  0.1168  0.0417  0.0142
    41  433  492  0.1170  0.0418  0.0143
    42  434  492  0.1172  0.0418  0.0143
    43  432  492  0.1167  0.0417  0.0142
    44  429  492  0.1164  0.0415  0.0142
    45  380  492  0.1169  0.0412  0.0142
    46  381  492  0.1167  0.0411  0.0142
    47  382  492  0.1167  0.0411  0.0142
    48  383  492  0.1164  0.0411  0.0142
    49  384  492  0.1165  0.0411  0.0142
    50  405  492  0.1163  0.0412  0.0142
    51  404  492  0.1160  0.0411  0.0141
    52  403  492  0.1161  0.0411  0.0142
    53  402  492  0.1162  0.0411  0.0142
    54  401  492  0.1162  0.0411  0.0142
    55  400  492  0.1163  0.0412  0.0142
    56  399  492  0.1162  0.0411  0.0142
    57  398  492  0.1163  0.0412  0.0142
    58  397  492  0.1168  0.0413  0.0142
    59  396  492  0.1164  0.0412  0.0142
    60  395  492  0.1160  0.0410  0.0141
    61  394  492  0.1159  0.0410  0.0141
    62  393  492  0.1159  0.0410  0.0141
    63  392  492  0.1156  0.0408  0.0141
    64  391  492  0.1163  0.0411  0.0142
    65  390  492  0.1158  0.0409  0.0141
    66  389  492  0.1158  0.0409  0.0141
    67  388  492  0.1166  0.0412  0.0142
    68  387  492  0.1166  0.0411  0.0142
    69  386  492  0.1164  0.0411  0.0142
    70  385  492  0.1165  0.0411  0.0142
    71  406  493  0.1162  0.0412  0.0141
    72  407  493  0.1161  0.0412  0.0141
    73  408  493  0.1163  0.0413  0.0142
    74  409  493  0.1161  0.0412  0.0141
    75  410  493  0.1161  0.0412  0.0141
    76  411  493  0.1163  0.0413  0.0142
    77  412  493  0.1162  0.0413  0.0142
    78  413  493  0.1165  0.0414  0.0142
    79  414  493  0.1165  0.0414  0.0142
    80  415  493  0.1169  0.0415  0.0142
    81  416  493  0.1171  0.0416  0.0143
    82  417  493  0.1172  0.0417  0.0143
    83  418  493  0.1173  0.0417  0.0143
    84  419  493  0.1171  0.0417  0.0143
    85  420  493  0.1175  0.0418  0.0143
    86  421  493  0.1176  0.0418  0.0143
    87  422  493  0.1160  0.0413  0.0141
    88  423  493  0.1160  0.0413  0.0141
    89  424  493  0.1164  0.0414  0.0142
    90  425  493  0.1159  0.0413  0.0141
    91  426  493  0.1168  0.0416  0.0142
    92  427  493  0.1164  0.0415  0.0142
    93  428  493  0.1160  0.0413  0.0141
    94  435  493  0.1158  0.0413  0.0141
    95  436  493  0.1155  0.0413  0.0141
    96  437  493  0.1158  0.0414  0.0141
    97  438  493  0.1152  0.0411  0.0140
    98  439  493  0.1155  0.0413  0.0141
    99  440  493  0.1154  0.0413  0.0141
   100  441  493  0.1151  0.0412  0.0140
   101  442  494  0.1156  0.0413  0.0141
   102  443  494  0.1152  0.0412  0.0140
   103  444  494  0.1152  0.0412  0.0140
   104  445  494  0.1151  0.0412  0.0140
   105  446  494  0.1154  0.0413  0.0140
   106  447  494  0.1154  0.0413  0.0140
   107  448  494  0.1153  0.0413  0.0140
   108  449  494  0.1155  0.0414  0.0141
   109  451  495  0.1152  0.0413  0.0140
   110  452  495  0.1154  0.0414  0.0140
   111  453  495  0.1153  0.0414  0.0140
   112  454  495  0.1152  0.0413  0.0140
   113  450  495  0.1152  0.0413  0.0140

    1  291  489  0.1175  0.0405  0.0144
    2  270  489  0.1178  0.0404  0.0144
    3  271  489  0.1181  0.0405  0.0144
    4  272  489  0.1179  0.0405  0.0144
    5  273  489  0.1178  0.0404  0.0144
    6  274  489  0.1178  0.0405  0.0144
    7  275  489  0.1175  0.0403  0.0144
    8  276  489  0.1178  0.0405  0.0144
    9  277  489  0.1177  0.0404  0.0144
   10  278  489  0.1176  0.0404  0.0144
   11  288  489  0.1172  0.0404  0.0143
   12  289  489  0.1172  0.0404  0.0143
   13  290  489  0.1174  0.0405  0.0143
   14  269  489  0.1180  0.0405  0.0144
   15  292  489  0.1176  0.0406  0.0144
   16  293  489  0.1176  0.0406  0.0144
   17  297  489  0.1176  0.0406  0.0144
   18  296  489  0.1178  0.0407  0.0144
   19  295  489  0.1176  0.0406  0.0144
   20  294  489  0.1176  0.0406  0.0144
   21  298  490  0.1175  0.0406  0.0143
   22  299  490  0.1175  0.0406  0.0143
   23  300  490  0.1176  0.0406  0.0144
   24  301  490  0.1175  0.0406  0.0143
   25  302  490  0.1179  0.0408  0.0144
   26  303  490  0.1174  0.0406  0.0143
   27  287  490  0.1177  0.0406  0.0144
   28  286  490  0.1177  0.0405  0.0144
   29  285  490  0.1175  0.0405  0.0143
   30  284  490  0.1176  0.0405  0.0144
   31  283  490  0.1172  0.0403  0.0143
   32  282  490  0.1174  0.0404  0.0143
   33  281  490  0.1168  0.0402  0.0143
   34  280  490  0.1172  0.0403  0.0143
   35  279  490  0.1173  0.0403  0.0143
   36  304  490  0.1179  0.0408  0.0144
   37  305  490  0.1177  0.0407  0.0144
   38  306  490  0.1177  0.0407  0.0144
   39  307  490  0.1175  0.0407  0.0143
   40  308  490  0.1177  0.0408  0.0144
   41  310  491  0.1178  0.0408  0.0144
   42  311  491  0.1174  0.0407  0.0143
   43  312  491  0.1175  0.0407  0.0143
   44  313  491  0.1173  0.0407  0.0143
   45  309  491  0.1172  0.0406  0.0143

    1  647  445  0.1176  0.0441  0.0148
    2  646  445  0.1176  0.0441  0.0148
    3  645  445  0.1177  0.0441  0.0148
    4  644  445  0.1178  0.0442  0.0148
    5  643  445  0.1178  0.0441  0.0148
    6  642  445  0.1178  0.0441  0.0148
    7  641  445  0.1177  0.0441  0.0148
    8  640  445  0.1178  0.0441  0.0148
    9  639  445  0.1178  0.0441  0.0148
   10  638  445  0.1178  0.0441  0.0148
   11  637  445  0.1180  0.0442  0.0148
   12  636  445  0.1179  0.0441  0.0148
   13  635  445  0.1178  0.0441  0.0148
   14  634  445  0.1179  0.0441  0.0148
   15  633  445  0.1176  0.0440  0.0148
   16  632  445  0.1177  0.0440  0.0148
   17  631  445  0.1178  0.0440  0.0148
   18  630  445  0.1179  0.0441  0.0148
   19  629  445  0.1177  0.0440  0.0148
   20  628  445  0.1176  0.0439  0.0148
   21  627  445  0.1178  0.0440  0.0148
   22  626  445  0.1184  0.0442  0.0148
   23  625  445  0.1177  0.0440  0.0148
   24  624  445  0.1174  0.0438  0.0147
   25  623  445  0.1173  0.0438  0.0147
   26  622  445  0.1178  0.0440  0.0148
   27  621  445  0.1185  0.0442  0.0149
   28  620  445  0.1184  0.0441  0.0148
   29  619  445  0.1180  0.0440  0.0148
   30  618  445  0.1181  0.0440  0.0148
   31  617  445  0.1182  0.0440  0.0148
   32  616  445  0.1187  0.0442  0.0149
   33  615  445  0.1182  0.0440  0.0148
   34  614  445  0.1194  0.0444  0.0150
   35  613  445  0.1189  0.0443  0.0149
   36  612  445  0.1184  0.0441  0.0148
   37  611  445  0.1181  0.0439  0.0148
   38  610  445  0.1180  0.0439  0.0148
   39  608  446  0.1182  0.0439  0.0148
   40  607  446  0.1184  0.0440  0.0148
   41  606  446  0.1185  0.0441  0.0149
   42  605  446  0.1184  0.0440  0.0148
   43  609  446  0.1184  0.0440  0.0148

    1  60  198  0.1488  0.0486  0.0215
    2  70  198  0.1479  0.0485  0.0214
    3  69  198  0.1482  0.0485  0.0214
    4  68  198  0.1480  0.0485  0.0214
    5  67  198  0.1478  0.0484  0.0213
    6  66  198  0.1480  0.0484  0.0214
    7  65  198  0.1478  0.0484  0.0213
    8  64  198  0.1481  0.0484  0.0214
    9  63  198  0.1483  0.0485  0.0214
   10  62  198  0.1483  0.0485  0.0214
   11  61  198  0.1488  0.0486  0.0215
   12  53  198  0.1481  0.0483  0.0214
   13  54  198  0.1484  0.0484  0.0214
   14  55  198  0.1488  0.0486  0.0215
   15  56  198  0.1488  0.0486  0.0215
   16  57  198  0.1487  0.0486  0.0215
   17  58  198  0.1492  0.0487  0.0215
   18  59  198  0.1490  0.0487  0.0215
   19  74  199  0.1475  0.0484  0.0213
   20  52  199  0.1477  0.0482  0.0213
   21  51  199  0.1475  0.0481  0.0213
   22  50  199  0.1473  0.0480  0.0213
   23  72  199  0.1478  0.0484  0.0213
   24  71  199  0.1476  0.0484  0.0213
   25  73  199  0.1479  0.0485  0.0213
   26  45  200  0.1480  0.0482  0.0213
   27  44  200  0.1483  0.0483  0.0214
   28  43  200  0.1481  0.0482  0.0213
   29  48  200  0.1478  0.0482  0.0213
   30  49  200  0.1474  0.0480  0.0213
   31  46  200  0.1479  0.0481  0.0213
   32  47  200  0.1479  0.0482  0.0213
   33  42  200  0.1480  0.0482  0.0213
   34  75  200  0.1478  0.0485  0.0213
   35  76  200  0.1478  0.0485  0.0213
   36  77  200  0.1476  0.0485  0.0213

    1  246  188  0.1466  0.0502  0.0213
    2  218  188  0.1476  0.0502  0.0214
    3  219  188  0.1473  0.0501  0.0214
    4  220  188  0.1473  0.0501  0.0214
    5  221  188  0.1473  0.0501  0.0214
    6  222  188  0.1472  0.0501  0.0214
    7  223  188  0.1469  0.0500  0.0213
    8  224  188  0.1466  0.0499  0.0213
    9  225  188  0.1470  0.0500  0.0213
   10  226  188  0.1464  0.0499  0.0212
   11  227  188  0.1466  0.0499  0.0213
   12  228  188  0.1468  0.0500  0.0213
   13  229  188  0.1466  0.0500  0.0213
   14  230  188  0.1469  0.0501  0.0213
   15  231  188  0.1469  0.0501  0.0213
   16  232  188  0.1467  0.0500  0.0213
   17  233  188  0.1473  0.0503  0.0214
   18  234  188  0.1471  0.0502  0.0213
   19  235  188  0.1470  0.0502  0.0213
   20  236  188  0.1471  0.0502  0.0213
   21  237  188  0.1472  0.0503  0.0214
   22  238  188  0.1469  0.0502  0.0213
   23  239  188  0.1471  0.0503  0.0213
   24  240  188  0.1471  0.0503  0.0214
   25  241  188  0.1472  0.0503  0.0214
   26  250  188  0.1469  0.0503  0.0213
   27  249  188  0.1468  0.0503  0.0213
   28  248  188  0.1468  0.0503  0.0213
   29  247  188  0.1468  0.0502  0.0213
   30  217  188  0.1475  0.0501  0.0214
   31  245  188  0.1464  0.0501  0.0213
   32  244  188  0.1472  0.0503  0.0214
   33  243  188  0.1470  0.0503  0.0213
   34  242  188  0.1469  0.0502  0.0213
   35  252  189  0.1467  0.0503  0.0213
   36  253  189  0.1468  0.0503  0.0213
   37  254  189  0.1470  0.0504  0.0213
   38  255  189  0.1470  0.0504  0.0213
   39  256  189  0.1471  0.0505  0.0213
   40  257  189  0.1469  0.0504  0.0213
   41  251  189  0.1467  0.0503  0.0213
   42  258  190  0.1471  0.0505  0.0213
   43  259  190  0.1471  0.0505  0.0213
   44  260  190  0.1472  0.0506  0.0213
   45  261  190  0.1473  0.0506  0.0214
   46  262  190  0.1473  0.0506  0.0213
   47  263  190  0.1473  0.0506  0.0214
   48  264  191  0.1470  0.0505  0.0213
   49  265  191  0.1467  0.0505  0.0213
   50  266  191  0.1466  0.0504  0.0212
   51  267  191  0.1465  0.0504  0.0212
   52  268  191  0.1464  0.0504  0.0212
   53  269  191  0.1465  0.0504  0.0212
   54  270  191  0.1465  0.0504  0.0212
   55  271  191  0.1464  0.0504  0.0212
   56  273  192  0.1466  0.0505  0.0212
   57  274  192  0.1468  0.0506  0.0213
   58  275  192  0.1471  0.0507  0.0213
   59  272  192  0.1465  0.0504  0.0212

    1  494  413  0.1206  0.0437  0.0154
    2  495  413  0.1208  0.0438  0.0155
    3  496  413  0.1209  0.0438  0.0155
    4  493  413  0.1206  0.0437  0.0154
    5  497  414  0.1209  0.0438  0.0155
    6  498  414  0.1208  0.0438  0.0155
    7  499  414  0.1210  0.0439  0.0155
    8  500  414  0.1209  0.0438  0.0155
    9  501  414  0.1206  0.0438  0.0154
   10  502  414  0.1206  0.0438  0.0154
   11  503  414  0.1205  0.0438  0.0154
   12  551  414  0.1206  0.0443  0.0154
   13  550  414  0.1207  0.0443  0.0154
   14  549  414  0.1207  0.0443  0.0154
   15  548  414  0.1199  0.0440  0.0153
   16  547  414  0.1199  0.0440  0.0153
   17  546  414  0.1202  0.0441  0.0154
   18  545  414  0.1197  0.0439  0.0153
   19  544  414  0.1199  0.0439  0.0153
   20  543  414  0.1202  0.0440  0.0154
   21  542  414  0.1201  0.0440  0.0154
   22  541  414  0.1196  0.0438  0.0153
   23  540  414  0.1196  0.0438  0.0153
   24  539  414  0.1195  0.0438  0.0153
   25  538  414  0.1196  0.0438  0.0153
   26  537  414  0.1201  0.0439  0.0154
   27  536  414  0.1203  0.0440  0.0154
   28  535  414  0.1206  0.0441  0.0154
   29  534  414  0.1210  0.0442  0.0155
   30  533  414  0.1209  0.0442  0.0155
   31  532  414  0.1210  0.0442  0.0155
   32  531  414  0.1209  0.0442  0.0155
   33  525  414  0.1203  0.0439  0.0154
   34  526  414  0.1205  0.0440  0.0154
   35  527  414  0.1206  0.0440  0.0154
   36  528  414  0.1207  0.0441  0.0154
   37  529  414  0.1210  0.0442  0.0155
   38  530  414  0.1208  0.0441  0.0154
   39  524  415  0.1203  0.0439  0.0154
   40  523  415  0.1212  0.0442  0.0155
   41  522  415  0.1211  0.0441  0.0155
   42  521  415  0.1210  0.0441  0.0155
   43  520  415  0.1211  0.0441  0.0155
   44  519  415  0.1210  0.0441  0.0155
   45  518  415  0.1213  0.0442  0.0155
   46  517  415  0.1210  0.0441  0.0155
   47  516  415  0.1210  0.0441  0.0155
   48  515  415  0.1210  0.0440  0.0155
   49  514  415  0.1206  0.0439  0.0154
   50  513  415  0.1208  0.0440  0.0154
   51  512  415  0.1207  0.0439  0.0154
   52  511  415  0.1207  0.0439  0.0154
   53  510  415  0.1205  0.0438  0.0154
   54  509  415  0.1206  0.0438  0.0154
   55  508  415  0.1207  0.0439  0.0154
   56  507  415  0.1204  0.0438  0.0154
   57  506  415  0.1203  0.0437  0.0154
   58  505  415  0.1205  0.0438  0.0154
   59  504  415  0.1206  0.0438  0.0154
   60  552  415  0.1203  0.0442  0.0154
   61  553  415  0.1206  0.0443  0.0154
   62  554  415  0.1209  0.0444  0.0154
   63  555  415  0.1204  0.0442  0.0154
   64  556  415  0.1202  0.0442  0.0154
   65  557  415  0.1208  0.0444  0.0154
   66  558  415  0.1207  0.0444  0.0154
   67  559  415  0.1202  0.0442  0.0154

    1  552  444  0.1186  0.0435  0.0149
    2  554  444  0.1187  0.0436  0.0149
    3  555  444  0.1189  0.0437  0.0149
    4  556  444  0.1187  0.0436  0.0149
    5  557  444  0.1187  0.0436  0.0149
    6  546  444  0.1187  0.0435  0.0149
    7  547  444  0.1185  0.0435  0.0149
    8  548  444  0.1186  0.0435  0.0149
    9  549  444  0.1185  0.0435  0.0149
   10  550  444  0.1184  0.0435  0.0149
   11  551  444  0.1185  0.0435  0.0149
   12  558  444  0.1187  0.0436  0.0149
   13  559  444  0.1184  0.0436  0.0149
   14  560  444  0.1184  0.0436  0.0149
   15  561  444  0.1184  0.0436  0.0149
   16  562  444  0.1181  0.0435  0.0148
   17  563  444  0.1181  0.0435  0.0148
   18  564  444  0.1179  0.0434  0.0148
   19  565  444  0.1180  0.0434  0.0148
   20  566  444  0.1181  0.0435  0.0148
   21  553  444  0.1188  0.0436  0.0149
   22  583  445  0.1184  0.0438  0.0149
   23  582  445  0.1183  0.0437  0.0148
   24  581  445  0.1185  0.0438  0.0149
   25  580  445  0.1186  0.0438  0.0149
   26  579  445  0.1186  0.0438  0.0149
   27  584  445  0.1184  0.0438  0.0149
   28  577  445  0.1186  0.0438  0.0149
   29  576  445  0.1186  0.0438  0.0149
   30  575  445  0.1184  0.0437  0.0149
   31  574  445  0.1182  0.0436  0.0148
   32  573  445  0.1182  0.0436  0.0148
   33  541  445  0.1186  0.0434  0.0149
   34  571  445  0.1183  0.0436  0.0148
   35  570  445  0.1182  0.0436  0.0148
   36  569  445  0.1182  0.0436  0.0148
   37  568  445  0.1182  0.0435  0.0148
   38  567  445  0.1183  0.0436  0.0148
   39  585  445  0.1182  0.0437  0.0148
   40  586  445  0.1184  0.0438  0.0148
   41  587  445  0.1181  0.0437  0.0148
   42  588  445  0.1181  0.0437  0.0148
   43  589  445  0.1182  0.0438  0.0148
   44  590  445  0.1181  0.0437  0.0148
   45  591  445  0.1184  0.0439  0.0149
   46  592  445  0.1184  0.0439  0.0148
   47  593  445  0.1183  0.0438  0.0148
   48  545  445  0.1185  0.0434  0.0149
   49  544  445  0.1183  0.0433  0.0148
   50  543  445  0.1183  0.0433  0.0148
   51  542  445  0.1185  0.0434  0.0149
   52  578  445  0.1188  0.0439  0.0149
   53  572  445  0.1181  0.0436  0.0148
   54  594  446  0.1182  0.0438  0.0148
   55  595  446  0.1183  0.0439  0.0148
   56  596  446  0.1181  0.0438  0.0148
   57  597  446  0.1183  0.0439  0.0148
   58  598  446  0.1183  0.0439  0.0148
   59  599  446  0.1183  0.0439  0.0148
   60  600  446  0.1180  0.0438  0.0148
   61  601  446  0.1181  0.0439  0.0148
   62  602  446  0.1183  0.0439  0.0148
   63  603  446  0.1183  0.0440  0.0148
   64  604  446  0.1186  0.0440  0.0149

    1  892  421  0.1215  0.0482  0.0154
    2  891  421  0.1215  0.0482  0.0154
    3  890  421  0.1214  0.0481  0.0154
    4  889  421  0.1214  0.0481  0.0154
    5  888  421  0.1217  0.0482  0.0155
    6  887  421  0.1217  0.0482  0.0155
    7  886  421  0.1217  0.0482  0.0155
    8  893  421  0.1214  0.0481  0.0154
    9  885  422  0.1215  0.0481  0.0154
   10  884  422  0.1220  0.0483  0.0155
   11  883  422  0.1220  0.0483  0.0155
   12  882  422  0.1219  0.0482  0.0155
   13  881  422  0.1219  0.0482  0.0155
   14  880  422  0.1218  0.0482  0.0155
   15  879  422  0.1215  0.0480  0.0154
   16  878  422  0.1219  0.0482  0.0155
   17  877  422  0.1218  0.0481  0.0155
   18  876  422  0.1215  0.0480  0.0154
   19  875  422  0.1213  0.0479  0.0154
   20  874  422  0.1210  0.0478  0.0154
   21  873  422  0.1210  0.0478  0.0154
   22  872  422  0.1212  0.0478  0.0154
   23  871  423  0.1213  0.0479  0.0154
   24  869  423  0.1213  0.0478  0.0154
   25  868  423  0.1214  0.0479  0.0154
   26  867  423  0.1214  0.0479  0.0154
   27  866  423  0.1213  0.0478  0.0154
   28  870  423  0.1215  0.0479  0.0154
   29  862  424  0.1213  0.0478  0.0154
   30  861  424  0.1214  0.0478  0.0154
   31  864  424  0.1216  0.0479  0.0154
   32  865  424  0.1222  0.0481  0.0155
   33  860  424  0.1215  0.0478  0.0154
   34  859  424  0.1221  0.0481  0.0155
   35  858  424  0.1215  0.0478  0.0154
   36  857  424  0.1217  0.0479  0.0154
   37  863  424  0.1218  0.0480  0.0154
   38  856  424  0.1216  0.0478  0.0154
   39  855  425  0.1212  0.0477  0.0154
   40  854  425  0.1210  0.0475  0.0153
   41  853  425  0.1217  0.0478  0.0154
   42  852  425  0.1216  0.0478  0.0154
   43  851  425  0.1213  0.0476  0.0154
   44  850  425  0.1214  0.0477  0.0154
   45  849  425  0.1212  0.0476  0.0154
   46  848  425  0.1213  0.0476  0.0154
   47  847  425  0.1211  0.0475  0.0154
   48  846  425  0.1211  0.0475  0.0154
   49  845  425  0.1212  0.0476  0.0154
   50  844  425  0.1210  0.0475  0.0153
   51  843  425  0.1212  0.0475  0.0154
   52  842  425  0.1212  0.0475  0.0154
   53  840  426  0.1209  0.0474  0.0153
   54  839  426  0.1209  0.0474  0.0153
   55  838  426  0.1211  0.0474  0.0153
   56  837  426  0.1211  0.0474  0.0153
   57  836  426  0.1215  0.0476  0.0154
   58  835  426  0.1215  0.0476  0.0154
   59  834  426  0.1216  0.0476  0.0154
   60  841  426  0.1209  0.0474  0.0153

    1  185  266  0.1322  0.0445  0.0184
    2  186  266  0.1323  0.0446  0.0185
    3  187  266  0.1321  0.0445  0.0184
    4  188  266  0.1321  0.0445  0.0184
    5  189  266  0.1323  0.0446  0.0184
    6  190  266  0.1315  0.0444  0.0183
    7  191  266  0.1320  0.0445  0.0184
    8  192  266  0.1320  0.0445  0.0184
    9  193  266  0.1324  0.0447  0.0185
   10  194  266  0.1324  0.0447  0.0185
   11  195  266  0.1324  0.0447  0.0185
   12  196  266  0.1327  0.0448  0.0185
   13  197  266  0.1325  0.0448  0.0185
   14  198  266  0.1326  0.0448  0.0185
   15  199  266  0.1326  0.0448  0.0185
   16  200  266  0.1320  0.0446  0.0184
   17  201  266  0.1319  0.0446  0.0184
   18  202  266  0.1319  0.0446  0.0184
   19  203  266  0.1320  0.0447  0.0184
   20  204  266  0.1323  0.0448  0.0185
   21  205  266  0.1326  0.0449  0.0185
   22  206  266  0.1325  0.0449  0.0185
   23  207  266  0.1328  0.0450  0.0185
   24  208  266  0.1325  0.0449  0.0185
   25  209  266  0.1328  0.0450  0.0185
   26  210  266  0.1328  0.0450  0.0185
   27  211  266  0.1326  0.0450  0.0185

    1   98  286  0.1308  0.0431  0.0180
    2  122  286  0.1294  0.0429  0.0178
    3  121  286  0.1298  0.0430  0.0179
    4  120  286  0.1299  0.0431  0.0179
    5  119  286  0.1297  0.0430  0.0179
    6  118  286  0.1298  0.0430  0.0179
    7  117  286  0.1297  0.0430  0.0179
    8  116  286  0.1298  0.0430  0.0179
    9  115  286  0.1298  0.0430  0.0179
   10   81  286  0.1303  0.0428  0.0180
   11   82  286  0.1304  0.0428  0.0180
   12   83  286  0.1302  0.0428  0.0180
   13   84  286  0.1303  0.0428  0.0180
   14   85  286  0.1302  0.0428  0.0179
   15   86  286  0.1302  0.0428  0.0179
   16   87  286  0.1302  0.0428  0.0179
   17   88  286  0.1301  0.0428  0.0179
   18   89  286  0.1299  0.0427  0.0179
   19   90  286  0.1299  0.0427  0.0179
   20   91  286  0.1303  0.0429  0.0180
   21   92  286  0.1309  0.0431  0.0180
   22   93  286  0.1304  0.0429  0.0180
   23   94  286  0.1304  0.0430  0.0180
   24   95  286  0.1305  0.0430  0.0180
   25   96  286  0.1306  0.0430  0.0180
   26   97  286  0.1305  0.0430  0.0180
   27  123  286  0.1293  0.0429  0.0178
   28   99  286  0.1311  0.0432  0.0181
   29  100  286  0.1311  0.0432  0.0181
   30  101  286  0.1309  0.0432  0.0180
   31  102  286  0.1303  0.0430  0.0180
   32  103  286  0.1301  0.0429  0.0179
   33  104  286  0.1298  0.0428  0.0179
   34  105  286  0.1297  0.0428  0.0179
   35  106  286  0.1295  0.0428  0.0179
   36  107  286  0.1295  0.0428  0.0179
   37  108  286  0.1289  0.0426  0.0178
   38  109  286  0.1294  0.0428  0.0178
   39  110  286  0.1296  0.0428  0.0179
   40  111  286  0.1301  0.0430  0.0179
   41  112  286  0.1301  0.0431  0.0179
   42  113  286  0.1299  0.0430  0.0179
   43  114  286  0.1299  0.0430  0.0179
   44   80  287  0.1302  0.0427  0.0179
   45   79  287  0.1303  0.0428  0.0180
   46   78  287  0.1302  0.0427  0.0179
   47   77  287  0.1301  0.0427  0.0179
   48   76  287  0.1303  0.0427  0.0180
   49   75  287  0.1303  0.0427  0.0180
   50   74  287  0.1306  0.0428  0.0180
   51   73  287  0.1303  0.0427  0.0180
   52   72  287  0.1303  0.0427  0.0180

     1   959  766  0.0941  0.0377  0.0094
     2   960  766  0.0941  0.0377  0.0094
     3   961  766  0.0941  0.0377  0.0094
     4   962  766  0.0941  0.0377  0.0094
     5   963  766  0.0942  0.0378  0.0094
     6   964  766  0.0942  0.0378  0.0094
     7   965  766  0.0942  0.0378  0.0094
     8   966  766  0.0943  0.0378  0.0095
     9   967  766  0.0943  0.0379  0.0095
    10   968  766  0.0944  0.0379  0.0095
    11   969  766  0.0944  0.0379  0.0095
    12   970  766  0.0945  0.0379  0.0095
    13   971  766  0.0945  0.0380  0.0095
    14   972  766  0.0945  0.0380  0.0095
    15   973  766  0.0945  0.0380  0.0095
    16   974  767  0.0945  0.0380  0.0095
    17   975  767  0.0941  0.0378  0.0094
    18   976  767  0.0944  0.0380  0.0095
    19   977  767  0.0942  0.0379  0.0094
    20   978  767  0.0943  0.0380  0.0094
    21   979  767  0.0944  0.0380  0.0095
    22   980  768  0.0941  0.0379  0.0094
    23   981  768  0.0943  0.0380  0.0094
    24   982  768  0.0944  0.0380  0.0094
    25   983  768  0.0944  0.0380  0.0094
    26   984  768  0.0940  0.0379  0.0094
    27   985  768  0.0942  0.0380  0.0094
    28   986  768  0.0949  0.0382  0.0095
    29   987  768  0.0946  0.0382  0.0095
    30   988  768  0.0948  0.0382  0.0095
    31   989  768  0.0945  0.0381  0.0094
    32   990  769  0.0947  0.0382  0.0095
    33   991  769  0.0949  0.0383  0.0095
    34   992  769  0.0946  0.0382  0.0094
    35   993  769  0.0938  0.0379  0.0094
    36   994  769  0.0938  0.0379  0.0094
    37   995  769  0.0939  0.0379  0.0094
    38   996  769  0.0939  0.0379  0.0094
    39   997  769  0.0938  0.0379  0.0094
    40   998  769  0.0939  0.0379  0.0094
    41   999  769  0.0939  0.0379  0.0094
    42  1000  769  0.0938  0.0379  0.0094
    43  1001  769  0.0939  0.0380  0.0094
    44  1002  769  0.0938  0.0380  0.0094
    45  1003  769  0.0939  0.0380  0.0094
    46  1004  769  0.0941  0.0381  0.0094
    47  1005  769  0.0940  0.0380  0.0094
    48  1006  769  0.0939  0.0380  0.0094
    49  1007  769  0.0936  0.0379  0.0094
    50  1008  769  0.0941  0.0381  0.0094
    51  1009  769  0.0939  0.0380  0.0094
    52  1010  769  0.0938  0.0380  0.0094
    53  1011  769  0.0938  0.0380  0.0094
    54  1012  769  0.0936  0.0379  0.0094
    55  1013  769  0.0937  0.0380  0.0094
    56  1014  769  0.0938  0.0380  0.0094
    57  1015  769  0.0935  0.0379  0.0093
    58  1016  769  0.0939  0.0381  0.0094
    59  1017  769  0.0940  0.0381  0.0094
    60  1018  769  0.0939  0.0381  0.0094
    61  1019  769  0.0939  0.0381  0.0094
    62  1020  769  0.0940  0.0382  0.0094
    63  1021  770  0.0942  0.0383  0.0094
    64  1022  770  0.0943  0.0383  0.0094
    65  1023  770  0.0942  0.0383  0.0094
    66  1024  770  0.0943  0.0383  0.0094
    67  1025  770  0.0943  0.0383  0.0094
    68  1051  770  0.0934  0.0382  0.0093
    69  1050  770  0.0935  0.0382  0.0093
    70  1049  770  0.0938  0.0383  0.0094
    71  1048  770  0.0938  0.0383  0.0094
    72  1047  770  0.0937  0.0383  0.0094
    73  1046  770  0.0939  0.0384  0.0094
    74  1045  770  0.0938  0.0383  0.0094
    75  1044  770  0.0940  0.0384  0.0094
    76  1043  770  0.0938  0.0383  0.0094
    77  1042  770  0.0940  0.0383  0.0094
    78  1041  770  0.0939  0.0383  0.0094
    79  1040  770  0.0938  0.0383  0.0094
    80  1039  770  0.0938  0.0382  0.0094
    81  1038  770  0.0939  0.0383  0.0094
    82  1037  770  0.0940  0.0383  0.0094
    83  1036  770  0.0938  0.0382  0.0094
    84  1035  770  0.0941  0.0383  0.0094
    85  1034  770  0.0943  0.0384  0.0094
    86  1033  770  0.0941  0.0383  0.0094
    87  1032  770  0.0941  0.0383  0.0094
    88  1031  770  0.0942  0.0384  0.0094
    89  1030  770  0.0944  0.0384  0.0094
    90  1029  770  0.0944  0.0384  0.0094
    91  1028  770  0.0945  0.0384  0.0094
    92  1027  770  0.0945  0.0384  0.0094
    93  1026  770  0.0945  0.0384  0.0094
    94  1052  771  0.0935  0.0382  0.0093
    95  1053  771  0.0935  0.0382  0.0093
    96  1054  771  0.0934  0.0382  0.0093
    97  1055  771  0.0933  0.0382  0.0093
    98  1056  771  0.0932  0.0382  0.0093
    99  1057  771  0.0931  0.0381  0.0093
   100  1058  771  0.0931  0.0381  0.0093
   101  1059  771  0.0932  0.0382  0.0093
   102  1060  771  0.0931  0.0381  0.0093
   103  1061  771  0.0929  0.0381  0.0093
   104  1062  771  0.0930  0.0381  0.0093
   105  1063  771  0.0929  0.0381  0.0093
   106  1064  771  0.0928  0.0380  0.0093
   107  1065  771  0.0926  0.0380  0.0092
   108  1066  771  0.0932  0.0382  0.0093
   109  1067  772  0.0928  0.0381  0.0093
   110  1068  772  0.0931  0.0382  0.0093
   111  1069  772  0.0932  0.0383  0.0093
   112  1070  772  0.0932  0.0383  0.0093
   113  1071  772  0.0929  0.0382  0.0093
   114  1072  772  0.0929  0.0381  0.0093
   115  1073  772  0.0928  0.0381  0.0093
   116  1074  772  0.0927  0.0381  0.0092
   117  1075  772  0.0929  0.0382  0.0093
   118  1076  772  0.0928  0.0381  0.0093
   119  1077  772  0.0928  0.0382  0.0092
   120  1078  772  0.0927  0.0381  0.0092
   121  1079  773  0.0929  0.0382  0.0093
   122  1080  773  0.0929  0.0382  0.0092
   123  1081  773  0.0929  0.0382  0.0093
   124  1082  773  0.0929  0.0382  0.0092
   125  1083  773  0.0930  0.0383  0.0093
   126  1084  773  0.0930  0.0383  0.0093
   127  1085  773  0.0928  0.0382  0.0092
   128  1086  773  0.0928  0.0382  0.0092
   129  1087  774  0.0927  0.0382  0.0092
   130  1088  774  0.0928  0.0383  0.0092
   131  1089  774  0.0930  0.0383  0.0093
   132  1090  774  0.0928  0.0382  0.0092
   133  1091  774  0.0928  0.0382  0.0092
   134  1092  774  0.0929  0.0383  0.0092
   135  1093  774  0.0935  0.0386  0.0093
   136  1094  774  0.0933  0.0385  0.0093
   137  1095  774  0.0932  0.0384  0.0093
   138  1096  775  0.0934  0.0385  0.0093
   139  1097  775  0.0927  0.0383  0.0092
   140  1098  775  0.0926  0.0382  0.0092
   141  1099  775  0.0926  0.0382  0.0092
   142  1100  775  0.0928  0.0383  0.0092
   143  1101  775  0.0926  0.0383  0.0092
   144  1102  775  0.0925  0.0382  0.0092
   145  1103  775  0.0927  0.0383  0.0092
   146  1104  775  0.0927  0.0383  0.0092
   147  1105  775  0.0932  0.0385  0.0093
   148  1106  775  0.0926  0.0383  0.0092
   149  1107  775  0.0925  0.0383  0.0092
   150  1108  775  0.0924  0.0382  0.0092
   151  1109  775  0.0924  0.0382  0.0092
   152  1110  776  0.0928  0.0384  0.0092
   153  1111  776  0.0925  0.0383  0.0092
   154  1112  776  0.0922  0.0382  0.0092
   155  1113  776  0.0923  0.0382  0.0092
   156  1114  776  0.0923  0.0382  0.0092
   157  1115  776  0.0925  0.0383  0.0092
   158  1116  776  0.0921  0.0382  0.0091
   159  1117  776  0.0921  0.0382  0.0091
   160  1118  776  0.0922  0.0382  0.0092

    1   84  588  0.1148  0.0376  0.0132
    2   85  588  0.1151  0.0377  0.0132
    3   86  588  0.1151  0.0377  0.0132
    4   87  588  0.1150  0.0377  0.0132
    5   88  588  0.1147  0.0376  0.0131
    6   89  588  0.1147  0.0376  0.0131
    7   90  588  0.1146  0.0376  0.0131
    8   91  588  0.1148  0.0376  0.0131
    9   92  588  0.1151  0.0377  0.0132
   10   93  588  0.1149  0.0377  0.0132
   11   94  588  0.1149  0.0377  0.0132
   12   95  588  0.1146  0.0376  0.0131
   13   96  588  0.1146  0.0376  0.0131
   14   97  588  0.1147  0.0377  0.0131
   15   98  588  0.1146  0.0376  0.0131
   16   99  588  0.1145  0.0376  0.0131
   17  154  592  0.1138  0.0379  0.0130
   18  155  592  0.1139  0.0379  0.0130
   19  156  592  0.1138  0.0379  0.0130
   20  157  592  0.1136  0.0379  0.0130
   21  158  592  0.1137  0.0379  0.0130
   22  172  592  0.1128  0.0378  0.0129
   23  171  592  0.1129  0.0378  0.0129
   24  170  592  0.1129  0.0378  0.0129
   25  169  592  0.1131  0.0378  0.0129
   26  168  592  0.1133  0.0379  0.0129
   27  167  592  0.1134  0.0379  0.0129
   28  166  592  0.1138  0.0380  0.0130
   29  165  592  0.1135  0.0379  0.0130
   30  164  592  0.1138  0.0380  0.0130
   31  163  592  0.1138  0.0380  0.0130
   32  162  592  0.1137  0.0379  0.0130
   33  161  592  0.1139  0.0380  0.0130
   34  160  592  0.1137  0.0379  0.0130
   35  159  592  0.1134  0.0378  0.0130
   36  173  593  0.1127  0.0377  0.0129
   37  174  593  0.1129  0.0378  0.0129
   38  175  593  0.1128  0.0378  0.0129
   39  176  593  0.1128  0.0378  0.0129
   40  177  593  0.1128  0.0378  0.0129
   41  178  593  0.1129  0.0378  0.0129
   42  179  593  0.1126  0.0377  0.0128
   43  180  593  0.1125  0.0377  0.0128
   44  181  593  0.1125  0.0377  0.0128
   45  182  593  0.1125  0.0377  0.0128
   46  183  593  0.1124  0.0377  0.0128
   47  184  593  0.1122  0.0376  0.0128
   48  185  593  0.1123  0.0377  0.0128
   49  186  593  0.1123  0.0377  0.0128
   50  187  593  0.1123  0.0377  0.0128
   51  188  593  0.1122  0.0377  0.0128
   52  189  593  0.1122  0.0377  0.0128
   53  190  593  0.1121  0.0377  0.0128
   54  191  593  0.1122  0.0377  0.0128
   55  192  593  0.1123  0.0378  0.0128
   56  193  593  0.1120  0.0377  0.0128
